316A Acapulco           Mexico              1969 16504N 099547W 0000 3 00000R MM
316A Acap  196901011 1165 1226 1348 1439 1561 1653 1714 1714 1683 1653 1561 1500
316A Acap  196901012 1439 1409 1409 1409 1378 1378 1348 1348 1287 1256 1226 1195
316A Acap  196901021 1165 1226 1317 1439 1561 1653 1714 1774 1774 1774 1683 1622
316A Acap  196901022 1561 1500 1470 1470 1439 1409 1409 1409 1378 1348 1287 1287
316A Acap  196901031 1256 1287 1348 1409 1500 1592 1653 1744 1774 1774 1774 1744
316A Acap  196901032 1653 1592 1531 1500 1439 1439 1409 1409 1409 1409 1378 1348
316A Acap  196901041 1348 1317 1348 1378 1500 1531 1592 1683 1744 1805 1835 1774
316A Acap  196901042 1744 1653 1561 1470 1409 1378 1378 1378 1378 1378 1409 1409
316A Acap  196901051 1378 1348 1348 1348 1348 1409 1531 1622 1683 1744 1805 1774
316A Acap  196901052 1805 1683 1592 1500 1409 1348 1317 1348 1378 1409 1409 1409
316A Acap  196901061 1378 1378 1348 1287 1317 1348 1409 1500 1592 1683 1744 1805
316A Acap  196901062 1835 1744 1622 1531 1409 1287 1256 1256 1287 1378 1409 1439
316A Acap  196901071 1470 1439 1409 1348 1287 1287 1287 1378 1470 1561 1653 1714
316A Acap  196901072 1744 1714 1622 1531 1439 1287 1226 1226 1256 1348 1409 1470
316A Acap  196901081 1500 1500 1439 1378 1348 1287 1287 1317 1409 1500 1592 1683
316A Acap  196901082 1744 1714 1653 1561 1439 1317 1226 1226 1256 1317 1409 1500
316A Acap  196901091 1561 1592 1561 1500 1439 1348 1348 1317 1378 1470 1561 1622
316A Acap  196901092 1714 1714 1714 1622 1500 1378 1317 1256 1256 1317 1409 1500
316A Acap  196901101 1592 1622 1653 1592 1531 1409 1317 1287 1287 1348 1409 1500
316A Acap  196901102 1592 1622 1622 1561 1470 1348 1256 1165 1134 1165 1287 1409
316A Acap  196901111 1561 1622 1653 1622 1592 1439 1378 1287 1256 1256 1348 1409
316A Acap  196901112 1500 1561 1561 1531 1439 1317 1226 1134 1134 1165 1256 1378
316A Acap  196901121 1561 1653 1744 1744 1714 1592 1500 1378 1317 1287 1317 1378
316A Acap  196901122 1439 1470 1500 1439 1378 1287 1165 1073 1043 1073 1165 1287
316A Acap  196901131 1439 1592 1714 1774 1744 1683 1592 1470 1378 1348 1348 1348
316A Acap  196901132 1409 1470 1500 1470 1409 1317 1195 1073 1012 1012 1104 1226
316A Acap  196901141 1348 1500 1653 1805 1805 1774 1683 1592 1470 1409 1348 1348
316A Acap  196901142 1409 1439 1470 1470 1409 1317 1226 1104 1043 1012 1012 1104
316A Acap  196901151 1256 1409 1561 1714 1835 1835 1805 1683 1561 1470 1378 1317
316A Acap  196901152 1348 1378 1409 1439 1409 1348 1226 1104  982  921  921  952
316A Acap  196901161 1073 1226 1409 1592 1714 1805 1805 1774 1683 1561 1500 1409
316A Acap  196901162 1378 1409 1439 1470 1470 1439 1348 1256 1134 1012  921  891
316A Acap  196901171  952 1104 1256 1439 1592 1683 1744 1805 1774 1714 1592 1470
316A Acap  196901172 1439 1470 1500 1500 1522 1523 1491 1429 1339 1236 1146 1089
316A Acap  196901181 1082 1134 1226 1378 1531 1683 1774 1866 1896 1835 1744 1653
316A Acap  196901182 1561 1531 1531 1500 1531 1500 1531 1500 1470 1378 1317 1226
316A Acap  196901191 1165 1134 1195 1256 1409 1531 1653 1774 1835 1866 1835 1744
316A Acap  196901192 1653 1531 1470 1439 1409 1409 1439 1470 1470 1470 1439 1378
316A Acap  196901201 1287 1256 1195 1226 1287 1378 1470 1592 1714 1774 1805 1774
316A Acap  196901202 1714 1622 1500 1439 1378 1348 1378 1409 1470 1531 1531 1561
316A Acap  196901211 1470 1409 1348 1256 1226 1256 1348 1439 1561 1683 1774 1774
316A Acap  196901212 1744 1653 1531 1439 1317 1256 1226 1287 1348 1439 1561 1622
316A Acap  196901221 1622 1531 1470 1378 1317 1226 1256 1317 1409 1561 1653 1714
316A Acap  196901222 1744 1714 1622 1500 1348 1256 1195 1195 1287 1409 1500 1622
316A Acap  196901231 1714 1744 1683 1592 1500 1409 1317 1287 1317 1409 1500 1592
316A Acap  196901232 1683 1744 1683 1561 1409 1287 1195 1165 1195 1287 1470 1592
316A Acap  196901241 1744 1805 1835 1774 1653 1500 1409 1317 1317 1348 1439 1531
316A Acap  196901242 1622 1714 1714 1622 1500 1348 1226 1134 1134 1195 1287 1470
316A Acap  196901251 1653 1805 1866 1866 1805 1683 1561 1409 1317 1317 1348 1409
316A Acap  196901252 1561 1653 1683 1653 1561 1439 1287 1165 1134 1165 1256 1409
316A Acap  196901261 1592 1774 1896 1927 1896 1774 1622 1470 1348 1317 1317 1378
316A Acap  196901262 1470 1561 1592 1622 1561 1470 1317 1195 1134 1165 1195 1317
316A Acap  196901271 1470 1653 1805 1866 1866 1835 1714 1531 1439 1378 1348 1348
316A Acap  196901272 1409 1500 1592 1622 1592 1470 1409 1226 1134 1104 1134 1226
316A Acap  196901281 1378 1561 1714 1835 1896 1896 1805 1683 1531 1439 1348 1378
316A Acap  196901282 1439 1470 1561 1592 1561 1500 1378 1287 1195 1104 1104 1165
316A Acap  196901291 1287 1439 1592 1714 1805 1835 1774 1683 1561 1470 1409 1378
316A Acap  196901292 1409 1439 1500 1531 1500 1439 1378 1287 1195 1134 1104 1134
316A Acap  196901301 1195 1348 1470 1592 1714 1744 1744 1683 1622 1561 1500 1470
316A Acap  196901302 1439 1470 1470 1531 1500 1470 1409 1317 1256 1165 1134 1134
316A Acap  196901311 1177 1256 1378 1500 1622 1683 1714 1714 1653 1622 1561 1531
316A Acap  196901312 1470 1470 1470 1470 1470 1439 1409 1378 1287 1256 1195 1195
316A Acap  196902011 1195 1256 1317 1409 1531 1622 1653 1683 1683 1622 1592 1531
316A Acap  196902012 1500 1470 1439 1439 1439 1409 1378 1348 1348 1256 1226 1195
316A Acap  196902021 1195 1195 1256 1348 1409 1500 1592 1653 1653 1653 1622 1592
316A Acap  196902022 1531 1500 1409 1409 1348 1348 1348 1348 1317 1348 1287 1256
316A Acap  196902031 1226 1226 1226 1287 1348 1439 1500 1531 1592 1622 1622 1592
316A Acap  196902032 1561 1500 1439 1409 1378 1317 1317 1317 1348 1348 1348 1348
316A Acap  196902041 1348 1317 1287 1287 1317 1348 1378 1439 1531 1592 1622 1622
316A Acap  196902042 1592 1561 1470 1409 1348 1348 1317 1317 1348 1378 1439 1439
316A Acap  196902051 1439 1409 1348 1317 1317 1317 1348 1378 1439 1500 1561 1592
316A Acap  196902052 1592 1531 1470 1378 1287 1256 1226 1256 1317 1409 1470 1500
316A Acap  196902061 1531 1561 1531 1470 1409 1378 1378 1378 1409 1500 1561 1592
316A Acap  196902062 1592 1592 1500 1439 1348 1287 1256 1256 1317 1409 1500 1561
316A Acap  196902071 1622 1653 1592 1531 1439 1378 1317 1317 1348 1409 1470 1561
316A Acap  196902072 1592 1592 1561 1470 1378 1287 1226 1256 1287 1378 1531 1622
316A Acap  196902081 1714 1774 1744 1683 1561 1470 1378 1348 1317 1378 1439 1500
316A Acap  196902082 1531 1561 1531 1439 1348 1256 1165 1134 1165 1287 1439 1561
316A Acap  196902091 1653 1714 1744 1744 1653 1500 1378 1317 1287 1287 1317 1378
316A Acap  196902092 1470 1500 1500 1439 1348 1226 1073 1043 1043 1134 1256 1439
316A Acap  196902101 1592 1714 1774 1774 1714 1592 1470 1348 1287 1256 1287 1348
316A Acap  196902102 1409 1500 1531 1470 1409 1287 1134 1043 1012 1043 1165 1317
316A Acap  196902111 1500 1683 1805 1835 1774 1714 1561 1409 1317 1256 1256 1317
316A Acap  196902112 1409 1470 1531 1500 1439 1287 1165 1043  982  952 1043 1195
316A Acap  196902121 1409 1622 1774 1896 1896 1835 1714 1561 1439 1348 1317 1378
316A Acap  196902122 1409 1500 1561 1561 1500 1348 1226 1104 1012  952  982 1104
316A Acap  196902131 1287 1470 1653 1805 1866 1866 1805 1683 1561 1439 1409 1378
316A Acap  196902132 1439 1500 1561 1592 1531 1439 1287 1195 1073  982  952 1012
316A Acap  196902141 1165 1348 1531 1683 1805 1835 1805 1714 1622 1500 1409 1378
316A Acap  196902142 1378 1439 1470 1531 1531 1500 1378 1256 1104  982  952  982
316A Acap  196902151 1043 1165 1348 1531 1653 1744 1774 1714 1622 1500 1409 1348
316A Acap  196902152 1317 1348 1409 1470 1500 1500 1470 1378 1256 1165 1043 1012
316A Acap  196902161 1012 1073 1195 1348 1470 1561 1653 1653 1622 1561 1470 1409
316A Acap  196902162 1348 1317 1348 1378 1439 1470 1470 1439 1378 1317 1226 1165
316A Acap  196902171 1134 1104 1165 1226 1317 1439 1531 1592 1622 1622 1561 1470
316A Acap  196902172 1409 1348 1287 1287 1317 1378 1409 1439 1439 1470 1409 1348
316A Acap  196902181 1317 1256 1226 1226 1256 1317 1409 1500 1561 1592 1561 1531
316A Acap  196902182 1470 1439 1348 1317 1256 1256 1287 1378 1439 1500 1531 1531
316A Acap  196902191 1500 1439 1378 1287 1287 1256 1287 1348 1439 1531 1592 1592
316A Acap  196902192 1561 1500 1378 1287 1256 1226 1226 1287 1378 1500 1592 1622
316A Acap  196902201 1653 1622 1561 1439 1317 1226 1226 1226 1348 1439 1531 1561
316A Acap  196902202 1561 1531 1470 1348 1226 1134 1134 1195 1287 1409 1561 1683
316A Acap  196902211 1744 1744 1683 1561 1439 1317 1256 1195 1226 1287 1409 1531
316A Acap  196902212 1622 1592 1500 1409 1256 1165 1043 1043 1104 1195 1409 1561
316A Acap  196902221 1714 1774 1774 1714 1561 1439 1287 1195 1165 1226 1348 1470
316A Acap  196902222 1531 1592 1592 1500 1348 1195 1073 1043 1043 1134 1317 1500
316A Acap  196902231 1683 1805 1835 1805 1683 1500 1287 1195 1134 1165 1226 1378
316A Acap  196902232 1470 1561 1592 1500 1409 1226 1104  982  952 1043 1165 1348
316A Acap  196902241 1531 1683 1805 1805 1744 1592 1409 1256 1165 1104 1165 1256
316A Acap  196902242 1378 1470 1531 1531 1439 1317 1165  982  952  982 1104 1256
316A Acap  196902251 1439 1622 1744 1805 1744 1653 1531 1348 1226 1165 1165 1226
316A Acap  196902252 1287 1409 1470 1470 1439 1348 1226 1073  982  982 1043 1195
316A Acap  196902261 1317 1531 1683 1744 1774 1744 1592 1439 1317 1226 1195 1195
316A Acap  196902262 1287 1378 1439 1470 1439 1378 1256 1134 1012  982  982 1104
316A Acap  196902271 1226 1409 1531 1653 1714 1714 1653 1531 1409 1287 1226 1226
316A Acap  196902272 1287 1348 1439 1500 1500 1409 1317 1195 1104 1012 1012 1073
316A Acap  196902281 1195 1348 1500 1592 1683 1683 1653 1561 1439 1348 1287 1287
316A Acap  196902282 1287 1317 1378 1439 1439 1409 1317 1226 1134 1043 1012 1073
316A Acap  196903011 1165 1256 1409 1531 1622 1683 1653 1592 1531 1439 1409 1348
316A Acap  196903012 1378 1409 1470 1500 1500 1470 1439 1348 1256 1195 1165 1134
316A Acap  196903021 1195 1287 1378 1500 1561 1622 1622 1592 1531 1470 1439 1409
316A Acap  196903022 1409 1409 1439 1470 1470 1470 1439 1378 1317 1287 1226 1226
316A Acap  196903031 1256 1317 1378 1470 1500 1561 1592 1592 1561 1561 1531 1500
316A Acap  196903032 1500 1470 1470 1500 1500 1470 1470 1439 1439 1378 1378 1348
316A Acap  196903041 1348 1317 1348 1409 1439 1500 1531 1561 1531 1531 1531 1500
316A Acap  196903042 1470 1470 1470 1439 1439 1470 1439 1470 1470 1500 1470 1470
316A Acap  196903051 1439 1409 1348 1378 1378 1439 1439 1470 1470 1500 1500 1500
316A Acap  196903052 1470 1470 1439 1378 1378 1378 1409 1409 1470 1470 1500 1500
316A Acap  196903061 1500 1500 1439 1439 1378 1348 1348 1378 1409 1439 1439 1439
316A Acap  196903062 1439 1409 1348 1287 1287 1287 1317 1348 1439 1500 1592 1622
316A Acap  196903071 1622 1592 1531 1470 1378 1317 1287 1287 1317 1348 1409 1439
316A Acap  196903072 1439 1409 1378 1256 1195 1195 1165 1256 1317 1439 1561 1653
316A Acap  196903081 1683 1683 1622 1531 1439 1348 1287 1287 1287 1317 1409 1470
316A Acap  196903082 1470 1500 1439 1317 1256 1195 1165 1195 1287 1409 1531 1683
316A Acap  196903091 1774 1774 1744 1653 1500 1378 1287 1195 1226 1256 1348 1409
316A Acap  196903092 1439 1470 1439 1348 1226 1104 1073 1104 1165 1317 1500 1622
316A Acap  196903101 1774 1835 1835 1774 1622 1470 1317 1287 1195 1226 1317 1409
316A Acap  196903102 1500 1500 1470 1378 1256 1104 1012 1012 1073 1195 1378 1561
316A Acap  196903111 1744 1896 1896 1866 1744 1592 1409 1287 1226 1226 1287 1378
316A Acap  196903112 1470 1531 1531 1500 1378 1226 1073  982  952 1073 1226 1439
316A Acap  196903121 1622 1774 1896 1901 1824 1692 1537 1393 1293 1256 1256 1317
316A Acap  196903122 1439 1561 1592 1592 1500 1378 1226 1043  982  982 1104 1317
316A Acap  196903131 1531 1774 1866 1927 1896 1805 1653 1500 1378 1317 1287 1378
316A Acap  196903132 1470 1592 1653 1622 1561 1439 1287 1134 1012 1012 1073 1195
316A Acap  196903141 1439 1622 1774 1896 1896 1866 1744 1592 1439 1348 1317 1348
316A Acap  196903142 1470 1561 1622 1683 1622 1500 1348 1226 1073 1012 1043 1104
316A Acap  196903151 1256 1439 1653 1774 1835 1805 1744 1622 1470 1378 1317 1348
316A Acap  196903152 1378 1470 1592 1653 1653 1592 1500 1378 1256 1165 1129 1153
316A Acap  196903161 1231 1348 1500 1653 1714 1744 1714 1622 1531 1409 1348 1317
316A Acap  196903162 1348 1409 1470 1561 1592 1561 1531 1470 1378 1287 1226 1195
316A Acap  196903171 1226 1287 1378 1470 1561 1592 1622 1592 1561 1470 1409 1348
316A Acap  196903172 1348 1378 1439 1470 1531 1531 1561 1531 1500 1439 1409 1348
316A Acap  196903181 1348 1348 1348 1378 1409 1470 1500 1500 1500 1500 1439 1378
316A Acap  196903182 1378 1348 1317 1348 1378 1439 1500 1531 1561 1592 1561 1531
316A Acap  196903191 1500 1439 1378 1348 1317 1348 1378 1409 1439 1470 1470 1470
316A Acap  196903192 1439 1378 1317 1287 1287 1317 1378 1439 1561 1622 1653 1683
316A Acap  196903201 1653 1592 1470 1378 1287 1256 1256 1317 1348 1439 1470 1470
316A Acap  196903202 1470 1439 1378 1287 1256 1256 1256 1317 1439 1592 1683 1744
316A Acap  196903211 1744 1714 1622 1439 1317 1256 1226 1226 1256 1348 1439 1470
316A Acap  196903212 1500 1470 1409 1317 1226 1195 1165 1226 1317 1500 1653 1774
316A Acap  196903221 1835 1835 1714 1592 1470 1317 1226 1195 1195 1256 1348 1439
316A Acap  196903222 1500 1531 1500 1409 1287 1165 1134 1195 1287 1409 1561 1714
316A Acap  196903231 1835 1866 1835 1774 1592 1378 1287 1195 1195 1226 1348 1439
316A Acap  196903232 1531 1592 1531 1439 1287 1195 1104 1073 1134 1287 1470 1622
316A Acap  196903241 1774 1866 1835 1744 1622 1409 1256 1165 1134 1134 1226 1317
316A Acap  196903242 1439 1500 1500 1409 1287 1165 1073 1043 1043 1165 1317 1470
316A Acap  196903251 1653 1774 1805 1744 1653 1500 1348 1226 1165 1134 1195 1287
316A Acap  196903252 1348 1470 1470 1439 1317 1195 1073 1012 1012 1073 1195 1378
316A Acap  196903261 1531 1683 1774 1744 1683 1531 1409 1256 1134 1104 1134 1226
316A Acap  196903262 1317 1409 1439 1439 1378 1256 1104 1012  982 1012 1104 1256
316A Acap  196903271 1439 1561 1683 1714 1683 1592 1439 1287 1195 1134 1134 1195
316A Acap  196903272 1256 1348 1409 1409 1348 1256 1134 1043  952  982 1073 1195
316A Acap  196903281 1348 1531 1622 1683 1683 1592 1470 1348 1226 1134 1134 1165
316A Acap  196903282 1256 1348 1378 1439 1409 1317 1226 1134 1043 1012 1043 1134
316A Acap  196903291 1256 1409 1531 1592 1622 1561 1470 1409 1287 1195 1165 1195
316A Acap  196903292 1256 1317 1409 1439 1409 1378 1317 1226 1104 1073 1073 1134
316A Acap  196903301 1256 1409 1470 1531 1592 1561 1531 1439 1378 1287 1287 1317
316A Acap  196903302 1317 1378 1439 1500 1500 1470 1439 1348 1287 1256 1226 1226
316A Acap  196903311 1287 1348 1439 1500 1531 1531 1500 1470 1409 1317 1287 1287
316A Acap  196903312 1317 1348 1378 1439 1470 1470 1470 1409 1378 1348 1317 1317
316A Acap  196904011 1348 1409 1439 1470 1500 1500 1470 1470 1409 1378 1378 1378
316A Acap  196904012 1378 1409 1409 1439 1470 1500 1531 1531 1500 1500 1439 1409
316A Acap  196904021 1409 1378 1378 1409 1439 1439 1439 1409 1378 1378 1348 1317
316A Acap  196904022 1348 1348 1348 1409 1439 1470 1500 1531 1561 1561 1592 1561
316A Acap  196904031 1531 1500 1439 1439 1409 1409 1378 1378 1378 1348 1348 1317
316A Acap  196904032 1317 1317 1317 1348 1409 1439 1470 1531 1592 1622 1622 1622
316A Acap  196904041 1622 1561 1500 1439 1409 1348 1348 1317 1348 1378 1378 1378
316A Acap  196904042 1409 1378 1317 1287 1317 1317 1409 1500 1592 1683 1774 1805
316A Acap  196904051 1774 1653 1531 1439 1348 1317 1287 1317 1378 1409 1409 1439
316A Acap  196904052 1439 1409 1348 1287 1256 1226 1287 1378 1500 1653 1774 1866
316A Acap  196904061 1896 1835 1744 1622 1500 1378 1317 1256 1256 1317 1378 1439
316A Acap  196904062 1439 1439 1378 1287 1256 1226 1226 1287 1378 1561 1774 1896
316A Acap  196904071 1957 1957 1866 1714 1561 1439 1317 1226 1226 1287 1378 1439
316A Acap  196904072 1500 1500 1439 1317 1195 1104 1073 1134 1195 1409 1622 1835
316A Acap  196904081 1957 1988 1927 1835 1653 1470 1348 1256 1256 1317 1409 1500
316A Acap  196904082 1561 1592 1531 1439 1317 1165 1104 1073 1134 1287 1500 1714
316A Acap  196904091 1896 2018 2018 1927 1774 1603 1438 1315 1256 1256 1348 1439
316A Acap  196904092 1561 1592 1592 1561 1409 1256 1134 1073 1073 1195 1348 1561
316A Acap  196904101 1744 1866 1957 1957 1866 1714 1500 1378 1256 1226 1287 1378
316A Acap  196904102 1531 1622 1622 1622 1500 1378 1195 1134 1073 1134 1256 1409
316A Acap  196904111 1592 1744 1866 1866 1835 1714 1561 1439 1317 1256 1256 1378
316A Acap  196904112 1470 1561 1592 1622 1561 1470 1317 1195 1104 1104 1134 1287
316A Acap  196904121 1470 1622 1744 1805 1805 1714 1561 1439 1317 1256 1256 1317
316A Acap  196904122 1409 1531 1592 1653 1622 1531 1439 1317 1195 1165 1165 1226
316A Acap  196904131 1378 1500 1622 1714 1744 1683 1592 1470 1348 1287 1256 1287
316A Acap  196904132 1348 1470 1592 1653 1683 1653 1592 1500 1378 1317 1256 1287
316A Acap  196904141 1348 1409 1531 1622 1683 1653 1592 1500 1378 1287 1256 1256
316A Acap  196904142 1256 1348 1439 1531 1622 1653 1622 1592 1500 1439 1378 1348
316A Acap  196904151 1378 1409 1439 1500 1531 1561 1531 1470 1409 1348 1317 1256
316A Acap  196904152 1287 1317 1378 1470 1531 1561 1592 1622 1622 1561 1531 1500
316A Acap  196904161 1439 1409 1378 1409 1439 1409 1409 1439 1378 1378 1348 1287
316A Acap  196904162 1256 1226 1287 1348 1409 1500 1561 1622 1653 1683 1653 1622
316A Acap  196904171 1561 1470 1409 1378 1348 1348 1348 1409 1409 1409 1378 1378
316A Acap  196904172 1348 1287 1287 1317 1317 1409 1470 1561 1683 1744 1774 1774
316A Acap  196904181 1744 1622 1531 1409 1348 1317 1287 1287 1348 1409 1439 1439
316A Acap  196904182 1409 1378 1317 1256 1287 1317 1378 1470 1561 1683 1744 1805
316A Acap  196904191 1774 1714 1592 1470 1348 1256 1226 1226 1256 1317 1409 1439
316A Acap  196904192 1409 1409 1348 1317 1256 1256 1317 1378 1500 1622 1774 1866
316A Acap  196904201 1866 1805 1714 1561 1439 1348 1256 1226 1226 1317 1409 1470
316A Acap  196904202 1470 1470 1439 1378 1317 1287 1287 1348 1409 1561 1714 1835
316A Acap  196904211 1896 1896 1805 1683 1531 1409 1287 1226 1226 1256 1348 1409
316A Acap  196904212 1500 1500 1439 1378 1287 1226 1195 1226 1317 1470 1592 1744
316A Acap  196904221 1866 1896 1896 1744 1622 1470 1317 1256 1195 1226 1287 1409
316A Acap  196904222 1500 1500 1480 1415 1325 1239 1192 1198 1262 1378 1531 1714
316A Acap  196904231 1835 1927 1896 1835 1683 1531 1378 1256 1195 1226 1287 1378
316A Acap  196904232 1470 1531 1531 1500 1378 1287 1226 1195 1226 1317 1439 1561
316A Acap  196904241 1714 1835 1866 1835 1744 1592 1409 1287 1226 1226 1256 1348
316A Acap  196904242 1470 1531 1561 1531 1470 1348 1226 1165 1165 1226 1348 1500
316A Acap  196904251 1653 1774 1835 1805 1744 1622 1500 1348 1226 1226 1287 1348
316A Acap  196904252 1470 1531 1561 1592 1531 1439 1317 1256 1195 1226 1317 1470
316A Acap  196904261 1592 1714 1774 1805 1774 1683 1561 1439 1317 1256 1287 1348
316A Acap  196904262 1439 1531 1592 1592 1561 1500 1409 1317 1256 1226 1287 1378
316A Acap  196904271 1531 1653 1744 1744 1744 1683 1592 1470 1348 1256 1256 1287
316A Acap  196904272 1378 1470 1561 1622 1592 1561 1500 1409 1317 1287 1317 1378
316A Acap  196904281 1470 1592 1653 1714 1714 1683 1622 1500 1348 1317 1287 1317
316A Acap  196904282 1378 1470 1531 1592 1622 1622 1561 1500 1439 1378 1378 1409
316A Acap  196904291 1439 1531 1592 1653 1653 1622 1561 1500 1409 1317 1287 1317
316A Acap  196904292 1348 1409 1507 1592 1653 1653 1653 1592 1561 1500 1470 1470
316A Acap  196904301 1470 1531 1561 1561 1561 1561 1531 1439 1378 1348 1317 1317
316A Acap  196904302 1348 1378 1470 1561 1622 1653 1714 1683 1683 1622 1561 1531
316A Acap  196905011 1531 1531 1531 1561 1561 1531 1470 1439 1409 1348 1317 1287
316A Acap  196905012 1317 1378 1439 1500 1561 1622 1683 1714 1744 1714 1683 1653
316A Acap  196905021 1622 1531 1500 1500 1500 1470 1439 1409 1378 1317 1287 1256
316A Acap  196905022 1256 1256 1317 1378 1470 1561 1653 1744 1805 1805 1774 1744
316A Acap  196905031 1683 1622 1531 1500 1439 1439 1378 1348 1348 1317 1287 1256
316A Acap  196905032 1226 1195 1226 1256 1348 1439 1561 1683 1805 1866 1866 1866
316A Acap  196905041 1805 1714 1592 1470 1378 1348 1317 1348 1348 1378 1378 1348
316A Acap  196905042 1317 1256 1195 1165 1195 1287 1378 1531 1683 1835 1896 1957
316A Acap  196905051 1896 1835 1744 1561 1470 1378 1348 1317 1348 1409 1439 1409
316A Acap  196905052 1378 1317 1256 1195 1165 1165 1226 1348 1500 1653 1835 1927
316A Acap  196905061 1957 1896 1774 1653 1500 1378 1317 1256 1287 1378 1439 1439
316A Acap  196905062 1439 1409 1287 1165 1073 1073 1104 1195 1348 1500 1683 1835
316A Acap  196905071 1896 1896 1805 1653 1500 1348 1226 1226 1226 1287 1378 1470
316A Acap  196905072 1470 1439 1378 1287 1165 1073 1073 1134 1256 1378 1561 1714
316A Acap  196905081 1866 1896 1835 1744 1531 1409 1287 1195 1195 1226 1317 1409
316A Acap  196905082 1500 1531 1500 1409 1317 1195 1134 1134 1165 1256 1409 1592
316A Acap  196905091 1744 1805 1835 1774 1653 1500 1348 1226 1165 1195 1256 1378
316A Acap  196905092 1470 1561 1561 1531 1470 1348 1226 1195 1195 1226 1317 1439
316A Acap  196905101 1592 1714 1774 1744 1653 1500 1348 1226 1165 1195 1256 1348
316A Acap  196905102 1439 1561 1653 1683 1592 1500 1409 1256 1195 1195 1287 1409
316A Acap  196905111 1531 1622 1683 1714 1683 1531 1409 1256 1134 1134 1165 1226
316A Acap  196905112 1378 1531 1592 1653 1653 1592 1470 1378 1287 1226 1256 1317
316A Acap  196905121 1409 1500 1561 1622 1592 1531 1409 1287 1195 1134 1104 1165
316A Acap  196905122 1256 1378 1470 1561 1592 1622 1592 1531 1439 1409 1348 1348
316A Acap  196905131 1348 1439 1470 1531 1531 1470 1439 1317 1226 1165 1134 1134
316A Acap  196905132 1165 1256 1348 1470 1561 1622 1653 1622 1561 1500 1439 1378
316A Acap  196905141 1348 1348 1378 1409 1439 1439 1409 1348 1256 1195 1165 1134
316A Acap  196905142 1165 1195 1287 1409 1500 1592 1622 1653 1622 1622 1561 1500
316A Acap  196905151 1439 1378 1348 1348 1348 1348 1348 1348 1317 1256 1226 1165
316A Acap  196905152 1165 1165 1195 1287 1409 1500 1592 1653 1683 1714 1653 1622
316A Acap  196905161 1561 1470 1378 1287 1256 1256 1317 1287 1287 1287 1256 1226
316A Acap  196905162 1195 1134 1134 1165 1256 1348 1470 1561 1653 1714 1714 1653
316A Acap  196905171 1592 1500 1409 1348 1287 1256 1256 1256 1287 1287 1287 1256
316A Acap  196905172 1195 1165 1165 1165 1226 1287 1378 1500 1622 1714 1744 1744
316A Acap  196905181 1683 1592 1470 1348 1287 1226 1195 1195 1226 1287 1317 1317
316A Acap  196905182 1317 1256 1226 1195 1195 1226 1287 1409 1531 1683 1744 1774
316A Acap  196905191 1774 1714 1592 1439 1348 1226 1195 1195 1256 1317 1348 1378
316A Acap  196905192 1378 1378 1317 1256 1195 1195 1256 1348 1470 1622 1774 1835
316A Acap  196905201 1835 1774 1683 1561 1378 1287 1226 1195 1226 1256 1348 1409
316A Acap  196905202 1409 1378 1348 1256 1195 1165 1226 1287 1409 1531 1653 1774
316A Acap  196905211 1835 1835 1744 1622 1439 1317 1226 1195 1195 1256 1348 1409
316A Acap  196905212 1470 1470 1409 1317 1256 1195 1195 1256 1317 1439 1592 1744
316A Acap  196905221 1835 1835 1774 1683 1531 1378 1287 1195 1195 1226 1317 1409
316A Acap  196905222 1439 1470 1470 1409 1317 1256 1195 1226 1287 1378 1500 1653
316A Acap  196905231 1774 1805 1835 1774 1622 1500 1348 1195 1195 1195 1256 1378
316A Acap  196905232 1470 1500 1531 1439 1409 1317 1256 1195 1226 1287 1409 1561
316A Acap  196905241 1744 1805 1835 1774 1653 1531 1378 1256 1195 1165 1256 1348
316A Acap  196905242 1470 1561 1622 1622 1531 1439 1348 1287 1287 1317 1409 1531
316A Acap  196905251 1683 1774 1805 1805 1714 1561 1439 1348 1256 1256 1287 1378
316A Acap  196905252 1500 1592 1653 1683 1653 1531 1439 1378 1378 1378 1439 1531
316A Acap  196905261 1653 1714 1744 1714 1653 1592 1470 1378 1317 1287 1287 1348
316A Acap  196905262 1470 1561 1683 1714 1714 1683 1592 1531 1439 1439 1470 1500
316A Acap  196905271 1561 1653 1653 1683 1653 1561 1439 1348 1287 1226 1256 1317
316A Acap  196905272 1409 1531 1622 1683 1714 1714 1653 1561 1500 1500 1470 1500
316A Acap  196905281 1531 1561 1592 1592 1561 1500 1439 1348 1226 1226 1226 1287
316A Acap  196905282 1348 1500 1622 1683 1774 1774 1744 1683 1622 1531 1531 1531
316A Acap  196905291 1500 1561 1561 1561 1531 1500 1439 1348 1287 1195 1195 1226
316A Acap  196905292 1256 1348 1470 1592 1744 1805 1805 1744 1744 1714 1622 1561
316A Acap  196905301 1531 1500 1470 1470 1470 1439 1439 1348 1287 1195 1134 1134
316A Acap  196905302 1165 1226 1348 1470 1622 1744 1805 1835 1835 1805 1683 1622
316A Acap  196905311 1561 1500 1500 1500 1470 1470 1439 1378 1317 1226 1165 1134
316A Acap  196905312 1104 1134 1195 1348 1500 1622 1774 1866 1927 1927 1805 1744
316A Acap  196906011 1653 1561 1470 1470 1409 1378 1378 1348 1317 1256 1226 1104
316A Acap  196906012 1104 1073 1104 1195 1317 1439 1592 1744 1835 1896 1896 1866
316A Acap  196906021 1774 1622 1531 1470 1409 1378 1409 1378 1378 1348 1348 1287
316A Acap  196906022 1226 1165 1104 1104 1165 1287 1470 1592 1774 1866 1927 1896
316A Acap  196906031 1835 1714 1592 1439 1348 1287 1317 1348 1378 1409 1409 1378
316A Acap  196906032 1317 1226 1104 1043 1043 1134 1256 1409 1592 1744 1896 1927
316A Acap  196906041 1896 1805 1683 1500 1348 1287 1256 1317 1378 1439 1500 1500
316A Acap  196906042 1470 1409 1317 1226 1165 1134 1226 1317 1470 1653 1805 1927
316A Acap  196906051 1988 1927 1774 1622 1470 1317 1256 1226 1226 1378 1470 1531
316A Acap  196906052 1561 1561 1500 1348 1287 1226 1195 1195 1287 1470 1592 1774
316A Acap  196906061 1866 1866 1835 1683 1531 1348 1226 1195 1256 1317 1470 1531
316A Acap  196906062 1622 1653 1622 1561 1378 1287 1226 1226 1256 1378 1500 1622
316A Acap  196906071 1774 1805 1805 1714 1592 1439 1287 1226 1226 1287 1378 1531
316A Acap  196906072 1622 1714 1774 1774 1714 1622 1531 1439 1409 1439 1531 1653
316A Acap  196906081 1744 1835 1835 1774 1714 1592 1470 1348 1256 1287 1378 1531
316A Acap  196906082 1653 1774 1866 1896 1866 1805 1714 1622 1561 1531 1500 1592
316A Acap  196906091 1653 1744 1774 1774 1744 1622 1531 1409 1317 1317 1256 1348
316A Acap  196906092 1470 1622 1744 1805 1866 1866 1805 1683 1592 1470 1439 1470
316A Acap  196906101 1500 1561 1622 1653 1592 1561 1470 1378 1256 1134 1134 1226
316A Acap  196906102 1348 1470 1622 1744 1835 1896 1866 1774 1683 1592 1500 1500
316A Acap  196906111 1500 1531 1561 1592 1622 1592 1561 1439 1317 1256 1226 1287
316A Acap  196906112 1317 1378 1531 1653 1774 1866 1896 1835 1774 1683 1592 1531
316A Acap  196906121 1470 1500 1500 1531 1500 1500 1531 1439 1348 1256 1195 1226
316A Acap  196906122 1226 1317 1409 1531 1653 1744 1774 1835 1774 1714 1653 1561
316A Acap  196906131 1531 1470 1470 1470 1439 1439 1439 1409 1378 1317 1256 1226
316A Acap  196906132 1226 1256 1348 1439 1561 1653 1774 1835 1805 1774 1744 1653
316A Acap  196906141 1592 1500 1439 1409 1409 1409 1409 1378 1348 1317 1256 1195
316A Acap  196906142 1195 1195 1256 1348 1470 1592 1653 1744 1835 1866 1805 1714
316A Acap  196906151 1622 1531 1439 1378 1378 1378 1378 1348 1348 1317 1287 1256
316A Acap  196906152 1226 1195 1195 1256 1378 1470 1592 1683 1744 1805 1805 1774
316A Acap  196906161 1653 1592 1500 1439 1348 1317 1317 1317 1348 1378 1317 1287
316A Acap  196906162 1256 1256 1226 1226 1287 1378 1500 1561 1683 1714 1774 1774
316A Acap  196906171 1714 1683 1531 1470 1378 1317 1317 1287 1317 1348 1348 1317
316A Acap  196906172 1287 1256 1226 1226 1287 1348 1378 1500 1592 1714 1744 1835
316A Acap  196906181 1805 1744 1592 1500 1378 1317 1256 1226 1226 1317 1348 1378
316A Acap  196906182 1348 1348 1287 1226 1226 1256 1317 1409 1500 1622 1744 1805
316A Acap  196906191 1805 1744 1622 1531 1439 1348 1256 1256 1287 1317 1378 1409
316A Acap  196906192 1439 1409 1348 1317 1287 1287 1317 1378 1470 1561 1653 1744
316A Acap  196906201 1774 1774 1683 1592 1470 1378 1287 1256 1256 1287 1378 1439
316A Acap  196906202 1500 1500 1470 1409 1378 1317 1317 1348 1409 1500 1561 1683
316A Acap  196906211 1714 1744 1714 1622 1470 1378 1317 1256 1287 1317 1409 1470
316A Acap  196906212 1561 1622 1592 1561 1500 1439 1439 1439 1470 1531 1592 1714
316A Acap  196906221 1744 1744 1714 1653 1561 1439 1348 1317 1287 1317 1439 1531
316A Acap  196906222 1622 1683 1714 1683 1622 1561 1500 1470 1470 1500 1561 1622
316A Acap  196906231 1714 1774 1774 1714 1622 1500 1409 1317 1317 1317 1409 1500
316A Acap  196906232 1622 1714 1805 1774 1744 1653 1561 1500 1470 1470 1531 1592
316A Acap  196906241 1653 1683 1714 1683 1592 1531 1409 1317 1256 1256 1317 1409
316A Acap  196906242 1531 1653 1744 1774 1774 1774 1653 1592 1470 1470 1500 1531
316A Acap  196906251 1561 1592 1622 1592 1531 1439 1378 1256 1195 1195 1226 1287
316A Acap  196906252 1439 1592 1683 1774 1805 1805 1683 1622 1561 1531 1500 1500
316A Acap  196906261 1561 1592 1561 1561 1500 1439 1348 1226 1165 1134 1165 1226
316A Acap  196906262 1348 1500 1653 1774 1835 1835 1805 1714 1622 1561 1500 1500
316A Acap  196906271 1531 1531 1561 1561 1531 1470 1348 1226 1134 1073 1043 1104
316A Acap  196906272 1256 1378 1561 1714 1805 1866 1866 1805 1714 1653 1592 1531
316A Acap  196906281 1500 1500 1531 1500 1470 1439 1378 1256 1165 1043  982 1043
316A Acap  196906282 1073 1195 1348 1531 1683 1805 1866 1896 1866 1774 1683 1592
316A Acap  196906291 1500 1470 1470 1470 1470 1439 1409 1348 1256 1134 1043  952
316A Acap  196906292  982 1073 1165 1317 1531 1683 1805 1896 1896 1835 1744 1653
316A Acap  196906301 1531 1500 1500 1470 1500 1500 1531 1500 1378 1287 1165 1104
316A Acap  196906302 1043 1043 1073 1226 1378 1561 1744 1866 1927 1927 1896 1805
316A Acap  196907011 1714 1592 1500 1470 1439 1470 1500 1500 1470 1439 1378 1256
316A Acap  196907012 1195 1165 1134 1195 1288 1419 1569 1714 1835 1927 1896 1866
316A Acap  196907021 1744 1653 1531 1439 1378 1409 1439 1439 1500 1500 1500 1439
316A Acap  196907022 1348 1256 1195 1165 1195 1287 1439 1561 1744 1835 1896 1866
316A Acap  196907031 1805 1714 1531 1409 1317 1287 1317 1378 1439 1531 1592 1592
316A Acap  196907032 1531 1470 1378 1287 1226 1226 1378 1439 1561 1714 1866 1927
316A Acap  196907041 1927 1866 1774 1653 1561 1500 1409 1439 1531 1622 1744 1835
316A Acap  196907042 1927 1896 1835 1683 1592 1531 1500 1531 1622 1744 1866 1988
316A Acap  196907051 2079 2049 1957 1835 1683 1531 1439 1409 1439 1531 1653 1774
316A Acap  196907052 1866 1927 1896 1835 1714 1592 1470 1439 1470 1561 1653 1744
316A Acap  196907061 1805 1866 1805 1683 1561 1409 1287 1195 1195 1256 1378 1531
316A Acap  196907062 1683 1805 1835 1774 1683 1592 1470 1378 1348 1378 1470 1561
316A Acap  196907071 1653 1744 1744 1714 1592 1470 1348 1256 1195 1226 1317 1500
316A Acap  196907072 1653 1805 1927 1927 1896 1805 1683 1531 1470 1409 1439 1500
316A Acap  196907081 1592 1683 1744 1714 1653 1531 1378 1256 1165 1165 1195 1348
316A Acap  196907082 1500 1653 1805 1896 1927 1835 1744 1622 1500 1409 1409 1439
316A Acap  196907091 1500 1592 1653 1683 1653 1561 1439 1287 1195 1134 1134 1226
316A Acap  196907092 1317 1500 1653 1805 1896 1927 1835 1714 1622 1531 1439 1439
316A Acap  196907101 1439 1531 1622 1653 1622 1592 1500 1409 1287 1195 1134 1165
316A Acap  196907102 1317 1470 1622 1774 1866 1927 1896 1835 1714 1653 1561 1500
316A Acap  196907111 1500 1531 1561 1592 1561 1531 1531 1439 1317 1226 1165 1165
316A Acap  196907112 1226 1348 1531 1653 1774 1866 1927 1866 1805 1744 1653 1592
316A Acap  196907121 1531 1531 1561 1592 1561 1561 1531 1500 1409 1317 1226 1226
316A Acap  196907122 1256 1317 1470 1592 1714 1805 1896 1957 1896 1835 1744 1683
316A Acap  196907131 1622 1561 1561 1531 1561 1561 1500 1470 1378 1317 1256 1226
316A Acap  196907132 1226 1287 1378 1500 1622 1714 1805 1866 1896 1866 1774 1683
316A Acap  196907141 1622 1561 1561 1500 1500 1500 1470 1470 1409 1348 1317 1256
316A Acap  196907142 1226 1226 1287 1348 1439 1561 1653 1744 1774 1774 1744 1683
316A Acap  196907151 1592 1531 1470 1439 1439 1439 1409 1409 1378 1348 1348 1287
316A Acap  196907152 1256 1256 1256 1348 1439 1531 1622 1683 1774 1805 1774 1774
316A Acap  196907161 1714 1653 1561 1500 1470 1439 1439 1439 1439 1409 1409 1378
316A Acap  196907162 1317 1317 1287 1287 1348 1409 1500 1622 1683 1714 1744 1744
316A Acap  196907171 1744 1683 1592 1500 1439 1409 1378 1378 1378 1409 1439 1439
316A Acap  196907172 1409 1378 1317 1287 1317 1317 1409 1470 1592 1683 1744 1744
316A Acap  196907181 1744 1683 1592 1500 1378 1348 1317 1317 1348 1409 1470 1500
316A Acap  196907182 1470 1470 1378 1348 1317 1287 1317 1378 1470 1531 1653 1683
316A Acap  196907191 1714 1714 1683 1592 1531 1409 1348 1287 1287 1317 1378 1470
316A Acap  196907192 1531 1561 1531 1500 1439 1409 1378 1378 1409 1500 1592 1653
316A Acap  196907201 1683 1653 1622 1531 1409 1348 1287 1287 1317 1378 1470 1561
316A Acap  196907202 1622 1653 1622 1592 1500 1470 1409 1409 1409 1470 1561 1622
316A Acap  196907211 1683 1714 1683 1592 1470 1378 1317 1256 1256 1317 1439 1531
316A Acap  196907212 1653 1714 1744 1714 1622 1561 1500 1439 1439 1470 1531 1592
316A Acap  196907221 1653 1683 1592 1531 1500 1348 1287 1226 1195 1256 1348 1500
316A Acap  196907222 1622 1744 1805 1805 1744 1653 1561 1470 1409 1409 1439 1470
316A Acap  196907231 1531 1592 1592 1561 1470 1378 1287 1165 1134 1165 1256 1409
316A Acap  196907232 1561 1714 1774 1805 1744 1683 1622 1531 1439 1378 1409 1500
316A Acap  196907241 1561 1592 1622 1561 1470 1378 1256 1134 1073 1104 1165 1317
316A Acap  196907242 1470 1653 1805 1896 1866 1835 1714 1622 1500 1409 1439 1439
316A Acap  196907251 1500 1561 1561 1531 1500 1378 1256 1134 1073 1012 1073 1195
316A Acap  196907252 1378 1561 1714 1835 1896 1866 1835 1714 1622 1500 1470 1500
316A Acap  196907261 1470 1531 1592 1592 1531 1439 1317 1195 1104 1043 1073 1104
316A Acap  196907262 1256 1439 1622 1774 1866 1896 1866 1835 1714 1622 1531 1500
316A Acap  196907271 1531 1561 1592 1622 1592 1500 1409 1256 1134 1012  982 1043
316A Acap  196907272 1134 1287 1470 1653 1805 1896 1927 1866 1805 1714 1622 1531
316A Acap  196907281 1531 1531 1592 1592 1592 1531 1531 1409 1287 1165 1073 1043
316A Acap  196907282 1043 1165 1287 1500 1653 1805 1896 1896 1835 1774 1653 1561
316A Acap  196907291 1531 1531 1500 1561 1592 1561 1531 1500 1409 1317 1195 1134
316A Acap  196907292 1104 1104 1195 1348 1500 1622 1744 1835 1866 1835 1774 1683
316A Acap  196907301 1592 1500 1470 1470 1500 1500 1531 1531 1531 1409 1317 1226
316A Acap  196907302 1165 1165 1165 1256 1348 1470 1592 1683 1805 1835 1774 1714
316A Acap  196907311 1622 1531 1439 1378 1378 1439 1500 1531 1561 1592 1531 1531
316A Acap  196907312 1439 1348 1317 1287 1317 1378 1470 1561 1592 1744 1774 1744
316A Acap  196908011 1683 1592 1500 1409 1348 1317 1348 1409 1500 1592 1622 1622
316A Acap  196908012 1622 1561 1500 1378 1378 1317 1378 1409 1500 1592 1683 1744
316A Acap  196908021 1714 1622 1531 1409 1317 1256 1287 1317 1378 1500 1622 1714
316A Acap  196908022 1774 1714 1683 1622 1500 1439 1378 1378 1439 1531 1714 1774
316A Acap  196908031 1774 1744 1653 1561 1439 1348 1287 1287 1348 1470 1622 1744
316A Acap  196908032 1866 1896 1866 1774 1653 1561 1439 1378 1409 1470 1561 1683
316A Acap  196908041 1744 1744 1683 1592 1470 1348 1256 1226 1226 1317 1470 1653
316A Acap  196908042 1805 1896 1927 1896 1805 1653 1531 1409 1378 1378 1439 1531
316A Acap  196908051 1683 1714 1714 1622 1531 1378 1226 1165 1134 1195 1317 1470
316A Acap  196908052 1653 1805 1896 1927 1866 1744 1561 1439 1348 1317 1378 1439
316A Acap  196908061 1561 1683 1714 1653 1592 1439 1287 1134 1104 1134 1226 1378
316A Acap  196908062 1531 1714 1835 1896 1835 1774 1653 1500 1378 1348 1348 1409
316A Acap  196908071 1500 1561 1622 1653 1622 1500 1348 1226 1134 1104 1134 1287
316A Acap  196908072 1439 1592 1714 1835 1896 1896 1805 1653 1561 1500 1500 1500
316A Acap  196908081 1561 1653 1683 1714 1714 1653 1561 1409 1317 1226 1226 1348
316A Acap  196908082 1470 1622 1774 1896 1957 1957 1927 1835 1714 1592 1531 1531
316A Acap  196908091 1531 1592 1653 1653 1653 1622 1531 1409 1317 1226 1226 1256
316A Acap  196908092 1348 1500 1622 1774 1866 1896 1896 1866 1774 1683 1592 1531
316A Acap  196908101 1531 1531 1561 1592 1592 1561 1500 1439 1317 1226 1195 1195
316A Acap  196908102 1256 1348 1500 1653 1714 1774 1805 1774 1714 1653 1592 1561
316A Acap  196908111 1531 1531 1531 1531 1561 1531 1500 1470 1348 1287 1256 1226
316A Acap  196908112 1226 1317 1409 1531 1653 1744 1774 1805 1774 1744 1714 1653
316A Acap  196908121 1592 1592 1592 1592 1592 1592 1561 1531 1470 1439 1378 1378
316A Acap  196908122 1378 1409 1470 1561 1592 1683 1714 1744 1835 1774 1774 1714
316A Acap  196908131 1714 1683 1653 1653 1592 1592 1592 1531 1531 1500 1470 1439
316A Acap  196908132 1439 1439 1500 1531 1622 1653 1714 1744 1774 1805 1805 1774
316A Acap  196908141 1714 1653 1592 1561 1531 1531 1531 1500 1500 1500 1500 1470
316A Acap  196908142 1439 1439 1439 1439 1470 1500 1592 1653 1714 1744 1744 1714
316A Acap  196908151 1683 1653 1561 1500 1470 1470 1470 1470 1500 1531 1561 1531
316A Acap  196908152 1531 1470 1409 1409 1409 1439 1439 1531 1561 1653 1683 1683
316A Acap  196908161 1683 1622 1592 1500 1439 1439 1439 1439 1500 1561 1561 1592
316A Acap  196908162 1561 1561 1500 1470 1409 1409 1409 1439 1500 1561 1622 1653
316A Acap  196908171 1653 1592 1531 1470 1378 1348 1348 1378 1409 1500 1561 1592
316A Acap  196908172 1622 1592 1561 1531 1439 1409 1378 1378 1409 1470 1531 1622
316A Acap  196908181 1622 1592 1531 1439 1348 1256 1256 1287 1348 1439 1561 1622
316A Acap  196908182 1683 1683 1653 1561 1470 1378 1317 1287 1317 1378 1439 1500
316A Acap  196908191 1531 1500 1470 1348 1256 1134 1104 1104 1195 1287 1439 1561
316A Acap  196908192 1683 1714 1683 1622 1500 1409 1317 1226 1256 1287 1378 1439
316A Acap  196908201 1470 1500 1439 1378 1256 1134 1073 1043 1104 1165 1317 1500
316A Acap  196908202 1622 1744 1774 1714 1622 1500 1378 1287 1226 1226 1287 1348
316A Acap  196908211 1409 1470 1439 1378 1256 1104 1012  891  921 1012 1134 1348
316A Acap  196908212 1500 1653 1714 1744 1622 1500 1348 1256 1195 1134 1165 1287
316A Acap  196908221 1348 1409 1439 1378 1287 1134 1012  891  891  952 1104 1287
316A Acap  196908222 1470 1622 1744 1805 1774 1683 1531 1409 1317 1287 1287 1348
316A Acap  196908231 1409 1500 1500 1470 1409 1256 1134 1012  921  921  982 1134
316A Acap  196908232 1317 1531 1683 1805 1805 1774 1683 1561 1470 1378 1378 1439
316A Acap  196908241 1500 1561 1622 1592 1531 1409 1287 1104 1012  982  982 1104
316A Acap  196908242 1226 1470 1622 1774 1866 1866 1774 1683 1561 1470 1470 1439
316A Acap  196908251 1470 1561 1622 1653 1622 1531 1409 1256 1073  982  952 1012
316A Acap  196908252 1134 1287 1470 1653 1744 1805 1774 1714 1622 1531 1470 1439
316A Acap  196908261 1439 1470 1531 1561 1592 1561 1500 1378 1256 1134 1073 1043
316A Acap  196908262 1104 1226 1378 1531 1683 1744 1774 1774 1683 1592 1500 1439
316A Acap  196908271 1439 1470 1500 1561 1592 1622 1592 1561 1470 1348 1256 1195
316A Acap  196908272 1134 1165 1287 1409 1531 1622 1714 1714 1714 1622 1531 1500
316A Acap  196908281 1439 1439 1470 1470 1531 1561 1592 1622 1592 1531 1470 1409
316A Acap  196908282 1348 1348 1348 1409 1470 1500 1592 1683 1714 1744 1714 1622
316A Acap  196908291 1561 1500 1470 1439 1470 1500 1592 1622 1653 1683 1683 1622
316A Acap  196908292 1592 1531 1470 1439 1439 1470 1531 1592 1683 1714 1714 1683
316A Acap  196908301 1622 1561 1470 1409 1409 1409 1439 1500 1592 1714 1744 1774
316A Acap  196908302 1714 1683 1622 1531 1500 1470 1470 1470 1531 1653 1714 1714
316A Acap  196908311 1683 1622 1500 1378 1348 1317 1317 1378 1500 1653 1805 1866
316A Acap  196908312 1896 1866 1805 1683 1561 1439 1409 1378 1439 1531 1622 1714
316A Acap  196909011 1714 1683 1592 1470 1348 1256 1256 1287 1409 1531 1714 1866
316A Acap  196909012 1927 1927 1866 1805 1653 1470 1378 1317 1317 1378 1500 1561
316A Acap  196909021 1592 1592 1561 1439 1348 1256 1195 1165 1226 1378 1561 1744
316A Acap  196909022 1866 1927 1927 1835 1714 1561 1439 1378 1317 1348 1439 1592
316A Acap  196909031 1622 1622 1592 1531 1378 1195 1073 1073 1104 1226 1378 1561
316A Acap  196909032 1714 1835 1896 1835 1714 1531 1409 1287 1256 1256 1348 1439
316A Acap  196909041 1531 1622 1622 1592 1470 1287 1165 1043 1043 1104 1256 1439
316A Acap  196909042 1592 1774 1866 1866 1805 1653 1531 1409 1287 1256 1287 1378
316A Acap  196909051 1470 1531 1592 1561 1500 1348 1195 1073 1012 1043 1134 1317
316A Acap  196909052 1500 1714 1805 1866 1835 1744 1622 1470 1348 1317 1287 1378
316A Acap  196909061 1439 1500 1531 1531 1500 1409 1256 1134 1043 1043 1104 1226
316A Acap  196909062 1378 1561 1714 1805 1805 1744 1683 1561 1439 1378 1348 1378
316A Acap  196909071 1378 1470 1531 1531 1500 1409 1317 1195 1073 1043 1073 1165
316A Acap  196909072 1317 1439 1592 1696 1752 1757 1714 1622 1561 1500 1470 1470
316A Acap  196909081 1531 1592 1622 1653 1622 1561 1500 1409 1348 1317 1256 1317
316A Acap  196909082 1409 1500 1622 1714 1774 1805 1774 1714 1622 1561 1500 1500
316A Acap  196909091 1500 1500 1531 1561 1561 1531 1470 1439 1378 1287 1287 1287
316A Acap  196909092 1317 1409 1500 1592 1653 1714 1714 1714 1653 1622 1531 1531
316A Acap  196909101 1500 1531 1500 1561 1561 1561 1531 1470 1439 1348 1317 1287
316A Acap  196909102 1317 1348 1409 1500 1531 1561 1592 1592 1592 1561 1531 1470
316A Acap  196909111 1439 1439 1470 1470 1470 1500 1470 1470 1439 1378 1348 1317
316A Acap  196909112 1317 1317 1348 1409 1439 1470 1500 1531 1531 1531 1500 1470
316A Acap  196909121 1470 1439 1439 1439 1500 1470 1500 1500 1500 1500 1470 1470
316A Acap  196909122 1470 1439 1439 1439 1439 1439 1439 1439 1470 1500 1500 1470
316A Acap  196909131 1439 1409 1348 1348 1348 1378 1409 1409 1470 1500 1500 1500
316A Acap  196909132 1500 1470 1439 1378 1378 1378 1378 1409 1439 1500 1500 1470
316A Acap  196909141 1470 1439 1378 1348 1317 1348 1378 1439 1500 1561 1592 1592
316A Acap  196909142 1561 1531 1470 1409 1348 1317 1317 1348 1378 1409 1470 1500
316A Acap  196909151 1470 1409 1348 1287 1287 1287 1317 1348 1439 1531 1622 1683
316A Acap  196909152 1683 1683 1592 1500 1409 1348 1317 1287 1317 1348 1409 1439
316A Acap  196909161 1439 1439 1348 1256 1226 1195 1195 1287 1378 1500 1622 1744
316A Acap  196909162 1774 1744 1683 1592 1500 1409 1287 1256 1287 1348 1409 1470
316A Acap  196909171 1500 1500 1439 1348 1195 1165 1134 1165 1226 1378 1561 1714
316A Acap  196909172 1774 1835 1805 1653 1531 1378 1287 1195 1226 1256 1317 1409
316A Acap  196909181 1470 1439 1409 1317 1195 1073 1012 1043 1104 1226 1409 1592
316A Acap  196909182 1714 1805 1805 1744 1622 1470 1317 1256 1195 1226 1317 1378
316A Acap  196909191 1470 1470 1439 1348 1195 1073  982  952 1012 1134 1317 1500
316A Acap  196909192 1714 1835 1866 1835 1714 1561 1439 1287 1226 1226 1287 1409
316A Acap  196909201 1531 1531 1500 1439 1348 1165 1043  952  952 1012 1195 1409
316A Acap  196909202 1592 1744 1835 1835 1774 1622 1500 1378 1317 1287 1317 1409
316A Acap  196909211 1500 1561 1592 1531 1439 1317 1165 1012  952 1012 1104 1317
316A Acap  196909212 1500 1683 1805 1866 1835 1744 1622 1439 1378 1317 1317 1409
316A Acap  196909221 1470 1561 1622 1622 1561 1439 1256 1134 1012 1012 1073 1195
316A Acap  196909222 1378 1561 1714 1805 1835 1744 1653 1531 1439 1378 1317 1378
316A Acap  196909231 1439 1531 1622 1622 1622 1531 1409 1287 1165 1104 1073 1134
316A Acap  196909232 1256 1409 1592 1683 1774 1744 1714 1622 1500 1409 1378 1378
316A Acap  196909241 1439 1500 1592 1653 1714 1683 1622 1531 1378 1287 1256 1256
316A Acap  196909242 1317 1409 1531 1622 1683 1714 1714 1622 1531 1439 1348 1317
316A Acap  196909251 1317 1378 1470 1592 1653 1683 1653 1622 1561 1439 1378 1348
316A Acap  196909252 1348 1378 1439 1500 1561 1592 1592 1592 1531 1500 1409 1378
316A Acap  196909261 1348 1349 1387 1453 1531 1592 1653 1683 1683 1653 1592 1531
316A Acap  196909262 1470 1439 1439 1470 1500 1531 1531 1561 1561 1531 1500 1439
316A Acap  196909271 1378 1348 1317 1378 1439 1500 1592 1653 1714 1714 1714 1683
316A Acap  196909272 1622 1531 1470 1409 1409 1409 1409 1439 1439 1500 1470 1439
316A Acap  196909281 1409 1317 1256 1256 1287 1317 1409 1531 1653 1774 1805 1805
316A Acap  196909282 1774 1683 1592 1500 1439 1378 1378 1439 1531 1653 1683 1714
316A Acap  196909291 1744 1683 1622 1561 1500 1470 1500 1592 1714 1866 1988 2018
316A Acap  196909292 2018 1957 1835 1683 1561 1439 1348 1348 1378 1500 1561 1653
316A Acap  196909301 1622 1592 1500 1409 1317 1256 1256 1287 1439 1592 1744 1866
316A Acap  196909302 1957 1927 1835 1714 1561 1409 1317 1256 1256 1348 1439 1531
316A Acap  196910011 1592 1561 1500 1378 1226 1134 1104 1134 1226 1378 1561 1744
316A Acap  196910012 1866 1896 1835 1714 1531 1378 1287 1226 1226 1256 1378 1470
316A Acap  196910021 1531 1561 1500 1409 1256 1104 1073 1104 1165 1287 1470 1653
316A Acap  196910022 1774 1866 1866 1744 1592 1439 1287 1195 1165 1195 1287 1378
316A Acap  196910031 1470 1500 1500 1439 1287 1165 1043 1012 1043 1134 1287 1470
316A Acap  196910032 1653 1774 1835 1774 1714 1561 1409 1317 1256 1226 1287 1378
316A Acap  196910041 1470 1531 1561 1500 1409 1287 1165 1073 1073 1134 1256 1409
316A Acap  196910042 1561 1714 1805 1805 1714 1592 1439 1317 1226 1195 1226 1317
316A Acap  196910051 1439 1531 1561 1531 1439 1317 1195 1073 1012 1043 1134 1256
316A Acap  196910052 1439 1592 1683 1744 1714 1622 1500 1348 1287 1226 1226 1287
316A Acap  196910061 1348 1439 1531 1531 1500 1409 1256 1165 1104 1104 1165 1256
316A Acap  196910062 1409 1531 1653 1683 1683 1622 1531 1439 1378 1317 1348 1378
316A Acap  196910071 1439 1500 1561 1561 1561 1500 1409 1317 1226 1195 1195 1256
316A Acap  196910072 1348 1470 1561 1653 1653 1622 1561 1470 1378 1348 1317 1348
316A Acap  196910081 1409 1470 1561 1592 1592 1592 1561 1470 1439 1378 1409 1439
316A Acap  196910082 1500 1622 1714 1744 1805 1805 1744 1683 1592 1561 1531 1531
316A Acap  196910091 1561 1592 1653 1714 1714 1683 1683 1622 1561 1531 1500 1500
316A Acap  196910092 1500 1531 1561 1622 1653 1622 1561 1531 1500 1470 1470 1470
316A Acap  196910101 1470 1500 1531 1592 1622 1653 1653 1622 1592 1561 1531 1500
316A Acap  196910102 1500 1500 1500 1531 1531 1531 1500 1500 1470 1470 1409 1409
316A Acap  196910111 1409 1409 1439 1470 1531 1561 1592 1622 1622 1622 1561 1561
316A Acap  196910112 1531 1500 1470 1439 1439 1439 1409 1409 1439 1409 1378 1348
316A Acap  196910121 1348 1317 1317 1348 1409 1470 1531 1592 1622 1653 1622 1592
316A Acap  196910122 1561 1470 1439 1378 1348 1348 1317 1317 1287 1317 1317 1287
316A Acap  196910131 1256 1226 1226 1195 1226 1317 1439 1500 1592 1653 1653 1653
316A Acap  196910132 1592 1531 1409 1317 1287 1226 1226 1226 1256 1317 1317 1317
316A Acap  196910141 1256 1195 1134 1073 1073 1134 1226 1348 1470 1592 1683 1714
316A Acap  196910142 1683 1592 1500 1348 1256 1165 1165 1165 1226 1287 1317 1348
316A Acap  196910151 1317 1256 1165 1073 1012 1012 1043 1165 1317 1500 1622 1714
316A Acap  196910152 1744 1683 1592 1439 1287 1195 1134 1134 1134 1226 1287 1348
316A Acap  196910161 1348 1287 1165 1073  982  921  921 1012 1165 1348 1561 1683
316A Acap  196910162 1744 1744 1653 1470 1317 1226 1134 1104 1134 1195 1287 1348
316A Acap  196910171 1378 1348 1256 1134  982  891  860  891 1012 1165 1378 1561
316A Acap  196910172 1683 1714 1683 1561 1409 1256 1104 1073 1073 1104 1226 1317
316A Acap  196910181 1378 1378 1317 1195 1073  952  860  830  921 1043 1256 1439
316A Acap  196910182 1622 1714 1744 1653 1500 1317 1165 1073 1043 1104 1195 1287
316A Acap  196910191 1378 1439 1409 1348 1195 1073  952  860  860  982 1134 1317
316A Acap  196910192 1500 1622 1683 1683 1592 1439 1256 1165 1073 1073 1165 1287
316A Acap  196910201 1378 1439 1470 1439 1287 1165 1043  921  860  891 1012 1165
316A Acap  196910202 1317 1470 1561 1592 1561 1439 1287 1165 1073 1043 1104 1195
316A Acap  196910211 1317 1409 1500 1500 1439 1317 1195 1073 1012  952  982 1104
316A Acap  196910212 1256 1378 1500 1531 1531 1439 1348 1226 1134 1073 1104 1134
316A Acap  196910221 1256 1378 1470 1531 1531 1439 1348 1256 1165 1104 1073 1134
316A Acap  196910222 1195 1287 1378 1439 1439 1409 1317 1256 1165 1073 1073 1073
316A Acap  196910231 1134 1256 1348 1439 1470 1500 1439 1378 1317 1226 1195 1165
316A Acap  196910232 1195 1226 1256 1317 1317 1317 1287 1256 1195 1104 1073 1043
316A Acap  196910241 1073 1134 1195 1317 1378 1439 1470 1500 1470 1409 1348 1287
316A Acap  196910242 1226 1226 1226 1226 1256 1256 1287 1287 1256 1195 1165 1104
316A Acap  196910251 1104 1104 1134 1195 1317 1378 1470 1531 1561 1531 1470 1409
316A Acap  196910252 1317 1226 1195 1165 1165 1165 1195 1256 1226 1226 1226 1195
316A Acap  196910261 1134 1073 1073 1073 1195 1287 1409 1500 1561 1622 1592 1531
316A Acap  196910262 1439 1317 1226 1165 1134 1104 1134 1165 1226 1226 1226 1195
316A Acap  196910271 1165 1104 1012 1012 1073 1134 1256 1409 1531 1622 1683 1653
316A Acap  196910272 1561 1439 1317 1195 1104 1073 1104 1134 1195 1256 1287 1317
316A Acap  196910281 1256 1165 1104 1012 1012 1043 1134 1287 1409 1561 1683 1714
316A Acap  196910282 1683 1622 1470 1317 1195 1104 1073 1073 1165 1256 1317 1348
316A Acap  196910291 1348 1317 1195 1104 1043 1043 1104 1195 1348 1531 1653 1744
316A Acap  196910292 1774 1714 1622 1470 1317 1195 1104 1104 1134 1226 1317 1378
316A Acap  196910301 1409 1378 1287 1226 1104 1012 1043 1104 1226 1378 1561 1714
316A Acap  196910302 1774 1774 1683 1531 1378 1195 1104 1073 1104 1195 1256 1348
316A Acap  196910311 1439 1439 1348 1256 1134 1043 1012 1043 1134 1287 1470 1592
316A Acap  196910312 1744 1774 1744 1622 1439 1287 1165 1073 1073 1104 1226 1287
316A Acap  196911011 1378 1439 1378 1317 1195 1073 1012  982 1043 1165 1317 1500
316A Acap  196911012 1653 1714 1744 1653 1531 1378 1226 1165 1104 1134 1195 1317
316A Acap  196911021 1409 1470 1439 1409 1287 1165 1073  982 1012 1073 1226 1378
316A Acap  196911022 1531 1653 1683 1653 1531 1409 1287 1165 1134 1134 1195 1287
316A Acap  196911031 1378 1470 1500 1470 1348 1256 1134 1073 1043 1104 1195 1317
316A Acap  196911032 1470 1561 1622 1622 1531 1439 1287 1195 1134 1134 1165 1256
316A Acap  196911041 1378 1439 1500 1500 1470 1378 1256 1165 1104 1134 1165 1287
316A Acap  196911042 1409 1561 1592 1622 1592 1500 1378 1287 1226 1195 1226 1317
316A Acap  196911051 1378 1470 1500 1531 1531 1439 1348 1256 1195 1134 1226 1287
316A Acap  196911052 1409 1500 1561 1592 1561 1500 1409 1317 1226 1165 1195 1226
316A Acap  196911061 1317 1439 1531 1592 1561 1561 1500 1409 1317 1256 1256 1287
316A Acap  196911062 1378 1439 1470 1531 1500 1439 1378 1287 1226 1165 1195 1226
316A Acap  196911071 1317 1409 1500 1561 1592 1592 1561 1470 1378 1348 1317 1348
316A Acap  196911072 1378 1409 1439 1470 1470 1439 1378 1317 1256 1226 1165 1195
316A Acap  196911081 1195 1287 1378 1470 1561 1592 1592 1561 1531 1470 1439 1409
316A Acap  196911082 1378 1378 1409 1409 1439 1409 1378 1317 1256 1226 1165 1165
316A Acap  196911091 1165 1195 1256 1348 1470 1561 1622 1653 1653 1622 1561 1500
316A Acap  196911092 1439 1378 1378 1378 1348 1348 1348 1348 1287 1256 1226 1195
316A Acap  196911101 1165 1165 1195 1287 1378 1500 1592 1653 1714 1714 1683 1592
316A Acap  196911102 1531 1439 1348 1317 1287 1287 1287 1287 1287 1256 1226 1195
316A Acap  196911111 1134 1104 1104 1165 1226 1348 1470 1622 1714 1744 1744 1683
316A Acap  196911112 1622 1500 1378 1317 1256 1226 1195 1256 1256 1287 1256 1226
316A Acap  196911121 1165 1104 1043 1043 1104 1226 1378 1500 1653 1744 1805 1805
316A Acap  196911122 1744 1622 1439 1348 1256 1226 1226 1226 1287 1317 1317 1348
316A Acap  196911131 1256 1165 1104 1043 1043 1134 1256 1378 1531 1714 1835 1896
316A Acap  196911132 1866 1805 1653 1500 1378 1287 1256 1287 1317 1409 1439 1470
316A Acap  196911141 1439 1378 1287 1195 1104 1104 1165 1287 1439 1653 1805 1896
316A Acap  196911142 1927 1896 1774 1622 1439 1317 1287 1287 1317 1378 1470 1531
316A Acap  196911151 1531 1470 1378 1287 1165 1134 1134 1195 1317 1500 1683 1835
316A Acap  196911152 1896 1896 1835 1683 1531 1348 1256 1195 1256 1348 1439 1531
316A Acap  196911161 1592 1561 1500 1409 1287 1195 1104 1104 1195 1378 1531 1683
316A Acap  196911162 1835 1896 1835 1714 1561 1378 1256 1195 1195 1256 1378 1500
316A Acap  196911171 1622 1653 1653 1561 1439 1287 1165 1165 1195 1287 1409 1561
316A Acap  196911172 1714 1805 1805 1774 1622 1500 1317 1195 1165 1195 1287 1439
316A Acap  196911181 1531 1683 1714 1683 1592 1500 1348 1256 1195 1226 1317 1439
316A Acap  196911182 1592 1714 1774 1744 1653 1531 1409 1256 1195 1195 1226 1348
316A Acap  196911191 1500 1622 1714 1744 1714 1653 1531 1439 1348 1317 1348 1409
316A Acap  196911192 1500 1592 1653 1683 1622 1531 1409 1287 1195 1165 1165 1256
316A Acap  196911201 1378 1500 1592 1653 1714 1683 1622 1500 1409 1378 1348 1348
316A Acap  196911202 1378 1439 1531 1561 1561 1500 1409 1317 1226 1195 1134 1165
316A Acap  196911211 1256 1348 1470 1592 1714 1714 1683 1683 1622 1622 1470 1409
316A Acap  196911212 1409 1409 1439 1500 1500 1470 1439 1378 1317 1287 1256 1256
316A Acap  196911221 1317 1409 1500 1592 1714 1774 1805 1805 1744 1683 1622 1531
316A Acap  196911222 1470 1409 1409 1409 1439 1439 1409 1409 1348 1317 1256 1226
316A Acap  196911231 1226 1256 1348 1470 1592 1653 1744 1805 1805 1774 1744 1653
316A Acap  196911232 1561 1500 1470 1439 1409 1409 1439 1439 1409 1409 1378 1348
316A Acap  196911241 1226 1317 1348 1409 1470 1561 1653 1774 1835 1866 1835 1774
316A Acap  196911242 1653 1531 1439 1348 1348 1348 1348 1409 1409 1409 1378 1348
316A Acap  196911251 1317 1287 1256 1317 1378 1470 1592 1714 1805 1866 1866 1835
316A Acap  196911252 1774 1622 1500 1409 1317 1287 1287 1317 1378 1409 1439 1409
316A Acap  196911261 1378 1317 1256 1256 1256 1348 1439 1561 1683 1774 1835 1866
316A Acap  196911262 1805 1683 1592 1470 1348 1287 1256 1256 1317 1378 1409 1439
316A Acap  196911271 1409 1378 1317 1256 1256 1256 1287 1409 1592 1653 1774 1835
316A Acap  196911272 1835 1744 1653 1500 1378 1256 1195 1195 1256 1317 1378 1439
316A Acap  196911281 1439 1439 1378 1287 1256 1226 1256 1317 1439 1592 1714 1805
316A Acap  196911282 1866 1835 1744 1592 1439 1348 1256 1226 1256 1317 1409 1439
316A Acap  196911291 1470 1470 1409 1317 1287 1256 1256 1256 1378 1531 1683 1774
316A Acap  196911292 1835 1835 1774 1653 1500 1348 1256 1195 1226 1256 1348 1439
316A Acap  196911301 1500 1531 1470 1378 1317 1226 1195 1226 1287 1409 1561 1683
316A Acap  196911302 1805 1835 1774 1683 1561 1378 1287 1226 1195 1256 1317 1439
316A Acap  196912011 1531 1561 1531 1470 1409 1317 1226 1226 1256 1348 1439 1500
316A Acap  196912012 1622 1714 1744 1683 1561 1439 1348 1256 1134 1195 1287 1378
316A Acap  196912021 1470 1561 1561 1531 1439 1348 1287 1256 1256 1317 1409 1500
316A Acap  196912022 1622 1653 1683 1653 1561 1409 1287 1226 1195 1226 1287 1378
316A Acap  196912031 1470 1561 1592 1592 1531 1470 1378 1317 1317 1317 1409 1500
316A Acap  196912032 1561 1622 1653 1622 1561 1439 1348 1256 1195 1226 1256 1348
316A Acap  196912041 1439 1531 1592 1592 1592 1561 1439 1378 1317 1317 1348 1409
316A Acap  196912042 1470 1531 1561 1561 1500 1378 1287 1195 1134 1104 1134 1226
316A Acap  196912051 1317 1439 1531 1592 1622 1622 1561 1470 1378 1317 1348 1348
316A Acap  196912052 1409 1470 1500 1500 1439 1378 1256 1195 1134 1073 1104 1165
316A Acap  196912061 1287 1409 1531 1622 1653 1683 1622 1561 1531 1439 1409 1409
316A Acap  196912062 1409 1439 1470 1439 1409 1378 1287 1195 1134 1104 1104 1134
316A Acap  196912071 1226 1348 1470 1561 1653 1683 1683 1683 1592 1531 1500 1470
316A Acap  196912072 1439 1439 1439 1409 1378 1348 1256 1165 1104 1043 1012 1043
316A Acap  196912081 1073 1195 1348 1470 1561 1622 1683 1683 1683 1592 1531 1470
316A Acap  196912082 1439 1378 1348 1348 1317 1256 1226 1195 1104 1043  982  982
316A Acap  196912091  982 1043 1134 1287 1439 1561 1683 1714 1744 1714 1622 1561
316A Acap  196912092 1439 1378 1348 1317 1287 1256 1256 1226 1195 1134 1043  982
316A Acap  196912101  982  982 1043 1134 1287 1439 1561 1683 1774 1774 1744 1653
316A Acap  196912102 1592 1470 1348 1317 1287 1256 1256 1256 1256 1226 1165 1104
316A Acap  196912111 1043  982  952 1012 1104 1256 1378 1561 1683 1744 1774 1714
316A Acap  196912112 1653 1561 1439 1317 1287 1226 1226 1226 1287 1287 1287 1226
316A Acap  196912121 1165 1073 1012  982 1012 1104 1226 1378 1531 1683 1774 1744
316A Acap  196912122 1683 1622 1470 1317 1195 1134 1134 1165 1226 1287 1317 1317
316A Acap  196912131 1287 1226 1134 1012  952  952 1012 1165 1317 1500 1622 1714
316A Acap  196912132 1714 1622 1500 1348 1195 1073 1073 1104 1165 1256 1378 1409
316A Acap  196912141 1439 1409 1287 1195 1104 1043 1043 1134 1256 1409 1561 1683
316A Acap  196912142 1744 1714 1622 1500 1317 1165 1104 1073 1104 1195 1348 1439
316A Acap  196912151 1500 1531 1500 1409 1287 1195 1104 1104 1165 1287 1409 1531
316A Acap  196912152 1653 1714 1653 1531 1378 1226 1104 1043 1043 1134 1226 1378
316A Acap  196912161 1500 1592 1622 1561 1470 1348 1256 1226 1226 1256 1348 1470
316A Acap  196912162 1592 1653 1653 1592 1470 1348 1165 1073 1073 1073 1195 1317
316A Acap  196912171 1500 1653 1714 1744 1683 1592 1439 1348 1256 1256 1287 1378
316A Acap  196912172 1470 1561 1622 1622 1531 1439 1256 1134 1073 1012 1073 1195
316A Acap  196912181 1348 1500 1653 1714 1744 1714 1592 1470 1348 1256 1256 1287
316A Acap  196912182 1378 1439 1500 1531 1470 1378 1287 1134 1043 1012 1012 1104
316A Acap  196912191 1226 1378 1561 1653 1714 1714 1653 1531 1409 1317 1256 1256
316A Acap  196912192 1256 1317 1409 1470 1439 1409 1317 1195 1073 1012 1012 1043
316A Acap  196912201 1104 1287 1409 1531 1622 1714 1683 1622 1531 1439 1378 1317
316A Acap  196912202 1256 1287 1317 1348 1348 1317 1287 1195 1104 1043 1012  982
316A Acap  196912211 1043 1134 1256 1409 1561 1622 1653 1653 1622 1531 1409 1348
316A Acap  196912212 1287 1256 1256 1287 1287 1256 1256 1226 1165 1073 1043 1012
316A Acap  196912221 1043 1104 1165 1287 1409 1500 1622 1683 1683 1592 1531 1439
316A Acap  196912222 1348 1317 1256 1256 1226 1256 1256 1256 1226 1165 1104 1043
316A Acap  196912231 1043 1073 1104 1195 1287 1409 1500 1622 1653 1653 1622 1531
316A Acap  196912232 1439 1348 1317 1256 1226 1226 1195 1226 1226 1226 1165 1134
316A Acap  196912241 1104 1073 1073 1134 1226 1328 1435 1534 1612 1655 1658 1624
316A Acap  196912242 1561 1500 1409 1378 1317 1226 1216 1223 1236 1239 1226 1226
316A Acap  196912251 1165 1134 1104 1134 1165 1195 1348 1439 1531 1622 1653 1653
316A Acap  196912252 1592 1561 1439 1348 1256 1226 1165 1195 1195 1256 1287 1287
316A Acap  196912261 1287 1195 1165 1165 1134 1195 1256 1348 1470 1561 1622 1683
316A Acap  196912262 1622 1592 1500 1348 1226 1134 1134 1134 1165 1226 1287 1317
316A Acap  196912271 1317 1317 1256 1195 1195 1195 1195 1287 1348 1500 1592 1653
316A Acap  196912272 1653 1653 1561 1439 1287 1195 1165 1134 1165 1226 1287 1348
316A Acap  196912281 1348 1348 1287 1256 1165 1134 1165 1226 1287 1409 1500 1592
316A Acap  196912282 1653 1653 1561 1470 1317 1195 1134 1104 1104 1165 1226 1287
316A Acap  196912291 1378 1378 1378 1348 1287 1226 1226 1226 1287 1348 1439 1531
316A Acap  196912292 1561 1592 1592 1500 1348 1256 1165 1104 1134 1165 1256 1348
316A Acap  196912301 1439 1500 1500 1439 1378 1317 1256 1226 1256 1317 1409 1500
316A Acap  196912302 1561 1592 1592 1531 1409 1348 1256 1195 1195 1226 1317 1409
316A Acap  196912311 1500 1561 1592 1592 1531 1409 1348 1287 1287 1317 1378 1470
316A Acap  196912312 1531 1592 1561 1500 1439 1317 1226 1165 1134 1165 1256 1348
