316A Acapulco           Mexico              1991 16504N 099547W 0000 3 00000R MM
316A Acap  199101011  830  860 1012 1195 1378 1592 1683 1744 1774 1744 1683 1622
316A Acap  199101012 1531 1470 1409 1348 1409 1439 1409 1378 1256 1165 1073  982
316A Acap  199101021  952  921  921 1043 1165 1317 1470 1622 1714 1744 1683 1592
316A Acap  199101022 1500 1409 1348 1287 1317 1317 1348 1378 1348 1317 1256 1165
316A Acap  199101031 1073 1012 1012 1043 1134 1317 1439 1592 1714 1744 1744 1683
316A Acap  199101032 1592 1439 1348 1256 1195 1226 1256 1348 1378 1409 1378 1317
316A Acap  199101041 1226 1134 1073 1043 1073 1134 1256 1409 1531 1653 1714 1683
316A Acap  199101042 1622 1500 1378 1287 1195 1134 1165 1226 1317 1409 1470 1500
316A Acap  199101051 1439 1348 1256 1134 1104 1104 1165 1256 1378 1531 1653 1714
316A Acap  199101052 1683 1622 1500 1378 1226 1104 1073 1134 1195 1317 1409 1531
316A Acap  199101061 1561 1531 1439 1348 1226 1134 1134 1165 1256 1378 1470 1622
316A Acap  199101062 1653 1622 1531 1378 1256 1104 1043 1012 1043 1195 1317 1470
316A Acap  199101071 1561 1622 1561 1470 1378 1226 1165 1073 1134 1226 1348 1470
316A Acap  199101072 1531 1592 1561 1409 1256 1104 1012  982  982 1043 1165 1317
316A Acap  199101081 1470 1622 1714 1683 1592 1470 1378 1256 1165 1165 1226 1317
316A Acap  199101082 1439 1500 1561 1500 1409 1287 1165 1073  982  982 1073 1226
316A Acap  199101091 1348 1531 1683 1744 1683 1592 1500 1409 1317 1226 1226 1287
316A Acap  199101092 1378 1470 1561 1561 1470 1348 1256 1134 1043  982 1043 1165
316A Acap  199101101 1348 1500 1683 1805 1805 1744 1653 1531 1409 1287 1256 1287
316A Acap  199101102 1348 1439 1500 1561 1531 1470 1348 1256 1134 1073 1043 1134
316A Acap  199101111 1256 1409 1531 1683 1774 1774 1714 1592 1470 1348 1317 1348
316A Acap  199101112 1409 1500 1531 1500 1439 1378 1287 1226 1165 1104 1073 1134
316A Acap  199101121 1226 1348 1470 1592 1714 1774 1744 1683 1592 1500 1439 1378
316A Acap  199101122 1378 1409 1439 1470 1500 1439 1378 1287 1226 1165 1104 1104
316A Acap  199101131 1165 1195 1317 1439 1561 1622 1714 1744 1714 1653 1592 1531
316A Acap  199101132 1500 1470 1470 1470 1439 1409 1378 1317 1256 1195 1165 1195
316A Acap  199101141 1195 1256 1348 1470 1561 1622 1683 1714 1653 1653 1592 1531
316A Acap  199101142 1500 1470 1470 1439 1409 1378 1348 1287 1256 1195 1195 1165
316A Acap  199101151 1195 1226 1317 1378 1470 1561 1592 1683 1683 1683 1653 1592
316A Acap  199101152 1592 1531 1531 1439 1409 1378 1348 1317 1287 1256 1226 1226
316A Acap  199101161 1226 1226 1287 1348 1409 1470 1531 1592 1622 1653 1653 1622
316A Acap  199101162 1592 1561 1531 1470 1439 1378 1378 1348 1348 1317 1317 1287
316A Acap  199101171 1287 1317 1317 1348 1378 1439 1470 1531 1592 1622 1622 1592
316A Acap  199101172 1592 1531 1470 1439 1378 1317 1287 1287 1287 1317 1317 1317
316A Acap  199101181 1317 1317 1317 1348 1348 1378 1409 1470 1500 1592 1622 1622
316A Acap  199101182 1622 1592 1531 1470 1378 1348 1317 1317 1348 1378 1409 1409
316A Acap  199101191 1409 1409 1409 1348 1317 1348 1378 1378 1439 1531 1592 1653
316A Acap  199101192 1653 1622 1561 1470 1409 1317 1256 1287 1317 1378 1409 1500
316A Acap  199101201 1531 1561 1531 1500 1439 1409 1389 1400 1439 1500 1592 1653
316A Acap  199101202 1683 1714 1653 1592 1500 1409 1317 1287 1317 1378 1470 1561
316A Acap  199101211 1653 1714 1714 1683 1592 1531 1439 1409 1409 1470 1500 1622
316A Acap  199101212 1683 1714 1683 1653 1561 1439 1317 1256 1256 1317 1409 1531
316A Acap  199101221 1653 1714 1774 1774 1714 1622 1531 1439 1409 1409 1439 1500
316A Acap  199101222 1592 1653 1683 1622 1531 1409 1287 1226 1195 1226 1348 1470
316A Acap  199101231 1622 1714 1805 1835 1774 1683 1561 1439 1409 1348 1378 1439
316A Acap  199101232 1561 1592 1592 1561 1500 1378 1226 1134 1104 1134 1256 1378
316A Acap  199101241 1561 1714 1805 1835 1805 1744 1592 1470 1378 1348 1348 1409
316A Acap  199101242 1470 1561 1561 1531 1409 1317 1195 1073 1043 1073 1195 1378
316A Acap  199101251 1531 1653 1805 1866 1805 1714 1622 1500 1409 1348 1378 1409
316A Acap  199101252 1470 1531 1561 1531 1470 1348 1195 1073  982  982 1073 1226
316A Acap  199101261 1348 1531 1683 1805 1866 1805 1714 1592 1500 1409 1348 1378
316A Acap  199101262 1439 1500 1531 1561 1500 1348 1226 1104 1012  891  891 1012
316A Acap  199101271 1195 1378 1592 1774 1866 1866 1805 1714 1592 1500 1409 1348
316A Acap  199101272 1378 1439 1500 1561 1531 1500 1378 1256 1134 1012  921  952
316A Acap  199101281 1073 1226 1378 1531 1714 1835 1896 1866 1744 1653 1531 1439
316A Acap  199101282 1378 1378 1470 1531 1531 1531 1439 1348 1226 1104 1012  982
316A Acap  199101291  982 1043 1165 1348 1500 1683 1774 1835 1805 1714 1622 1531
316A Acap  199101292 1439 1409 1378 1409 1470 1470 1470 1409 1348 1226 1104 1043
316A Acap  199101301 1043 1073 1195 1348 1470 1565 1622 1714 1744 1744 1652 1561
316A Acap  199101302 1470 1378 1348 1348 1409 1439 1470 1470 1409 1378 1287 1195
316A Acap  199101311 1134 1104 1104 1195 1256 1409 1500 1592 1622 1622 1622 1536
316A Acap  199101312 1439 1378 1287 1256 1256 1287 1348 1378 1439 1439 1409 1348
316A Acap  199102011 1256 1195 1165 1104 1134 1256 1348 1470 1531 1592 1622 1592
316A Acap  199102012 1531 1409 1317 1226 1165 1165 1226 1317 1409 1500 1531 1531
316A Acap  199102021 1470 1409 1348 1256 1195 1195 1256 1317 1378 1470 1561 1592
316A Acap  199102022 1592 1500 1378 1256 1165 1104 1104 1195 1287 1409 1531 1622
316A Acap  199102031 1622 1592 1500 1378 1287 1226 1226 1256 1317 1409 1500 1561
316A Acap  199102032 1561 1561 1470 1348 1226 1104 1073 1073 1134 1256 1398 1531
316A Acap  199102041 1622 1683 1653 1592 1439 1317 1256 1226 1226 1256 1378 1470
316A Acap  199102042 1561 1561 1561 1439 1287 1165 1073 1073 1134 1226 1378 1531
316A Acap  199102051 1683 1744 1774 1683 1592 1470 1378 1287 1256 1256 1378 1470
316A Acap  199102052 1561 1608 1587 1500 1378 1226 1104 1012 1043 1134 1226 1378
316A Acap  199102061 1531 1653 1744 1774 1744 1622 1439 1287 1195 1195 1226 1317
316A Acap  199102062 1439 1500 1500 1500 1409 1256 1104 1012  982 1043 1134 1287
316A Acap  199102071 1470 1622 1744 1805 1774 1653 1531 1378 1317 1256 1256 1317
316A Acap  199102072 1409 1470 1561 1531 1439 1348 1226 1134 1043 1012 1073 1195
316A Acap  199102081 1378 1531 1653 1744 1774 1714 1622 1470 1378 1287 1256 1287
316A Acap  199102082 1378 1470 1531 1531 1470 1409 1287 1165 1104 1073 1104 1226
316A Acap  199102091 1378 1470 1653 1744 1774 1774 1683 1592 1500 1409 1378 1378
316A Acap  199102092 1378 1439 1500 1531 1500 1409 1317 1226 1134 1104 1134 1226
316A Acap  199102101 1378 1500 1653 1744 1805 1774 1714 1653 1531 1470 1409 1409
316A Acap  199102102 1409 1470 1531 1531 1500 1439 1348 1287 1226 1165 1165 1226
316A Acap  199102111 1317 1439 1561 1653 1744 1774 1744 1683 1592 1500 1470 1439
316A Acap  199102112 1439 1470 1500 1531 1500 1470 1409 1317 1256 1165 1165 1195
316A Acap  199102121 1256 1348 1470 1561 1653 1683 1683 1683 1653 1561 1531 1500
316A Acap  199102122 1500 1500 1531 1561 1531 1500 1439 1378 1317 1256 1226 1226
316A Acap  199102131 1256 1348 1439 1531 1592 1622 1653 1653 1592 1561 1531 1500
316A Acap  199102132 1500 1500 1500 1500 1500 1470 1409 1378 1348 1287 1256 1256
316A Acap  199102141 1256 1287 1378 1409 1500 1561 1561 1592 1592 1592 1561 1561
316A Acap  199102142 1531 1531 1500 1470 1470 1439 1439 1409 1409 1378 1348 1348
316A Acap  199102151 1348 1378 1378 1378 1439 1470 1500 1500 1531 1531 1531 1531
316A Acap  199102152 1500 1500 1439 1439 1439 1439 1439 1439 1439 1439 1439 1439
316A Acap  199102161 1409 1439 1409 1378 1409 1409 1470 1470 1500 1531 1531 1531
316A Acap  199102162 1531 1500 1470 1439 1409 1378 1378 1378 1409 1439 1470 1500
316A Acap  199102171 1531 1531 1470 1439 1378 1378 1378 1409 1409 1470 1500 1500
316A Acap  199102172 1531 1531 1470 1348 1317 1317 1317 1348 1409 1470 1561 1622
316A Acap  199102181 1653 1653 1622 1561 1500 1409 1348 1348 1409 1439 1500 1561
316A Acap  199102182 1592 1561 1531 1439 1378 1287 1287 1317 1378 1470 1592 1683
316A Acap  199102191 1744 1774 1744 1653 1531 1439 1348 1317 1317 1366 1439 1531
316A Acap  199102192 1592 1622 1561 1500 1378 1287 1226 1226 1287 1378 1500 1683
316A Acap  199102201 1774 1835 1835 1744 1622 1470 1378 1287 1287 1317 1409 1531
316A Acap  199102202 1592 1622 1561 1500 1409 1256 1165 1134 1165 1317 1500 1683
316A Acap  199102211 1835 1927 1927 1896 1774 1622 1470 1348 1287 1317 1348 1470
316A Acap  199102212 1561 1622 1622 1561 1439 1287 1195 1104 1134 1195 1317 1500
316A Acap  199102221 1683 1866 1927 1957 1866 1744 1592 1439 1348 1317 1348 1409
316A Acap  199102222 1500 1592 1622 1592 1470 1348 1226 1134 1073 1134 1317 1500
316A Acap  199102231 1683 1805 1927 1988 1927 1805 1622 1470 1409 1348 1378 1409
316A Acap  199102232 1470 1561 1622 1592 1531 1378 1256 1104 1012 1043 1165 1348
316A Acap  199102241 1500 1653 1835 1957 1927 1835 1683 1561 1470 1409 1378 1409
316A Acap  199102242 1470 1531 1592 1622 1592 1500 1378 1195 1073 1012 1043 1134
316A Acap  199102251 1287 1470 1653 1774 1866 1896 1835 1714 1592 1500 1409 1409
316A Acap  199102252 1470 1531 1592 1622 1653 1592 1409 1287 1226 1134 1134 1104
316A Acap  199102261 1226 1378 1561 1744 1835 1866 1835 1744 1653 1531 1470 1439
316A Acap  199102262 1439 1500 1561 1622 1653 1622 1531 1439 1317 1226 1165 1195
316A Acap  199102271 1256 1378 1531 1622 1744 1774 1805 1774 1714 1592 1500 1470
316A Acap  199102272 1439 1439 1500 1592 1622 1653 1622 1561 1470 1378 1287 1226
316A Acap  199102281 1256 1287 1409 1500 1561 1653 1683 1653 1622 1561 1500 1439
316A Acap  199102282 1409 1378 1409 1470 1500 1500 1531 1561 1531 1470 1439 1378
316A Acap  199103011 1317 1287 1317 1378 1439 1500 9999 9999 9999 9999 9999 9999
316A Acap  199103012 9999 9999 9999 9999 9999 9999 9999 9999 9999 9999 9999 9999
316A Acap  199103021 9999 9999 9999 9999 9999 9999 9999 9999 9999 9999 9999 9999
316A Acap  199103022 9999 9999 9999 9999 9999 9999 9999 9999 9999 9999 9999 9999
316A Acap  199103031 9999 9999 9999 9999 9999 9999 9999 9999 9999 9999 9999 9999
316A Acap  199103032 9999 9999 9999 9999 9999 9999 9999 9999 9999 9999 9999 9999
316A Acap  199103041 9999 9999 9999 9999 9999 9999 9999 9999 9999 9999 9999 9999
316A Acap  199103042 9999 9999 9999 9999 9999 9999 9999 9999 9999 9999 9999 9999
316A Acap  199103051 9999 9999 9999 9999 9999 9999 9999 9999 9999 9999 9999 9999
316A Acap  199103052 9999 9999 9999 9999 9999 9999 9999 9999 9999 9999 9999 9999
316A Acap  199103061 9999 9999 9999 9999 9999 9999 9999 9999 9999 9999 9999 9999
316A Acap  199103062 9999 9999 9999 9999 9999 9999 9999 9999 9999 9999 9999 9999
316A Acap  199103071 9999 9999 9999 9999 9999 9999 9999 9999 9999 9999 9999 9999
316A Acap  199103072 9999 9999 9999 9999 9999 9999 9999 9999 9999 9999 9999 9999
316A Acap  199103081 9999 9999 9999 9999 9999 9999 9999 9999 9999 9999 9999 9999
316A Acap  199103082 9999 9999 9999 9999 9999 9999 9999 9999 9999 9999 9999 9999
316A Acap  199103091 9999 9999 9999 9999 9999 9999 9999 9999 9999 9999 9999 9999
316A Acap  199103092 9999 9999 9999 9999 9999 9999 9999 9999 9999 9999 9999 9999
316A Acap  199103101 9999 9999 9999 9999 9999 9999 9999 9999 9999 9999 9999 9999
316A Acap  199103102 9999 9999 9999 9999 9999 9999 9999 9999 9999 9999 9999 9999
316A Acap  199103111 9999 9999 9999 9999 9999 9999 9999 9999 9999 9999 9999 9999
316A Acap  199103112 9999 9999 9999 9999 9999 9999 9999 9999 9999 9999 9999 9999
316A Acap  199103121 9999 9999 9999 9999 9999 9999 9999 9999 9999 9999 9999 9999
316A Acap  199103122 9999 9999 9999 9999 9999 9999 9999 9999 9999 9999 9999 9999
316A Acap  199103131 9999 9999 9999 9999 9999 9999 9999 9999 9999 9999 9999 9999
316A Acap  199103132 9999 9999 9999 9999 9999 9999 9999 9999 9999 9999 9999 9999
316A Acap  199103141 9999 9999 9999 9999 9999 9999 9999 9999 9999 9999 9999 9999
316A Acap  199103142 9999 9999 9999 9999 9999 9999 9999 9999 9999 9999 9999 9999
316A Acap  199103151 9999 9999 9999 9999 9999 9999 9999 9999 9999 9999 9999 9999
316A Acap  199103152 9999 9999 9999 9999 9999 9999 9999 9999 9999 9999 9999 9999
316A Acap  199103161 9999 9999 9999 9999 9999 9999 9999 9999 9999 9999 9999 9999
316A Acap  199103162 9999 9999 9999 9999 9999 9999 9999 9999 9999 9999 9999 9999
316A Acap  199103171 9999 9999 9999 9999 9999 9999 9999 9999 9999 9999 9999 9999
316A Acap  199103172 9999 9999 9999 9999 9999 9999 9999 9999 9999 9999 9999 9999
316A Acap  199103181 9999 9999 9999 9999 9999 9999 9999 9999 9999 9999 9999 9999
316A Acap  199103182 9999 9999 9999 9999 9999 9999 9999 9999 9999 9999 9999 9999
316A Acap  199103191 9999 9999 9999 9999 9999 9999 9999 9999 9999 9999 9999 9999
316A Acap  199103192 9999 9999 9999 9999 9999 9999 9999 9999 9999 9999 9999 9999
316A Acap  199103201 9999 9999 9999 9999 9999 9999 9999 9999 9999 9999 9999 9999
316A Acap  199103202 9999 9999 9999 9999 9999 9999 9999 9999 9999 9999 9999 9999
316A Acap  199103211 9999 9999 9999 9999 9999 9999 9999 9999 9999 9999 9999 9999
316A Acap  199103212 9999 9999 9999 9999 9999 9999 9999 9999 9999 9999 9999 9999
316A Acap  199103221 9999 9999 9999 9999 9999 9999 9999 9999 9999 9999 9999 9999
316A Acap  199103222 9999 9999 9999 9999 9999 9999 9999 9999 9999 9999 9999 9999
316A Acap  199103231 9999 9999 9999 9999 9999 9999 9999 9999 9999 9999 9999 9999
316A Acap  199103232 9999 9999 9999 9999 9999 9999 9999 9999 9999 9999 9999 9999
316A Acap  199103241 9999 9999 9999 9999 9999 9999 9999 9999 9999 9999 9999 9999
316A Acap  199103242 9999 9999 9999 9999 9999 9999 9999 9999 9999 9999 9999 9999
316A Acap  199103251 9999 9999 9999 9999 9999 9999 9999 9999 9999 9999 9999 9999
316A Acap  199103252 9999 9999 9999 9999 9999 9999 9999 9999 9999 9999 9999 9999
316A Acap  199103261 9999 9999 9999 9999 9999 9999 9999 9999 9999 9999 9999 9999
316A Acap  199103262 9999 9999 9999 9999 9999 9999 9999 9999 9999 9999 9999 9999
316A Acap  199103271 9999 9999 9999 9999 9999 9999 9999 9999 9999 9999 9999 9999
316A Acap  199103272 9999 9999 9999 9999 9999 9999 9999 9999 9999 9999 9999 9999
316A Acap  199103281 9999 9999 9999 9999 9999 9999 9999 9999 9999 9999 9999 9999
316A Acap  199103282 9999 9999 9999 9999 9999 9999 9999 9999 9999 9999 9999 9999
316A Acap  199103291 9999 9999 9999 9999 9999 9999 9999 9999 9999 9999 9999 9999
316A Acap  199103292 9999 9999 9999 9999 9999 9999 9999 9999 9999 9999 9999 9999
316A Acap  199103301 9999 9999 9999 9999 9999 9999 9999 9999 9999 9999 9999 9999
316A Acap  199103302 9999 9999 9999 9999 9999 9999 9999 9999 9999 9999 9999 9999
316A Acap  199103311 9999 9999 9999 9999 9999 9999 9999 9999 9999 9999 9999 9999
316A Acap  199103312 9999 9999 9999 9999 9999 9999 9999 9999 9999 9999 9999 9999
316A Acap  199104011 9999 9999 9999 9999 9999 9999 9999 9999 9999 9999 9999 9999
316A Acap  199104012 9999 9999 9999 9999 9999 9999 9999 9999 9999 9999 9999 9999
316A Acap  199104021 9999 9999 9999 9999 9999 9999 9999 9999 9999 9999 9999 9999
316A Acap  199104022 9999 9999 9999 9999 9999 9999 9999 9999 9999 9999 9999 9999
316A Acap  199104031 9999 9999 9999 9999 9999 9999 9999 9999 9999 9999 9999 9999
316A Acap  199104032 9999 9999 9999 9999 9999 9999 9999 9999 9999 9999 9999 9999
316A Acap  199104041 9999 9999 9999 9999 9999 9999 9999 9999 9999 9999 9999 9999
316A Acap  199104042 9999 9999 9999 9999 9999 9999 9999 9999 9999 9999 9999 9999
316A Acap  199104051 9999 9999 9999 9999 9999 9999 9999 9999 9999 9999 9999 9999
316A Acap  199104052 9999 9999 9999 9999 9999 9999 9999 9999 9999 9999 9999 9999
316A Acap  199104061 9999 9999 9999 9999 9999 9999 9999 9999 9999 9999 9999 9999
316A Acap  199104062 9999 9999 9999 9999 9999 9999 9999 9999 9999 9999 9999 9999
316A Acap  199104071 9999 9999 9999 9999 9999 9999 9999 9999 9999 9999 9999 9999
316A Acap  199104072 9999 9999 9999 9999 9999 9999 9999 9999 9999 9999 9999 9999
316A Acap  199104081 9999 9999 9999 9999 9999 9999 9999 9999 9999 9999 9999 9999
316A Acap  199104082 9999 9999 9999 9999 9999 9999 9999 9999 9999 9999 9999 9999
316A Acap  199104091 9999 9999 9999 9999 9999 9999 9999 9999 9999 9999 9999 9999
316A Acap  199104092 9999 9999 9999 9999 9999 9999 9999 9999 9999 9999 9999 9999
316A Acap  199104101 9999 9999 9999 9999 9999 9999 9999 9999 9999 9999 9999 9999
316A Acap  199104102 9999 9999 9999 9999 9999 9999 9999 9999 9999 9999 9999 9999
316A Acap  199104111 9999 9999 9999 9999 9999 9999 9999 9999 9999 9999 9999 9999
316A Acap  199104112 9999 9999 9999 9999 9999 9999 9999 9999 9999 9999 9999 9999
316A Acap  199104121 9999 9999 9999 9999 9999 9999 9999 9999 9999 9999 9999 9999
316A Acap  199104122 9999 9999 9999 9999 9999 9999 9999 9999 9999 9999 9999 9999
316A Acap  199104131 9999 9999 9999 9999 9999 9999 9999 9999 9999 9999 9999 9999
316A Acap  199104132 9999 9999 9999 9999 9999 9999 9999 9999 9999 9999 9999 9999
316A Acap  199104141 9999 9999 9999 9999 9999 9999 9999 9999 9999 9999 9999 9999
316A Acap  199104142 9999 9999 9999 9999 9999 9999 9999 9999 9999 9999 9999 9999
316A Acap  199104151 9999 9999 9999 9999 9999 9999 9999 9999 9999 9999 9999 9999
316A Acap  199104152 9999 9999 9999 9999 9999 9999 9999 9999 9999 9999 9999 9999
316A Acap  199104161 9999 9999 9999 9999 9999 9999 9999 9999 9999 9999 9999 9999
316A Acap  199104162 9999 9999 9999 9999 9999 9999 9999 9999 9999 9999 9999 9999
316A Acap  199104171 9999 9999 9999 9999 9999 9999 9999 9999 9999 9999 9999 9999
316A Acap  199104172 9999 9999 9999 9999 9999 9999 9999 9999 9999 9999 9999 9999
316A Acap  199104181 9999 9999 9999 9999 9999 9999 9999 9999 9999 9999 9999 9999
316A Acap  199104182 9999 9999 9999 9999 9999 9999 9999 9999 9999 9999 9999 9999
316A Acap  199104191 9999 9999 9999 9999 9999 9999 9999 9999 9999 9999 9999 9999
316A Acap  199104192 9999 9999 9999 9999 9999 9999 9999 9999 9999 9999 9999 9999
316A Acap  199104201 9999 9999 9999 9999 9999 9999 9999 9999 9999 9999 9999 9999
316A Acap  199104202 9999 9999 9999 9999 9999 9999 9999 9999 9999 9999 9999 9999
316A Acap  199104211 9999 9999 9999 9999 9999 9999 9999 9999 9999 9999 9999 9999
316A Acap  199104212 9999 9999 9999 9999 9999 9999 9999 9999 9999 9999 9999 9999
316A Acap  199104221 9999 9999 9999 9999 9999 9999 9999 9999 9999 9999 9999 9999
316A Acap  199104222 9999 9999 9999 9999 9999 9999 9999 9999 9999 9999 9999 9999
316A Acap  199104231 9999 9999 9999 9999 9999 9999 9999 9999 9999 9999 9999 9999
316A Acap  199104232 9999 9999 9999 9999 9999 9999 9999 9999 9999 9999 9999 9999
316A Acap  199104241 9999 9999 9999 9999 9999 9999 9999 9999 9999 9999 9999 9999
316A Acap  199104242 9999 9999 9999 9999 9999 9999 9999 9999 9999 9999 9999 9999
316A Acap  199104251 9999 9999 9999 9999 9999 9999 9999 9999 9999 9999 9999 9999
316A Acap  199104252 9999 9999 9999 9999 9999 9999 9999 9999 9999 9999 9999 9999
316A Acap  199104261 9999 9999 9999 9999 9999 9999 9999 9999 9999 9999 9999 9999
316A Acap  199104262 9999 9999 9999 9999 9999 9999 9999 9999 9999 9999 9999 9999
316A Acap  199104271 9999 9999 9999 9999 9999 9999 9999 9999 9999 9999 9999 9999
316A Acap  199104272 9999 9999 9999 9999 9999 9999 9999 9999 9999 9999 9999 9999
316A Acap  199104281 9999 9999 9999 9999 9999 9999 9999 9999 9999 9999 9999 9999
316A Acap  199104282 9999 9999 9999 9999 9999 9999 9999 9999 9999 9999 9999 9999
316A Acap  199104291 9999 9999 9999 9999 9999 9999 9999 9999 9999 9999 9999 9999
316A Acap  199104292 9999 9999 9999 9999 9999 9999 9999 9999 9999 9999 9999 9999
316A Acap  199104301 9999 9999 9999 9999 9999 9999 9999 9999 9999 9999 9999 9999
316A Acap  199104302 9999 9999 9999 9999 9999 9999 9999 9999 9999 9999 9999 9999
316A Acap  199105011 9999 9999 9999 9999 9999 9999 9999 9999 9999 9999 9999 9999
316A Acap  199105012 9999 9999 9999 9999 9999 9999 9999 9999 9999 9999 9999 9999
316A Acap  199105021 9999 9999 9999 9999 9999 9999 9999 9999 9999 9999 9999 9999
316A Acap  199105022 9999 9999 9999 9999 9999 9999 9999 9999 9999 9999 9999 9999
316A Acap  199105031 9999 9999 9999 9999 9999 9999 9999 9999 9999 9999 9999 9999
316A Acap  199105032 9999 9999 9999 9999 9999 9999 9999 9999 9999 9999 9999 9999
316A Acap  199105041 9999 9999 9999 9999 9999 9999 9999 9999 9999 9999 9999 9999
316A Acap  199105042 9999 9999 9999 9999 9999 9999 9999 9999 9999 9999 9999 9999
316A Acap  199105051 9999 9999 9999 9999 9999 9999 9999 9999 9999 9999 9999 9999
316A Acap  199105052 9999 9999 9999 9999 9999 9999 9999 9999 9999 9999 9999 9999
316A Acap  199105061 9999 9999 9999 9999 9999 9999 9999 9999 9999 9999 9999 9999
316A Acap  199105062 9999 9999 9999 9999 9999 9999 9999 9999 9999 9999 9999 9999
316A Acap  199105071 9999 9999 9999 9999 9999 9999 9999 9999 9999 9999 9999 9999
316A Acap  199105072 9999 9999 9999 9999 9999 9999 9999 9999 9999 9999 9999 9999
316A Acap  199105081 9999 9999 9999 9999 9999 9999 9999 9999 9999 9999 9999 9999
316A Acap  199105082 9999 9999 9999 9999 9999 9999 9999 9999 9999 9999 9999 9999
316A Acap  199105091 9999 9999 9999 9999 9999 9999 9999 9999 9999 9999 9999 9999
316A Acap  199105092 9999 9999 9999 9999 9999 9999 9999 9999 9999 9999 9999 9999
316A Acap  199105101 9999 9999 9999 9999 9999 9999 9999 9999 9999 9999 9999 9999
316A Acap  199105102 9999 9999 9999 9999 9999 9999 9999 9999 9999 9999 9999 9999
316A Acap  199105111 9999 9999 9999 9999 9999 9999 9999 9999 9999 9999 9999 9999
316A Acap  199105112 9999 9999 9999 9999 9999 9999 9999 9999 9999 9999 9999 9999
316A Acap  199105121 9999 9999 9999 9999 9999 9999 9999 9999 9999 9999 9999 9999
316A Acap  199105122 9999 9999 9999 9999 9999 9999 9999 9999 9999 9999 9999 9999
316A Acap  199105131 9999 9999 9999 9999 9999 9999 9999 9999 9999 9999 9999 9999
316A Acap  199105132 9999 9999 9999 9999 9999 9999 9999 9999 9999 9999 9999 9999
316A Acap  199105141 9999 9999 9999 9999 9999 9999 9999 9999 9999 9999 9999 9999
316A Acap  199105142 9999 9999 9999 9999 9999 9999 9999 9999 9999 9999 9999 9999
316A Acap  199105151 9999 9999 9999 9999 9999 9999 9999 9999 9999 9999 9999 9999
316A Acap  199105152 9999 9999 9999 9999 9999 9999 9999 9999 9999 9999 9999 9999
316A Acap  199105161 9999 9999 9999 9999 9999 9999 9999 9999 9999 9999 9999 9999
316A Acap  199105162 9999 9999 9999 9999 9999 9999 9999 9999 9999 9999 9999 9999
316A Acap  199105171 9999 9999 9999 9999 9999 9999 9999 9999 9999 9999 9999 9999
316A Acap  199105172 9999 9999 9999 9999 9999 9999 9999 9999 9999 9999 9999 9999
316A Acap  199105181 9999 9999 9999 9999 9999 9999 9999 9999 9999 9999 9999 9999
316A Acap  199105182 9999 9999 9999 9999 9999 9999 9999 9999 9999 9999 9999 9999
316A Acap  199105191 9999 9999 9999 9999 9999 9999 9999 9999 9999 9999 9999 9999
316A Acap  199105192 9999 9999 9999 9999 9999 9999 9999 9999 9999 9999 9999 9999
316A Acap  199105201 9999 9999 9999 9999 9999 9999 9999 9999 9999 9999 9999 9999
316A Acap  199105202 9999 9999 9999 9999 9999 9999 9999 9999 9999 9999 9999 9999
316A Acap  199105211 9999 9999 9999 9999 9999 9999 9999 9999 9999 9999 9999 9999
316A Acap  199105212 9999 9999 9999 9999 9999 9999 9999 9999 9999 9999 9999 9999
316A Acap  199105221 9999 9999 9999 9999 9999 9999 9999 9999 9999 9999 9999 9999
316A Acap  199105222 9999 9999 9999 9999 9999 9999 9999 9999 9999 9999 9999 9999
316A Acap  199105231 9999 9999 9999 9999 9999 9999 9999 9999 9999 9999 9999 9999
316A Acap  199105232 9999 9999 9999 9999 9999 9999 9999 9999 9999 9999 9999 9999
316A Acap  199105241 9999 9999 9999 9999 9999 9999 9999 9999 9999 9999 9999 9999
316A Acap  199105242 9999 9999 9999 9999 9999 9999 9999 9999 9999 9999 9999 9999
316A Acap  199105251 9999 9999 9999 9999 9999 9999 9999 9999 9999 9999 9999 9999
316A Acap  199105252 9999 9999 9999 9999 9999 9999 9999 9999 9999 9999 9999 9999
316A Acap  199105261 9999 9999 9999 9999 9999 9999 9999 9999 9999 9999 9999 9999
316A Acap  199105262 9999 9999 9999 9999 9999 9999 9999 9999 9999 9999 9999 9999
316A Acap  199105271 9999 9999 9999 9999 9999 9999 9999 9999 9999 9999 9999 9999
316A Acap  199105272 9999 9999 9999 9999 9999 9999 9999 9999 9999 9999 9999 9999
316A Acap  199105281 9999 9999 9999 9999 9999 9999 9999 9999 9999 9999 9999 9999
316A Acap  199105282 9999 9999 9999 9999 9999 9999 9999 9999 9999 9999 9999 9999
316A Acap  199105291 9999 9999 9999 9999 9999 9999 9999 9999 9999 9999 9999 9999
316A Acap  199105292 9999 9999 9999 9999 9999 9999 9999 9999 9999 9999 9999 9999
316A Acap  199105301 9999 9999 9999 9999 9999 9999 9999 9999 9999 9999 9999 9999
316A Acap  199105302 9999 9999 9999 9999 9999 9999 9999 9999 9999 9999 9999 9999
316A Acap  199105311 9999 9999 9999 9999 9999 9999 9999 9999 9999 9999 9999 9999
316A Acap  199105312 9999 9999 9999 9999 9999 9999 9999 9999 9999 9999 9999 9999
316A Acap  199106011 9999 9999 9999 9999 9999 9999 9999 9999 9999 9999 9999 9999
316A Acap  199106012 9999 9999 9999 9999 9999 9999 9999 9999 9999 9999 9999 9999
316A Acap  199106021 9999 9999 9999 9999 9999 9999 9999 9999 9999 9999 9999 9999
316A Acap  199106022 9999 9999 9999 9999 9999 9999 9999 9999 9999 9999 9999 9999
316A Acap  199106031 9999 9999 9999 9999 9999 9999 9999 9999 9999 9999 9999 9999
316A Acap  199106032 9999 9999 9999 9999 9999 9999 9999 9999 9999 9999 9999 9999
316A Acap  199106041 9999 9999 9999 9999 9999 9999 9999 9999 9999 9999 9999 9999
316A Acap  199106042 9999 9999 9999 9999 9999 9999 9999 9999 9999 9999 9999 9999
316A Acap  199106051 9999 9999 9999 9999 9999 9999 9999 9999 9999 9999 9999 9999
316A Acap  199106052 9999 9999 9999 9999 9999 9999 9999 9999 9999 9999 9999 9999
316A Acap  199106061 9999 9999 9999 9999 9999 9999 9999 9999 9999 9999 9999 9999
316A Acap  199106062 9999 9999 9999 9999 9999 9999 9999 9999 9999 9999 9999 9999
316A Acap  199106071 9999 9999 9999 9999 9999 9999 9999 9999 9999 9999 9999 9999
316A Acap  199106072 9999 9999 9999 9999 9999 9999 9999 9999 9999 9999 9999 9999
316A Acap  199106081 9999 9999 9999 9999 9999 9999 9999 9999 9999 9999 9999 9999
316A Acap  199106082 9999 9999 9999 9999 9999 9999 9999 9999 9999 9999 9999 9999
316A Acap  199106091 9999 9999 9999 9999 9999 9999 9999 9999 9999 9999 9999 9999
316A Acap  199106092 9999 9999 9999 9999 9999 9999 9999 9999 9999 9999 9999 9999
316A Acap  199106101 9999 9999 9999 9999 9999 9999 9999 9999 9999 9999 9999 9999
316A Acap  199106102 9999 9999 9999 9999 9999 9999 9999 9999 9999 9999 9999 9999
316A Acap  199106111 9999 9999 9999 9999 9999 9999 9999 9999 9999 9999 9999 9999
316A Acap  199106112 9999 9999 9999 9999 9999 9999 9999 9999 9999 9999 9999 9999
316A Acap  199106121 9999 9999 9999 9999 9999 9999 9999 9999 9999 9999 9999 9999
316A Acap  199106122 9999 9999 9999 9999 9999 9999 9999 9999 9999 9999 9999 9999
316A Acap  199106131 9999 9999 9999 9999 9999 9999 9999 9999 9999 9999 9999 9999
316A Acap  199106132 9999 9999 9999 9999 9999 9999 9999 9999 9999 9999 9999 9999
316A Acap  199106141 9999 9999 9999 9999 9999 9999 9999 9999 9999 9999 9999 9999
316A Acap  199106142 9999 9999 9999 9999 9999 9999 9999 9999 9999 9999 9999 9999
316A Acap  199106151 9999 9999 9999 9999 9999 9999 9999 9999 9999 9999 9999 9999
316A Acap  199106152 9999 9999 9999 9999 9999 9999 9999 9999 9999 9999 9999 9999
316A Acap  199106161 9999 9999 9999 9999 9999 9999 9999 9999 9999 9999 9999 9999
316A Acap  199106162 9999 9999 9999 9999 9999 9999 9999 9999 9999 9999 9999 9999
316A Acap  199106171 9999 9999 9999 9999 9999 9999 9999 9999 9999 9999 9999 9999
316A Acap  199106172 9999 9999 9999 9999 9999 9999 9999 9999 9999 9999 9999 9999
316A Acap  199106181 9999 9999 9999 9999 9999 9999 9999 9999 9999 9999 9999 9999
316A Acap  199106182 9999 9999 9999 9999 9999 9999 9999 9999 9999 9999 9999 9999
316A Acap  199106191 9999 9999 9999 9999 9999 9999 9999 9999 9999 9999 9999 9999
316A Acap  199106192 9999 9999 9999 9999 9999 9999 9999 9999 9999 9999 9999 9999
316A Acap  199106201 9999 9999 9999 9999 9999 9999 9999 9999 9999 9999 9999 9999
316A Acap  199106202 9999 9999 9999 9999 9999 9999 9999 9999 9999 9999 9999 9999
316A Acap  199106211 9999 9999 9999 9999 9999 9999 9999 9999 9999 9999 9999 9999
316A Acap  199106212 9999 9999 9999 9999 9999 9999 9999 9999 9999 9999 9999 9999
316A Acap  199106221 9999 9999 9999 9999 9999 9999 9999 9999 9999 9999 9999 9999
316A Acap  199106222 9999 9999 9999 9999 9999 9999 9999 9999 9999 9999 9999 9999
316A Acap  199106231 9999 9999 9999 9999 9999 9999 9999 9999 9999 9999 9999 9999
316A Acap  199106232 9999 9999 9999 9999 9999 9999 9999 9999 9999 9999 9999 9999
316A Acap  199106241 9999 9999 9999 9999 9999 9999 9999 9999 9999 9999 9999 9999
316A Acap  199106242 9999 9999 9999 9999 9999 9999 9999 9999 9999 9999 9999 9999
316A Acap  199106251 9999 9999 9999 9999 9999 9999 9999 9999 9999 9999 9999 9999
316A Acap  199106252 9999 9999 9999 9999 9999 9999 9999 9999 9999 9999 9999 9999
316A Acap  199106261 9999 9999 9999 9999 9999 9999 9999 9999 9999 9999 9999 9999
316A Acap  199106262 9999 9999 9999 9999 9999 9999 9999 9999 9999 9999 9999 9999
316A Acap  199106271 9999 9999 9999 9999 9999 9999 9999 9999 9999 9999 9999 9999
316A Acap  199106272 9999 9999 9999 9999 9999 9999 9999 9999 9999 9999 9999 9999
316A Acap  199106281 9999 9999 9999 9999 9999 9999 9999 9999 9999 9999 9999 9999
316A Acap  199106282 9999 9999 9999 9999 9999 9999 9999 9999 9999 9999 9999 9999
316A Acap  199106291 9999 9999 9999 9999 9999 9999 9999 9999 9999 9999 9999 9999
316A Acap  199106292 9999 9999 9999 9999 9999 9999 9999 9999 9999 9999 9999 9999
316A Acap  199106301 9999 9999 9999 9999 9999 9999 9999 9999 9999 9999 9999 9999
316A Acap  199106302 9999 9999 9999 9999 9999 9999 9999 9999 9999 9999 9999 9999
316A Acap  199107011 9999 9999 9999 9999 9999 9999 9999 9999 9999 9999 9999 9999
316A Acap  199107012 9999 9999 9999 9999 9999 9999 9999 9999 9999 9999 9999 9999
316A Acap  199107021 9999 9999 9999 9999 9999 9999 9999 9999 9999 9999 9999 9999
316A Acap  199107022 9999 9999 9999 9999 9999 9999 9999 9999 9999 9999 9999 9999
316A Acap  199107031 9999 9999 9999 9999 9999 9999 9999 9999 9999 9999 9999 9999
316A Acap  199107032 9999 9999 9999 9999 9999 9999 9999 9999 9999 9999 9999 9999
316A Acap  199107041 9999 9999 9999 9999 9999 9999 9999 9999 9999 9999 9999 9999
316A Acap  199107042 9999 9999 9999 9999 9999 9999 9999 9999 9999 9999 9999 9999
316A Acap  199107051 9999 9999 9999 9999 9999 9999 9999 9999 9999 9999 9999 9999
316A Acap  199107052 9999 9999 9999 9999 9999 9999 9999 9999 9999 9999 9999 9999
316A Acap  199107061 9999 9999 9999 9999 9999 9999 9999 9999 9999 9999 9999 9999
316A Acap  199107062 9999 9999 9999 9999 9999 9999 9999 9999 9999 9999 9999 9999
316A Acap  199107071 9999 9999 9999 9999 9999 9999 9999 9999 9999 9999 9999 9999
316A Acap  199107072 9999 9999 9999 9999 9999 9999 9999 9999 9999 9999 9999 9999
316A Acap  199107081 9999 9999 9999 9999 9999 9999 9999 9999 9999 9999 9999 9999
316A Acap  199107082 9999 9999 9999 9999 9999 9999 9999 9999 9999 9999 9999 9999
316A Acap  199107091 9999 9999 9999 9999 9999 9999 9999 9999 9999 9999 9999 9999
316A Acap  199107092 9999 9999 9999 9999 9999 9999 9999 9999 9999 9999 9999 9999
316A Acap  199107101 9999 9999 9999 9999 9999 9999 9999 9999 9999 9999 9999 9999
316A Acap  199107102 9999 9999 9999 9999 9999 9999 9999 9999 9999 9999 9999 9999
316A Acap  199107111 9999 9999 9999 9999 9999 9999 9999 9999 9999 9999 9999 9999
316A Acap  199107112 9999 9999 9999 9999 9999 9999 9999 9999 9999 9999 9999 9999
316A Acap  199107121 9999 9999 9999 9999 9999 9999 9999 9999 9999 9999 9999 9999
316A Acap  199107122 9999 9999 9999 9999 9999 9999 9999 9999 9999 9999 9999 9999
316A Acap  199107131 9999 9999 9999 9999 9999 9999 9999 9999 9999 9999 9999 9999
316A Acap  199107132 9999 9999 9999 9999 9999 9999 9999 9999 9999 9999 9999 9999
316A Acap  199107141 9999 9999 9999 9999 9999 9999 9999 9999 9999 9999 9999 9999
316A Acap  199107142 9999 9999 9999 9999 9999 9999 9999 9999 9999 9999 9999 9999
316A Acap  199107151 9999 9999 9999 9999 9999 9999 9999 9999 9999 9999 9999 9999
316A Acap  199107152 9999 9999 9999 9999 9999 9999 9999 9999 9999 9999 9999 9999
316A Acap  199107161 9999 9999 9999 9999 9999 9999 9999 9999 9999 9999 9999 9999
316A Acap  199107162 9999 9999 9999 9999 9999 9999 9999 9999 9999 9999 9999 9999
316A Acap  199107171 9999 9999 9999 9999 9999 9999 9999 9999 9999 9999 9999 9999
316A Acap  199107172 9999 9999 9999 9999 9999 9999 9999 9999 9999 9999 9999 9999
316A Acap  199107181 9999 9999 9999 9999 9999 9999 9999 9999 9999 9999 9999 9999
316A Acap  199107182 9999 9999 9999 9999 9999 9999 9999 9999 9999 9999 9999 9999
316A Acap  199107191 9999 9999 9999 9999 9999 9999 9999 9999 9999 9999 9999 9999
316A Acap  199107192 9999 9999 9999 9999 9999 9999 9999 9999 9999 9999 9999 9999
316A Acap  199107201 9999 9999 9999 9999 9999 9999 9999 9999 9999 9999 9999 9999
316A Acap  199107202 9999 9999 9999 9999 9999 9999 9999 9999 9999 9999 9999 9999
316A Acap  199107211 9999 9999 9999 9999 9999 9999 9999 9999 9999 9999 9999 9999
316A Acap  199107212 9999 9999 9999 9999 9999 9999 9999 9999 9999 9999 9999 9999
316A Acap  199107221 9999 9999 9999 9999 9999 9999 9999 9999 9999 9999 9999 9999
316A Acap  199107222 9999 9999 9999 9999 9999 9999 9999 9999 9999 9999 9999 9999
316A Acap  199107231 9999 9999 9999 9999 9999 9999 9999 9999 9999 9999 9999 9999
316A Acap  199107232 9999 9999 9999 9999 9999 9999 9999 9999 9999 9999 9999 9999
316A Acap  199107241 9999 9999 9999 9999 9999 9999 9999 9999 9999 9999 9999 9999
316A Acap  199107242 9999 9999 9999 9999 9999 9999 9999 9999 9999 9999 9999 9999
316A Acap  199107251 9999 9999 9999 9999 9999 9999 9999 9999 9999 9999 9999 9999
316A Acap  199107252 9999 9999 9999 9999 9999 9999 9999 9999 9999 9999 9999 9999
316A Acap  199107261 9999 9999 9999 9999 9999 9999 9999 9999 9999 9999 9999 9999
316A Acap  199107262 9999 9999 9999 9999 9999 9999 9999 9999 9999 9999 9999 9999
316A Acap  199107271 9999 9999 9999 9999 9999 9999 9999 9999 9999 9999 9999 9999
316A Acap  199107272 9999 9999 9999 9999 9999 9999 9999 9999 9999 9999 9999 9999
316A Acap  199107281 9999 9999 9999 9999 9999 9999 9999 9999 9999 9999 9999 9999
316A Acap  199107282 9999 9999 9999 9999 9999 9999 9999 9999 9999 9999 9999 9999
316A Acap  199107291 9999 9999 9999 9999 9999 9999 9999 9999 9999 9999 9999 9999
316A Acap  199107292 9999 9999 9999 9999 9999 9999 9999 9999 9999 9999 9999 9999
316A Acap  199107301 9999 9999 9999 9999 9999 9999 9999 9999 9999 9999 9999 9999
316A Acap  199107302 9999 9999 9999 9999 9999 9999 9999 9999 9999 9999 9999 9999
316A Acap  199107311 9999 9999 9999 9999 9999 9999 9999 9999 9999 9999 9999 9999
316A Acap  199107312 9999 9999 9999 9999 9999 9999 9999 9999 9999 9999 9999 9999
316A Acap  199108011 9999 9999 9999 9999 9999 9999 9999 9999 9999 9999 9999 9999
316A Acap  199108012 9999 9999 9999 9999 9999 9999 9999 9999 9999 9999 9999 9999
316A Acap  199108021 9999 9999 9999 9999 9999 9999 9999 9999 9999 9999 9999 9999
316A Acap  199108022 9999 9999 9999 9999 9999 9999 9999 9999 9999 9999 9999 9999
316A Acap  199108031 9999 9999 9999 9999 9999 9999 9999 9999 9999 9999 9999 9999
316A Acap  199108032 9999 9999 9999 9999 9999 9999 9999 9999 9999 9999 9999 9999
316A Acap  199108041 9999 9999 9999 9999 9999 9999 9999 9999 9999 9999 9999 9999
316A Acap  199108042 9999 9999 9999 9999 9999 9999 9999 9999 9999 9999 9999 9999
316A Acap  199108051 9999 9999 9999 9999 9999 9999 9999 9999 9999 9999 9999 9999
316A Acap  199108052 9999 9999 9999 9999 9999 9999 9999 9999 9999 9999 9999 9999
316A Acap  199108061 9999 9999 9999 9999 9999 9999 9999 9999 9999 9999 9999 9999
316A Acap  199108062 9999 9999 9999 9999 9999 9999 9999 9999 9999 9999 9999 9999
316A Acap  199108071 9999 9999 9999 9999 9999 9999 9999 9999 9999 9999 9999 9999
316A Acap  199108072 9999 9999 9999 9999 9999 9999 9999 9999 9999 9999 9999 9999
316A Acap  199108081 9999 9999 9999 9999 9999 9999 9999 9999 9999 9999 9999 9999
316A Acap  199108082 9999 9999 9999 9999 9999 9999 9999 9999 9999 9999 9999 9999
316A Acap  199108091 9999 9999 9999 9999 9999 9999 9999 9999 9999 9999 9999 9999
316A Acap  199108092 9999 9999 9999 9999 9999 9999 9999 9999 9999 9999 9999 9999
316A Acap  199108101 9999 9999 9999 9999 9999 9999 9999 9999 9999 9999 9999 9999
316A Acap  199108102 9999 9999 9999 9999 9999 9999 9999 9999 9999 9999 9999 9999
316A Acap  199108111 9999 9999 9999 9999 9999 9999 9999 9999 9999 9999 9999 9999
316A Acap  199108112 9999 9999 9999 9999 9999 9999 9999 9999 9999 9999 9999 9999
316A Acap  199108121 9999 9999 9999 9999 9999 9999 9999 9999 9999 9999 9999 9999
316A Acap  199108122 9999 9999 9999 9999 9999 9999 9999 9999 9999 9999 9999 9999
316A Acap  199108131 9999 9999 9999 9999 9999 9999 9999 9999 9999 9999 9999 9999
316A Acap  199108132 9999 9999 9999 9999 9999 9999 9999 9999 9999 9999 9999 9999
316A Acap  199108141 9999 9999 9999 9999 9999 9999 9999 9999 9999 9999 9999 9999
316A Acap  199108142 9999 9999 9999 9999 9999 9999 9999 9999 9999 9999 9999 9999
316A Acap  199108151 9999 9999 9999 9999 9999 9999 9999 9999 9999 9999 9999 9999
316A Acap  199108152 9999 9999 9999 9999 9999 9999 9999 9999 9999 9999 9999 9999
316A Acap  199108161 9999 9999 9999 9999 9999 9999 9999 9999 9999 9999 9999 9999
316A Acap  199108162 9999 9999 9999 9999 9999 9999 9999 9999 9999 9999 9999 9999
316A Acap  199108171 9999 9999 9999 9999 9999 9999 9999 9999 9999 9999 9999 9999
316A Acap  199108172 9999 9999 9999 9999 9999 9999 9999 9999 9999 9999 9999 9999
316A Acap  199108181 9999 9999 9999 9999 9999 9999 9999 9999 9999 9999 9999 9999
316A Acap  199108182 9999 9999 9999 9999 9999 9999 9999 9999 9999 9999 9999 9999
316A Acap  199108191 9999 9999 9999 9999 9999 9999 9999 9999 9999 9999 9999 9999
316A Acap  199108192 9999 9999 9999 9999 9999 9999 9999 9999 9999 9999 9999 9999
316A Acap  199108201 9999 9999 9999 9999 9999 9999 9999 9999 9999 9999 9999 9999
316A Acap  199108202 9999 9999 9999 9999 9999 9999 9999 9999 9999 9999 9999 9999
316A Acap  199108211 9999 9999 9999 9999 9999 9999 9999 9999 9999 9999 9999 9999
316A Acap  199108212 9999 9999 9999 9999 9999 9999 9999 9999 9999 9999 9999 9999
316A Acap  199108221 9999 9999 9999 9999 9999 9999 9999 9999 9999 9999 9999 9999
316A Acap  199108222 9999 9999 9999 9999 9999 9999 9999 9999 9999 9999 9999 9999
316A Acap  199108231 9999 9999 9999 9999 9999 9999 9999 9999 9999 9999 9999 9999
316A Acap  199108232 9999 9999 9999 9999 9999 9999 9999 9999 9999 9999 9999 9999
316A Acap  199108241 9999 9999 9999 9999 9999 9999 9999 9999 9999 9999 9999 9999
316A Acap  199108242 9999 9999 9999 9999 9999 9999 9999 9999 9999 9999 9999 9999
316A Acap  199108251 9999 9999 9999 9999 9999 9999 9999 9999 9999 9999 9999 9999
316A Acap  199108252 9999 9999 9999 9999 9999 9999 9999 9999 9999 9999 9999 9999
316A Acap  199108261 9999 9999 9999 9999 9999 9999 9999 9999 9999 9999 9999 9999
316A Acap  199108262 9999 9999 9999 9999 9999 9999 9999 9999 9999 9999 9999 9999
316A Acap  199108271 9999 9999 9999 9999 9999 9999 9999 9999 9999 9999 9999 9999
316A Acap  199108272 9999 9999 9999 9999 9999 9999 9999 9999 9999 9999 9999 9999
316A Acap  199108281 9999 9999 9999 9999 9999 9999 9999 9999 9999 9999 9999 9999
316A Acap  199108282 9999 9999 9999 9999 9999 9999 9999 9999 9999 9999 9999 9999
316A Acap  199108291 9999 9999 9999 9999 9999 9999 9999 9999 9999 9999 9999 9999
316A Acap  199108292 9999 9999 9999 9999 9999 9999 9999 9999 9999 9999 9999 9999
316A Acap  199108301 9999 9999 9999 9999 9999 9999 9999 9999 9999 9999 9999 9999
316A Acap  199108302 9999 9999 9999 9999 9999 9999 9999 9999 9999 9999 9999 9999
316A Acap  199108311 9999 9999 9999 9999 9999 9999 9999 9999 9999 9999 9999 9999
316A Acap  199108312 9999 9999 9999 9999 9999 9999 9999 9999 9999 9999 9999 9999
316A Acap  199109011 9999 9999 9999 9999 9999 9999 9999 9999 9999 9999 9999 9999
316A Acap  199109012 9999 9999 9999 9999 9999 9999 9999 9999 9999 9999 9999 9999
316A Acap  199109021 9999 9999 9999 9999 9999 9999 9999 9999 9999 9999 9999 9999
316A Acap  199109022 9999 9999 9999 9999 9999 9999 9999 9999 9999 9999 9999 9999
316A Acap  199109031 9999 9999 9999 9999 9999 9999 9999 9999 9999 9999 9999 9999
316A Acap  199109032 9999 9999 9999 9999 9999 9999 9999 9999 9999 9999 9999 9999
316A Acap  199109041 9999 9999 9999 9999 9999 9999 9999 9999 9999 9999 9999 9999
316A Acap  199109042 9999 9999 9999 9999 9999 9999 9999 9999 9999 9999 9999 9999
316A Acap  199109051 9999 9999 9999 9999 9999 9999 9999 9999 9999 9999 9999 9999
316A Acap  199109052 9999 9999 9999 9999 9999 9999 9999 9999 9999 9999 9999 9999
316A Acap  199109061 9999 9999 9999 9999 9999 9999 9999 9999 9999 9999 9999 9999
316A Acap  199109062 9999 9999 9999 9999 9999 9999 9999 9999 9999 9999 9999 9999
316A Acap  199109071 9999 9999 9999 9999 9999 9999 9999 9999 9999 9999 9999 9999
316A Acap  199109072 9999 9999 9999 9999 9999 9999 9999 9999 9999 9999 9999 9999
316A Acap  199109081 9999 9999 9999 9999 9999 9999 9999 9999 9999 9999 9999 9999
316A Acap  199109082 9999 9999 9999 9999 9999 9999 9999 9999 9999 9999 9999 9999
316A Acap  199109091 9999 9999 9999 9999 9999 9999 9999 9999 9999 9999 9999 9999
316A Acap  199109092 9999 9999 9999 9999 9999 9999 9999 9999 9999 9999 9999 9999
316A Acap  199109101 9999 9999 9999 9999 9999 9999 9999 9999 9999 9999 9999 9999
316A Acap  199109102 9999 9999 9999 9999 9999 9999 9999 9999 9999 9999 9999 9999
316A Acap  199109111 9999 9999 9999 9999 9999 9999 9999 9999 9999 9999 9999 9999
316A Acap  199109112 9999 9999 9999 9999 9999 9999 9999 9999 9999 9999 9999 9999
316A Acap  199109121 9999 9999 9999 9999 9999 9999 9999 9999 9999 9999 9999 9999
316A Acap  199109122 9999 9999 9999 9999 9999 9999 9999 9999 9999 9999 9999 9999
316A Acap  199109131 9999 9999 9999 9999 9999 9999 9999 9999 9999 9999 9999 9999
316A Acap  199109132 9999 9999 9999 9999 9999 9999 9999 9999 9999 9999 9999 9999
316A Acap  199109141 9999 9999 9999 9999 9999 9999 9999 9999 9999 9999 9999 9999
316A Acap  199109142 9999 9999 9999 9999 9999 9999 9999 9999 9999 9999 9999 9999
316A Acap  199109151 9999 9999 9999 9999 9999 9999 9999 9999 9999 9999 9999 9999
316A Acap  199109152 9999 9999 9999 9999 9999 9999 9999 9999 9999 9999 9999 9999
316A Acap  199109161 9999 9999 9999 9999 9999 9999 9999 9999 9999 9999 9999 9999
316A Acap  199109162 9999 9999 9999 9999 9999 9999 9999 9999 9999 9999 9999 9999
316A Acap  199109171 9999 9999 9999 9999 9999 9999 9999 9999 9999 9999 9999 9999
316A Acap  199109172 9999 9999 9999 9999 9999 9999 9999 9999 9999 9999 9999 9999
316A Acap  199109181 9999 9999 9999 9999 9999 9999 9999 9999 9999 9999 9999 9999
316A Acap  199109182 9999 9999 9999 9999 9999 9999 9999 9999 9999 9999 9999 9999
316A Acap  199109191 9999 9999 9999 9999 9999 9999 9999 9999 9999 9999 9999 9999
316A Acap  199109192 9999 9999 9999 9999 9999 9999 9999 9999 9999 9999 9999 9999
316A Acap  199109201 9999 9999 9999 9999 9999 9999 9999 9999 9999 9999 9999 9999
316A Acap  199109202 9999 9999 9999 9999 9999 9999 9999 9999 9999 9999 9999 9999
316A Acap  199109211 9999 9999 9999 9999 9999 9999 9999 9999 9999 9999 9999 9999
316A Acap  199109212 9999 9999 9999 9999 9999 9999 9999 9999 9999 9999 9999 9999
316A Acap  199109221 9999 9999 9999 9999 9999 9999 9999 9999 9999 9999 9999 9999
316A Acap  199109222 9999 9999 9999 9999 9999 9999 9999 9999 9999 9999 9999 9999
316A Acap  199109231 9999 9999 9999 9999 9999 9999 9999 9999 9999 9999 9999 9999
316A Acap  199109232 9999 9999 9999 9999 9999 9999 9999 9999 9999 9999 9999 9999
316A Acap  199109241 9999 9999 9999 9999 9999 9999 9999 9999 9999 9999 9999 9999
316A Acap  199109242 9999 9999 9999 9999 9999 9999 9999 9999 9999 9999 9999 9999
316A Acap  199109251 9999 9999 9999 9999 9999 9999 9999 9999 9999 9999 9999 9999
316A Acap  199109252 9999 9999 9999 9999 9999 9999 9999 9999 9999 9999 9999 9999
316A Acap  199109261 9999 9999 9999 9999 9999 9999 9999 9999 9999 9999 9999 9999
316A Acap  199109262 9999 9999 9999 9999 9999 9999 9999 9999 9999 9999 9999 9999
316A Acap  199109271 9999 9999 9999 9999 9999 9999 9999 9999 9999 9999 9999 9999
316A Acap  199109272 9999 9999 9999 9999 9999 9999 9999 9999 9999 9999 9999 9999
316A Acap  199109281 9999 9999 9999 9999 9999 9999 9999 9999 9999 9999 9999 9999
316A Acap  199109282 9999 9999 9999 9999 9999 9999 9999 9999 9999 9999 9999 9999
316A Acap  199109291 9999 9999 9999 9999 9999 9999 9999 9999 9999 9999 9999 9999
316A Acap  199109292 9999 9999 9999 9999 9999 9999 9999 9999 9999 9999 9999 9999
316A Acap  199109301 9999 9999 9999 9999 9999 9999 9999 9999 9999 9999 9999 9999
316A Acap  199109302 9999 9999 9999 9999 9999 9999 9999 9999 9999 9999 9999 9999
316A Acap  199110011 9999 9999 9999 9999 9999 9999 9999 9999 9999 9999 9999 9999
316A Acap  199110012 9999 9999 9999 9999 9999 9999 9999 9999 9999 9999 9999 9999
316A Acap  199110021 9999 9999 9999 9999 9999 9999 9999 9999 9999 9999 9999 9999
316A Acap  199110022 9999 9999 9999 9999 9999 9999 9999 9999 9999 9999 9999 9999
316A Acap  199110031 9999 9999 9999 9999 9999 9999 9999 9999 9999 9999 9999 9999
316A Acap  199110032 9999 9999 9999 9999 9999 9999 9999 9999 9999 9999 9999 9999
316A Acap  199110041 9999 9999 9999 9999 9999 9999 9999 9999 9999 9999 9999 9999
316A Acap  199110042 9999 9999 9999 9999 9999 9999 9999 9999 9999 9999 9999 9999
316A Acap  199110051 9999 9999 9999 9999 9999 9999 9999 9999 9999 9999 9999 9999
316A Acap  199110052 9999 9999 9999 9999 9999 9999 9999 9999 9999 9999 9999 9999
316A Acap  199110061 9999 9999 9999 9999 9999 9999 9999 9999 9999 9999 9999 9999
316A Acap  199110062 9999 9999 9999 9999 9999 9999 9999 9999 9999 9999 9999 9999
316A Acap  199110071 9999 9999 9999 9999 9999 9999 9999 9999 9999 9999 9999 9999
316A Acap  199110072 9999 9999 9999 9999 9999 9999 9999 9999 9999 9999 9999 9999
316A Acap  199110081 9999 9999 9999 9999 9999 9999 9999 9999 9999 9999 9999 9999
316A Acap  199110082 9999 9999 9999 9999 9999 9999 9999 9999 9999 9999 9999 9999
316A Acap  199110091 9999 9999 9999 9999 9999 9999 9999 9999 9999 9999 9999 9999
316A Acap  199110092 9999 9999 9999 9999 9999 9999 9999 9999 9999 9999 9999 9999
316A Acap  199110101 9999 9999 9999 9999 9999 9999 9999 9999 9999 9999 9999 9999
316A Acap  199110102 9999 9999 9999 9999 9999 9999 9999 9999 9999 9999 9999 9999
316A Acap  199110111 9999 9999 9999 9999 9999 9999 9999 9999 9999 9999 9999 9999
316A Acap  199110112 9999 9999 9999 9999 9999 9999 9999 9999 9999 9999 9999 9999
316A Acap  199110121 9999 9999 9999 9999 9999 9999 9999 9999 9999 9999 9999 9999
316A Acap  199110122 9999 9999 9999 9999 9999 9999 9999 9999 9999 9999 9999 9999
316A Acap  199110131 9999 9999 9999 9999 9999 9999 9999 9999 9999 9999 9999 9999
316A Acap  199110132 9999 9999 9999 9999 9999 9999 9999 9999 9999 9999 9999 9999
316A Acap  199110141 9999 9999 9999 9999 9999 9999 9999 9999 9999 9999 9999 9999
316A Acap  199110142 9999 9999 9999 9999 9999 9999 9999 9999 9999 9999 9999 9999
316A Acap  199110151 9999 9999 9999 9999 9999 9999 9999 9999 9999 9999 9999 9999
316A Acap  199110152 9999 9999 9999 9999 9999 9999 9999 9999 9999 9999 9999 9999
316A Acap  199110161 9999 9999 9999 9999 9999 9999 9999 9999 9999 9999 9999 9999
316A Acap  199110162 9999 9999 9999 9999 9999 9999 9999 9999 9999 9999 9999 9999
316A Acap  199110171 9999 9999 9999 9999 9999 9999 9999 9999 9999 9999 9999 9999
316A Acap  199110172 9999 9999 9999 9999 9999 9999 9999 9999 9999 9999 9999 9999
316A Acap  199110181 9999 9999 9999 9999 9999 9999 9999 9999 9999 9999 9999 9999
316A Acap  199110182 9999 9999 9999 9999 9999 9999 9999 9999 9999 9999 9999 9999
316A Acap  199110191 9999 9999 9999 9999 9999 9999 9999 9999 9999 9999 9999 9999
316A Acap  199110192 9999 9999 9999 9999 9999 9999 9999 9999 9999 9999 9999 9999
316A Acap  199110201 9999 9999 9999 9999 9999 9999 9999 9999 9999 9999 9999 9999
316A Acap  199110202 9999 9999 9999 9999 9999 9999 9999 9999 9999 9999 9999 9999
316A Acap  199110211 9999 9999 9999 9999 9999 9999 9999 9999 9999 9999 9999 9999
316A Acap  199110212 9999 9999 9999 9999 9999 9999 9999 9999 9999 9999 9999 9999
316A Acap  199110221 9999 9999 9999 9999 9999 9999 9999 9999 9999 9999 9999 9999
316A Acap  199110222 9999 9999 9999 9999 9999 9999 9999 9999 9999 9999 9999 9999
316A Acap  199110231 9999 9999 9999 9999 9999 9999 9999 9999 9999 9999 9999 9999
316A Acap  199110232 9999 9999 9999 9999 9999 9999 9999 9999 9999 9999 9999 9999
316A Acap  199110241 9999 9999 9999 9999 9999 9999 9999 9999 9999 9999 9999 9999
316A Acap  199110242 9999 9999 9999 9999 9999 9999 9999 9999 9999 9999 9999 9999
316A Acap  199110251 9999 9999 9999 9999 9999 9999 9999 9999 9999 9999 9999 9999
316A Acap  199110252 9999 9999 9999 9999 9999 9999 9999 9999 9999 9999 9999 9999
316A Acap  199110261 9999 9999 9999 9999 9999 9999 9999 9999 9999 9999 9999 9999
316A Acap  199110262 9999 9999 9999 9999 9999 9999 9999 9999 9999 9999 9999 9999
316A Acap  199110271 9999 9999 9999 9999 9999 9999 9999 9999 9999 9999 9999 9999
316A Acap  199110272 9999 9999 9999 9999 9999 9999 9999 9999 9999 9999 9999 9999
316A Acap  199110281 9999 9999 9999 9999 9999 9999 9999 9999 9999 9999 9999 9999
316A Acap  199110282 9999 9999 9999 9999 9999 9999 9999 9999 9999 9999 9999 9999
316A Acap  199110291 9999 9999 9999 9999 9999 9999 9999 9999 9999 9999 9999 9999
316A Acap  199110292 9999 9999 9999 9999 9999 9999 9999 9999 9999 9999 9999 9999
316A Acap  199110301 9999 9999 9999 9999 9999 9999 9999 9999 9999 9999 9999 9999
316A Acap  199110302 9999 9999 9999 9999 9999 9999 9999 9999 9999 9999 9999 9999
316A Acap  199110311 9999 9999 9999 9999 9999 9999 9999 9999 9999 9999 9999 9999
316A Acap  199110312 9999 9999 9999 9999 9999 9999 9999 9999 9999 9999 9999 9999
316A Acap  199111011 9999 9999 9999 9999 9999 9999 9999 9999 9999 9999 9999 9999
316A Acap  199111012 9999 9999 9999 9999 9999 9999 9999 9999 9999 9999 9999 9999
316A Acap  199111021 9999 9999 9999 9999 9999 9999 9999 9999 9999 9999 9999 9999
316A Acap  199111022 9999 9999 9999 9999 9999 9999 9999 9999 9999 9999 9999 9999
316A Acap  199111031 9999 9999 9999 9999 9999 9999 9999 9999 9999 9999 9999 9999
316A Acap  199111032 9999 9999 9999 9999 9999 9999 9999 9999 9999 9999 9999 9999
316A Acap  199111041 9999 9999 9999 9999 9999 9999 9999 9999 9999 9999 9999 9999
316A Acap  199111042 9999 9999 9999 9999 9999 9999 9999 9999 9999 9999 9999 9999
316A Acap  199111051 9999 9999 9999 9999 9999 9999 9999 9999 9999 9999 9999 9999
316A Acap  199111052 9999 9999 9999 9999 9999 9999 9999 9999 9999 9999 9999 9999
316A Acap  199111061 9999 9999 9999 9999 9999 9999 9999 9999 9999 9999 9999 9999
316A Acap  199111062 9999 9999 9999 9999 9999 9999 9999 9999 9999 9999 9999 9999
316A Acap  199111071 9999 9999 9999 9999 9999 9999 9999 9999 9999 9999 9999 9999
316A Acap  199111072 9999 9999 9999 9999 9999 9999 9999 9999 9999 9999 9999 9999
316A Acap  199111081 9999 9999 9999 9999 9999 9999 9999 9999 9999 9999 9999 9999
316A Acap  199111082 9999 9999 9999 9999 9999 9999 9999 9999 9999 9999 9999 9999
316A Acap  199111091 9999 9999 9999 9999 9999 9999 9999 9999 9999 9999 9999 9999
316A Acap  199111092 9999 9999 9999 9999 9999 9999 9999 9999 9999 9999 9999 9999
316A Acap  199111101 9999 9999 9999 9999 9999 9999 9999 9999 9999 9999 9999 9999
316A Acap  199111102 9999 9999 9999 9999 9999 9999 9999 9999 9999 9999 9999 9999
316A Acap  199111111 9999 9999 9999 9999 9999 9999 9999 9999 9999 9999 9999 9999
316A Acap  199111112 9999 9999 9999 9999 9999 9999 9999 9999 9999 9999 9999 9999
316A Acap  199111121 9999 9999 9999 9999 9999 9999 9999 9999 9999 9999 9999 9999
316A Acap  199111122 9999 9999 9999 9999 9999 9999 9999 9999 9999 9999 9999 9999
316A Acap  199111131 9999 9999 9999 9999 9999 9999 9999 9999 9999 9999 9999 9999
316A Acap  199111132 9999 9999 9999 9999 9999 9999 9999 9999 9999 9999 9999 9999
316A Acap  199111141 9999 9999 9999 9999 9999 9999 9999 9999 9999 9999 9999 9999
316A Acap  199111142 9999 9999 9999 9999 9999 9999 9999 9999 9999 9999 9999 9999
316A Acap  199111151 9999 9999 9999 9999 9999 9999 9999 9999 9999 9999 9999 9999
316A Acap  199111152 9999 9999 9999 9999 9999 9999 9999 9999 9999 9999 9999 9999
316A Acap  199111161 9999 9999 9999 9999 9999 9999 9999 9999 9999 9999 9999 9999
316A Acap  199111162 9999 9999 9999 9999 9999 9999 9999 9999 9999 9999 9999 9999
316A Acap  199111171 9999 9999 9999 9999 9999 9999 9999 9999 9999 9999 9999 9999
316A Acap  199111172 9999 9999 9999 9999 9999 9999 9999 9999 9999 9999 9999 9999
316A Acap  199111181 9999 9999 9999 9999 9999 9999 9999 9999 9999 9999 9999 9999
316A Acap  199111182 9999 9999 9999 9999 9999 9999 9999 9999 9999 9999 9999 9999
316A Acap  199111191 9999 9999 9999 9999 9999 9999 9999 9999 9999 9999 9999 9999
316A Acap  199111192 9999 9999 9999 9999 9999 9999 9999 9999 9999 9999 9999 9999
316A Acap  199111201 9999 9999 9999 9999 9999 9999 9999 9999 9999 9999 9999 9999
316A Acap  199111202 9999 9999 9999 9999 9999 9999 9999 9999 9999 9999 9999 9999
316A Acap  199111211 9999 9999 9999 9999 9999 9999 9999 9999 9999 9999 9999 9999
316A Acap  199111212 9999 9999 9999 9999 9999 9999 9999 9999 9999 9999 9999 9999
316A Acap  199111221 9999 9999 9999 9999 9999 9999 9999 9999 9999 9999 9999 9999
316A Acap  199111222 9999 9999 9999 9999 9999 9999 9999 9999 9999 9999 9999 9999
316A Acap  199111231 9999 9999 9999 9999 9999 9999 9999 9999 9999 9999 9999 9999
316A Acap  199111232 9999 9999 9999 9999 9999 9999 9999 9999 9999 9999 9999 9999
316A Acap  199111241 9999 9999 9999 9999 9999 9999 9999 9999 9999 9999 9999 9999
316A Acap  199111242 9999 9999 9999 9999 9999 9999 9999 9999 9999 9999 9999 9999
316A Acap  199111251 9999 9999 9999 9999 9999 9999 9999 9999 9999 9999 9999 9999
316A Acap  199111252 9999 9999 9999 9999 9999 9999 9999 9999 9999 9999 9999 9999
316A Acap  199111261 9999 9999 9999 9999 9999 9999 9999 9999 9999 9999 9999 9999
316A Acap  199111262 9999 9999 9999 9999 9999 9999 9999 9999 9999 9999 9999 9999
316A Acap  199111271 9999 9999 9999 9999 9999 9999 9999 9999 9999 9999 9999 9999
316A Acap  199111272 9999 9999 9999 9999 9999 9999 9999 9999 9999 9999 9999 9999
316A Acap  199111281 9999 9999 9999 9999 9999 9999 9999 9999 9999 9999 9999 9999
316A Acap  199111282 9999 9999 9999 9999 9999 9999 9999 9999 9999 9999 9999 9999
316A Acap  199111291 9999 9999 9999 9999 9999 9999 9999 9999 9999 9999 9999 9999
316A Acap  199111292 9999 9999 9999 9999 9999 9999 9999 9999 9999 9999 9999 9999
316A Acap  199111301 9999 9999 9999 9999 9999 9999 9999 9999 9999 9999 9999 9999
316A Acap  199111302 9999 9999 9999 9999 9999 9999 9999 9999 9999 9999 9999 9999
316A Acap  199112011 9999 9999 9999 9999 9999 9999 9999 9999 9999 9999 9999 9999
316A Acap  199112012 9999 9999 9999 9999 9999 9999 9999 9999 9999 9999 9999 9999
316A Acap  199112021 9999 9999 9999 9999 9999 9999 9999 9999 9999 9999 9999 9999
316A Acap  199112022 9999 9999 9999 9999 9999 9999 9999 9999 9999 9999 9999 9999
316A Acap  199112031 9999 9999 9999 9999 9999 9999 9999 9999 9999 9999 9999 9999
316A Acap  199112032 9999 9999 9999 9999 9999 9999 9999 9999 9999 9999 9999 9999
316A Acap  199112041 9999 9999 9999 9999 9999 9999 9999 9999 9999 9999 9999 9999
316A Acap  199112042 9999 9999 9999 9999 9999 9999 9999 9999 9999 9999 9999 9999
316A Acap  199112051 9999 9999 9999 9999 9999 9999 9999 9999 9999 9999 9999 9999
316A Acap  199112052 9999 9999 9999 9999 9999 9999 9999 9999 9999 9999 9999 9999
316A Acap  199112061 9999 9999 9999 9999 9999 9999 9999 9999 9999 9999 9999 9999
316A Acap  199112062 9999 9999 9999 9999 9999 9999 9999 9999 9999 9999 9999 9999
316A Acap  199112071 9999 9999 9999 9999 9999 9999 9999 9999 9999 9999 9999 9999
316A Acap  199112072 9999 9999 9999 9999 9999 9999 9999 9999 9999 9999 9999 9999
316A Acap  199112081 9999 9999 9999 9999 9999 9999 9999 9999 9999 9999 9999 9999
316A Acap  199112082 9999 9999 9999 9999 9999 9999 9999 9999 9999 9999 9999 9999
316A Acap  199112091 9999 9999 9999 9999 9999 9999 9999 9999 9999 9999 9999 9999
316A Acap  199112092 9999 9999 9999 9999 9999 9999 9999 9999 9999 9999 9999 9999
316A Acap  199112101 9999 9999 9999 9999 9999 9999 9999 9999 9999 9999 9999 9999
316A Acap  199112102 9999 9999 9999 9999 9999 9999 9999 9999 9999 9999 9999 9999
316A Acap  199112111 9999 9999 9999 9999 9999 9999 9999 9999 9999 9999 9999 9999
316A Acap  199112112 9999 9999 9999 9999 9999 9999 9999 9999 9999 9999 9999 9999
316A Acap  199112121 9999 9999 9999 9999 9999 9999 9999 9999 9999 9999 9999 9999
316A Acap  199112122 9999 9999 9999 9999 9999 9999 9999 9999 9999 9999 9999 9999
316A Acap  199112131 9999 9999 9999 9999 9999 9999 9999 9999 9999 9999 9999 9999
316A Acap  199112132 9999 9999 9999 9999 9999 9999 9999 9999 9999 9999 9999 9999
316A Acap  199112141 9999 9999 9999 9999 9999 9999 9999 9999 9999 9999 9999 9999
316A Acap  199112142 9999 9999 9999 9999 9999 9999 9999 9999 9999 9999 9999 9999
316A Acap  199112151 9999 9999 9999 9999 9999 9999 9999 9999 9999 9999 9999 9999
316A Acap  199112152 9999 9999 9999 9999 9999 9999 9999 9999 9999 9999 9999 9999
316A Acap  199112161 9999 9999 9999 9999 9999 9999 9999 9999 9999 9999 9999 9999
316A Acap  199112162 9999 9999 9999 9999 9999 9999 9999 9999 9999 9999 9999 9999
316A Acap  199112171 9999 9999 9999 9999 9999 9999 9999 9999 9999 9999 9999 9999
316A Acap  199112172 9999 9999 9999 9999 9999 9999 9999 9999 9999 9999 9999 9999
316A Acap  199112181 9999 9999 9999 9999 9999 9999 9999 9999 9999 9999 9999 9999
316A Acap  199112182 9999 9999 9999 9999 9999 9999 9999 9999 9999 9999 9999 9999
316A Acap  199112191 9999 9999 9999 9999 9999 9999 9999 9999 9999 9999 9999 9999
316A Acap  199112192 9999 9999 9999 9999 9999 9999 9999 9999 9999 9999 9999 9999
316A Acap  199112201 9999 9999 9999 9999 9999 9999 9999 9999 9999 9999 9999 9999
316A Acap  199112202 9999 9999 9999 9999 9999 9999 9999 9999 9999 9999 9999 9999
316A Acap  199112211 9999 9999 9999 9999 9999 9999 9999 9999 9999 9999 9999 9999
316A Acap  199112212 9999 9999 9999 9999 9999 9999 9999 9999 9999 9999 9999 9999
316A Acap  199112221 9999 9999 9999 9999 9999 9999 9999 9999 9999 9999 9999 9999
316A Acap  199112222 9999 9999 9999 9999 9999 9999 9999 9999 9999 9999 9999 9999
316A Acap  199112231 9999 9999 9999 9999 9999 9999 9999 9999 9999 9999 9999 9999
316A Acap  199112232 9999 9999 9999 9999 9999 9999 9999 9999 9999 9999 9999 9999
316A Acap  199112241 9999 9999 9999 9999 9999 9999 9999 9999 9999 9999 9999 9999
316A Acap  199112242 9999 9999 9999 9999 9999 9999 9999 9999 9999 9999 9999 9999
316A Acap  199112251 9999 9999 9999 9999 9999 9999 9999 9999 9999 9999 9999 9999
316A Acap  199112252 9999 9999 9999 9999 9999 9999 9999 9999 9999 9999 9999 9999
316A Acap  199112261 9999 9999 9999 9999 9999 9999 9999 9999 9999 9999 9999 9999
316A Acap  199112262 9999 9999 9999 9999 9999 9999 9999 9999 9999 9999 9999 9999
316A Acap  199112271 9999 9999 9999 9999 9999 9999 9999 9999 9999 9999 9999 9999
316A Acap  199112272 9999 9999 9999 9999 9999 9999 9999 9999 9999 9999 9999 9999
316A Acap  199112281 9999 9999 9999 9999 9999 9999 9999 9999 9999 9999 9999 9999
316A Acap  199112282 9999 9999 9999 9999 9999 9999 9999 9999 9999 9999 9999 9999
316A Acap  199112291 9999 9999 9999 9999 9999 9999 9999 9999 9999 9999 9999 9999
316A Acap  199112292 9999 9999 9999 9999 9999 9999 9999 9999 9999 9999 9999 9999
316A Acap  199112301 9999 9999 9999 9999 9999 9999 9999 9999 9999 9999 9999 9999
316A Acap  199112302 9999 9999 9999 9999 9999 9999 9999 9999 9999 9999 9999 9999
316A Acap  199112311 9999 9999 9999 9999 9999 9999 9999 9999 9999 9999 9999 9999
316A Acap  199112312 9999 9999 9999 9999 9999 9999 9999 9999 9999 9999 9999 9999
