316A Acapulco           Mexico              1970 16504N 099547W 0000 3 00000R MM
316A Acap  197001011 1470 1561 1592 1622 1561 1500 1470 1439 1409 1378 1409 1470
316A Acap  197001012 1561 1592 1622 1592 1531 1439 1317 1256 1226 1256 1287 1378
316A Acap  197001021 1531 1622 1744 1774 1744 1683 1592 1500 1439 1409 1409 1439
316A Acap  197001022 1470 1531 1561 1531 1439 1348 1256 1165 1134 1134 1165 1287
316A Acap  197001031 1409 1561 1683 1744 1744 1744 1653 1561 1500 1439 1409 1378
316A Acap  197001032 1470 1500 1500 1500 1439 1378 1287 1195 1104 1104 1104 1195
316A Acap  197001041 1317 1500 1622 1774 1835 1805 1744 1653 1561 1470 1439 1439
316A Acap  197001042 1439 1500 1500 1531 1470 1409 1317 1195 1134 1073 1043 1073
316A Acap  197001051 1195 1348 1531 1653 1774 1805 1805 1744 1653 1561 1500 1439
316A Acap  197001052 1409 1439 1439 1470 1409 1378 1287 1195 1104 1012  952  982
316A Acap  197001061 1104 1226 1409 1561 1714 1805 1835 1835 1774 1653 1592 1531
316A Acap  197001062 1470 1500 1470 1500 1500 1439 1378 1317 1165 1073 1012  982
316A Acap  197001071 1012 1104 1256 1439 1592 1744 1805 1835 1805 1744 1683 1592
316A Acap  197001072 1531 1470 1470 1500 1500 1470 1439 1409 1317 1226 1104 1043
316A Acap  197001081 1043 1073 1134 1287 1470 1622 1744 1805 1866 1805 1774 1683
316A Acap  197001082 1592 1531 1470 1470 1439 1439 1439 1439 1409 1348 1256 1165
316A Acap  197001091 1073 1043 1073 1134 1256 1439 1561 1714 1805 1835 1805 1744
316A Acap  197001092 1653 1531 1470 1378 1378 1409 1439 1470 1500 1500 1439 1378
316A Acap  197001101 1317 1256 1195 1195 1256 1348 1470 1592 1744 1835 1866 1835
316A Acap  197001102 1774 1683 1561 1470 1378 1348 1348 1409 1470 1561 1561 1592
316A Acap  197001111 1531 1470 1378 1317 1287 1317 1378 1470 1622 1744 1835 1866
316A Acap  197001112 1805 1714 1592 1439 1317 1256 1256 1287 1409 1500 1592 1653
316A Acap  197001121 1653 1592 1531 1409 1317 1256 1287 1317 1409 1531 1653 1744
316A Acap  197001122 1805 1774 1653 1531 1348 1226 1165 1195 1226 1378 1500 1622
316A Acap  197001131 1714 1774 1744 1653 1500 1378 1287 1256 1317 1409 1531 1653
316A Acap  197001132 1714 1744 1714 1561 1409 1226 1134 1073 1104 1226 1378 1561
316A Acap  197001141 1683 1805 1835 1774 1683 1561 1409 1287 1256 1287 1348 1470
316A Acap  197001142 1592 1683 1714 1592 1470 1287 1165 1043 1043 1104 1226 1378
316A Acap  197001151 1561 1744 1835 1866 1805 1683 1500 1348 1256 1256 1287 1378
316A Acap  197001152 1470 1561 1622 1622 1561 1409 1256 1165 1073 1073 1134 1256
316A Acap  197001161 1470 1653 1805 1896 1896 1805 1714 1561 1409 1348 1317 1348
316A Acap  197001162 1439 1531 1592 1622 1561 1439 1317 1134 1073 1043 1073 1165
316A Acap  197001171 1317 1470 1683 1805 1866 1835 1744 1622 1470 1378 1317 1287
316A Acap  197001172 1348 1409 1500 1531 1531 1439 1348 1226 1073 1012 1012 1043
316A Acap  197001181 1195 1378 1531 1653 1774 1835 1805 1683 1561 1439 1348 1317
316A Acap  197001182 1348 1378 1439 1470 1500 1470 1378 1256 1134 1073  982 1012
316A Acap  197001191 1073 1226 1348 1500 1622 1683 1714 1653 1592 1531 1409 1348
316A Acap  197001192 1317 1348 1378 1409 1409 1409 1348 1256 1165 1073  982  952
316A Acap  197001201 1012 1104 1256 1378 1500 1592 1592 1622 1592 1531 1439 1378
316A Acap  197001202 1317 1287 1287 1287 1287 1287 1287 1226 1165 1073 1012 1012
316A Acap  197001211 1012 1073 1165 1287 1409 1531 1592 1592 1592 1561 1500 1409
316A Acap  197001212 1378 1317 1317 1317 1317 1287 1287 1256 1226 1195 1165 1073
316A Acap  197001221 1073 1104 1134 1195 1317 1378 1500 1531 1561 1592 1561 1500
316A Acap  197001222 1439 1378 1317 1287 1256 1226 1226 1226 1226 1195 1195 1134
316A Acap  197001231 1104 1104 1134 1165 1226 1317 1409 1470 1531 1592 1592 1592
316A Acap  197001232 1531 1439 1378 1287 1287 1256 1256 1287 1287 1287 1317 1317
316A Acap  197001241 1226 1226 1165 1195 1226 1256 1317 1409 1531 1561 1592 1622
316A Acap  197001242 1561 1531 1439 1348 1287 1226 1226 1256 1287 1317 1348 1378
316A Acap  197001251 1378 1348 1287 1256 1226 1256 1287 1348 1439 1500 1592 1622
316A Acap  197001252 1622 1561 1470 1348 1256 1165 1165 1195 1226 1317 1378 1439
316A Acap  197001261 1439 1409 1378 1317 1256 1226 1256 1317 1378 1439 1531 1592
316A Acap  197001262 1622 1561 1561 1439 1317 1226 1165 1165 1226 1287 1378 1470
316A Acap  197001271 1531 1531 1470 1409 1348 1287 1226 1256 1287 1348 1439 1531
316A Acap  197001272 1592 1592 1531 1409 1317 1195 1134 1104 1134 1226 1317 1378
316A Acap  197001281 1500 1561 1531 1470 1378 1287 1195 1226 1226 1287 1348 1439
316A Acap  197001282 1500 1531 1470 1439 1317 1195 1104 1073 1104 1195 1317 1470
316A Acap  197001291 1592 1653 1683 1622 1561 1439 1348 1256 1226 1256 1317 1378
316A Acap  197001292 1439 1470 1500 1409 1317 1226 1104 1073 1073 1134 1256 1378
316A Acap  197001301 1531 1622 1714 1714 1622 1500 1409 1317 1256 1256 1287 1378
316A Acap  197001302 1439 1470 1500 1470 1378 1256 1165 1104 1073 1104 1195 1378
316A Acap  197001311 1531 1683 1744 1774 1714 1622 1500 1409 1317 1287 1287 1348
316A Acap  197001312 1378 1439 1500 1470 1378 1256 1165 1043 1012 1043 1134 1256
316A Acap  197002011 1439 1592 1714 1774 1774 1714 1622 1500 1378 1317 1287 1287
316A Acap  197002012 1378 1439 1500 1470 1409 1287 1165 1043 1012 1012 1073 1226
316A Acap  197002021 1409 1561 1744 1866 1896 1866 1774 1622 1531 1409 1378 1378
316A Acap  197002022 1439 1500 1531 1500 1470 1378 1226 1073  982  921  982 1073
316A Acap  197002031 1226 1439 1622 1774 1866 1866 1805 1714 1592 1500 1409 1439
316A Acap  197002032 1439 1500 1531 1531 1500 1409 1287 1165 1073  952  952 1012
316A Acap  197002041 1134 1287 1500 1622 1744 1805 1774 1714 1622 1500 1439 1378
316A Acap  197002042 1378 1409 1439 1470 1470 1409 1348 1195 1104  982  921  891
316A Acap  197002051  952 1104 1287 1439 1592 1683 1714 1714 1622 1531 1439 1378
316A Acap  197002052 1317 1348 1378 1439 1439 1439 1439 1348 1256 1134 1043  982
316A Acap  197002061 1012 1073 1165 1317 1470 1622 1714 1774 1744 1683 1622 1500
316A Acap  197002062 1439 1378 1409 1439 1470 1500 1500 1439 1409 1348 1226 1134
316A Acap  197002071 1104 1104 1134 1195 1305 1419 1519 1592 1622 1653 1622 1561
316A Acap  197002072 1500 1470 1439 1409 1409 1439 1500 1531 1561 1561 1531 1470
316A Acap  197002081 1409 1348 1317 1317 1378 1439 1531 1622 1683 1714 1714 1653
316A Acap  197002082 1561 1470 1409 1348 1317 1348 1409 1439 1500 1561 1622 1592
316A Acap  197002091 1561 1531 1439 1348 1317 1287 1348 1378 1470 1561 1592 1592
316A Acap  197002092 1561 1500 1378 1256 1226 1165 1226 1317 1409 1500 1622 1714
316A Acap  197002101 1744 1714 1592 1470 1378 1348 1317 1348 1378 1470 1592 1653
316A Acap  197002102 1653 1592 1500 1409 1256 1195 1165 1195 1317 1409 1561 1714
316A Acap  197002111 1774 1805 1744 1622 1500 1378 1287 1256 1287 1348 1439 1561
316A Acap  197002112 1622 1653 1561 1439 1348 1195 1134 1104 1165 1256 1439 1653
316A Acap  197002121 1774 1896 1896 1805 1683 1561 1409 1287 1256 1256 1348 1470
316A Acap  197002122 1561 1653 1653 1561 1409 1256 1134 1073 1104 1165 1317 1500
316A Acap  197002131 1714 1866 1957 1927 1835 1714 1531 1378 1287 1256 1287 1409
316A Acap  197002132 1531 1622 1653 1622 1500 1348 1165 1073 1043 1073 1195 1409
316A Acap  197002141 1592 1774 1896 1957 1896 1774 1622 1439 1348 1256 1256 1348
316A Acap  197002142 1439 1561 1622 1622 1561 1409 1256 1104 1043 1012 1073 1226
316A Acap  197002151 1439 1622 1774 1866 1896 1835 1683 1531 1409 1317 1256 1287
316A Acap  197002152 1348 1439 1500 1531 1501 1414 1292 1165 1043  982 1012 1134
316A Acap  197002161 1256 1439 1622 1744 1805 1774 1683 1561 1409 1287 1226 1226
316A Acap  197002162 1256 1348 1409 1470 1470 1378 1287 1195 1073 1012  982 1043
316A Acap  197002171 1165 1348 1470 1592 1683 1714 1683 1592 1500 1409 1348 1317
316A Acap  197002172 1317 1348 1409 1439 1439 1409 1348 1226 1134 1073 1012 1043
316A Acap  197002181 1104 1226 1378 1531 1622 1683 1683 1622 1531 1439 1378 1317
316A Acap  197002182 1317 1317 1378 1409 1409 1409 1348 1287 1226 1134 1073 1073
316A Acap  197002191 1134 1256 1378 1470 1561 1622 1622 1592 1561 1500 1470 1439
316A Acap  197002192 1409 1378 1378 1409 1409 1378 1378 1317 1256 1195 1165 1165
316A Acap  197002201 1195 1226 1287 1378 1439 1500 1531 1561 1531 1500 1439 1409
316A Acap  197002202 1409 1378 1378 1378 1409 1378 1378 1378 1348 1317 1287 1256
316A Acap  197002211 1256 1287 1317 1378 1409 1439 1500 1500 1531 1500 1500 1470
316A Acap  197002212 1409 1409 1409 1378 1378 1348 1378 1409 1409 1348 1348 1348
316A Acap  197002221 1348 1317 1287 1287 1317 1348 1378 1409 1439 1470 1470 1439
316A Acap  197002222 1439 1409 1348 1317 1287 1287 1287 1317 1348 1378 1409 1378
316A Acap  197002231 1378 1348 1317 1287 1287 1287 1317 1317 1409 1470 1500 1500
316A Acap  197002232 1500 1470 1409 1348 1317 1287 1256 1287 1348 1378 1439 1500
316A Acap  197002241 1500 1439 1409 1317 1256 1226 1226 1226 1256 1317 1378 1409
316A Acap  197002242 1409 1409 1348 1256 1226 1195 1165 1226 1287 1378 1470 1531
316A Acap  197002251 1561 1561 1500 1439 1348 1287 1256 1226 1226 1317 1378 1439
316A Acap  197002252 1470 1470 1409 1348 1256 1195 1165 1165 1226 1317 1439 1561
316A Acap  197002261 1622 1622 1592 1531 1409 1317 1226 1195 1165 1226 1317 1348
316A Acap  197002262 1439 1439 1409 1348 1256 1195 1134 1134 1195 1287 1439 1561
316A Acap  197002271 1683 1714 1714 1653 1531 1409 1256 1195 1195 1195 1256 1317
316A Acap  197002272 1378 1439 1378 1317 1226 1134 1043 1043 1073 1195 1317 1500
316A Acap  197002281 1622 1744 1744 1683 1622 1470 1378 1256 1226 1226 1256 1317
316A Acap  197002282 1409 1439 1439 1348 1256 1134 1043 1012 1043 1104 1256 1439
316A Acap  197003011 1622 1744 1805 1774 1683 1561 1409 1287 1195 1165 1195 1256
316A Acap  197003012 1378 1409 1409 1378 1287 1165 1043  952  921  982 1134 1317
316A Acap  197003021 1500 1653 1744 1774 1714 1622 1500 1378 1256 1195 1256 1317
316A Acap  197003022 1378 1439 1470 1439 1348 1226 1073  952  891  921 1012 1195
316A Acap  197003031 1378 1592 1714 1805 1805 1714 1561 1439 1317 1226 1195 1226
316A Acap  197003032 1317 1409 1470 1439 1378 1287 1104  982  891  891  921 1073
316A Acap  197003041 1256 1439 1622 1714 1774 1744 1653 1531 1409 1317 1287 1287
316A Acap  197003042 1317 1409 1500 1500 1470 1378 1287 1134 1012  952  952 1012
316A Acap  197003051 1134 1317 1531 1653 1714 1744 1683 1577 1455 1351 1287 1287
316A Acap  197003052 1348 1378 1439 1500 1500 1439 1348 1226 1073  982  952  982
316A Acap  197003061 1073 1165 1348 1470 1561 1622 1592 1531 1439 1348 1287 1226
316A Acap  197003062 1226 1256 1348 1409 1439 1439 1409 1317 1256 1165 1073 1043
316A Acap  197003071 1073 1134 1134 1317 1409 1470 1500 1470 1409 1348 1256 1226
316A Acap  197003072 1195 1226 1256 1317 1409 1409 1439 1439 1409 1348 1317 1226
316A Acap  197003081 1226 1195 1195 1226 1287 1348 1409 1439 1439 1409 1378 1317
316A Acap  197003082 1256 1195 1165 1195 1226 1287 1348 1409 1470 1470 1470 1439
316A Acap  197003091 1378 1287 1226 1195 1195 1226 1256 1317 1378 1378 1378 1348
316A Acap  197003092 1287 1195 1134 1073 1073 1134 1195 1317 1409 1531 1592 1592
316A Acap  197003101 1561 1470 1348 1226 1165 1134 1165 1195 1256 1348 1409 1409
316A Acap  197003102 1378 1317 1165 1104 1043 1012 1104 1195 1348 1500 1622 1714
316A Acap  197003111 1714 1653 1531 1378 1226 1134 1104 1104 1134 1287 1378 1470
316A Acap  197003112 1439 1409 1317 1165 1043  952  952 1012 1165 1378 1561 1714
316A Acap  197003121 1805 1805 1744 1561 1348 1195 1104 1043 1043 1134 1287 1409
316A Acap  197003122 1470 1470 1409 1287 1104  982  921  982 1073 1256 1439 1622
316A Acap  197003131 1774 1835 1835 1714 1531 1348 1165 1073 1043 1073 1165 1317
316A Acap  197003132 1439 1500 1470 1378 1195 1043  921  891  921 1043 1226 1439
316A Acap  197003141 1683 1774 1835 1744 1653 1439 1226 1104 1043 1012 1104 1226
316A Acap  197003142 1378 1470 1500 1439 1287 1134  982  891  891  952 1104 1287
316A Acap  197003151 1500 1683 1774 1774 1653 1500 1348 1165 1073 1012 1073 1165
316A Acap  197003152 1287 1409 1439 1470 1378 1195 1043  891  830  860  952 1165
316A Acap  197003161 1378 1531 1653 1714 1653 1531 1378 1226 1073 1012 1043 1134
316A Acap  197003162 1195 1317 1378 1409 1348 1256 1104  982  891  860  921 1043
316A Acap  197003171 1226 1378 1561 1622 1622 1561 1439 1317 1195 1104 1073 1104
316A Acap  197003172 1195 1287 1378 1409 1378 1317 1195 1073  982  921  952 1043
316A Acap  197003181 1195 1348 1470 1561 1592 1561 1500 1378 1287 1195 1134 1134
316A Acap  197003182 1195 1256 1348 1378 1378 1348 1256 1195 1073 1043 1043 1073
316A Acap  197003191 1165 1287 1409 1500 1531 1531 1500 1439 1348 1256 1195 1195
316A Acap  197003192 1195 1256 1317 1348 1378 1348 1317 1226 1165 1073 1043 1073
316A Acap  197003201 1134 1195 1287 1378 1470 1500 1470 1439 1378 1317 1256 1256
316A Acap  197003202 1256 1256 1287 1317 1317 1317 1317 1287 1226 1195 1165 1165
316A Acap  197003211 1195 1226 1287 1348 1409 1439 1439 1409 1378 1348 1317 1287
316A Acap  197003212 1256 1256 1256 1287 1317 1348 1348 1348 1317 1317 1287 1287
316A Acap  197003221 1256 1256 1287 1317 1317 1348 1378 1378 1378 1348 1317 1317
316A Acap  197003222 1287 1256 1256 1226 1256 1256 1287 1317 1348 1348 1348 1317
316A Acap  197003231 1348 1317 1287 1256 1256 1256 1226 1256 1256 1287 1287 1287
316A Acap  197003232 1256 1226 1226 1195 1165 1195 1226 1256 1287 1348 1378 1378
316A Acap  197003241 1378 1348 1287 1256 1226 1195 1165 1195 1226 1256 1226 1256
316A Acap  197003242 1256 1226 1195 1195 1195 1195 1226 1287 1348 1409 1470 1500
316A Acap  197003251 1500 1470 1409 1317 1256 1195 1165 1165 1195 1195 1256 1287
316A Acap  197003252 1287 1256 1195 1165 1134 1104 1134 1195 1317 1439 1500 1592
316A Acap  197003261 1592 1561 1500 1378 1287 1195 1165 1104 1134 1165 1226 1287
316A Acap  197003262 1317 1317 1226 1165 1134 1073 1104 1165 1256 1378 1500 1592
316A Acap  197003271 1622 1622 1531 1439 1287 1165 1104 1043 1073 1073 1165 1195
316A Acap  197003272 1256 1256 1195 1134 1073 1012 1012 1073 1134 1287 1439 1531
316A Acap  197003281 1622 1653 1622 1531 1409 1226 1165 1073 1043 1104 1134 1226
316A Acap  197003282 1256 1256 1226 1165 1043  952  921  921 1017 1163 1344 1531
316A Acap  197003291 1683 1714 1683 1592 1470 1287 1165 1104 1043 1073 1134 1195
316A Acap  197003292 1287 1287 1256 1226 1104  982  860  860  921 1073 1226 1409
316A Acap  197003301 1592 1714 1714 1653 1531 1378 1226 1104 1043 1043 1073 1195
316A Acap  197003302 1226 1317 1287 1256 1165 1043  921  860  860  982 1104 1287
316A Acap  197003311 1470 1622 1714 1683 1592 1470 1256 1165 1073 1073 1073 1134
316A Acap  197003312 1256 1287 1317 1317 1226 1073  952  830  769  830  921 1165
316A Acap  197004011 1348 1500 1622 1653 1622 1500 1317 1165 1073 1073 1073 1134
316A Acap  197004012 1226 1317 1348 1317 1256 1134 1012  891  799  769  830  982
316A Acap  197004021 1165 1348 1470 1561 1561 1470 1378 1226 1134 1073 1043 1104
316A Acap  197004022 1195 1287 1378 1409 1378 1256 1165 1043  952  891  921  982
316A Acap  197004031 1104 1287 1409 1470 1500 1500 1378 1287 1165 1073 1073 1104
316A Acap  197004032 1165 1256 1348 1409 1439 1409 1317 1226 1104 1043 1043 1043
316A Acap  197004041 1134 1226 1317 1409 1439 1439 1409 1287 1226 1134 1073 1073
316A Acap  197004042 1104 1165 1256 1348 1439 1470 1439 1378 1317 1256 1195 1165
316A Acap  197004051 1134 1195 1287 1317 1378 1409 1409 1348 1256 1195 1104 1104
316A Acap  197004052 1073 1104 1165 1287 1348 1439 1470 1470 1470 1439 1348 1287
316A Acap  197004061 1256 1226 1226 1256 1256 1287 1287 1287 1256 1195 1134 1104
316A Acap  197004062 1073 1012 1043 1104 1195 1287 1378 1470 1531 1561 1531 1500
316A Acap  197004071 1409 1317 1256 1195 1195 1165 1195 1226 1256 1256 1256 1226
316A Acap  197004072 1134 1073 1073 1043 1073 1134 1226 1348 1470 1592 1622 1622
316A Acap  197004081 1561 1470 1348 1226 1134 1073 1073 1104 1134 1195 1226 1226
316A Acap  197004082 1195 1134 1043  952  952  982 1073 1195 1378 1500 1622 1683
316A Acap  197004091 1683 1592 1439 1256 1134 1012  982  982 1043 1134 1226 1287
316A Acap  197004092 1287 1226 1134 1012  952  921  952 1073 1195 1439 1561 1714
316A Acap  197004101 1774 1714 1622 1439 1287 1134 1012  982 1104 1104 1256 1317
316A Acap  197004102 1378 1317 1256 1134 1012  921  891  952 1073 1256 1439 1592
316A Acap  197004111 1714 1744 1683 1561 1378 1165 1043  982  982 1043 1165 1256
316A Acap  197004112 1378 1378 1348 1256 1104  982  891  891  982 1104 1317 1531
316A Acap  197004121 1683 1774 1744 1653 1500 1287 1134 1043  982 1012 1134 1226
316A Acap  197004122 1348 1439 1409 1348 1226 1073  952  891  921 1043 1195 1409
316A Acap  197004131 1592 1714 1744 1714 1592 1409 1256 1104 1043 1012 1073 1195
316A Acap  197004132 1317 1378 1439 1378 1317 1165 1012  952  921  982 1104 1256
316A Acap  197004141 1439 1592 1683 1683 1622 1470 1317 1165 1073 1012 1043 1134
316A Acap  197004142 1256 1348 1409 1439 1378 1256 1134 1012  952  952 1043 1195
316A Acap  197004151 1378 1500 1622 1653 1622 1531 1348 1226 1134 1073 1073 1134
316A Acap  197004152 1226 1317 1409 1439 1409 1317 1195 1104 1043 1012 1073 1165
316A Acap  197004161 1287 1439 1561 1592 1592 1531 1409 1256 1165 1104 1104 1134
316A Acap  197004162 1226 1317 1348 1378 1378 1378 1317 1195 1104 1073 1104 1134
316A Acap  197004171 1195 1317 1439 1500 1500 1470 1378 1317 1195 1104 1104 1134
316A Acap  197004172 1195 1256 1348 1409 1409 1378 1348 1287 1165 1134 1134 1134
316A Acap  197004181 1226 1287 1378 1409 1409 1378 1378 1348 1226 1165 1134 1134
316A Acap  197004182 1195 1256 1287 1348 1409 1409 1378 1348 1287 1226 1226 1226
316A Acap  197004191 1256 1287 1348 1378 1378 1409 1378 1317 1256 1226 1195 1195
316A Acap  197004192 1195 1226 1317 1348 1409 1439 1439 1439 1409 1378 1348 1317
316A Acap  197004201 1317 1317 1317 1317 1317 1287 1317 1256 1256 1226 1226 1226
316A Acap  197004202 1226 1226 1256 1317 1348 1409 1439 1470 1500 1470 1439 1439
316A Acap  197004211 1409 1348 1348 1317 1287 1287 1256 1256 1256 1256 1226 1226
316A Acap  197004212 1226 1226 1256 1256 1317 1378 1439 1500 1531 1561 1561 1561
316A Acap  197004221 1531 1439 1378 1317 1287 1256 1226 1226 1226 1226 1226 1226
316A Acap  197004222 1226 1195 1195 1195 1256 1317 1378 1470 1592 1622 1653 1653
316A Acap  197004231 1622 1561 1439 1348 1256 1226 1165 1165 1165 1195 1195 1226
316A Acap  197004232 1195 1195 1165 1134 1165 1226 1317 1409 1531 1622 1683 1714
316A Acap  197004241 1714 1653 1561 1439 1317 1226 1165 1134 1195 1226 1226 1287
316A Acap  197004242 1256 1256 1195 1134 1134 1134 1226 1348 1470 1622 1714 1774
316A Acap  197004251 1774 1744 1653 1470 1317 1226 1134 1134 1165 1226 1256 1287
316A Acap  197004252 1287 1256 1195 1104 1012 1012 1043 1165 1287 1439 1592 1744
316A Acap  197004261 1774 1744 1683 1531 1378 1256 1165 1104 1104 1195 1256 1317
316A Acap  197004262 1317 1287 1226 1104 1012  982  952 1043 1165 1348 1531 1683
316A Acap  197004271 1774 1805 1744 1622 1470 1317 1165 1134 1104 1165 1226 1317
316A Acap  197004272 1378 1378 1317 1226 1104 1012  952  952 1043 1226 1409 1592
316A Acap  197004281 1744 1805 1805 1683 1500 1348 1195 1134 1104 1165 1226 1348
316A Acap  197004282 1409 1470 1439 1348 1226 1073  952  921  952 1134 1256 1439
316A Acap  197004291 1622 1714 1744 1714 1561 1409 1256 1165 1104 1134 1226 1317
316A Acap  197004292 1409 1470 1470 1439 1348 1226 1104 1012 1012 1073 1195 1317
316A Acap  197004301 1470 1592 1683 1683 1592 1439 1317 1165 1073 1104 1134 1226
316A Acap  197004302 1378 1470 1531 1531 1500 1378 1256 1104 1073 1073 1134 1261
316A Acap  197005011 1409 1531 1622 1653 1592 1500 1378 1195 1134 1104 1104 1195
316A Acap  197005012 1317 1409 1500 1561 1561 1531 1409 1287 1226 1195 1195 1256
316A Acap  197005021 1317 1439 1531 1561 1561 1470 1378 1256 1165 1073 1073 1134
316A Acap  197005022 1226 1348 1470 1592 1622 1622 1561 1500 1378 1317 1287 1287
316A Acap  197005031 1317 1378 1470 1500 1500 1470 1409 1317 1195 1165 1104 1134
316A Acap  197005032 1165 1256 1378 1470 1561 1592 1622 1622 1561 1470 1409 1378
316A Acap  197005041 1317 1287 1317 1348 1348 1378 1348 1287 1226 1165 1104 1073
316A Acap  197005042 1073 1134 1195 1317 1409 1531 1592 1622 1622 1592 1531 1439
316A Acap  197005051 1378 1317 1256 1256 1256 1287 1287 1256 1226 1195 1134 1134
316A Acap  197005052 1043 1043 1104 1165 1287 1409 1500 1622 1653 1683 1653 1592
316A Acap  197005061 1531 1409 1317 1256 1226 1226 1256 1256 1287 1287 1226 1195
316A Acap  197005062 1134 1104 1043 1073 1134 1256 1378 1500 1622 1683 1714 1683
316A Acap  197005071 1592 1470 1348 1226 1165 1165 1165 1195 1226 1287 1287 1256
316A Acap  197005072 1195 1165 1104 1073 1104 1195 1287 1470 1592 1744 1805 1805
316A Acap  197005081 1744 1653 1500 1378 1256 1195 1165 1165 1226 1287 1317 1348
316A Acap  197005082 1317 1226 1165 1073 1043 1073 1165 1256 1378 1592 1714 1805
316A Acap  197005091 1805 1744 1592 1439 1287 1165 1104 1104 1165 1256 1317 1409
316A Acap  197005092 1378 1348 1256 1165 1104 1043 1073 1165 1317 1470 1653 1744
316A Acap  197005101 1835 1805 1714 1561 1409 1256 1165 1134 1104 1195 1317 1409
316A Acap  197005102 1439 1409 1348 1256 1165 1073 1043 1104 1195 1348 1531 1683
316A Acap  197005111 1774 1805 1744 1622 1470 1287 1165 1104 1073 1134 1226 1348
316A Acap  197005112 1409 1439 1409 1317 1226 1104 1012 1043 1073 1226 1378 1561
316A Acap  197005121 1683 1774 1774 1683 1531 1348 1226 1134 1043 1073 1134 1256
316A Acap  197005122 1378 1439 1439 1409 1287 1165 1073 1043 1043 1134 1256 1409
316A Acap  197005131 1561 1653 1683 1653 1561 1378 1256 1134 1043 1043 1104 1226
316A Acap  197005132 1348 1439 1470 1409 1348 1256 1165 1104 1073 1104 1165 1348
316A Acap  197005141 1470 1561 1622 1622 1531 1439 1256 1165 1073 1043 1073 1165
316A Acap  197005142 1256 1378 1439 1439 1409 1317 1226 1165 1073 1104 1165 1256
316A Acap  197005151 1378 1500 1561 1561 1500 1409 1287 1195 1104 1073 1073 1134
316A Acap  197005152 1226 1348 1439 1470 1470 1409 1348 1256 1195 1165 1165 1256
316A Acap  197005161 1348 1409 1470 1470 1470 1409 1317 1226 1104 1043 1073 1104
316A Acap  197005162 1195 1287 1409 1439 1500 1470 1439 1348 1287 1256 1226 1287
316A Acap  197005171 1317 1409 1439 1439 1439 1378 1317 1226 1134 1073 1043 1104
316A Acap  197005172 1165 1287 1378 1470 1500 1531 1531 1470 1378 1317 1287 1287
316A Acap  197005181 1317 1348 1378 1378 1348 1348 1287 1195 1134 1073 1043 1073
316A Acap  197005182 1134 1256 1348 1439 1500 1561 1561 1500 1500 1439 1378 1378
316A Acap  197005191 1317 1317 1348 1348 1317 1317 1256 1195 1134 1073 1012 1043
316A Acap  197005192 1073 1134 1226 1317 1439 1500 1561 1561 1561 1500 1470 1409
316A Acap  197005201 1378 1317 1287 1287 1226 1226 1195 1165 1134 1073 1043 1012
316A Acap  197005202 1043 1043 1134 1226 1317 1409 1531 1592 1622 1592 1561 1531
316A Acap  197005211 1439 1378 1317 1287 1256 1226 1195 1195 1165 1134 1073 1073
316A Acap  197005212 1043 1012 1073 1134 1226 1317 1500 1592 1653 1683 1653 1622
316A Acap  197005221 1561 1439 1348 1256 1226 1195 1195 1165 1165 1134 1134 1104
316A Acap  197005222 1073 1012  982  982 1043 1165 1287 1439 1561 1653 1714 1683
316A Acap  197005231 1653 1531 1409 1287 1226 1195 1195 1165 1195 1195 1195 1165
316A Acap  197005232 1134 1043  982  952 1012 1043 1134 1317 1470 1622 1683 1714
316A Acap  197005241 1683 1622 1500 1348 1256 1226 1165 1165 1195 1226 1256 1226
316A Acap  197005242 1195 1134 1073  982  921  982 1073 1195 1348 1500 1622 1714
316A Acap  197005251 1714 1653 1531 1378 1226 1165 1104 1104 1134 1165 1256 1287
316A Acap  197005252 1287 1226 1134 1012  952  921  952 1073 1195 1378 1561 1653
316A Acap  197005261 1714 1683 1592 1439 1287 1134 1073 1073 1104 1165 1256 1317
316A Acap  197005262 1348 1287 1226 1165 1073  982  982 1012 1104 1256 1409 1592
316A Acap  197005271 1683 1714 1653 1531 1378 1256 1134 1043 1012 1104 1165 1287
316A Acap  197005272 1378 1409 1378 1317 1226 1104 1043 1012 1073 1165 1317 1439
316A Acap  197005281 1592 1653 1622 1531 1409 1256 1134 1012  982 1012 1134 1256
316A Acap  197005282 1378 1470 1500 1470 1378 1226 1134 1104 1073 1104 1195 1287
316A Acap  197005291 1439 1531 1561 1531 1439 1287 1134 1043  952  952 1012 1165
316A Acap  197005292 1287 1409 1500 1531 1500 1409 1317 1195 1134 1073 1104 1165
316A Acap  197005301 1287 1378 1439 1470 1409 1287 1165 1043  952  891  921 1012
316A Acap  197005302 1165 1348 1470 1561 1561 1531 1470 1348 1256 1195 1134 1195
316A Acap  197005311 1287 1317 1409 1439 1409 1348 1226 1104  982  952  952  952
316A Acap  197005312 1073 1256 1378 1531 1592 1653 1592 1561 1439 1348 1287 1256
316A Acap  197006011 1256 1287 1317 1378 1378 1378 1317 1226 1134 1043  982 1012
316A Acap  197006012 1104 1195 1348 1500 1622 1683 1714 1653 1622 1531 1470 1378
316A Acap  197006021 1317 1317 1348 1378 1409 1409 1378 1317 1256 1165 1104 1043
316A Acap  197006022 1104 1195 1287 1378 1500 1622 1714 1744 1744 1683 1622 1500
316A Acap  197006031 1409 1348 1317 1287 1317 1317 1348 1317 1287 1226 1134 1073
316A Acap  197006032 1073 1073 1134 1256 1378 1531 1653 1774 1805 1774 1744 1653
316A Acap  197006041 1500 1409 1317 1317 1287 1256 1287 1287 1287 1256 1195 1134
316A Acap  197006042 1073 1073 1104 1165 1256 1378 1500 1653 1744 1774 1744 1714
316A Acap  197006051 1592 1470 1348 1256 1226 1226 1226 1226 1287 1287 1256 1226
316A Acap  197006052 1134 1104 1073 1073 1165 1256 1378 1500 1622 1714 1744 1714
316A Acap  197006061 1683 1561 1439 1317 1256 1195 1195 1195 1226 1287 1287 1287
316A Acap  197006062 1256 1195 1134 1104 1104 1165 1256 1409 1531 1683 1744 1774
316A Acap  197006071 1774 1683 1531 1409 1317 1256 1226 1226 1256 1317 1348 1378
316A Acap  197006072 1378 1317 1256 1226 1195 1195 1256 1348 1470 1592 1714 1774
316A Acap  197006081 1774 1744 1622 1500 1348 1287 1195 1195 1226 1287 1378 1378
316A Acap  197006082 1409 1378 1348 1256 1195 1165 1226 1287 1378 1500 1622 1714
316A Acap  197006091 1774 1744 1683 1561 1439 1317 1195 1165 1165 1256 1317 1409
316A Acap  197006092 1409 1439 1409 1348 1287 1256 1226 1256 1317 1439 1531 1653
316A Acap  197006101 1744 1774 1744 1653 1531 1378 1287 1226 1226 1226 1287 1378
316A Acap  197006102 1439 1500 1500 1439 1378 1317 1256 1256 1317 1378 1470 1592
316A Acap  197006111 1653 1714 1714 1653 1531 1409 1317 1195 1165 1226 1256 1348
316A Acap  197006112 1439 1500 1531 1500 1439 1378 1287 1256 1256 1287 1378 1470
316A Acap  197006121 1531 1592 1622 1561 1500 1378 1256 1195 1165 1165 1195 1287
316A Acap  197006122 1409 1439 1500 1561 1500 1439 1348 1287 1287 1287 1317 1378
316A Acap  197006131 1439 1470 1500 1500 1439 1348 1195 1134 1104 1073 1134 1226
316A Acap  197006132 1348 1470 1531 1561 1531 1500 1409 1317 1287 1226 1256 1317
316A Acap  197006141 1378 1439 1470 1439 1439 1317 1226 1104 1043 1012 1043 1134
316A Acap  197006142 1256 1378 1470 1531 1561 1531 1500 1378 1317 1287 1287 1287
316A Acap  197006151 1348 1409 1439 1439 1409 1348 1256 1134 1073 1012 1043 1104
316A Acap  197006152 1226 1348 1500 1592 1653 1653 1592 1531 1439 1378 1317 1317
316A Acap  197006161 1348 1378 1439 1439 1378 1348 1287 1165 1104 1043 1043 1104
316A Acap  197006162 1226 1348 1470 1592 1653 1683 1683 1622 1561 1500 1439 1409
316A Acap  197006171 1378 1409 1409 1439 1378 1348 1287 1195 1104 1043 1012 1043
316A Acap  197006172 1134 1256 1378 1500 1622 1714 1744 1714 1683 1592 1561 1500
316A Acap  197006181 1470 1439 1439 1409 1409 1409 1348 1256 1165 1104 1073 1073
316A Acap  197006182 1134 1256 1378 1470 1592 1683 1805 1835 1805 1744 1683 1622
316A Acap  197006191 1531 1500 1470 1439 1470 1409 1378 1287 1226 1165 1104 1043
316A Acap  197006192 1104 1134 1226 1348 1500 1622 1744 1805 1866 1835 1744 1714
316A Acap  197006201 1622 1500 1470 1439 1409 1409 1378 1348 1317 1256 1195 1134
316A Acap  197006202 1073 1073 1134 1226 1317 1470 1622 1744 1866 1866 1835 1805
316A Acap  197006211 1714 1592 1531 1470 1409 1409 1409 1378 1378 1348 1317 1226
316A Acap  197006212 1165 1104 1073 1134 1165 1317 1470 1622 1714 1805 1866 1805
316A Acap  197006221 1744 1592 1500 1409 1348 1317 1317 1348 1409 1409 1409 1348
316A Acap  197006222 1287 1226 1134 1104 1104 1195 1287 1439 1592 1714 1805 1805
316A Acap  197006231 1805 1714 1592 1470 1348 1287 1287 1317 1348 1409 1439 1439
316A Acap  197006232 1409 1348 1256 1226 1165 1165 1226 1317 1439 1592 1683 1744
316A Acap  197006241 1744 1683 1592 1439 1317 1226 1195 1195 1256 1378 1470 1531
316A Acap  197006242 1531 1531 1439 1378 1287 1195 1195 1226 1317 1439 1561 1683
316A Acap  197006251 1744 1744 1683 1531 1378 1256 1195 1195 1226 1317 1439 1531
316A Acap  197006252 1653 1653 1622 1561 1470 1378 1287 1287 1317 1409 1500 1622
316A Acap  197006261 1714 1744 1714 1622 1470 1317 1226 1165 1195 1226 1348 1500
316A Acap  197006262 1653 1744 1805 1805 1744 1622 1531 1439 1439 1470 1531 1622
316A Acap  197006271 1683 1744 1774 1714 1622 1439 1317 1256 1195 1226 1317 1439
316A Acap  197006272 1592 1744 1835 1866 1896 1805 1714 1622 1500 1470 1470 1531
316A Acap  197006281 1592 1683 1744 1744 1683 1561 1439 1317 1226 1195 1256 1348
316A Acap  197006282 1500 1653 1805 1896 1957 1927 1835 1714 1592 1500 1439 1409
316A Acap  197006291 1439 1500 1592 1622 1592 1531 1470 1317 1165 1134 1104 1165
316A Acap  197006292 1287 1439 1592 1744 1866 1896 1835 1774 1622 1531 1439 1409
316A Acap  197006301 1409 1470 1500 1531 1531 1500 1439 1348 1165 1073 1073 1104
316A Acap  197006302 1195 1348 1500 1622 1774 1835 1866 1805 1744 1653 1561 1470
316A Acap  197007011 1439 1439 1470 1500 1500 1470 1439 1378 1256 1195 1073 1073
316A Acap  197007012 1134 1256 1378 1500 1683 1774 1835 1835 1805 1744 1622 1531
316A Acap  197007021 1439 1378 1409 1470 1470 1500 1500 1439 1348 1256 1195 1165
316A Acap  197007022 1134 1195 1287 1409 1592 1714 1805 1835 1866 1805 1714 1653
316A Acap  197007031 1561 1470 1439 1409 1409 1439 1439 1439 1378 1317 1226 1165
316A Acap  197007032 1104 1134 1195 1317 1409 1561 1683 1744 1774 1774 1744 1683
316A Acap  197007041 1592 1531 1470 1409 1378 1378 1378 1409 1378 1348 1287 1226
316A Acap  197007042 1165 1134 1165 1195 1287 1409 1500 1592 1683 1744 1744 1714
316A Acap  197007051 1622 1531 1439 1378 1317 1317 1287 1317 1348 1378 1348 1287
316A Acap  197007052 1256 1226 1195 1195 1256 1317 1439 1531 1622 1714 1774 1744
316A Acap  197007061 1683 1622 1531 1409 1317 1317 1287 1317 1348 1378 1409 1409
316A Acap  197007062 1378 1378 1317 1287 1317 1317 1439 1531 1622 1714 1774 1805
316A Acap  197007071 1774 1714 1622 1500 1409 1378 1348 1317 1348 1378 1439 1470
316A Acap  197007072 1470 1439 1409 1348 1348 1317 1378 1439 1500 1592 1683 1744
316A Acap  197007081 1744 1714 1653 1531 1439 1348 1287 1256 1256 1317 1409 1470
316A Acap  197007082 1531 1561 1531 1470 1409 1348 1348 1378 1439 1531 1592 1683
316A Acap  197007091 1714 1744 1683 1592 1500 1409 1317 1287 1287 1348 1409 1500
316A Acap  197007092 1561 1592 1592 1531 1470 1409 1378 1378 1378 1439 1531 1622
316A Acap  197007101 1683 1683 1653 1561 1470 1348 1226 1165 1165 1226 1317 1409
316A Acap  197007102 1531 1592 1622 1592 1500 1409 1348 1317 1317 1348 1409 1500
316A Acap  197007111 1561 1592 1561 1531 1409 1317 1226 1134 1134 1195 1256 1378
316A Acap  197007112 1500 1592 1683 1653 1622 1500 1409 1317 1287 1287 1317 1409
316A Acap  197007121 1500 1531 1531 1500 1470 1348 1226 1165 1104 1134 1256 1348
316A Acap  197007122 1470 1622 1683 1744 1683 1622 1531 1439 1378 1348 1378 1409
316A Acap  197007131 1439 1500 1531 1500 1439 1317 1226 1134 1073 1043 1134 1226
316A Acap  197007132 1378 1561 1683 1714 1744 1714 1622 1561 1439 1409 1348 1378
316A Acap  197007141 1409 1439 1470 1439 1378 1287 1256 1134 1073 1043 1073 1165
316A Acap  197007142 1317 1470 1592 1714 1714 1714 1653 1592 1470 1439 1378 1378
316A Acap  197007151 1378 1378 1439 1409 1378 1317 1195 1134 1043 1012 1012 1073
316A Acap  197007152 1195 1409 1531 1683 1774 1774 1774 1683 1622 1531 1470 1439
316A Acap  197007161 1409 1439 1439 1470 1439 1409 1317 1195 1104 1043 1012 1073
316A Acap  197007162 1165 1317 1470 1622 1744 1805 1835 1805 1714 1622 1592 1531
316A Acap  197007171 1470 1531 1531 1561 1531 1500 1439 1317 1195 1134 1073 1043
316A Acap  197007172 1134 1287 1409 1561 1683 1805 1896 1866 1805 1744 1683 1622
316A Acap  197007181 1592 1592 1592 1592 1561 1531 1500 1409 1287 1165 1104 1073
316A Acap  197007182 1073 1134 1256 1439 1592 1714 1805 1835 1835 1774 1714 1592
316A Acap  197007191 1531 1500 1500 1500 1500 1500 1470 1409 1348 1256 1165 1073
316A Acap  197007192 1073 1073 1134 1226 1378 1531 1653 1744 1774 1774 1744 1653
316A Acap  197007201 1561 1470 1439 1409 1439 1439 1439 1470 1439 1409 1317 1226
316A Acap  197007202 1165 1104 1073 1134 1226 1409 1531 1653 1714 1774 1774 1714
316A Acap  197007211 1592 1470 1378 1287 1287 1317 1378 1378 1470 1500 1500 1470
316A Acap  197007212 1348 1287 1226 1195 1226 1287 1409 1531 1622 1714 1774 1744
316A Acap  197007221 1714 1561 1409 1317 1256 1226 1256 1317 1409 1500 1592 1622
316A Acap  197007222 1592 1531 1470 1348 1256 1287 1348 1439 1500 1622 1714 1774
316A Acap  197007231 1774 1714 1531 1439 1317 1256 1256 1287 1378 1500 1653 1714
316A Acap  197007232 1774 1774 1683 1592 1470 1409 1348 1378 1409 1470 1561 1683
316A Acap  197007241 1714 1714 1622 1500 1348 1226 1165 1134 1226 1348 1500 1653
316A Acap  197007242 1774 1835 1835 1774 1653 1500 1409 1348 1348 1409 1500 1622
316A Acap  197007251 1683 1714 1683 1561 1409 1287 1165 1073 1104 1195 1348 1500
316A Acap  197007252 1683 1805 1866 1866 1805 1714 1561 1409 1378 1348 1409 1500
316A Acap  197007261 1561 1683 1683 1622 1561 1409 1226 1165 1104 1134 1287 1470
316A Acap  197007262 1622 1805 1927 1988 1927 1805 1714 1531 1409 1348 1409 1439
316A Acap  197007271 1531 1622 1683 1683 1622 1500 1348 1226 1073 1073 1134 1256
316A Acap  197007272 1409 1622 1774 1927 1957 1896 1774 1622 1470 1378 1348 1409
316A Acap  197007281 1470 1561 1622 1653 1592 1531 1378 1226 1104 1012 1012 1134
316A Acap  197007282 1287 1470 1653 1805 1896 1896 1835 1714 1622 1470 1378 1378
316A Acap  197007291 1409 1470 1561 1592 1592 1561 1439 1287 1195 1104 1043 1073
316A Acap  197007292 1195 1378 1531 1683 1835 1866 1866 1774 1714 1592 1500 1470
316A Acap  197007301 1470 1470 1531 1561 1561 1561 1470 1348 1226 1134 1104 1073
316A Acap  197007302 1165 1317 1409 1561 1683 1774 1835 1774 1744 1683 1592 1500
316A Acap  197007311 1470 1500 1500 1531 1531 1531 1500 1439 1348 1256 1195 1134
316A Acap  197007312 1165 1256 1378 1500 1622 1683 1774 1774 1744 1683 1622 1561
316A Acap  197008011 1500 1470 1439 1470 1470 1470 1439 1409 1348 1287 1195 1165
316A Acap  197008012 1165 1195 1256 1378 1500 1592 1683 1744 1683 1714 1622 1561
316A Acap  197008021 1500 1439 1470 1409 1409 1439 1439 1409 1348 1317 1287 1226
316A Acap  197008022 1195 1226 1226 1287 1348 1439 1592 1622 1653 1683 1622 1592
316A Acap  197008031 1561 1500 1439 1409 1378 1409 1409 1409 1409 1378 1348 1317
316A Acap  197008032 1317 1287 1256 1317 1348 1439 1500 1531 1622 1683 1683 1683
316A Acap  197008041 1653 1561 1500 1439 1409 1409 1409 1409 1409 1470 1470 1470
316A Acap  197008042 1439 1439 1378 1378 1378 1439 1470 1531 1592 1653 1683 1714
316A Acap  197008051 1683 1653 1592 1531 1439 1409 1378 1409 1409 1439 1531 1561
316A Acap  197008052 1561 1531 1500 1470 1439 1409 1409 1470 1531 1561 1622 1683
316A Acap  197008061 1744 1683 1592 1470 1409 1378 1317 1348 1378 1439 1500 1561
316A Acap  197008062 1592 1592 1561 1470 1409 1378 1378 1378 1409 1500 1561 1592
316A Acap  197008071 1622 1622 1561 1500 1378 1317 1287 1287 1287 1378 1470 1531
316A Acap  197008072 1561 1622 1622 1561 1470 1409 1439 1348 1378 1439 1500 1561
316A Acap  197008081 1592 1592 1531 1439 1378 1226 1134 1165 1226 1317 1409 1531
316A Acap  197008082 1622 1683 1683 1622 1500 1439 1348 1317 1348 1409 1439 1500
316A Acap  197008091 1561 1561 1561 1470 1378 1256 1195 1165 1195 1287 1409 1561
316A Acap  197008092 1683 1744 1774 1744 1653 1500 1409 1348 1287 1287 1348 1439
316A Acap  197008101 1500 1531 1500 1470 1378 1226 1134 1104 1104 1165 1256 1409
316A Acap  197008102 1531 1683 1744 1744 1714 1622 1500 1348 1317 1287 1317 1378
316A Acap  197008111 1439 1500 1531 1439 1378 1256 1134 1043 1043 1073 1134 1287
316A Acap  197008112 1439 1592 1683 1774 1744 1653 1531 1409 1348 1256 1287 1287
316A Acap  197008121 1348 1439 1409 1439 1348 1256 1134 1012  952  982 1043 1195
316A Acap  197008122 1348 1561 1714 1774 1774 1714 1622 1500 1409 1348 1317 1348
316A Acap  197008131 1409 1470 1500 1500 1409 1287 1165 1043  952  921  982 1104
316A Acap  197008132 1256 1439 1592 1744 1774 1774 1683 1592 1500 1378 1348 1378
316A Acap  197008141 1409 1470 1531 1531 1500 1439 1256 1104  982  921  982 1043
316A Acap  197008142 1195 1378 1561 1714 1774 1805 1774 1683 1561 1500 1439 1409
316A Acap  197008151 1470 1500 1531 1561 1500 1470 1348 1226 1134 1043  982 1012
316A Acap  197008152 1104 1256 1409 1561 1683 1744 1744 1744 1653 1561 1531 1470
316A Acap  197008161 1439 1500 1561 1592 1561 1531 1470 1378 1256 1134 1073 1043
316A Acap  197008162 1073 1165 1256 1409 1531 1622 1714 1714 1683 1592 1531 1470
316A Acap  197008171 1439 1409 1439 1470 1561 1592 1561 1500 1439 1348 1287 1165
316A Acap  197008172 1134 1165 1226 1287 1439 1592 1683 1744 1774 1683 1592 1500
316A Acap  197008181 1439 1378 1348 1378 1409 1439 1531 1592 1561 1500 1439 1317
316A Acap  197008182 1317 1256 1226 1287 1348 1439 1561 1622 1653 1683 1622 1531
316A Acap  197008191 1470 1378 1287 1317 1317 1378 1470 1561 1592 1622 1653 1592
316A Acap  197008192 1531 1439 1378 1287 1317 1378 1439 1561 1622 1683 1744 1714
316A Acap  197008201 1592 1500 1378 1317 1256 1256 1317 1409 1531 1622 1714 1744
316A Acap  197008202 1714 1622 1531 1409 1317 1287 1348 1409 1500 1592 1653 1744
316A Acap  197008211 1683 1561 1439 1256 1165 1104 1134 1226 1378 1531 1683 1805
316A Acap  197008212 1835 1835 1744 1592 1439 1317 1226 1226 1317 1439 1592 1683
316A Acap  197008221 1714 1622 1531 1378 1195 1073 1012 1073 1165 1348 1561 1744
316A Acap  197008222 1896 1957 1896 1774 1592 1439 1287 1195 1195 1287 1409 1592
316A Acap  197008231 1683 1683 1622 1470 1287 1165 1012  982 1043 1165 1378 1561
316A Acap  197008232 1774 1896 1927 1866 1714 1531 1378 1256 1134 1226 1287 1439
316A Acap  197008241 1561 1653 1683 1592 1439 1256 1134 1012  982 1043 1195 1439
316A Acap  197008242 1622 1805 1896 1927 1835 1683 1531 1348 1226 1226 1256 1348
316A Acap  197008251 1470 1622 1683 1622 1500 1348 1226 1073  982 1012 1104 1256
316A Acap  197008252 1470 1653 1835 1896 1896 1774 1622 1500 1348 1256 1287 1317
316A Acap  197008261 1409 1531 1622 1622 1561 1470 1317 1134  982  952 1012 1134
316A Acap  197008262 1317 1470 1683 1805 1835 1805 1744 1561 1439 1348 1317 1317
316A Acap  197008271 1378 1470 1561 1622 1592 1439 1348 1226 1104 1012 1012 1073
316A Acap  197008272 1256 1409 1592 1744 1805 1805 1744 1653 1561 1439 1378 1348
316A Acap  197008281 1409 1470 1561 1561 1592 1531 1439 1378 1226 1073 1043 1134
316A Acap  197008282 1195 1317 1470 1592 1744 1774 1744 1714 1683 1561 1500 1470
316A Acap  197008291 1439 1500 1531 1561 1561 1531 1439 1348 1256 1165 1165 1134
316A Acap  197008292 1195 1317 1409 1531 1622 1683 1744 1683 1653 1592 1531 1470
316A Acap  197008301 1439 1470 1470 1500 1531 1531 1531 1500 1409 1348 1287 1256
316A Acap  197008302 1256 1317 1409 1592 1622 1683 1714 1683 1653 1592 1561 1561
316A Acap  197008311 1561 1531 1531 1592 1592 1592 1592 1592 1561 1531 1470 1470
316A Acap  197008312 1439 1439 1470 1531 1561 1622 1683 1744 1714 1653 1653 1622
316A Acap  197009011 1592 1531 1500 1500 1500 1531 1561 1561 1531 1531 1531 1470
316A Acap  197009012 1439 1409 1439 1470 1500 1500 1561 1592 1653 1653 1653 1622
316A Acap  197009021 1592 1531 1500 1470 1439 1470 1500 1500 1531 1561 1561 1531
316A Acap  197009022 1500 1439 1409 1348 1317 1348 1378 1409 1439 1500 1531 1531
316A Acap  197009031 1531 1470 1409 1287 1256 1256 1287 1348 1409 1500 1531 1531
316A Acap  197009032 1500 1470 1409 1317 1287 1256 1287 1348 1378 1470 1470 1500
316A Acap  197009041 1500 1470 1409 1317 1256 1256 1256 1317 1409 1470 1561 1592
316A Acap  197009042 1622 1592 1531 1439 1348 1317 1287 1287 1287 1348 1439 1470
316A Acap  197009051 1500 1470 1409 1348 1256 1195 1195 1226 1287 1409 1531 1592
316A Acap  197009052 1622 1622 1592 1500 1378 1287 1256 1256 1256 1317 1409 1470
316A Acap  197009061 1531 1500 1470 1409 1287 1256 1226 1226 1317 1439 1561 1683
316A Acap  197009062 1774 1805 1774 1714 1592 1439 1378 1348 1317 1348 1409 1500
316A Acap  197009071 1531 1531 1500 1439 1317 1256 1165 1165 1226 1317 1470 1653
316A Acap  197009072 1774 1805 1805 1774 1653 1531 1439 1378 1317 1348 1409 1439
316A Acap  197009081 1500 1531 1500 1470 1348 1256 1165 1134 1165 1287 1439 1592
316A Acap  197009082 1744 1835 1866 1835 1744 1622 1500 1378 1317 1317 1348 1439
316A Acap  197009091 1500 1531 1531 1470 1378 1256 1134 1073 1073 1134 1256 1439
316A Acap  197009092 1622 1805 1866 1866 1805 1683 1531 1409 1348 1348 1378 1409
316A Acap  197009101 1500 1592 1592 1561 1470 1287 1195 1104 1073 1104 1256 1409
316A Acap  197009102 1592 1774 1866 1896 1835 1744 1622 1500 1439 1409 1409 1439
316A Acap  197009111 1531 1592 1622 1622 1531 1409 1287 1134 1073 1073 1134 1256
316A Acap  197009112 1470 1683 1805 1866 1866 1805 1683 1561 1470 1378 1409 1439
316A Acap  197009121 1500 1561 1622 1622 1592 1470 1348 1226 1104 1043 1104 1226
316A Acap  197009122 1348 1531 1714 1805 1835 1866 1805 1683 1592 1500 1470 1500
316A Acap  197009131 1561 1653 1714 1744 1714 1653 1531 1409 1287 1226 1195 1256
316A Acap  197009132 1348 1531 1683 1805 1866 1896 1835 1774 1622 1531 1500 1470
316A Acap  197009141 1500 1561 1653 1714 1744 1714 1653 1531 1439 1348 1287 1287
316A Acap  197009142 1317 1439 1500 1622 1714 1774 1774 1744 1653 1561 1531 1500
316A Acap  197009151 1500 1500 1561 1653 1683 1714 1714 1714 1622 1561 1470 1409
316A Acap  197009152 1409 1409 1470 1531 1592 1653 1653 1683 1653 1561 1500 1439
316A Acap  197009161 1409 1439 1439 1470 1531 1622 1653 1714 1683 1683 1622 1592
316A Acap  197009162 1561 1531 1470 1470 1470 1500 1531 1592 1622 1592 1561 1500
316A Acap  197009171 1409 1378 1348 1317 1378 1439 1500 1622 1683 1744 1744 1714
316A Acap  197009172 1653 1561 1470 1409 1378 1378 1409 1439 1500 1561 1531 1500
316A Acap  197009181 1439 1317 1256 1226 1195 1287 1378 1500 1653 1774 1866 1896
316A Acap  197009182 1835 1714 1592 1439 1348 1317 1317 1348 1409 1531 1561 1561
316A Acap  197009191 1531 1439 1317 1226 1104 1104 1165 1317 1439 1653 1805 1896
316A Acap  197009192 1927 1896 1744 1592 1409 1287 1226 1226 1287 1409 1531 1592
316A Acap  197009201 1592 1531 1439 1287 1134 1012 1012 1104 1256 1470 1683 1866
316A Acap  197009202 1927 1927 1835 1683 1500 1317 1226 1165 1226 1317 1439 1561
316A Acap  197009211 1653 1622 1531 1409 1226 1073 1012 1012 1104 1317 1500 1714
316A Acap  197009212 1866 1927 1896 1805 1653 1470 1348 1226 1226 1256 1409 1531
316A Acap  197009221 1622 1653 1622 1531 1378 1226 1104 1043 1073 1195 1378 1561
316A Acap  197009222 1744 1896 1927 1866 1744 1592 1409 1287 1256 1287 1378 1470
316A Acap  197009231 1592 1653 1653 1592 1470 1287 1165 1073 1073 1134 1256 1470
316A Acap  197009232 1653 1835 1927 1927 1866 1744 1597 1463 1373 1348 1378 1439
316A Acap  197009241 1531 1622 1683 1653 1592 1439 1287 1134 1073 1104 1226 1348
316A Acap  197009242 1531 1714 1805 1866 1866 1774 1622 1470 1378 1317 1348 1409
316A Acap  197009251 1500 1622 1683 1683 1622 1561 1470 1348 1256 1195 1226 1348
316A Acap  197009252 1500 1622 1744 1835 1835 1805 1774 1653 1561 1500 1470 1500
316A Acap  197009261 1531 1592 1714 1744 1714 1653 1561 1470 1378 1317 1317 1378
316A Acap  197009262 1439 1561 1683 1774 1805 1805 1744 1622 1561 1500 1470 1500
316A Acap  197009271 1500 1561 1592 1653 1653 1622 1592 1500 1439 1348 1348 1378
316A Acap  197009272 1439 1531 1622 1683 1714 1714 1714 1653 1561 1531 1470 1470
316A Acap  197009281 1470 1500 1531 1561 1592 1592 1561 1531 1500 1470 1378 1348
316A Acap  197009282 1378 1439 1531 1592 1653 1653 1653 1592 1561 1500 1470 1470
316A Acap  197009291 1470 1470 1500 1531 1561 1561 1561 1561 1500 1470 1439 1439
316A Acap  197009292 1409 1439 1470 1500 1531 1531 1531 1531 1500 1470 1439 1409
316A Acap  197009301 1409 1409 1439 1470 1500 1531 1561 1592 1561 1561 1531 1500
316A Acap  197009302 1470 1439 1409 1409 1409 1439 1439 1470 1470 1470 1470 1439
316A Acap  197010011 1409 1409 1378 1378 1378 1439 1500 1531 1561 1592 1592 1592
316A Acap  197010012 1561 1500 1439 1378 1348 1317 1317 1348 1409 1439 1439 1439
316A Acap  197010021 1439 1409 1348 1317 1317 1348 1378 1470 1531 1622 1653 1653
316A Acap  197010022 1653 1592 1470 1409 1317 1287 1256 1256 1317 1378 1409 1409
316A Acap  197010031 1409 1348 1287 1226 1226 1226 1256 1348 1470 1561 1683 1714
316A Acap  197010032 1683 1653 1531 1439 1317 1226 1195 1195 1256 1317 1378 1409
316A Acap  197010041 1409 1378 1287 1195 1165 1165 1195 1256 1378 1531 1653 1744
316A Acap  197010042 1744 1744 1622 1500 1378 1256 1226 1195 1226 1287 1378 1439
316A Acap  197010051 1439 1409 1348 1226 1165 1104 1104 1195 1317 1470 1653 1744
316A Acap  197010052 1805 1774 1714 1592 1439 1348 1256 1226 1226 1287 1378 1439
316A Acap  197010061 1439 1439 1378 1287 1195 1165 1134 1195 1287 1439 1592 1744
316A Acap  197010062 1835 1896 1835 1714 1592 1439 1348 1287 1287 1317 1378 1439
316A Acap  197010071 1500 1500 1439 1348 1256 1134 1104 1134 1195 1317 1500 1653
316A Acap  197010072 1774 1866 1896 1805 1683 1531 1409 1348 1317 1317 1378 1439
316A Acap  197010081 1500 1531 1500 1439 1256 1165 1073 1043 1073 1165 1348 1531
316A Acap  197010082 1653 1774 1835 1805 1714 1561 1439 1317 1287 1317 1348 1439
316A Acap  197010091 1500 1561 1531 1470 1378 1256 1165 1104 1104 1165 1256 1439
316A Acap  197010092 1592 1744 1805 1805 1774 1653 1500 1439 1348 1317 1378 1439
316A Acap  197010101 1561 1592 1622 1592 1470 1317 1195 1104 1043 1104 1195 1317
316A Acap  197010102 1470 1653 1744 1774 1744 1653 1500 1409 1317 1287 1317 1378
316A Acap  197010111 1470 1561 1622 1622 1531 1439 1317 1195 1134 1104 1134 1226
316A Acap  197010112 1348 1500 1592 1683 1683 1622 1531 1409 1287 1256 1256 1317
316A Acap  197010121 1409 1470 1592 1622 1653 1592 1500 1378 1287 1226 1195 1226
316A Acap  197010122 1287 1409 1500 1561 1592 1561 1500 1409 1317 1256 1195 1195
316A Acap  197010131 1287 1378 1470 1561 1592 1622 1592 1531 1439 1348 1287 1256
316A Acap  197010132 1256 1287 1378 1439 1500 1531 1500 1439 1348 1256 1165 1134
316A Acap  197010141 1134 1195 1287 1378 1500 1561 1622 1653 1592 1531 1439 1378
316A Acap  197010142 1317 1317 1317 1348 1378 1409 1439 1439 1409 1317 1287 1195
316A Acap  197010151 1134 1134 1195 1256 1378 1500 1592 1683 1714 1683 1622 1561
316A Acap  197010152 1439 1348 1287 1287 1287 1317 1348 1378 1409 1378 1317 1256
316A Acap  197010161 1195 1165 1165 1195 1287 1378 1500 1622 1714 1774 1774 1714
316A Acap  197010162 1622 1500 1378 1287 1256 1226 1256 1348 1409 1439 1439 1409
316A Acap  197010171 1348 1256 1165 1104 1134 1226 1348 1470 1653 1774 1866 1866
316A Acap  197010172 1805 1683 1531 1378 1256 1195 1195 1256 1287 1409 1470 1470
316A Acap  197010181 1439 1317 1226 1104 1043 1073 1164 1306 1480 1653 1805 1896
316A Acap  197010182 1896 1805 1622 1439 1287 1165 1134 1165 1256 1378 1439 1531
316A Acap  197010191 1531 1470 1348 1195 1073 1043 1043 1165 1348 1500 1744 1896
316A Acap  197010192 1957 1927 1805 1622 1439 1287 1195 1165 1226 1317 1439 1531
316A Acap  197010201 1592 1561 1470 1348 1195 1073 1073 1104 1226 1378 1592 1774
316A Acap  197010202 1896 1957 1896 1744 1561 1378 1256 1195 1195 1287 1409 1531
316A Acap  197010211 1622 1653 1592 1470 1317 1195 1073 1073 1134 1317 1470 1683
316A Acap  197010212 1835 1927 1896 1805 1653 1470 1317 1256 1226 1287 1378 1500
316A Acap  197010221 1592 1653 1653 1561 1409 1256 1165 1104 1104 1226 1378 1561
316A Acap  197010222 1714 1835 1896 1835 1714 1561 1439 1317 1256 1287 1378 1470
316A Acap  197010231 1561 1622 1653 1622 1531 1378 1256 1195 1165 1226 1348 1470
316A Acap  197010232 1622 1744 1805 1805 1744 1622 1470 1348 1287 1256 1317 1409
316A Acap  197010241 1500 1622 1653 1653 1592 1500 1378 1287 1226 1256 1317 1439
316A Acap  197010242 1561 1683 1774 1774 1744 1653 1531 1439 1348 1317 1348 1409
316A Acap  197010251 1500 1592 1653 1683 1653 1561 1470 1378 1317 1287 1317 1409
316A Acap  197010252 1500 1622 1653 1683 1669 1615 1531 1409 1317 1287 1287 1348
316A Acap  197010261 1409 1500 1561 1622 1622 1592 1531 1439 1378 1317 1317 1348
316A Acap  197010262 1409 1470 1561 1592 1592 1592 1500 1409 1378 1287 1256 1287
316A Acap  197010271 1348 1409 1500 1561 1592 1592 1561 1531 1470 1409 1378 1378
316A Acap  197010272 1409 1409 1439 1470 1500 1470 1439 1409 1348 1287 1256 1287
316A Acap  197010281 1287 1348 1439 1470 1531 1561 1561 1531 1470 1439 1439 1409
316A Acap  197010282 1409 1409 1470 1439 1470 1439 1409 1378 1348 1317 1317 1317
316A Acap  197010291 1317 1348 1409 1470 1531 1561 1622 1653 1622 1592 1592 1561
316A Acap  197010292 1500 1500 1470 1470 1470 1439 1439 1409 1409 1378 1378 1378
316A Acap  197010301 1378 1378 1409 1470 1531 1592 1622 1683 1714 1714 1714 1683
316A Acap  197010302 1653 1622 1561 1500 1439 1409 1378 1378 1378 1378 1378 1378
316A Acap  197010311 1378 1348 1348 1409 1439 1500 1561 1622 1714 1744 1744 1744
316A Acap  197010312 1683 1622 1531 1439 1409 1378 1317 1317 1348 1378 1378 1378
316A Acap  197011011 1348 1287 1256 1256 1287 1348 1439 1592 1683 1744 1805 1774
316A Acap  197011012 1744 1683 1561 1470 1378 1348 1287 1287 1348 1378 1378 1378
316A Acap  197011021 1378 1348 1287 1256 1256 1287 1317 1439 1561 1683 1774 1805
316A Acap  197011022 1805 1744 1653 1500 1348 1287 1256 1256 1287 1317 1378 1378
316A Acap  197011031 1348 1317 1256 1165 1134 1134 1165 1256 1409 1561 1714 1774
316A Acap  197011032 1805 1774 1653 1500 1378 1287 1226 1195 1226 1287 1317 1378
316A Acap  197011041 1378 1348 1287 1195 1134 1073 1073 1165 1287 1470 1622 1744
316A Acap  197011042 1805 1805 1744 1622 1470 1348 1256 1195 1195 1287 1378 1439
316A Acap  197011051 1439 1439 1378 1287 1165 1073 1043 1073 1165 1317 1470 1622
316A Acap  197011052 1744 1805 1744 1653 1500 1348 1226 1165 1165 1226 1317 1409
316A Acap  197011061 1500 1500 1470 1378 1256 1165 1073 1043 1104 1226 1378 1592
316A Acap  197011062 1714 1805 1805 1714 1592 1409 1287 1195 1165 1226 1317 1409
316A Acap  197011071 1531 1561 1561 1500 1378 1256 1134 1104 1104 1226 1378 1531
316A Acap  197011072 1714 1774 1805 1744 1622 1500 1348 1287 1226 1256 1317 1439
316A Acap  197011081 1561 1653 1653 1622 1531 1409 1287 1195 1165 1195 1287 1409
316A Acap  197011082 1561 1683 1714 1714 1622 1500 1348 1226 1165 1165 1226 1348
316A Acap  197011091 1500 1592 1683 1683 1653 1592 1470 1348 1287 1287 1317 1409
316A Acap  197011092 1531 1653 1714 1714 1683 1592 1439 1317 1226 1195 1226 1287
316A Acap  197011101 1439 1561 1683 1744 1774 1714 1653 1531 1439 1348 1348 1348
316A Acap  197011102 1439 1531 1622 1653 1622 1561 1470 1348 1226 1165 1165 1195
316A Acap  197011111 1317 1470 1622 1714 1774 1805 1774 1683 1622 1531 1470 1439
316A Acap  197011112 1439 1470 1531 1531 1531 1500 1470 1378 1287 1165 1134 1104
316A Acap  197011121 1134 1256 1378 1500 1653 1714 1774 1774 1714 1653 1561 1470
316A Acap  197011122 1378 1378 1378 1409 1439 1439 1439 1378 1317 1256 1165 1104
316A Acap  197011131 1073 1104 1165 1287 1439 1561 1714 1774 1805 1774 1683 1592
316A Acap  197011132 1470 1378 1317 1256 1287 1317 1348 1348 1317 1317 1256 1165
316A Acap  197011141 1104 1073 1043 1134 1256 1409 1531 1683 1774 1774 1774 1683
316A Acap  197011142 1561 1439 1317 1226 1226 1226 1256 1317 1348 1378 1348 1287
316A Acap  197011151 1195 1104 1043 1043 1134 1256 1378 1531 1653 1774 1835 1774
316A Acap  197011152 1683 1561 1409 1256 1165 1134 1134 1226 1287 1348 1378 1348
316A Acap  197011161 1256 1184 1105 1057 1061 1120 1229 1376 1537 1683 1774 1805
316A Acap  197011162 1774 1622 1500 1317 1195 1104 1104 1165 1226 1287 1378 1409
316A Acap  197011171 1378 1317 1219 1122 1061 1055 1107 1212 1356 1510 1645 1731
316A Acap  197011172 1744 1694 1583 1435 1283 1164 1101 1102 1160 1256 1348 1409
316A Acap  197011181 1409 1348 1256 1195 1104 1043 1043 1104 1195 1287 1409 1561
316A Acap  197011182 1683 1744 1683 1561 1348 1195 1073 1012 1043 1165 1287 1409
316A Acap  197011191 1470 1470 1409 1317 1195 1073 1012 1012 1104 1226 1409 1561
316A Acap  197011192 1683 1744 1714 1622 1439 1287 1134 1043 1043 1073 1195 1317
316A Acap  197011201 1439 1500 1500 1409 1287 1165 1073 1043 1043 1134 1287 1439
316A Acap  197011202 1592 1683 1683 1622 1470 1317 1165 1043 1012 1073 1195 1317
316A Acap  197011211 1439 1500 1531 1500 1378 1287 1165 1104 1104 1165 1256 1409
316A Acap  197011212 1531 1622 1653 1622 1531 1378 1256 1165 1073 1104 1165 1287
316A Acap  197011221 1409 1500 1561 1561 1500 1409 1317 1195 1134 1134 1226 1317
316A Acap  197011222 1439 1531 1561 1561 1500 1409 1287 1195 1104 1073 1134 1195
316A Acap  197011231 1317 1439 1531 1561 1561 1500 1409 1287 1195 1195 1195 1256
316A Acap  197011232 1348 1439 1500 1531 1470 1378 1287 1165 1104 1073 1104 1134
316A Acap  197011241 1256 1378 1470 1561 1561 1531 1470 1409 1287 1256 1226 1256
316A Acap  197011242 1317 1378 1409 1409 1409 1348 1287 1195 1134 1073 1073 1104
316A Acap  197011251 1195 1317 1439 1500 1561 1561 1531 1470 1409 1348 1317 1287
316A Acap  197011252 1287 1348 1378 1409 1378 1348 1287 1195 1165 1104 1104 1134
316A Acap  197011261 1165 1256 1378 1470 1531 1592 1592 1561 1531 1470 1409 1378
316A Acap  197011262 1348 1348 1378 1348 1317 1317 1256 1226 1165 1134 1104 1104
316A Acap  197011271 1134 1226 1287 1378 1470 1561 1592 1592 1561 1531 1470 1439
316A Acap  197011272 1378 1348 1317 1287 1287 1256 1256 1226 1165 1134 1104 1104
316A Acap  197011281 1134 1165 1226 1287 1409 1500 1561 1622 1622 1592 1561 1500
316A Acap  197011282 1439 1378 1348 1348 1317 1317 1287 1287 1226 1195 1165 1134
316A Acap  197011291 1104 1134 1165 1256 1378 1470 1531 1622 1683 1683 1653 1592
316A Acap  197011292 1531 1409 1348 1287 1256 1226 1226 1226 1226 1195 1165 1134
316A Acap  197011301 1073 1073 1073 1104 1165 1287 1378 1500 1622 1683 1683 1622
316A Acap  197011302 1561 1470 1378 1287 1226 1195 1165 1195 1226 1226 1226 1195
316A Acap  197012011 1134 1134 1073 1073 1134 1226 1348 1470 1592 1683 1744 1714
316A Acap  197012012 1683 1592 1470 1348 1256 1195 1165 1165 1226 1226 1287 1256
316A Acap  197012021 1226 1165 1104 1043 1043 1073 1165 1287 1439 1592 1683 1744
316A Acap  197012022 1683 1653 1500 1378 1256 1165 1134 1165 1165 1226 1287 1317
316A Acap  197012031 1287 1226 1165 1043 1012 1012 1073 1165 1317 1470 1592 1683
316A Acap  197012032 1714 1622 1531 1409 1287 1195 1134 1104 1134 1226 1317 1348
316A Acap  197012041 1378 1378 1287 1195 1104 1012 1012 1073 1226 1348 1531 1653
316A Acap  197012042 1714 1714 1653 1531 1378 1226 1134 1104 1134 1226 1287 1439
316A Acap  197012051 1531 1531 1470 1378 1256 1165 1073 1073 1165 1287 1439 1561
316A Acap  197012052 1683 1714 1683 1561 1409 1256 1134 1043 1073 1104 1256 1378
316A Acap  197012061 1500 1592 1531 1500 1409 1256 1165 1134 1134 1195 1317 1470
316A Acap  197012062 1561 1622 1622 1561 1439 1287 1134 1043 1043 1073 1165 1317
316A Acap  197012071 1470 1561 1622 1622 1561 1470 1348 1226 1165 1165 1226 1348
316A Acap  197012072 1470 1561 1592 1561 1439 1317 1165 1043  982  982 1043 1165
316A Acap  197012081 1348 1500 1622 1653 1653 1592 1470 1348 1256 1165 1165 1226
316A Acap  197012082 1287 1378 1470 1470 1409 1348 1195 1073  982  921  952 1043
316A Acap  197012091 1165 1348 1500 1622 1653 1683 1592 1531 1409 1287 1256 1226
316A Acap  197012092 1226 1287 1348 1409 1378 1348 1256 1134 1043  952  921  921
316A Acap  197012101 1043 1195 1348 1500 1622 1683 1683 1622 1500 1409 1317 1256
316A Acap  197012102 1226 1256 1317 1348 1348 1317 1287 1226 1104 1012  921  921
316A Acap  197012111  952 1043 1226 1409 1531 1653 1714 1683 1653 1531 1439 1348
316A Acap  197012112 1256 1226 1256 1287 1317 1317 1287 1256 1195 1104 1012  952
316A Acap  197012121  921  982 1104 1256 1409 1531 1653 1744 1714 1683 1561 1439
316A Acap  197012122 1348 1256 1226 1226 1256 1287 1287 1287 1226 1165 1073 1043
316A Acap  197012131  982  952 1012 1104 1226 1409 1561 1653 1714 1683 1653 1561
316A Acap  197012132 1439 1348 1256 1195 1195 1256 1256 1256 1317 1317 1256 1165
316A Acap  197012141 1073 1043 1012 1043 1134 1256 1378 1531 1653 1714 1714 1653
316A Acap  197012142 1592 1439 1287 1195 1165 1165 1165 1195 1256 1317 1287 1256
316A Acap  197012151 1165 1104 1012 1012 1012 1104 1226 1348 1500 1653 1683 1714
316A Acap  197012152 1683 1561 1409 1256 1165 1104 1073 1134 1195 1256 1317 1348
316A Acap  197012161 1287 1256 1165 1104 1073 1104 1195 1287 1409 1561 1683 1714
316A Acap  197012162 1744 1683 1561 1439 1287 1195 1134 1165 1226 1287 1348 1409
316A Acap  197012171 1409 1378 1287 1226 1134 1104 1104 1195 1317 1470 1592 1653
316A Acap  197012172 1714 1683 1561 1439 1256 1134 1043 1012 1073 1165 1287 1378
316A Acap  197012181 1439 1439 1378 1287 1226 1104 1104 1134 1195 1348 1470 1561
316A Acap  197012182 1653 1653 1622 1500 1348 1226 1134 1104 1104 1165 1287 1378
316A Acap  197012191 1470 1500 1500 1439 1348 1256 1165 1134 1165 1256 1378 1470
316A Acap  197012192 1592 1653 1592 1531 1409 1287 1165 1073 1043 1104 1195 1287
316A Acap  197012201 1378 1470 1500 1470 1409 1287 1195 1165 1165 1195 1287 1409
316A Acap  197012202 1500 1561 1531 1500 1378 1256 1104 1043 1012 1043 1104 1256
316A Acap  197012211 1378 1470 1531 1531 1500 1409 1287 1226 1165 1165 1226 1287
316A Acap  197012212 1378 1439 1500 1470 1378 1287 1165 1073 1012 1012 1073 1195
316A Acap  197012221 1317 1439 1531 1561 1531 1470 1378 1287 1226 1226 1226 1226
316A Acap  197012222 1317 1378 1439 1439 1378 1287 1195 1104 1012 1012 1043 1104
316A Acap  197012231 1226 1378 1470 1561 1592 1531 1470 1348 1287 1226 1226 1226
316A Acap  197012232 1287 1348 1409 1409 1348 1287 1195 1104 1012  982 1012 1104
316A Acap  197012241 1165 1317 1439 1531 1592 1592 1531 1470 1378 1348 1287 1256
316A Acap  197012242 1287 1317 1348 1317 1287 1256 1165 1073 1012  982  982 1012
316A Acap  197012251 1134 1226 1378 1470 1561 1561 1561 1531 1470 1409 1348 1317
316A Acap  197012252 1287 1317 1317 1317 1348 1226 1165 1073 1012  982  952  982
316A Acap  197012261 1073 1195 1317 1439 1531 1622 1592 1592 1500 1439 1348 1317
316A Acap  197012262 1287 1317 1317 1317 1256 1256 1165 1165 1043 1012  952  982
316A Acap  197012271  982 1104 1226 1348 1439 1531 1622 1622 1592 1531 1470 1409
316A Acap  197012272 1378 1348 1317 1317 1287 1256 1226 1165 1104 1043  982  952
316A Acap  197012281  952 1012 1104 1195 1317 1409 1561 1592 1592 1592 1531 1470
316A Acap  197012282 1409 1348 1317 1287 1256 1226 1195 1165 1134 1073 1043 1012
316A Acap  197012291 1012  982 1043 1134 1256 1348 1439 1531 1622 1622 1622 1561
316A Acap  197012292 1470 1409 1317 1256 1226 1226 1226 1226 1226 1195 1134 1073
316A Acap  197012301 1073 1043 1012 1012 1104 1226 1348 1470 1561 1653 1653 1622
316A Acap  197012302 1592 1470 1378 1287 1226 1195 1226 1256 1287 1287 1287 1256
316A Acap  197012311 1195 1165 1134 1073 1104 1134 1256 1348 1470 1592 1653 1683
316A Acap  197012312 1653 1531 1409 1287 1195 1165 1134 1165 1256 1317 1348 1378
