316A Acapulco           Mexico              1954 16504N 099547W 0000 3 00000R MM
316A Acap  195401011 1158 1280 1402 1524 1585 1646 1615 1554 1494 1402 1341 1311
316A Acap  195401012 1311 1311 1341 1341 1311 1250 1189 1128 1036 1006 1006 1036
316A Acap  195401021 1128 1250 1341 1494 1585 1615 1615 1585 1524 1463 1372 1341
316A Acap  195401022 1311 1341 1341 1341 1311 1250 1189 1128 1067  975  945  975
316A Acap  195401031 1036 1097 1219 1341 1463 1554 1585 1585 1554 1494 1433 1372
316A Acap  195401032 1341 1311 1311 1311 1280 1250 1189 1128 1067 1006  975  945
316A Acap  195401041  975 1036 1128 1250 1372 1463 1585 1615 1615 1585 1554 1494
316A Acap  195401042 1463 1433 1402 1372 1341 1311 1280 1250 1189 1158 1097 1067
316A Acap  195401051 1097 1128 1189 1280 1372 1463 1524 1585 1615 1615 1585 1524
316A Acap  195401052 1463 1402 1341 1311 1280 1280 1250 1250 1219 1189 1128 1097
316A Acap  195401061 1067 1067 1097 1158 1250 1341 1463 1524 1585 1615 1615 1554
316A Acap  195401062 1524 1463 1372 1311 1280 1250 1219 1219 1250 1250 1219 1189
316A Acap  195401071 1158 1128 1097 1128 1158 1250 1311 1402 1494 1554 1585 1585
316A Acap  195401072 1554 1494 1402 1280 1219 1189 1189 1219 1250 1280 1311 1280
316A Acap  195401081 1280 1219 1158 1128 1128 1158 1219 1311 1402 1524 1585 1615
316A Acap  195401082 1615 1554 1463 1341 1250 1189 1158 1219 1250 1311 1372 1433
316A Acap  195401091 1433 1402 1341 1280 1219 1189 1189 1250 1341 1433 1524 1615
316A Acap  195401092 1646 1585 1494 1341 1219 1128 1067 1128 1219 1311 1402 1524
316A Acap  195401101 1554 1585 1524 1433 1341 1250 1219 1219 1250 1341 1463 1554
316A Acap  195401102 1585 1585 1494 1341 1219 1097 1036 1006 1097 1189 1341 1463
316A Acap  195401111 1585 1646 1646 1554 1433 1280 1189 1158 1189 1250 1341 1433
316A Acap  195401112 1524 1585 1554 1433 1280 1128 1006  945  975 1097 1219 1402
316A Acap  195401121 1554 1676 1707 1676 1585 1463 1341 1250 1219 1219 1280 1372
316A Acap  195401122 1463 1524 1524 1463 1311 1158 1006  914  914  975 1097 1280
316A Acap  195401131 1463 1646 1737 1798 1737 1615 1463 1341 1250 1219 1250 1341
316A Acap  195401132 1402 1494 1524 1494 1402 1250 1097  975  914  914 1006 1158
316A Acap  195401141 1341 1554 1707 1798 1829 1768 1646 1494 1372 1250 1219 1280
316A Acap  195401142 1341 1433 1494 1524 1494 1372 1219 1067  945  884  884 1006
316A Acap  195401151 1158 1372 1554 1707 1798 1798 1707 1585 1463 1311 1250 1250
316A Acap  195401152 1311 1402 1463 1494 1494 1463 1341 1189 1036  945  914  975
316A Acap  195401161 1097 1250 1463 1646 1768 1798 1798 1707 1585 1463 1341 1280
316A Acap  195401162 1280 1341 1402 1433 1463 1433 1341 1219 1097  975  884  853
316A Acap  195401171  945 1067 1250 1433 1585 1676 1737 1707 1646 1494 1402 1311
316A Acap  195401172 1250 1250 1280 1341 1372 1402 1372 1280 1189 1097 1006  945
316A Acap  195401181  975 1036 1128 1280 1433 1554 1615 1646 1646 1554 1463 1372
316A Acap  195401182 1311 1250 1250 1250 1280 1311 1311 1311 1280 1189 1097 1036
316A Acap  195401191  975  975 1036 1128 1250 1372 1494 1554 1615 1615 1554 1463
316A Acap  195401192 1372 1280 1219 1189 1189 1219 1280 1311 1311 1280 1219 1158
316A Acap  195401201 1097 1036 1036 1067 1158 1250 1372 1463 1554 1585 1585 1524
316A Acap  195401202 1463 1372 1280 1219 1158 1158 1189 1219 1280 1311 1311 1280
316A Acap  195401211 1219 1189 1128 1097 1128 1158 1250 1341 1463 1524 1585 1585
316A Acap  195401212 1554 1494 1402 1280 1189 1128 1128 1189 1250 1341 1402 1433
316A Acap  195401221 1402 1372 1280 1219 1158 1128 1158 1250 1341 1433 1554 1585
316A Acap  195401222 1585 1554 1463 1341 1219 1097 1067 1097 1158 1250 1372 1463
316A Acap  195401231 1463 1433 1372 1280 1189 1158 1128 1158 1219 1341 1402 1494
316A Acap  195401232 1524 1524 1463 1341 1219 1097 1036 1036 1097 1219 1341 1433
316A Acap  195401241 1524 1554 1494 1433 1311 1189 1128 1128 1158 1250 1341 1463
316A Acap  195401242 1524 1554 1494 1402 1280 1128 1006  975 1036 1128 1280 1433
316A Acap  195401251 1554 1615 1585 1524 1402 1280 1219 1158 1158 1189 1280 1341
316A Acap  195401252 1463 1524 1494 1433 1280 1158 1036  975  975 1067 1189 1311
316A Acap  195401261 1463 1585 1646 1615 1524 1402 1280 1158 1128 1128 1219 1311
316A Acap  195401262 1402 1494 1524 1463 1372 1219 1097 1006  975 1036 1128 1280
316A Acap  195401271 1463 1615 1676 1646 1585 1463 1341 1250 1158 1158 1219 1280
316A Acap  195401272 1341 1402 1463 1402 1341 1219 1097 1036  975 1006 1067 1219
316A Acap  195401281 1372 1524 1615 1646 1615 1554 1433 1280 1128 1036 1066 1136
316A Acap  195401282 1231 1324 1388 1402 1372 1250 1158 1036  975  975 1036 1158
316A Acap  195401291 1280 1433 1585 1676 1676 1646 1524 1402 1311 1250 1219 1250
316A Acap  195401292 1311 1372 1433 1433 1372 1280 1158 1067  975  945  975 1067
316A Acap  195401301 1219 1372 1524 1646 1707 1676 1615 1524 1402 1311 1250 1250
316A Acap  195401302 1280 1341 1402 1402 1372 1280 1189 1067  975  945  945 1036
316A Acap  195401311 1158 1311 1463 1585 1676 1676 1646 1554 1463 1372 1341 1311
316A Acap  195401312 1341 1372 1433 1433 1402 1341 1250 1158 1067 1036 1006 1067
316A Acap  195402011 1158 1280 1433 1554 1646 1707 1707 1676 1585 1524 1463 1402
316A Acap  195402012 1402 1402 1433 1463 1433 1402 1341 1250 1158 1067 1036 1036
316A Acap  195402021 1097 1189 1311 1463 1585 1646 1707 1707 1646 1585 1494 1433
316A Acap  195402022 1402 1402 1433 1433 1433 1402 1372 1311 1250 1189 1128 1097
316A Acap  195402031 1128 1158 1280 1372 1463 1554 1615 1676 1646 1615 1554 1494
316A Acap  195402032 1433 1402 1402 1402 1402 1372 1372 1341 1311 1280 1250 1219
316A Acap  195402041 1189 1189 1219 1311 1372 1463 1524 1615 1646 1646 1585 1524
316A Acap  195402042 1463 1433 1372 1372 1372 1372 1372 1402 1402 1402 1372 1341
316A Acap  195402051 1280 1250 1250 1250 1311 1372 1463 1524 1585 1646 1646 1585
316A Acap  195402052 1524 1463 1372 1311 1280 1311 1341 1402 1433 1494 1494 1494
316A Acap  195402061 1433 1402 1341 1280 1280 1280 1341 1402 1463 1554 1585 1615
316A Acap  195402062 1554 1463 1372 1280 1219 1189 1189 1280 1372 1463 1554 1615
316A Acap  195402071 1615 1585 1494 1402 1311 1250 1250 1280 1372 1463 1554 1585
316A Acap  195402072 1554 1524 1433 1280 1158 1097 1067 1128 1219 1372 1494 1615
316A Acap  195402081 1707 1707 1646 1524 1372 1250 1189 1219 1250 1311 1402 1494
316A Acap  195402082 1524 1524 1433 1311 1128 1006  945  975 1067 1219 1372 1554
316A Acap  195402091 1676 1768 1737 1646 1524 1341 1189 1097 1097 1158 1280 1372
316A Acap  195402092 1463 1524 1494 1372 1219 1036  914  853  914 1067 1250 1433
316A Acap  195402101 1646 1737 1798 1737 1615 1463 1280 1158 1097 1128 1219 1341
316A Acap  195402102 1463 1554 1585 1494 1341 1158  975  853  823  914 1067 1311
316A Acap  195402111 1524 1707 1859 1859 1798 1646 1433 1280 1158 1097 1158 1250
316A Acap  195402112 1372 1494 1554 1554 1433 1250 1067  914  823  853  975 1158
316A Acap  195402121 1402 1615 1798 1890 1859 1768 1615 1433 1280 1189 1158 1250
316A Acap  195402122 1341 1463 1554 1585 1524 1372 1219 1036  914  853  914 1036
316A Acap  195402131 1250 1433 1615 1737 1798 1768 1646 1494 1341 1219 1128 1158
316A Acap  195402132 1250 1341 1433 1494 1463 1402 1250 1097  945  823  823  884
316A Acap  195402141 1036 1219 1433 1615 1707 1737 1676 1554 1402 1280 1189 1189
316A Acap  195402142 1219 1341 1402 1463 1494 1433 1341 1219 1097  945  884  914
316A Acap  195402151 1006 1158 1280 1463 1585 1676 1676 1585 1494 1402 1311 1219
316A Acap  195402152 1219 1250 1311 1372 1433 1433 1372 1280 1189 1097 1006 1006
316A Acap  195402161 1036 1097 1219 1341 1463 1554 1615 1585 1524 1433 1341 1280
316A Acap  195402162 1250 1250 1280 1311 1341 1372 1372 1341 1280 1219 1128 1067
316A Acap  195402171 1067 1067 1128 1219 1311 1402 1494 1554 1524 1494 1433 1372
316A Acap  195402172 1311 1280 1250 1250 1280 1280 1341 1341 1341 1311 1280 1219
316A Acap  195402181 1158 1128 1158 1189 1250 1341 1311 1433 1463 1463 1433 1372
316A Acap  195402182 1341 1280 1250 1219 1219 1219 1250 1280 1341 1372 1372 1341
316A Acap  195402191 1280 1250 1189 1158 1189 1219 1280 1341 1402 1433 1463 1433
316A Acap  195402192 1372 1311 1250 1158 1128 1097 1158 1219 1280 1372 1433 1433
316A Acap  195402201 1433 1372 1311 1219 1189 1158 1189 1219 1280 1341 1402 1402
316A Acap  195402202 1402 1372 1311 1189 1097 1067 1067 1128 1219 1311 1402 1463
316A Acap  195402211 1494 1494 1402 1311 1219 1158 1128 1128 1158 1250 1311 1372
316A Acap  195402212 1402 1372 1311 1219 1128 1036 1006 1036 1097 1189 1341 1433
316A Acap  195402221 1524 1524 1494 1402 1280 1158 1097 1097 1097 1158 1250 1311
316A Acap  195402222 1372 1372 1341 1250 1128 1006  945  975 1036 1158 1280 1402
316A Acap  195402231 1494 1524 1524 1433 1341 1189 1097 1036 1036 1067 1128 1219
316A Acap  195402232 1311 1341 1341 1280 1158 1036  975  914  975 1067 1189 1341
316A Acap  195402241 1463 1585 1585 1554 1433 1311 1189 1097 1067 1097 1128 1219
316A Acap  195402242 1311 1372 1402 1311 1219 1097  975  914  945 1006 1128 1280
316A Acap  195402251 1463 1585 1646 1615 1524 1372 1250 1128 1067 1097 1128 1219
316A Acap  195402252 1280 1372 1372 1341 1250 1128 1006  914  914  975 1067 1219
316A Acap  195402261 1402 1554 1646 1646 1554 1463 1341 1189 1097 1067 1128 1158
316A Acap  195402262 1250 1341 1372 1341 1250 1128 1036  914  884  884 1006 1158
316A Acap  195402271 1311 1494 1615 1646 1646 1524 1402 1280 1189 1128 1128 1189
316A Acap  195402272 1250 1311 1341 1341 1280 1158 1036  914  853  853  945 1067
316A Acap  195402281 1250 1402 1554 1615 1615 1554 1463 1341 1219 1158 1158 1189
316A Acap  195402282 1250 1341 1372 1372 1311 1219 1128 1006  914  884  945 1036
316A Acap  195403011 1189 1341 1494 1585 1615 1585 1524 1402 1280 1219 1189 1219
316A Acap  195403012 1280 1341 1372 1402 1341 1250 1128 1006  914  853  884  945
316A Acap  195403021 1067 1219 1372 1494 1524 1524 1463 1372 1280 1189 1158 1158
316A Acap  195403022 1189 1250 1280 1341 1311 1250 1158 1067  945  884  853  884
316A Acap  195403031  975 1067 1189 1311 1402 1402 1402 1311 1250 1158 1128 1128
316A Acap  195403032 1128 1189 1219 1280 1280 1280 1219 1128 1067 1006  945  945
316A Acap  195403041  975 1036 1128 1219 1311 1372 1372 1341 1311 1219 1158 1097
316A Acap  195403042 1067 1097 1158 1189 1250 1280 1250 1250 1189 1128 1097 1036
316A Acap  195403051 1036 1067 1097 1158 1219 1280 1311 1311 1311 1250 1189 1158
316A Acap  195403052 1097 1067 1097 1128 1189 1250 1280 1311 1311 1280 1250 1219
316A Acap  195403061 1158 1128 1097 1097 1128 1189 1219 1250 1280 1280 1219 1189
316A Acap  195403062 1128 1067 1036 1006 1036 1097 1158 1250 1311 1372 1402 1372
316A Acap  195403071 1341 1250 1158 1097 1036 1067 1067 1128 1189 1250 1250 1219
316A Acap  195403072 1158 1097 1036  945  914  975 1036 1128 1280 1402 1494 1554
316A Acap  195403081 1524 1494 1372 1219 1097 1036 1036 1067 1128 1219 1280 1311
316A Acap  195403082 1311 1219 1128 1006  914  884  914 1006 1189 1341 1494 1615
316A Acap  195403091 1676 1646 1524 1372 1219 1067  975  975 1006 1128 1219 1311
316A Acap  195403092 1341 1311 1219 1067  914  792  732  792  945 1128 1341 1554
316A Acap  195403101 1676 1737 1676 1524 1341 1128 1006  914  914 1006 1128 1250
316A Acap  195403102 1341 1372 1311 1158 1006  853  732  701  792  945 1158 1402
316A Acap  195403111 1585 1707 1737 1646 1463 1280 1128 1006  945 1006 1097 1250
316A Acap  195403112 1372 1433 1433 1311 1158  975  823  701  701  853 1036 1280
316A Acap  195403121 1494 1646 1737 1707 1585 1402 1219 1067  945  945 1006 1128
316A Acap  195403122 1250 1372 1402 1372 1250 1067  853  732  671  701  853 1036
316A Acap  195403131 1250 1463 1585 1646 1554 1433 1280 1097  975  914  945 1097
316A Acap  195403132 1128 1250 1341 1372 1280 1158  975  823  671  671  732  914
316A Acap  195403141 1097 1311 1463 1554 1554 1494 1372 1219 1067  975  975 1006
316A Acap  195403142 1097 1189 1311 1372 1341 1250 1097  945  823  762  762  884
316A Acap  195403151 1006 1189 1311 1433 1494 1494 1402 1280 1158 1067 1006 1006
316A Acap  195403152 1067 1158 1250 1311 1341 1311 1219 1097  975  884  853  884
316A Acap  195403161  975 1097 1219 1341 1372 1402 1372 1280 1189 1097 1067 1036
316A Acap  195403162 1067 1128 1189 1280 1311 1311 1280 1189 1097 1006  975  945
316A Acap  195403171 1006 1067 1158 1250 1311 1341 1341 1311 1219 1158 1097 1067
316A Acap  195403172 1067 1067 1128 1158 1219 1250 1250 1219 1158 1128 1067 1067
316A Acap  195403181 1067 1067 1128 1158 1219 1250 1250 1250 1219 1189 1158 1128
316A Acap  195403182 1097 1097 1097 1128 1158 1189 1219 1250 1250 1219 1189 1158
316A Acap  195403191 1128 1128 1128 1128 1158 1158 1189 1219 1219 1219 1189 1158
316A Acap  195403192 1158 1128 1097 1097 1128 1158 1189 1250 1280 1280 1280 1250
316A Acap  195403201 1219 1189 1128 1097 1097 1067 1097 1128 1158 1158 1189 1189
316A Acap  195403202 1158 1128 1097 1067 1036 1067 1097 1158 1219 1280 1341 1341
316A Acap  195403211 1311 1250 1189 1097 1067 1036 1036 1067 1097 1158 1189 1189
316A Acap  195403212 1189 1189 1128 1067 1036 1036 1097 1128 1219 1311 1372 1433
316A Acap  195403221 1433 1372 1311 1219 1128 1067 1006 1006 1036 1097 1158 1189
316A Acap  195403222 1219 1189 1128 1067 1006  975 1006 1067 1158 1250 1372 1463
316A Acap  195403231 1494 1463 1402 1280 1158 1036 1006  975  975 1036 1128 1189
316A Acap  195403232 1219 1219 1158 1097 1006  945  945  975 1097 1219 1341 1463
316A Acap  195403241 1524 1524 1463 1372 1250 1097  975  945  945 1006 1067 1158
316A Acap  195403242 1219 1219 1189 1097 1006  914  884  884  975 1097 1250 1372
316A Acap  195403251 1494 1554 1524 1402 1280 1158 1036  975  945  975 1036 1128
316A Acap  195403252 1189 1219 1219 1128 1036  914  853  853  914 1036 1158 1311
316A Acap  195403261 1433 1524 1554 1463 1341 1219 1067  975  945  975 1006 1097
316A Acap  195403262 1189 1219 1219 1158 1067  975  884  853  853  945 1067 1250
316A Acap  195403271 1402 1524 1554 1524 1433 1311 1158 1036  975  975 1036 1097
316A Acap  195403272 1189 1250 1250 1219 1128 1036  945  853  884  945 1067 1219
316A Acap  195403281 1372 1524 1585 1585 1494 1372 1250 1128 1006 1006 1067 1128
316A Acap  195403282 1219 1280 1311 1250 1189 1067  945  884  823  884  975 1128
316A Acap  195403291 1280 1433 1524 1554 1494 1402 1280 1158 1067 1036 1036 1128
316A Acap  195403292 1189 1280 1311 1311 1250 1158 1036  914  853  853  945 1067
316A Acap  195403301 1189 1341 1433 1494 1524 1433 1311 1219 1097 1067 1067 1097
316A Acap  195403302 1189 1250 1311 1341 1280 1219 1128 1006  945  945 1006 1097
316A Acap  195403311 1219 1311 1433 1524 1554 1494 1402 1280 1219 1128 1097 1128
316A Acap  195403312 1189 1280 1341 1402 1433 1402 1311 1219 1097 1036 1006 1036
316A Acap  195404011 1128 1219 1311 1402 1433 1402 1372 1280 1158 1097 1036 1036
316A Acap  195404012 1097 1189 1280 1372 1402 1433 1402 1311 1219 1158 1097 1067
316A Acap  195404021 1067 1128 1189 1250 1280 1311 1280 1250 1158 1097 1067 1036
316A Acap  195404022 1036 1067 1158 1219 1311 1372 1402 1402 1372 1311 1280 1219
316A Acap  195404031 1189 1158 1158 1189 1219 1250 1250 1219 1189 1128 1067 1036
316A Acap  195404032 1006 1006 1036 1128 1219 1280 1372 1433 1494 1494 1433 1402
316A Acap  195404041 1311 1250 1158 1128 1128 1158 1189 1219 1219 1219 1158 1128
316A Acap  195404042 1067 1006  975 1006 1067 1158 1280 1372 1524 1585 1585 1554
316A Acap  195404051 1494 1372 1250 1158 1097 1097 1097 1128 1189 1219 1219 1219
316A Acap  195404052 1128 1036  975  945  945 1006 1128 1280 1433 1585 1676 1707
316A Acap  195404061 1676 1554 1402 1219 1097 1067 1067 1097 1158 1250 1311 1341
316A Acap  195404062 1280 1189 1067  945  914  884  975 1097 1311 1524 1676 1798
316A Acap  195404071 1829 1737 1615 1433 1250 1097 1036 1067 1128 1250 1341 1433
316A Acap  195404072 1402 1341 1189 1067  914  853  884  975 1158 1341 1554 1737
316A Acap  195404081 1829 1829 1707 1524 1341 1158 1067 1006 1067 1158 1280 1402
316A Acap  195404082 1463 1433 1341 1189 1036  884  823  853 1006 1158 1372 1585
316A Acap  195404091 1768 1829 1768 1676 1463 1280 1097 1006  975 1067 1189 1311
316A Acap  195404092 1433 1494 1433 1311 1158 1006  853  823  853 1006 1189 1402
316A Acap  195404101 1615 1768 1798 1707 1554 1402 1219 1067 1006 1006 1128 1250
316A Acap  195404102 1372 1494 1524 1463 1311 1158 1006  884  853  914 1067 1280
316A Acap  195404111 1494 1646 1737 1737 1646 1494 1311 1128 1036 1006 1097 1189
316A Acap  195404112 1311 1463 1524 1524 1463 1311 1158 1036  914  914 1006 1158
316A Acap  195404121 1341 1524 1646 1676 1646 1524 1372 1219 1097 1036 1067 1128
316A Acap  195404122 1250 1372 1463 1524 1494 1433 1311 1189 1036  975 1006 1067
316A Acap  195404131 1219 1341 1494 1554 1585 1554 1433 1311 1158 1097 1067 1097
316A Acap  195404132 1158 1280 1372 1463 1494 1494 1433 1311 1219 1158 1097 1128
316A Acap  195404141 1219 1311 1402 1494 1524 1524 1433 1341 1219 1128 1097 1097
316A Acap  195404142 1189 1280 1372 1433 1494 1494 1463 1433 1341 1280 1219 1189
316A Acap  195404151 1250 1280 1341 1402 1433 1433 1402 1341 1280 1189 1158 1158
316A Acap  195404152 1158 1219 1311 1372 1433 1463 1494 1433 1372 1311 1280 1250
316A Acap  195404161 1250 1250 1280 1311 1341 1341 1311 1280 1250 1189 1158 1158
316A Acap  195404162 1158 1250 1280 1341 1402 1433 1433 1433 1433 1402 1372 1341
316A Acap  195404171 1311 1280 1280 1280 1280 1280 1250 1250 1250 1219 1219 1189
316A Acap  195404172 1189 1189 1219 1280 1341 1372 1433 1463 1494 1494 1494 1463
316A Acap  195404181 1433 1372 1341 1280 1250 1250 1250 1250 1250 1250 1250 1250
316A Acap  195404182 1219 1189 1158 1158 1189 1219 1280 1341 1402 1463 1524 1494
316A Acap  195404191 1463 1372 1311 1280 1219 1189 1158 1158 1189 1250 1280 1280
316A Acap  195404192 1250 1189 1158 1158 1189 1250 1311 1402 1494 1554 1585 1615
316A Acap  195404201 1585 1494 1402 1311 1219 1189 1158 1158 1158 1219 1250 1250
316A Acap  195404202 1250 1219 1158 1128 1128 1189 1250 1341 1433 1524 1585 1646
316A Acap  195404211 1676 1646 1585 1524 1433 1341 1250 1189 1158 1189 1250 1280
316A Acap  195404212 1311 1311 1280 1250 1189 1189 1219 1280 1402 1524 1615 1707
316A Acap  195404221 1737 1737 1646 1524 1402 1280 1189 1158 1158 1219 1250 1311
316A Acap  195404222 1341 1341 1311 1219 1158 1128 1128 1189 1280 1402 1524 1646
316A Acap  195404231 1707 1737 1646 1554 1433 1311 1219 1158 1128 1158 1219 1311
316A Acap  195404232 1341 1341 1311 1250 1158 1097 1097 1128 1189 1311 1433 1585
316A Acap  195404241 1676 1737 1676 1585 1463 1311 1189 1128 1097 1128 1219 1280
316A Acap  195404242 1341 1372 1341 1280 1189 1097 1036 1036 1128 1219 1372 1524
316A Acap  195404251 1615 1676 1676 1615 1494 1372 1250 1158 1128 1128 1158 1280
316A Acap  195404252 1341 1372 1372 1311 1250 1158 1097 1067 1067 1158 1280 1402
316A Acap  195404261 1554 1646 1707 1646 1524 1402 1280 1158 1097 1128 1189 1250
316A Acap  195404262 1341 1402 1433 1372 1311 1219 1128 1036 1036 1067 1189 1311
316A Acap  195404271 1463 1585 1646 1646 1554 1433 1311 1189 1097 1097 1158 1219
316A Acap  195404272 1341 1433 1494 1494 1433 1311 1219 1128 1067 1067 1158 1250
316A Acap  195404281 1402 1524 1615 1646 1554 1463 1341 1219 1128 1097 1128 1189
316A Acap  195404282 1311 1402 1494 1524 1494 1433 1341 1250 1158 1128 1158 1219
316A Acap  195404291 1341 1433 1524 1554 1524 1463 1341 1219 1128 1067 1067 1097
316A Acap  195404292 1189 1341 1433 1524 1554 1524 1463 1372 1280 1189 1189 1219
316A Acap  195404301 1280 1341 1433 1494 1463 1433 1341 1219 1097 1036  975 1036
316A Acap  195404302 1097 1219 1372 1463 1554 1554 1554 1494 1402 1280 1219 1189
316A Acap  195405011 1158 1189 1250 1280 1311 1341 1280 1219 1097 1006  945  945
316A Acap  195405012  975 1036 1219 1372 1494 1585 1615 1615 1554 1463 1372 1311
316A Acap  195405021 1219 1189 1219 1250 1280 1341 1341 1311 1219 1128 1036  975
316A Acap  195405022  945  975 1036 1158 1311 1463 1585 1676 1707 1646 1585 1463
316A Acap  195405031 1372 1280 1219 1189 1189 1219 1250 1250 1219 1189 1097 1036
316A Acap  195405032  945  914  914 1006 1128 1250 1433 1585 1707 1737 1707 1615
316A Acap  195405041 1494 1341 1219 1128 1097 1097 1128 1189 1250 1250 1219 1158
316A Acap  195405042 1067  975  914  914  975 1067 1219 1402 1585 1707 1768 1737
316A Acap  195405051 1646 1494 1311 1158 1067 1036 1067 1097 1189 1280 1311 1280
316A Acap  195405052 1189 1067  975  884  823  914 1036 1189 1372 1554 1707 1798
316A Acap  195405061 1768 1646 1494 1311 1128 1036 1006 1036 1128 1219 1311 1372
316A Acap  195405062 1372 1280 1128  975  884  853  914 1036 1219 1433 1615 1768
316A Acap  195405071 1829 1768 1615 1433 1250 1097 1006  975 1036 1189 1280 1402
316A Acap  195405072 1463 1433 1341 1189 1067  914  884  945 1067 1250 1433 1615
316A Acap  195405081 1737 1768 1676 1524 1341 1158 1006  914  945 1036 1189 1311
316A Acap  195405082 1433 1463 1433 1341 1189 1067  945  914  975 1128 1311 1494
316A Acap  195405091 1646 1737 1737 1646 1494 1341 1158 1036 1006 1036 1128 1280
316A Acap  195405092 1402 1494 1524 1463 1341 1189 1097 1006 1006 1067 1189 1341
316A Acap  195405101 1524 1646 1707 1646 1524 1402 1219 1067  975  975 1067 1189
316A Acap  195405102 1311 1463 1524 1554 1494 1402 1280 1158 1067 1097 1158 1280
316A Acap  195405111 1463 1554 1646 1646 1585 1494 1341 1219 1097 1067 1128 1219
316A Acap  195405112 1341 1463 1554 1615 1585 1524 1433 1311 1250 1219 1219 1311
316A Acap  195405121 1402 1524 1585 1615 1585 1494 1402 1250 1128 1067 1067 1128
316A Acap  195405122 1219 1341 1463 1524 1554 1554 1524 1433 1311 1250 1219 1250
316A Acap  195405131 1311 1402 1463 1494 1494 1463 1372 1280 1189 1097 1067 1097
316A Acap  195405132 1158 1250 1402 1494 1524 1554 1524 1433 1372 1280 1250 1280
316A Acap  195405141 1280 1341 1372 1402 1433 1402 1372 1280 1189 1128 1097 1097
316A Acap  195405142 1128 1219 1311 1402 1494 1554 1585 1554 1494 1402 1341 1311
316A Acap  195405151 1311 1311 1311 1341 1341 1341 1311 1250 1189 1128 1097 1097
316A Acap  195405152 1097 1158 1250 1341 1433 1494 1554 1554 1554 1494 1433 1402
316A Acap  195405161 1341 1311 1250 1250 1250 1219 1219 1189 1158 1128 1097 1097
316A Acap  195405162 1097 1097 1158 1250 1341 1402 1494 1554 1585 1585 1524 1494
316A Acap  195405171 1433 1341 1311 1280 1250 1250 1219 1189 1189 1158 1158 1158
316A Acap  195405172 1128 1128 1158 1219 1280 1402 1463 1524 1585 1615 1615 1585
316A Acap  195405181 1524 1463 1372 1311 1250 1219 1189 1189 1189 1189 1158 1158
316A Acap  195405182 1158 1158 1158 1158 1219 1280 1372 1463 1524 1585 1646 1615
316A Acap  195405191 1554 1494 1402 1311 1250 1189 1158 1158 1189 1189 1189 1189
316A Acap  195405192 1158 1158 1128 1128 1158 1189 1280 1402 1494 1585 1646 1676
316A Acap  195405201 1646 1585 1463 1372 1280 1189 1158 1158 1158 1189 1189 1189
316A Acap  195405202 1189 1158 1128 1128 1128 1158 1219 1311 1433 1524 1615 1676
316A Acap  195405211 1676 1615 1524 1402 1311 1219 1158 1128 1158 1189 1219 1250
316A Acap  195405212 1250 1219 1158 1128 1097 1097 1158 1219 1341 1463 1554 1646
316A Acap  195405221 1676 1646 1554 1463 1341 1219 1158 1128 1158 1189 1219 1280
316A Acap  195405222 1311 1311 1280 1189 1128 1097 1128 1189 1311 1402 1524 1646
316A Acap  195405231 1707 1707 1615 1524 1402 1280 1189 1158 1158 1189 1250 1311
316A Acap  195405232 1341 1372 1341 1280 1219 1158 1128 1158 1250 1311 1463 1554
316A Acap  195405241 1646 1676 1676 1554 1463 1341 1219 1158 1158 1189 1250 1341
316A Acap  195405242 1402 1433 1433 1372 1311 1219 1158 1158 1250 1341 1463 1554
316A Acap  195405251 1646 1707 1707 1646 1524 1402 1280 1219 1189 1250 1341 1433
316A Acap  195405252 1524 1585 1615 1554 1494 1402 1280 1189 1219 1311 1402 1494
316A Acap  195405261 1585 1646 1676 1646 1524 1402 1280 1219 1158 1158 1250 1372
316A Acap  195405262 1494 1585 1646 1646 1585 1463 1372 1280 1219 1219 1280 1372
316A Acap  195405271 1494 1585 1646 1646 1524 1433 1311 1189 1097 1097 1158 1250
316A Acap  195405272 1402 1524 1646 1707 1676 1615 1524 1402 1311 1250 1280 1341
316A Acap  195405281 1433 1524 1585 1585 1554 1463 1341 1219 1097 1067 1128 1250
316A Acap  195405282 1372 1494 1646 1768 1859 1920 1890 1798 1707 1615 1615 1676
316A Acap  195405291 1737 1798 1829 1798 1737 1646 1524 1433 1372 1402 1433 1585
316A Acap  195405292 1737 1920 2012 2042 2012 1920 1859 1798 1737 1676 1585 1524
316A Acap  195405301 1524 1524 1585 1585 1554 1524 1433 1311 1219 1097 1036 1036
316A Acap  195405302 1097 1219 1372 1524 1676 1798 1859 1859 1829 1737 1615 1524
316A Acap  195405311 1433 1402 1372 1402 1463 1463 1433 1372 1311 1219 1097 1036
316A Acap  195405312 1006 1036 1158 1280 1463 1585 1707 1798 1798 1737 1615 1524
316A Acap  195406011 1433 1311 1250 1280 1311 1372 1402 1402 1341 1250 1158 1067
316A Acap  195406012 1006  945 1006 1128 1280 1463 1615 1737 1829 1829 1768 1646
316A Acap  195406021 1524 1372 1280 1219 1189 1219 1250 1280 1311 1311 1250 1128
316A Acap  195406022 1036  945  914  945 1036 1189 1341 1524 1676 1768 1768 1737
316A Acap  195406031 1646 1494 1372 1219 1158 1158 1219 1280 1341 1372 1372 1311
316A Acap  195406032 1219 1097 1006  945 1006 1097 1250 1402 1585 1707 1798 1798
316A Acap  195406041 1737 1585 1402 1250 1128 1067 1067 1097 1189 1250 1311 1311
316A Acap  195406042 1280 1189 1067  975  914  945 1036 1189 1341 1524 1676 1768
316A Acap  195406051 1768 1676 1524 1341 1219 1097 1036 1067 1158 1280 1372 1433
316A Acap  195406052 1433 1402 1280 1158 1067 1006 1036 1097 1250 1402 1554 1676
316A Acap  195406061 1737 1707 1585 1433 1280 1128 1006 1006 1036 1128 1219 1341
316A Acap  195406062 1433 1433 1372 1280 1189 1097 1067 1097 1189 1311 1433 1585
316A Acap  195406071 1676 1676 1646 1524 1372 1219 1097 1006 1036 1097 1189 1311
316A Acap  195406072 1463 1554 1554 1463 1372 1250 1189 1128 1158 1250 1372 1494
316A Acap  195406081 1585 1676 1676 1585 1494 1341 1219 1128 1097 1128 1219 1341
316A Acap  195406082 1463 1615 1646 1646 1554 1463 1341 1250 1219 1280 1341 1433
316A Acap  195406091 1554 1646 1676 1646 1554 1402 1280 1158 1097 1097 1189 1280
316A Acap  195406092 1433 1554 1646 1676 1646 1585 1494 1372 1280 1280 1311 1372
316A Acap  195406101 1463 1554 1615 1615 1554 1463 1341 1219 1158 1128 1158 1280
316A Acap  195406102 1402 1554 1676 1737 1737 1676 1615 1494 1402 1372 1341 1402
316A Acap  195406111 1463 1524 1585 1615 1585 1524 1433 1311 1219 1158 1158 1250
316A Acap  195406112 1341 1463 1585 1676 1737 1737 1676 1585 1494 1402 1402 1402
316A Acap  195406121 1433 1463 1494 1494 1494 1463 1402 1311 1219 1189 1158 1189
316A Acap  195406122 1250 1372 1494 1615 1676 1707 1707 1646 1554 1494 1402 1372
316A Acap  195406131 1372 1402 1433 1433 1433 1402 1372 1280 1219 1158 1128 1128
316A Acap  195406132 1219 1311 1433 1524 1615 1646 1676 1646 1585 1524 1463 1433
316A Acap  195406141 1402 1402 1402 1402 1402 1372 1341 1280 1219 1158 1128 1097
316A Acap  195406142 1158 1219 1341 1433 1524 1585 1646 1646 1615 1585 1524 1463
316A Acap  195406151 1433 1402 1402 1402 1402 1372 1372 1311 1250 1189 1158 1158
316A Acap  195406152 1158 1219 1280 1372 1463 1554 1615 1676 1707 1676 1646 1585
316A Acap  195406161 1524 1463 1433 1402 1402 1372 1341 1311 1280 1219 1189 1158
316A Acap  195406162 1158 1158 1219 1280 1402 1494 1585 1646 1707 1707 1676 1646
316A Acap  195406171 1585 1494 1433 1372 1341 1311 1311 1280 1280 1250 1219 1189
316A Acap  195406172 1158 1128 1158 1189 1280 1372 1494 1585 1646 1707 1707 1676
316A Acap  195406181 1615 1524 1463 1402 1341 1341 1341 1311 1311 1311 1280 1250
316A Acap  195406182 1219 1219 1189 1189 1250 1311 1402 1524 1615 1676 1737 1737
316A Acap  195406191 1676 1615 1524 1402 1341 1311 1311 1311 1341 1372 1341 1341
316A Acap  195406192 1341 1311 1280 1250 1250 1280 1341 1463 1554 1646 1737 1768
316A Acap  195406201 1768 1707 1615 1494 1402 1341 1341 1311 1372 1402 1433 1463
316A Acap  195406202 1463 1433 1372 1341 1311 1311 1341 1402 1494 1585 1676 1768
316A Acap  195406211 1798 1737 1646 1554 1433 1341 1311 1311 1372 1433 1494 1524
316A Acap  195406212 1554 1585 1524 1463 1402 1341 1341 1402 1494 1585 1676 1768
316A Acap  195406221 1798 1798 1707 1615 1494 1372 1311 1311 1341 1433 1524 1585
316A Acap  195406222 1676 1707 1676 1615 1524 1433 1372 1372 1402 1494 1585 1676
316A Acap  195406231 1737 1737 1707 1615 1494 1372 1280 1250 1250 1341 1433 1524
316A Acap  195406232 1646 1737 1768 1707 1646 1524 1433 1402 1402 1433 1524 1615
316A Acap  195406241 1676 1707 1676 1615 1494 1372 1250 1189 1158 1189 1311 1433
316A Acap  195406242 1585 1707 1768 1768 1707 1615 1524 1402 1341 1341 1402 1463
316A Acap  195406251 1554 1615 1646 1615 1494 1372 1250 1128 1067 1097 1189 1341
316A Acap  195406252 1494 1646 1768 1859 1829 1768 1646 1524 1433 1402 1402 1433
316A Acap  195406261 1494 1554 1615 1615 1554 1433 1311 1158 1067 1036 1067 1189
316A Acap  195406262 1341 1554 1707 1829 1890 1859 1798 1646 1524 1433 1402 1402
316A Acap  195406271 1463 1524 1554 1585 1585 1524 1372 1219 1097 1006 1006 1067
316A Acap  195406272 1219 1433 1615 1768 1890 1920 1890 1798 1646 1524 1433 1402
316A Acap  195406281 1402 1433 1524 1554 1585 1554 1494 1311 1158 1036  975  975
316A Acap  195406282 1097 1250 1433 1646 1798 1890 1920 1890 1768 1646 1554 1463
316A Acap  195406291 1402 1433 1433 1494 1524 1554 1494 1433 1280 1158 1067  975
316A Acap  195406292 1006 1097 1280 1463 1615 1768 1890 1920 1859 1768 1676 1554
316A Acap  195406301 1463 1402 1402 1433 1433 1463 1494 1433 1372 1250 1128 1036
316A Acap  195406302 1006 1006 1097 1250 1433 1585 1737 1798 1859 1829 1737 1615
316A Acap  195407011 1524 1402 1341 1311 1341 1402 1433 1433 1433 1372 1280 1189
316A Acap  195407012 1097 1067 1097 1158 1311 1463 1615 1737 1829 1859 1859 1798
316A Acap  195407021 1676 1554 1433 1372 1341 1341 1402 1463 1494 1494 1463 1372
316A Acap  195407022 1311 1219 1189 1158 1219 1341 1463 1615 1737 1829 1890 1859
316A Acap  195407031 1768 1676 1554 1463 1341 1311 1341 1372 1433 1494 1554 1524
316A Acap  195407032 1494 1433 1341 1311 1280 1311 1402 1494 1615 1768 1798 1859
316A Acap  195407041 1798 1707 1585 1463 1341 1280 1280 1372 1372 1463 1554 1585
316A Acap  195407042 1615 1554 1494 1402 1341 1311 1341 1372 1494 1615 1737 1798
316A Acap  195407051 1829 1798 1707 1554 1433 1311 1250 1250 1311 1402 1524 1615
316A Acap  195407052 1707 1707 1646 1585 1494 1402 1372 1402 1463 1554 1646 1737
316A Acap  195407061 1768 1798 1737 1615 1494 1372 1280 1219 1250 1311 1463 1554
316A Acap  195407062 1646 1707 1737 1676 1615 1494 1433 1372 1372 1433 1524 1615
316A Acap  195407071 1676 1707 1707 1615 1494 1372 1280 1189 1189 1219 1341 1463
316A Acap  195407072 1585 1707 1768 1768 1707 1615 1494 1402 1372 1372 1433 1524
316A Acap  195407081 1585 1646 1676 1615 1524 1402 1280 1219 1158 1189 1280 1402
316A Acap  195407082 1554 1676 1768 1768 1737 1646 1554 1463 1402 1372 1433 1494
316A Acap  195407091 1554 1585 1615 1585 1524 1433 1341 1250 1158 1158 1250 1372
316A Acap  195407092 1494 1646 1737 1798 1798 1737 1646 1554 1463 1433 1433 1494
316A Acap  195407101 1524 1554 1585 1615 1554 1494 1402 1311 1250 1250 1280 1402
316A Acap  195407102 1554 1676 1829 1890 1890 1890 1798 1737 1646 1585 1524 1494
316A Acap  195407111 1524 1585 1615 1615 1585 1524 1463 1372 1280 1219 1250 1311
316A Acap  195407112 1433 1554 1676 1798 1859 1890 1859 1798 1707 1646 1585 1554
316A Acap  195407121 1585 1615 1676 1676 1646 1585 1524 1433 1341 1280 1250 1311
316A Acap  195407122 1372 1494 1615 1737 1829 1859 1859 1798 1737 1676 1615 1585
316A Acap  195407131 1554 1554 1554 1554 1524 1494 1402 1311 1250 1188 1158 1189
316A Acap  195407132 1250 1341 1494 1615 1707 1798 1829 1798 1737 1676 1615 1585
316A Acap  195407141 1554 1554 1585 1585 1554 1554 1494 1433 1341 1280 1250 1280
316A Acap  195407142 1341 1402 1494 1615 1737 1829 1890 1920 1859 1798 1768 1707
316A Acap  195407151 1676 1646 1646 1646 1615 1615 1554 1524 1433 1402 1372 1341
316A Acap  195407152 1341 1372 1433 1524 1615 1707 1768 1829 1829 1829 1798 1737
316A Acap  195407161 1707 1646 1615 1585 1554 1554 1524 1524 1494 1433 1372 1341
316A Acap  195407162 1311 1311 1372 1433 1494 1585 1676 1737 1798 1798 1768 1707
316A Acap  195407171 1615 1554 1494 1463 1463 1463 1463 1463 1463 1433 1372 1311
316A Acap  195407172 1311 1219 1189 1219 1311 1402 1494 1615 1676 1737 1737 1707
316A Acap  195407181 1646 1554 1494 1433 1402 1372 1402 1402 1433 1494 1494 1463
316A Acap  195407182 1402 1372 1311 1280 1311 1372 1433 1524 1615 1707 1737 1737
316A Acap  195407191 1676 1585 1494 1402 1311 1311 1311 1341 1402 1463 1524 1524
316A Acap  195407192 1494 1463 1372 1311 1250 1250 1311 1372 1463 1554 1615 1646
316A Acap  195407201 1615 1554 1463 1341 1250 1189 1219 1250 1341 1433 1524 1585
316A Acap  195407202 1615 1554 1524 1433 1341 1311 1280 1311 1402 1463 1585 1646
316A Acap  195407211 1676 1615 1554 1433 1280 1189 1128 1158 1219 1341 1494 1615
316A Acap  195407212 1676 1737 1707 1615 1494 1402 1341 1341 1372 1433 1494 1615
316A Acap  195407221 1676 1676 1615 1524 1402 1280 1189 1158 1189 1280 1433 1585
316A Acap  195407222 1707 1798 1829 1798 1707 1554 1463 1402 1372 1402 1494 1585
316A Acap  195407231 1676 1707 1707 1615 1494 1341 1219 1128 1128 1219 1341 1494
316A Acap  195407232 1646 1798 1890 1890 1829 1707 1585 1463 1402 1372 1402 1494
316A Acap  195407241 1585 1676 1676 1615 1524 1372 1219 1097 1036 1067 1189 1341
316A Acap  195407242 1554 1737 1859 1920 1920 1829 1707 1554 1402 1341 1311 1372
316A Acap  195407251 1463 1554 1615 1615 1554 1433 1280 1158 1036 1006 1036 1189
316A Acap  195407252 1372 1585 1737 1890 1951 1920 1829 1676 1554 1463 1402 1402
316A Acap  195407261 1463 1524 1615 1615 1585 1494 1311 1158 1006  945  945 1036
316A Acap  195407262 1219 1433 1585 1768 1859 1890 1859 1737 1615 1494 1433 1372
316A Acap  195407271 1402 1463 1494 1554 1585 1554 1433 1280 1128 1006  945  975
316A Acap  195407272 1067 1250 1402 1585 1737 1829 1829 1798 1707 1615 1524 1463
316A Acap  195407281 1463 1463 1524 1554 1615 1615 1524 1433 1280 1158 1067 1067
316A Acap  195407282 1036 1128 1311 1494 1615 1737 1829 1829 1768 1676 1585 1494
316A Acap  195407291 1433 1433 1433 1494 1524 1554 1554 1494 1402 1280 1158 1097
316A Acap  195407292 1067 1097 1189 1311 1463 1615 1707 1768 1768 1737 1646 1554
316A Acap  195407301 1494 1433 1402 1402 1433 1463 1494 1494 1463 1372 1311 1219
316A Acap  195407302 1158 1097 1097 1189 1280 1433 1554 1646 1737 1737 1707 1646
316A Acap  195407311 1554 1463 1372 1341 1341 1372 1433 1463 1494 1494 1433 1402
316A Acap  195407312 1341 1280 1250 1250 1280 1402 1494 1554 1646 1737 1737 1706
316A Acap  195408011 1646 1554 1463 1372 1341 1341 1341 1402 1463 1524 1554 1524
316A Acap  195408012 1494 1433 1341 1280 1280 1341 1402 1494 1585 1676 1737 1737
316A Acap  195408021 1676 1585 1494 1402 1311 1280 1280 1341 1433 1494 1585 1646
316A Acap  195408022 1615 1554 1494 1402 1311 1311 1341 1402 1463 1554 1615 1676
316A Acap  195408031 1676 1615 1494 1372 1280 1219 1189 1219 1311 1433 1554 1615
316A Acap  195408032 1646 1646 1585 1494 1372 1311 1311 1341 1372 1463 1554 1615
316A Acap  195408041 1676 1646 1554 1433 1280 1189 1128 1128 1219 1341 1463 1615
316A Acap  195408042 1707 1737 1707 1615 1494 1402 1341 1311 1341 1372 1463 1585
316A Acap  195408051 1646 1676 1615 1494 1372 1250 1128 1097 1128 1250 1402 1554
316A Acap  195408052 1646 1737 1768 1737 1646 1494 1372 1311 1280 1341 1402 1494
316A Acap  195408061 1585 1615 1615 1554 1463 1311 1189 1097 1097 1128 1250 1402
316A Acap  195408062 1554 1707 1768 1768 1676 1585 1463 1372 1311 1311 1341 1402
316A Acap  195408071 1494 1554 1585 1554 1463 1372 1219 1128 1067 1097 1189 1341
316A Acap  195408072 1494 1646 1737 1798 1737 1676 1524 1433 1341 1280 1280 1372
316A Acap  195408081 1433 1524 1554 1524 1463 1372 1250 1128 1036 1006 1067 1189
316A Acap  195408082 1372 1554 1676 1737 1737 1676 1585 1463 1372 1311 1311 1311
316A Acap  195408091 1402 1463 1524 1494 1433 1372 1250 1128 1036 1006 1036 1189
316A Acap  195408092 1311 1463 1615 1707 1737 1737 1646 1554 1463 1372 1341 1341
316A Acap  195408101 1402 1463 1494 1524 1463 1372 1280 1189 1067 1036 1067 1128
316A Acap  195408102 1219 1402 1554 1646 1707 1707 1676 1585 1494 1433 1402 1372
316A Acap  195408111 1402 1463 1494 1524 1494 1433 1341 1219 1097 1036 1006 1036
316A Acap  195408112 1128 1280 1433 1554 1646 1676 1676 1646 1554 1494 1433 1402
316A Acap  195408121 1402 1433 1463 1494 1494 1433 1372 1280 1189 1097 1036 1036
316A Acap  195408122 1097 1189 1341 1463 1585 1646 1676 1646 1585 1494 1463 1433
316A Acap  195408131 1402 1402 1433 1463 1463 1433 1402 1311 1250 1158 1097 1067
316A Acap  195408132 1097 1189 1280 1402 1494 1585 1615 1646 1585 1554 1494 1433
316A Acap  195408141 1402 1402 1402 1433 1463 1463 1433 1402 1341 1311 1250 1219
316A Acap  195408142 1189 1189 1219 1311 1402 1524 1585 1646 1646 1615 1554 1494
316A Acap  195408151 1433 1402 1372 1372 1402 1433 1463 1463 1463 1433 1372 1311
316A Acap  195408152 1280 1250 1219 1280 1341 1402 1494 1524 1554 1585 1554 1524
316A Acap  195408161 1433 1372 1341 1280 1280 1341 1372 1433 1524 1494 1463 1433
316A Acap  195408162 1402 1341 1311 1280 1280 1311 1372 1433 1524 1585 1615 1585
316A Acap  195408171 1524 1433 1341 1280 1280 1311 1372 1433 1494 1585 1615 1615
316A Acap  195408172 1615 1554 1494 1402 1372 1372 1372 1402 1463 1554 1615 1615
316A Acap  195408181 1585 1494 1402 1280 1219 1189 1219 1311 1402 1524 1646 1707
316A Acap  195408182 1707 1676 1615 1494 1372 1311 1280 1311 1372 1463 1554 1615
316A Acap  195408191 1615 1554 1463 1341 1189 1128 1097 1158 1250 1402 1554 1707
316A Acap  195408192 1798 1829 1768 1676 1524 1372 1280 1250 1250 1341 1433 1554
316A Acap  195408201 1615 1585 1524 1402 1219 1097 1006 1006 1097 1250 1433 1646
316A Acap  195408202 1798 1859 1859 1798 1646 1463 1311 1250 1219 1250 1372 1463
316A Acap  195408211 1554 1615 1585 1463 1341 1158 1006  945  945 1067 1250 1463
316A Acap  195408212 1676 1829 1890 1859 1768 1585 1433 1280 1189 1189 1280 1372
316A Acap  195408221 1524 1615 1615 1554 1433 1250 1067  945  884  945 1097 1311
316A Acap  195408222 1554 1737 1859 1890 1829 1676 1524 1372 1250 1219 1250 1341
316A Acap  195408231 1463 1554 1615 1585 1494 1372 1158 1006  884  853  945 1097
316A Acap  195408232 1311 1524 1707 1798 1829 1768 1646 1494 1341 1280 1219 1280
316A Acap  195408241 1372 1494 1585 1585 1554 1433 1280 1128 1006  914  945 1036
316A Acap  195408242 1219 1402 1585 1737 1798 1768 1676 1585 1463 1341 1280 1311
316A Acap  195408251 1372 1463 1524 1585 1585 1524 1402 1280 1128 1036  975 1006
316A Acap  195408252 1097 1280 1463 1615 1737 1768 1737 1676 1554 1463 1372 1341
316A Acap  195408261 1372 1433 1494 1554 1585 1585 1524 1402 1280 1158 1067 1036
316A Acap  195408262 1097 1219 1372 1494 1585 1676 1676 1646 1585 1494 1433 1372
316A Acap  195408271 1341 1341 1402 1433 1494 1524 1494 1463 1372 1280 1219 1158
316A Acap  195408272 1128 1189 1280 1372 1494 1554 1646 1646 1615 1554 1494 1433
316A Acap  195408281 1372 1372 1372 1402 1463 1494 1524 1524 1494 1433 1372 1311
316A Acap  195408282 1280 1280 1311 1341 1402 1494 1554 1585 1615 1585 1554 1463
316A Acap  195408291 1402 1372 1341 1341 1372 1402 1433 1494 1554 1585 1585 1554
316A Acap  195408292 1494 1433 1372 1372 1372 1433 1463 1524 1585 1585 1585 1554
316A Acap  195408301 1494 1433 1372 1311 1311 1311 1372 1433 1494 1554 1585 1554
316A Acap  195408302 1524 1463 1402 1372 1341 1372 1372 1433 1494 1554 1585 1615
316A Acap  195408311 1554 1494 1433 1341 1280 1250 1280 1341 1433 1524 1585 1615
316A Acap  195408312 1615 1585 1524 1463 1372 1311 1311 1311 1372 1433 1494 1554
316A Acap  195409011 1554 1494 1402 1311 1250 1219 1219 1250 1341 1433 1554 1646
316A Acap  195409012 1676 1646 1615 1494 1402 1311 1250 1250 1280 1341 1433 1524
316A Acap  195409021 1554 1554 1494 1402 1280 1219 1158 1189 1250 1372 1524 1646
316A Acap  195409022 1737 1768 1707 1615 1494 1372 1280 1250 1250 1311 1372 1494
316A Acap  195409031 1524 1554 1524 1433 1311 1219 1158 1158 1219 1311 1494 1615
316A Acap  195409032 1737 1798 1798 1707 1554 1433 1341 1280 1280 1311 1372 1463
316A Acap  195409041 1524 1554 1554 1463 1341 1219 1158 1128 1128 1250 1402 1554
316A Acap  195409042 1676 1768 1798 1737 1615 1494 1402 1311 1280 1311 1341 1433
316A Acap  195409051 1494 1524 1524 1463 1372 1250 1158 1097 1097 1158 1311 1463
316A Acap  195409052 1615 1737 1798 1768 1676 1554 1433 1341 1280 1280 1311 1402
316A Acap  195409061 1463 1524 1524 1463 1372 1280 1158 1097 1036 1067 1189 1311
316A Acap  195409062 1494 1646 1737 1737 1707 1615 1494 1402 1311 1280 1311 1402
316A Acap  195409071 1463 1524 1554 1524 1433 1311 1189 1097 1036 1036 1158 1280
316A Acap  195409072 1433 1585 1676 1737 1707 1646 1494 1433 1372 1341 1341 1402
316A Acap  195409081 1463 1524 1554 1554 1494 1372 1250 1158 1067 1067 1097 1189
316A Acap  195409082 1341 1494 1615 1707 1707 1676 1585 1494 1372 1341 1311 1341
316A Acap  195409091 1433 1494 1554 1554 1524 1433 1341 1219 1128 1067 1097 1158
316A Acap  195409092 1280 1402 1554 1646 1676 1646 1585 1524 1433 1372 1341 1372
316A Acap  195409101 1433 1494 1554 1585 1585 1494 1402 1311 1219 1128 1128 1189
316A Acap  195409102 1250 1372 1494 1585 1646 1676 1646 1585 1494 1463 1402 1433
316A Acap  195409111 1463 1494 1554 1615 1615 1615 1524 1433 1341 1250 1219 1250
316A Acap  195409112 1311 1372 1494 1554 1615 1676 1676 1615 1585 1524 1463 1463
316A Acap  195409121 1463 1494 1524 1585 1615 1646 1646 1585 1524 1463 1402 1341
316A Acap  195409122 1341 1372 1433 1494 1585 1615 1646 1646 1615 1554 1494 1433
316A Acap  195409131 1402 1402 1463 1524 1554 1615 1646 1646 1646 1585 1524 1463
316A Acap  195409132 1402 1402 1402 1433 1494 1524 1554 1585 1585 1554 1494 1433
316A Acap  195409141 1372 1341 1341 1372 1433 1524 1585 1676 1707 1737 1707 1646
316A Acap  195409142 1585 1494 1433 1402 1433 1463 1463 1494 1554 1585 1554 1494
316A Acap  195409151 1433 1311 1250 1189 1250 1311 1433 1524 1615 1707 1768 1768
316A Acap  195409152 1707 1615 1494 1372 1311 1280 1341 1402 1463 1524 1554 1554
316A Acap  195409161 1494 1402 1280 1158 1097 1128 1219 1341 1494 1646 1768 1829
316A Acap  195409162 1829 1737 1615 1463 1311 1219 1189 1250 1341 1433 1524 1585
316A Acap  195409171 1554 1494 1372 1219 1067 1036 1097 1189 1341 1524 1737 1859
316A Acap  195409172 1920 1890 1798 1615 1433 1280 1219 1250 1280 1372 1463 1554
316A Acap  195409181 1585 1554 1433 1280 1128 1036 1036 1097 1219 1372 1554 1737
316A Acap  195409182 1890 1920 1890 1768 1585 1402 1250 1189 1189 1250 1402 1524
316A Acap  195409191 1615 1646 1585 1463 1280 1097  975  975 1067 1219 1402 1615
316A Acap  195409192 1798 1920 1920 1859 1676 1494 1341 1250 1219 1280 1372 1494
316A Acap  195409201 1615 1707 1737 1676 1494 1341 1189 1097 1097 1189 1341 1554
316A Acap  195409202 1768 1951 2073 2073 1981 1798 1615 1402 1280 1311 1402 1524
316A Acap  195409211 1646 1768 1798 1768 1646 1494 1311 1158 1097 1097 1250 1402
316A Acap  195409212 1585 1798 1890 1951 1920 1829 1646 1494 1402 1341 1341 1433
316A Acap  195409221 1554 1646 1737 1768 1707 1585 1433 1280 1158 1097 1158 1280
316A Acap  195409222 1433 1615 1768 1859 1859 1798 1676 1524 1402 1341 1311 1341
316A Acap  195409231 1433 1524 1615 1676 1676 1615 1524 1372 1280 1189 1189 1250
316A Acap  195409232 1372 1524 1615 1707 1768 1768 1676 1554 1463 1372 1311 1341
316A Acap  195409241 1372 1463 1554 1615 1676 1646 1585 1463 1341 1250 1189 1158
316A Acap  195409242 1219 1341 1463 1585 1646 1676 1646 1585 1494 1372 1311 1280
316A Acap  195409251 1311 1341 1433 1524 1585 1615 1585 1554 1463 1372 1311 1280
316A Acap  195409252 1280 1311 1372 1463 1524 1585 1585 1585 1494 1433 1372 1311
316A Acap  195409261 1311 1311 1341 1402 1494 1554 1585 1585 1554 1524 1433 1372
316A Acap  195409262 1341 1311 1341 1372 1433 1463 1494 1524 1524 1494 1433 1372
316A Acap  195409271 1341 1311 1311 1341 1433 1524 1554 1585 1615 1615 1585 1524
316A Acap  195409272 1463 1402 1372 1341 1372 1372 1433 1463 1494 1524 1494 1463
316A Acap  195409281 1402 1341 1311 1311 1341 1433 1494 1585 1615 1676 1676 1646
316A Acap  195409282 1585 1494 1433 1372 1341 1341 1402 1463 1494 1524 1524 1524
316A Acap  195409291 1463 1402 1372 1341 1341 1402 1463 1554 1615 1707 1737 1737
316A Acap  195409292 1707 1646 1554 1494 1463 1433 1402 1402 1463 1494 1554 1585
316A Acap  195409301 1585 1524 1463 1402 1402 1402 1463 1524 1615 1707 1798 1859
316A Acap  195409302 1859 1798 1707 1585 1463 1372 1341 1341 1372 1433 1494 1524
316A Acap  195410011 1554 1494 1402 1311 1250 1219 1250 1311 1433 1524 1646 1737
316A Acap  195410012 1768 1768 1676 1554 1402 1311 1189 1158 1189 1250 1311 1433
316A Acap  195410021 1463 1494 1433 1341 1219 1128 1097 1128 1189 1311 1463 1585
316A Acap  195410022 1707 1737 1707 1615 1463 1311 1219 1189 1189 1250 1341 1433
316A Acap  195410031 1463 1433 1402 1280 1158 1067 1036 1067 1128 1280 1463 1615
316A Acap  195410032 1676 1737 1707 1615 1463 1341 1219 1158 1158 1189 1250 1341
316A Acap  195410041 1402 1402 1372 1311 1189 1097 1006 1006 1036 1137 1280 1433
316A Acap  195410042 1585 1646 1646 1585 1494 1341 1219 1128 1128 1158 1219 1311
316A Acap  195410051 1372 1433 1402 1341 1250 1128 1036  975 1006 1067 1219 1402
316A Acap  195410052 1524 1646 1707 1676 1615 1494 1341 1250 1189 1189 1219 1311
316A Acap  195410061 1372 1433 1463 1433 1372 1250 1128 1036 1036 1067 1189 1341
316A Acap  195410062 1494 1615 1676 1707 1646 1494 1372 1250 1189 1189 1219 1311
316A Acap  195410071 1372 1463 1494 1463 1402 1280 1158 1067 1006 1006 1067 1219
316A Acap  195410072 1341 1524 1615 1646 1615 1554 1433 1311 1219 1189 1219 1280
316A Acap  195410081 1372 1433 1494 1524 1494 1402 1280 1189 1097 1067 1097 1189
316A Acap  195410082 1311 1433 1554 1615 1615 1554 1463 1341 1250 1189 1189 1250
316A Acap  195410091 1341 1463 1554 1615 1615 1554 1463 1341 1219 1158 1158 1219
316A Acap  195410092 1311 1433 1524 1585 1615 1554 1494 1372 1280 1219 1219 1250
316A Acap  195410101 1311 1402 1524 1585 1615 1615 1554 1494 1402 1311 1250 1250
316A Acap  195410102 1280 1372 1463 1554 1646 1615 1585 1494 1372 1280 1219 1189
316A Acap  195410111 1219 1280 1402 1524 1615 1646 1676 1615 1554 1463 1402 1341
316A Acap  195410112 1311 1311 1341 1402 1463 1463 1463 1433 1372 1311 1219 1189
316A Acap  195410121 1158 1189 1250 1372 1494 1585 1676 1707 1707 1646 1585 1494
316A Acap  195410122 1402 1311 1280 1280 1341 1372 1402 1402 1402 1341 1280 1219
316A Acap  195410131 1158 1097 1128 1189 1280 1433 1554 1676 1737 1768 1737 1646
316A Acap  195410132 1554 1433 1311 1250 1250 1311 1341 1372 1433 1433 1372 1311
316A Acap  195410141 1219 1128 1067 1067 1128 1280 1402 1554 1707 1829 1859 1829
316A Acap  195410142 1737 1615 1463 1341 1250 1219 1219 1280 1372 1402 1433 1402
316A Acap  195410151 1341 1189 1067  975  975 1036 1189 1372 1585 1768 1890 1920
316A Acap  195410152 1859 1737 1554 1341 1219 1158 1128 1219 1311 1433 1494 1524
316A Acap  195410161 1433 1341 1189 1036  945  945 1036 1189 1372 1554 1737 1859
316A Acap  195410162 1890 1829 1676 1494 1280 1097 1036 1067 1158 1311 1433 1524
316A Acap  195410171 1554 1494 1341 1189 1006  853  823  884 1097 1311 1554 1768
316A Acap  195410172 1859 1859 1768 1585 1372 1189 1067 1006 1067 1158 1311 1463
316A Acap  195410181 1554 1554 1463 1341 1158  975  884  884  975 1128 1372 1615
316A Acap  195410182 1768 1859 1859 1707 1524 1311 1128 1036 1006 1067 1219 1372
316A Acap  195410191 1524 1585 1585 1494 1311 1128  975  884  884 1006 1158 1372
316A Acap  195410192 1585 1737 1768 1737 1615 1433 1250 1097 1036 1036 1128 1250
316A Acap  195410201 1402 1524 1585 1554 1433 1280 1128 1006  945 1006 1097 1280
316A Acap  195410202 1463 1646 1737 1737 1676 1524 1372 1219 1128 1097 1128 1250
316A Acap  195410211 1372 1494 1585 1615 1554 1463 1311 1158 1067 1036 1067 1158
316A Acap  195410212 1311 1463 1585 1615 1615 1524 1402 1250 1158 1097 1097 1189
316A Acap  195410221 1280 1433 1524 1615 1615 1554 1433 1311 1189 1128 1128 1189
316A Acap  195410222 1311 1433 1554 1615 1615 1585 1494 1372 1280 1189 1158 1189
316A Acap  195410231 1250 1372 1494 1585 1615 1585 1524 1433 1341 1250 1219 1219
316A Acap  195410232 1280 1341 1433 1494 1524 1524 1433 1372 1280 1189 1158 1158
316A Acap  195410241 1219 1280 1372 1494 1554 1585 1585 1554 1463 1402 1341 1311
316A Acap  195410242 1280 1311 1341 1402 1433 1433 1433 1402 1341 1280 1250 1219
316A Acap  195410251 1219 1250 1311 1402 1494 1554 1585 1585 1554 1494 1433 1372
316A Acap  195410252 1311 1280 1280 1311 1341 1372 1372 1372 1372 1311 1280 1250
316A Acap  195410261 1250 1250 1250 1311 1372 1463 1524 1585 1585 1585 1524 1463
316A Acap  195410262 1402 1341 1280 1250 1250 1250 1280 1311 1311 1311 1311 1280
316A Acap  195410271 1250 1219 1219 1250 1311 1372 1433 1494 1585 1585 1615 1554
316A Acap  195410272 1494 1402 1341 1250 1189 1158 1189 1219 1250 1280 1311 1311
316A Acap  195410281 1280 1219 1189 1158 1219 1250 1341 1433 1554 1615 1646 1646
316A Acap  195410282 1585 1494 1372 1280 1219 1189 1189 1219 1250 1311 1341 1341
316A Acap  195410291 1341 1280 1250 1219 1219 1280 1341 1463 1585 1676 1737 1737
316A Acap  195410292 1707 1646 1524 1402 1311 1250 1219 1219 1280 1311 1372 1402
316A Acap  195410301 1402 1372 1311 1250 1189 1189 1219 1311 1433 1585 1676 1768
316A Acap  195410302 1768 1707 1615 1463 1341 1250 1189 1189 1250 1341 1402 1433
316A Acap  195410311 1433 1402 1311 1219 1128 1097 1128 1219 1341 1494 1615 1737
316A Acap  195410312 1737 1707 1615 1463 1311 1219 1128 1097 1128 1189 1280 1372
316A Acap  195411011 1402 1402 1341 1250 1128 1067 1036 1067 1128 1280 1433 1554
316A Acap  195411012 1676 1707 1646 1524 1372 1219 1097 1067 1067 1128 1250 1341
316A Acap  195411021 1402 1402 1372 1280 1158 1067 1036 1036 1128 1250 1402 1554
316A Acap  195411022 1676 1707 1676 1585 1433 1280 1158 1097 1097 1128 1219 1311
316A Acap  195411031 1372 1402 1402 1341 1250 1128 1036 1006 1036 1128 1280 1463
316A Acap  195411032 1615 1707 1707 1615 1494 1341 1189 1097 1067 1128 1219 1341
316A Acap  195411041 1463 1494 1494 1433 1341 1219 1128 1067 1067 1128 1250 1402
316A Acap  195411042 1554 1676 1676 1615 1494 1341 1219 1097 1097 1158 1250 1311
316A Acap  195411051 1402 1494 1554 1524 1463 1311 1189 1097 1097 1128 1219 1372
316A Acap  195411052 1494 1646 1676 1615 1554 1402 1280 1158 1128 1128 1189 1311
316A Acap  195411061 1433 1554 1615 1615 1554 1433 1311 1219 1158 1128 1189 1280
316A Acap  195411062 1402 1524 1585 1585 1524 1402 1250 1128 1067 1036 1067 1189
316A Acap  195411071 1311 1463 1585 1615 1615 1554 1433 1341 1250 1189 1219 1250
316A Acap  195411072 1341 1433 1494 1524 1494 1402 1280 1158 1067 1006 1006 1067
316A Acap  195411081 1189 1341 1463 1554 1585 1585 1524 1433 1341 1250 1219 1219
316A Acap  195411082 1250 1311 1372 1402 1402 1372 1280 1189 1067 1006  975  975
316A Acap  195411091 1067 1189 1280 1433 1554 1585 1615 1554 1494 1402 1311 1219
316A Acap  195411092 1189 1189 1219 1250 1280 1280 1250 1189 1097 1036  975  945
316A Acap  195411101  945 1006 1128 1280 1433 1554 1646 1676 1646 1585 1524 1402
316A Acap  195411102 1311 1219 1189 1219 1219 1250 1280 1280 1219 1128 1036  945
316A Acap  195411111  914  884  945 1036 1158 1311 1463 1585 1615 1615 1554 1463
316A Acap  195411112 1341 1219 1128 1097 1097 1097 1158 1189 1189 1158 1097 1036
316A Acap  195411121  945  853  823  884  975 1128 1311 1494 1615 1707 1707 1646
316A Acap  195411122 1524 1372 1219 1097 1097 1128 1250 1341 1372 1372 1341 1311
316A Acap  195411131 1219 1067  945  914  945 1036 1189 1372 1554 1707 1798 1798
316A Acap  195411132 1707 1585 1402 1250 1128 1097 1097 1158 1250 1372 1402 1402
316A Acap  195411141 1341 1250 1128 1006  975 1006 1097 1250 1402 1615 1768 1859
316A Acap  195411142 1859 1768 1585 1402 1219 1097 1067 1097 1189 1311 1402 1494
316A Acap  195411151 1494 1433 1311 1158 1036  975 1036 1128 1250 1433 1646 1768
316A Acap  195411152 1829 1798 1676 1524 1311 1158 1067 1036 1097 1219 1341 1494
316A Acap  195411161 1554 1554 1463 1341 1158 1036  975  975 1097 1250 1433 1615
316A Acap  195411162 1768 1798 1737 1585 1402 1219 1067 1006 1006 1067 1250 1402
316A Acap  195411171 1524 1585 1554 1494 1341 1189 1067 1006 1036 1158 1341 1494
316A Acap  195411172 1646 1737 1737 1646 1494 1311 1158 1036 1006 1036 1158 1341
316A Acap  195411181 1494 1615 1646 1615 1494 1372 1219 1097 1036 1067 1189 1341
316A Acap  195411182 1524 1646 1676 1676 1554 1402 1219 1097 1006 1006 1067 1219
316A Acap  195411191 1372 1524 1615 1646 1615 1494 1341 1219 1128 1097 1158 1250
316A Acap  195411192 1372 1494 1585 1585 1524 1402 1280 1128 1036 1006 1036 1128
316A Acap  195411201 1250 1402 1554 1615 1615 1554 1463 1341 1219 1158 1158 1219
316A Acap  195411202 1280 1402 1463 1494 1494 1402 1311 1189 1097 1006 1006 1067
316A Acap  195411211 1158 1280 1402 1524 1585 1585 1524 1433 1341 1250 1219 1219
316A Acap  195411212 1250 1311 1402 1433 1433 1402 1311 1219 1128 1067 1036 1067
316A Acap  195411221 1128 1219 1341 1463 1554 1615 1585 1554 1463 1402 1311 1280
316A Acap  195411222 1280 1280 1341 1341 1372 1341 1311 1250 1158 1097 1067 1036
316A Acap  195411231 1067 1128 1219 1341 1433 1524 1554 1554 1524 1463 1402 1341
316A Acap  195411232 1311 1280 1280 1280 1280 1280 1280 1219 1189 1128 1097 1067
316A Acap  195411241 1097 1128 1189 1311 1402 1494 1554 1585 1585 1554 1494 1433
316A Acap  195411242 1341 1311 1250 1219 1219 1219 1189 1189 1189 1158 1128 1097
316A Acap  195411251 1067 1097 1128 1189 1280 1372 1463 1524 1585 1585 1554 1494
316A Acap  195411252 1433 1341 1280 1250 1219 1189 1189 1219 1219 1189 1189 1158
316A Acap  195411261 1158 1128 1128 1158 1219 1311 1402 1524 1585 1646 1646 1615
316A Acap  195411262 1524 1433 1341 1280 1219 1189 1189 1219 1219 1219 1219 1219
316A Acap  195411271 1189 1158 1128 1158 1219 1280 1372 1463 1554 1646 1676 1676
316A Acap  195411272 1615 1524 1402 1311 1219 1158 1158 1189 1189 1250 1250 1280
316A Acap  195411281 1250 1219 1158 1128 1128 1189 1250 1372 1463 1585 1646 1676
316A Acap  195411282 1676 1585 1494 1372 1250 1189 1158 1128 1158 1219 1250 1280
316A Acap  195411291 1280 1250 1189 1128 1097 1128 1158 1250 1372 1494 1615 1676
316A Acap  195411292 1676 1646 1524 1402 1280 1189 1158 1158 1189 1250 1311 1341
316A Acap  195411301 1372 1341 1280 1219 1158 1097 1128 1189 1280 1433 1554 1646
316A Acap  195411302 1707 1676 1585 1463 1311 1189 1097 1067 1097 1158 1250 1341
316A Acap  195412011 1402 1372 1341 1280 1189 1097 1067 1097 1189 1311 1463 1585
316A Acap  195412012 1646 1615 1554 1463 1311 1189 1097 1036 1097 1158 1250 1341
316A Acap  195412021 1433 1463 1433 1341 1250 1158 1097 1067 1128 1219 1341 1494
316A Acap  195412022 1585 1615 1585 1494 1372 1219 1097 1036 1036 1097 1219 1311
316A Acap  195412031 1402 1494 1494 1463 1372 1250 1158 1128 1128 1189 1311 1433
316A Acap  195412032 1554 1646 1646 1554 1433 1280 1158 1036 1006 1067 1158 1311
316A Acap  195412041 1433 1524 1585 1554 1494 1402 1280 1219 1158 1158 1250 1341
316A Acap  195412042 1463 1524 1554 1524 1402 1250 1128 1006  975  975 1097 1219
316A Acap  195412051 1372 1524 1615 1615 1585 1494 1402 1311 1219 1189 1219 1311
316A Acap  195412052 1402 1494 1554 1524 1463 1341 1189 1067  975  975 1006 1067
316A Acap  195412061 1189 1341 1494 1615 1707 1676 1615 1494 1372 1250 1189 1189
316A Acap  195412062 1311 1402 1463 1463 1433 1341 1219 1067  975  945  945 1036
316A Acap  195412071 1189 1372 1524 1646 1707 1737 1676 1585 1494 1372 1280 1250
316A Acap  195412072 1280 1311 1372 1402 1402 1372 1280 1158 1036  945  914  914
316A Acap  195412081 1006 1158 1341 1524 1646 1737 1768 1707 1615 1494 1402 1311
316A Acap  195412082 1280 1280 1280 1311 1341 1311 1280 1219 1097 1006  914  884
316A Acap  195412091  945 1036 1189 1372 1524 1646 1737 1768 1737 1646 1524 1402
316A Acap  195412092 1311 1250 1250 1250 1280 1311 1311 1280 1189 1097  975  914
316A Acap  195412101  853  884  945 1097 1280 1463 1615 1707 1737 1737 1646 1524
316A Acap  195412102 1402 1280 1219 1189 1189 1219 1280 1311 1280 1250 1158 1067
316A Acap  195412111  975  914  945 1006 1158 1311 1494 1646 1737 1798 1768 1676
316A Acap  195412112 1554 1402 1280 1189 1189 1189 1250 1311 1341 1341 1311 1219
316A Acap  195412121 1097 1006  945  914  975 1097 1250 1433 1615 1707 1768 1737
316A Acap  195412122 1615 1494 1341 1189 1097 1067 1067 1158 1250 1341 1372 1402
316A Acap  195412131 1280 1189 1097 1006  975 1006 1097 1250 1433 1585 1707 1737
316A Acap  195412132 1707 1615 1463 1311 1128 1067 1036 1067 1189 1280 1372 1433
316A Acap  195412141 1433 1372 1280 1158 1036  975 1006 1128 1280 1463 1615 1707
316A Acap  195412142 1737 1676 1554 1402 1219 1128 1036 1036 1128 1250 1372 1494
316A Acap  195412151 1554 1524 1433 1311 1189 1067 1036 1067 1158 1311 1463 1615
316A Acap  195412152 1707 1707 1615 1463 1280 1128 1006  945  975 1097 1250 1402
316A Acap  195412161 1524 1585 1554 1463 1341 1219 1128 1067 1097 1189 1341 1463
316A Acap  195412162 1585 1646 1615 1494 1341 1189 1036  945  945 1006 1128 1280
316A Acap  195412171 1463 1554 1585 1554 1463 1341 1219 1128 1097 1128 1219 1341
316A Acap  195412172 1494 1585 1585 1554 1433 1280 1128 1006  975  975 1067 1219
316A Acap  195412181 1372 1524 1646 1646 1615 1494 1372 1280 1189 1189 1219 1311
316A Acap  195412182 1402 1524 1554 1524 1463 1311 1189 1067  975  945 1006 1097
316A Acap  195412191 1250 1402 1524 1585 1585 1524 1402 1280 1189 1128 1128 1189
316A Acap  195412192 1280 1341 1433 1433 1402 1311 1189 1097 1006  975 1006 1097
316A Acap  195412201 1219 1372 1494 1554 1646 1646 1585 1494 1372 1280 1219 1219
316A Acap  195412202 1250 1280 1341 1402 1402 1341 1250 1158 1067 1006 1006 1067
316A Acap  195412211 1158 1250 1402 1524 1585 1615 1585 1524 1463 1372 1311 1280
316A Acap  195412212 1280 1311 1341 1372 1341 1280 1219 1158 1097 1036 1006 1036
316A Acap  195412221 1097 1219 1341 1463 1554 1615 1615 1585 1524 1463 1402 1372
316A Acap  195412222 1372 1341 1372 1372 1402 9999 9999 9999 9999 9999 9999 9999
316A Acap  195412231 9999 9999 9999 9999 9999 9999 9999 9999 9999 9999 9999 9999
316A Acap  195412232 9999 9999 9999 9999 9999 9999 9999 9999 9999 9999 9999 9999
316A Acap  195412241 9999 9999 9999 9999 9999 9999 9999 9999 9999 9999 9999 9999
316A Acap  195412242 9999 9999 9999 9999 9999 9999 9999 9999 9999 9999 9999 9999
316A Acap  195412251 9999 9999 9999 9999 9999 9999 9999 9999 9999 9999 9999 9999
316A Acap  195412252 9999 9999 9999 9999 9999 9999 9999 9999 9999 9999 9999 9999
316A Acap  195412261 9999 9999 9999 9999 9999 9999 9999 9999 9999 9999 9999 9999
316A Acap  195412262 9999 9999 9999 9999 9999 9999 9999 9999 9999 9999 9999 9999
316A Acap  195412271 9999 9999 9999 9999 9999 9999 9999 9999 9999 9999 9999 9999
316A Acap  195412272 9999 9999 9999 9999 9999 9999 9999 9999 9999 9999 9999 9999
316A Acap  195412281 9999 9999 9999 9999 9999 9999 9999 9999 9999 9999 9999 9999
316A Acap  195412282 9999 9999 9999 9999 9999 9999 9999 9999 9999 9999 9999 9999
316A Acap  195412291 9999 9999 9999 9999 9999 9999 9999 9999 9999 9999 9999 9999
316A Acap  195412292 9999 9999 9999 9999 9999 9999 9999 9999 9999 9999 9999 9999
316A Acap  195412301 9999 9999 9999 9999 9999 9999 9999 9999 9999 9999 9999 9999
316A Acap  195412302 9999 9999 9999 9999 9999 9999 9999 9999 9999 9999 9999 9999
316A Acap  195412311 9999 9999 9999 9999 9999 9999 9999 9999 9999 9999 9999 9999
316A Acap  195412312 9999 9999 9999 9999 9999 9999 9999 9999 9999 9999 9999 9999
