316A Acapulco           Mexico              1974 16504N 099547W 0000 3 00000R MM
316A Acap  197401011 1409 1439 1470 1470 1378 1256 1165 1134 1134 1165 1226 1287
316A Acap  197401012 1409 1439 1439 1378 1287 1134 1043  952  921  982 1073 1195
316A Acap  197401021 1317 1439 1500 1500 1470 1378 1287 1195 1165 1165 1195 1287
316A Acap  197401022 1317 1378 1378 1348 1287 1165 1012  921  891  921  982 1134
316A Acap  197401031 1287 1409 1500 1561 1561 1470 1378 1287 1195 1134 1165 1195
316A Acap  197401032 1287 1348 1378 1348 1287 1195 1043  952  860  860  891 1012
316A Acap  197401041 1165 1348 1470 1561 1561 1561 1470 1348 1256 1165 1134 1165
316A Acap  197401042 1226 1287 1317 1317 1287 1195 1073  952  860  830  830  921
316A Acap  197401051 1073 1226 1378 1500 1592 1592 1531 1439 1348 1256 1195 1165
316A Acap  197401052 1165 1226 1256 1287 1256 1195 1073  982  860  799  769  799
316A Acap  197401061  921 1073 1256 1439 1531 1622 1622 1561 1470 1378 1256 1226
316A Acap  197401062 1195 1195 1256 1287 1287 1287 1195 1073  982  891  830  799
316A Acap  197401071  830  982 1165 1317 1470 1592 1653 1653 1592 1470 1378 1287
316A Acap  197401072 1226 1226 1256 1287 1317 1287 1256 1195 1073  982  891  830
316A Acap  197401081  830  891 1012 1195 1348 1500 1592 1653 1653 1592 1470 1378
316A Acap  197401082 1287 1226 1195 1226 1226 1287 1287 1287 1226 1134 1012  921
316A Acap  197401091  891  891  952 1073 1226 1348 1470 1561 1622 1653 1592 1500
316A Acap  197401092 1378 1287 1226 1195 1165 1195 1226 1256 1287 1256 1195 1134
316A Acap  197401101 1043  982  952 1012 1073 1195 1348 1470 1561 1622 1653 1592
316A Acap  197401102 1500 1378 1256 1195 1134 1134 1195 1256 1317 1378 1378 1348
316A Acap  197401111 1256 1165 1104 1043 1043 1073 1195 1317 1409 1531 1592 1592
316A Acap  197401112 1531 1470 1317 1195 1104 1073 1073 1134 1256 1317 1409 1470
316A Acap  197401121 1439 1378 1287 1165 1073 1043 1073 1134 1256 1378 1500 1561
316A Acap  197401122 1592 1500 1409 1287 1073  952  921 1012 1073 1226 1348 1470
316A Acap  197401131 1500 1500 1439 1317 1195 1104 1043 1073 1134 1256 1378 1500
316A Acap  197401132 1561 1531 1439 1287 1134  982  891  891  952 1073 1256 1409
316A Acap  197401141 1531 1592 1561 1470 1348 1195 1104 1043 1073 1134 1256 1409
316A Acap  197401142 1470 1500 1470 1378 1195 1043  921  860  860  952 1104 1317
316A Acap  197401151 1470 1592 1653 1592 1500 1348 1195 1073 1043 1073 1165 1287
316A Acap  197401152 1378 1470 1500 1409 1287 1134  952  830  830  891 1043 1195
316A Acap  197401161 1409 1561 1653 1653 1592 1439 1348 1195 1104 1043 1104 1226
316A Acap  197401162 1317 1409 1470 1470 1317 1195 1043  921  830  830  891 1043
316A Acap  197401171 1195 1409 1561 1653 1653 1592 1439 1287 1165 1104 1073 1165
316A Acap  197401172 1256 1348 1409 1409 1378 1256 1134 1012  891  860  891  982
316A Acap  197401181 1134 1317 1470 1592 1653 1622 1531 1439 1287 1226 1195 1195
316A Acap  197401182 1226 1317 1378 1409 1378 1317 1195 1073  982  921  921  982
316A Acap  197401191 1073 1226 1378 1531 1592 1622 1592 1500 1378 1287 1195 1195
316A Acap  197401192 1195 1256 1287 1348 1317 1256 1195 1104 1012  952  891  921
316A Acap  197401201  982 1104 1256 1378 1470 1531 1531 1500 1409 1348 1256 1226
316A Acap  197401202 1226 1256 1287 1287 1287 1256 1226 1165 1073 1012  982  982
316A Acap  197401211 1012 1104 1195 1287 1378 1470 1500 1500 1470 1409 1348 1317
316A Acap  197401212 1256 1256 1287 1287 1287 1226 1226 1165 1104 1073 1043  982
316A Acap  197401221 1012 1043 1134 1226 1317 1378 1439 1470 1470 1439 1409 1348
316A Acap  197401222 1287 1256 1226 1226 1226 1195 1195 1195 1165 1134 1104 1073
316A Acap  197401231 1043 1043 1104 1165 1226 1287 1378 1439 1439 1470 1439 1409
316A Acap  197401232 1378 1317 1287 1287 1256 1226 1195 1195 1195 1195 1195 1165
316A Acap  197401241 1165 1134 1134 1134 1195 1256 1317 1409 1470 1500 1500 1470
316A Acap  197401242 1439 1378 1317 1256 1226 1195 1165 1195 1226 1226 1226 1226
316A Acap  197401251 1226 1226 1195 1165 1195 1226 1287 1348 1409 1470 1500 1500
316A Acap  197401252 1470 1409 1348 1256 1195 1165 1134 1134 1195 1226 1287 1287
316A Acap  197401261 1287 1256 1195 1165 1165 1165 1195 1226 1287 1378 1439 1439
316A Acap  197401262 1439 1409 1317 1226 1134 1073 1073 1073 1134 1226 1287 1317
316A Acap  197401271 1317 1348 1287 1256 1195 1134 1134 1134 1195 1287 1378 1439
316A Acap  197401272 1470 1409 1348 1256 1134 1073 1012 1043 1073 1165 1287 1378
316A Acap  197401281 1439 1439 1409 1348 1256 1165 1104 1104 1104 1195 1317 1378
316A Acap  197401282 1439 1439 1378 1287 1165 1073 1012  982 1043 1104 1226 1378
316A Acap  197401291 1470 1500 1500 1439 1317 1226 1104 1043 1073 1104 1195 1287
316A Acap  197401292 1348 1378 1378 1287 1165 1012  952  891  952 1043 1165 1287
316A Acap  197401301 1409 1531 1561 1531 1409 1287 1165 1104 1073 1104 1165 1287
316A Acap  197401302 1348 1439 1409 1348 1226 1073  982  891  921 1012 1134 1317
316A Acap  197401311 1439 1561 1622 1592 1531 1378 1256 1165 1073 1104 1134 1226
316A Acap  197401312 1317 1409 1409 1348 1256 1134  982  891  799  860 1012 1165
316A Acap  197402011 1317 1500 1622 1653 1622 1531 1378 1256 1134 1073 1073 1134
316A Acap  197402012 1226 1317 1378 1378 1287 1165 1012  891  830  830  921 1073
316A Acap  197402021 1256 1439 1592 1683 1683 1592 1470 1348 1256 1165 1165 1195
316A Acap  197402022 1287 1348 1409 1439 1348 1256 1104  982  891  830  891 1012
316A Acap  197402031 1165 1378 1561 1683 1714 1714 1622 1500 1348 1226 1195 1195
316A Acap  197402032 1256 1317 1378 1439 1378 1287 1165 1043  891  860  830  921
316A Acap  197402041 1043 1226 1409 1561 1653 1683 1653 1561 1439 1317 1226 1195
316A Acap  197402042 1226 1287 1378 1409 1439 1348 1226 1104  982  891  830  830
316A Acap  197402051  952 1073 1256 1439 1561 1622 1653 1592 1500 1378 1287 1195
316A Acap  197402052 1195 1226 1287 1348 1409 1378 1287 1226 1104  982  891  860
316A Acap  197402061  891  982 1104 1256 1409 1531 1592 1592 1531 1470 1378 1287
316A Acap  197402062 1226 1195 1226 1256 1317 1348 1348 1317 1256 1165 1073 1012
316A Acap  197402071  952  982 1043 1165 1287 1409 1470 1531 1561 1500 1439 1378
316A Acap  197402072 1287 1226 1195 1226 1256 1287 1378 1378 1378 1348 1287 1226
316A Acap  197402081 1134 1073 1043 1104 1165 1256 1348 1470 1500 1531 1500 1409
316A Acap  197402082 1348 1226 1134 1073 1104 1134 1195 1287 1378 1409 1409 1378
316A Acap  197402091 1287 1195 1134 1134 1104 1104 1165 1287 1378 1439 1500 1470
316A Acap  197402092 1409 1317 1195 1073 1043 1043 1073 1165 1287 1409 1470 1500
316A Acap  197402101 1470 1378 1287 1165 1073 1043 1073 1104 1195 1317 1439 1470
316A Acap  197402102 1409 1348 1226 1073  952  891  891  952 1073 1256 1409 1531
316A Acap  197402111 1592 1500 1470 1317 1195 1104 1012 1043 1104 1226 1348 1439
316A Acap  197402112 1470 1409 1348 1165 1012  891  860  891 1012 1195 1378 1561
316A Acap  197402121 1653 1714 1653 1531 1348 1195 1073 1043 1073 1165 1287 1409
316A Acap  197402122 1500 1531 1470 1317 1165 1012  891  830  921 1043 1256 1439
316A Acap  197402131 1653 1744 1744 1683 1531 1378 1195 1134 1104 1165 1256 1378
316A Acap  197402132 1500 1561 1561 1470 1317 1134  982  891  891  952 1134 1348
316A Acap  197402141 1531 1683 1744 1744 1622 1470 1287 1165 1104 1104 1165 1287
316A Acap  197402142 1409 1470 1531 1470 1348 1195 1043  921  860  891 1012 1195
316A Acap  197402151 1378 1561 1683 1714 1683 1561 1378 1256 1165 1134 1134 1195
316A Acap  197402152 1287 1378 1439 1470 1378 1256 1073  982  891  891  982 1104
316A Acap  197402161 1287 1470 1592 1653 1683 1592 1470 1317 1226 1134 1134 1165
316A Acap  197402162 1256 1348 1409 1439 1409 1317 1195 1073  952  891  891  982
316A Acap  197402171 1129 1303 1469 1592 1622 1592 1531 1378 1256 1165 1104 1134
316A Acap  197402172 1226 1287 1348 1378 1378 1317 1226 1104 1012  921  921  982
316A Acap  197402181 1104 1226 1378 1531 1592 1592 1561 1439 1348 1256 1195 1165
316A Acap  197402182 1195 1256 1317 1348 1348 1317 1226 1134 1043  982  952  982
316A Acap  197402191 1043 1134 1287 1378 1470 1531 1500 1470 1378 1317 1256 1256
316A Acap  197402192 1226 1256 1287 1317 1317 1317 1256 1195 1134 1073 1012 1012
316A Acap  197402201 1043 1104 1165 1287 1348 1409 1409 1409 1378 1348 1256 1226
316A Acap  197402202 1195 1195 1226 1256 1256 1256 1256 1226 1165 1104 1073 1073
316A Acap  197402211 1073 1104 1165 1226 1287 1348 1378 1409 1378 1348 1287 1256
316A Acap  197402212 1226 1195 1165 1195 1195 1195 1195 1195 1195 1165 1134 1134
316A Acap  197402221 1104 1104 1104 1134 1195 1256 1287 1287 1287 1317 1287 1256
316A Acap  197402222 1226 1165 1134 1134 1104 1134 1134 1134 1195 1195 1226 1195
316A Acap  197402231 1165 1134 1104 1104 1104 1134 1165 1165 1256 1287 1287 1256
316A Acap  197402232 1256 1226 1165 1134 1104 1104 1134 1165 1195 1256 1287 1287
316A Acap  197402241 1317 1287 1226 1195 1165 1134 1134 1195 1226 1256 1287 1317
316A Acap  197402242 1287 1256 1195 1134 1104 1073 1073 1104 1195 1287 1348 1409
316A Acap  197402251 1409 1409 1348 1256 1165 1134 1104 1104 1165 1226 1287 1317
316A Acap  197402252 1317 1317 1226 1134 1073 1012 1012 1043 1134 1226 1317 1439
316A Acap  197402261 1500 1500 1439 1317 1226 1134 1073 1043 1073 1134 1226 1317
316A Acap  197402262 1348 1317 1256 1165 1073 1012  982 1043 1104 1195 1348 1500
316A Acap  197402271 1592 1622 1592 1470 1378 1256 1134 1104 1073 1134 1195 1317
316A Acap  197402272 1348 1348 1317 1195 1104  982  952  952 1012 1134 1287 1409
316A Acap  197402281 1561 1592 1592 1531 1409 1256 1134 1043 1012 1043 1134 1226
316A Acap  197402282 1287 1348 1317 1195 1104  952  860  860  891 1012 1195 1409
316A Acap  197403011 1561 1653 1683 1653 1531 1378 1226 1134 1043 1073 1134 1256
316A Acap  197403012 1317 1378 1348 1287 1165 1043  921  860  860  952 1104 1287
316A Acap  197403021 1470 1622 1714 1714 1622 1500 1348 1195 1104 1104 1134 1226
316A Acap  197403022 1287 1378 1409 1378 1287 1134 1012  891  830  891 1012 1195
316A Acap  197403031 1348 1531 1683 1744 1714 1592 1439 1287 1165 1104 1134 1195
316A Acap  197403032 1287 1409 1439 1439 1348 1195 1043  921  799  830  921 1043
316A Acap  197403041 1256 1470 1622 1714 1714 1653 1531 1378 1256 1195 1165 1195
316A Acap  197403042 1287 1378 1439 1470 1470 1348 1195 1043  952  921  921 1012
316A Acap  197403051 1195 1348 1500 1622 1683 1653 1592 1439 1317 1226 1195 1226
316A Acap  197403052 1256 1348 1439 1500 1470 1409 1317 1134 1012  921  921  982
316A Acap  197403061 1073 1226 1409 1531 1592 1622 1561 1470 1348 1256 1195 1165
316A Acap  197403062 1195 1256 1348 1439 1470 1470 1409 1317 1165 1073 1012 1012
316A Acap  197403071 1043 1134 1256 1409 1500 1561 1531 1500 1409 1317 1226 1195
316A Acap  197403072 1165 1165 1226 1317 1378 1439 1439 1409 1348 1256 1165 1104
316A Acap  197403081 1104 1104 1195 1287 1378 1439 1470 1470 1439 1378 1317 1226
316A Acap  197403082 1195 1165 1165 1226 1317 1378 1439 1439 1470 1470 1378 1317
316A Acap  197403091 1256 1195 1195 1195 1226 1287 1348 1378 1409 1409 1378 1317
316A Acap  197403092 1226 1165 1104 1104 1165 1226 1317 1409 1470 1500 1500 1470
316A Acap  197403101 1378 1287 1226 1165 1165 1195 1226 1287 1317 1348 1378 1348
316A Acap  197403102 1287 1195 1134 1043 1012 1073 1165 1256 1409 1500 1592 1592
316A Acap  197403111 1561 1470 1348 1226 1165 1104 1134 1165 1226 1287 1348 1378
316A Acap  197403112 1348 1287 1195 1073  982  952 1012 1104 1256 1409 1561 1622
316A Acap  197403121 1653 1592 1470 1348 1195 1104 1073 1073 1134 1195 1317 1348
316A Acap  197403122 1378 1348 1256 1104 1012  952  921  982 1104 1256 1409 1592
316A Acap  197403131 1683 1683 1622 1500 1317 1165 1043 1012 1012 1073 1195 1317
316A Acap  197403132 1409 1409 1317 1226 1073  952  860  891  982 1134 1287 1500
316A Acap  197403141 1653 1714 1683 1561 1409 1256 1104 1012  982 1043 1134 1287
316A Acap  197403142 1378 1439 1409 1317 1195 1012  921  860  891 1012 1165 1378
316A Acap  197403151 1561 1683 1714 1683 1531 1348 1195 1104 1043 1043 1104 1226
316A Acap  197403152 1348 1439 1439 1378 1287 1134  982  891  860  952 1073 1256
316A Acap  197403161 1470 1592 1683 1714 1622 1470 1287 1165 1073 1043 1104 1195
316A Acap  197403162 1317 1409 1470 1439 1378 1226 1104 1012  952  982 1073 1226
316A Acap  197403171 1378 1531 1622 1683 1653 1531 1409 1256 1134 1104 1134 1195
316A Acap  197403172 1317 1409 1439 1470 1409 1317 1226 1104 1012 1012 1104 1226
316A Acap  197403181 1348 1500 1622 1653 1653 1592 1500 1348 1226 1165 1165 1195
316A Acap  197403182 1287 1378 1470 1470 1470 1409 1287 1165 1104 1043 1073 1165
316A Acap  197403191 1287 1439 1531 1592 1592 1561 1470 1378 1287 1195 1195 1195
316A Acap  197403192 1287 1348 1409 1470 1439 1378 1287 1226 1104 1073 1073 1134
316A Acap  197403201 1226 1317 1409 1500 1531 1500 1470 1378 1287 1256 1226 1195
316A Acap  197403202 1256 1317 1348 1378 1378 1348 1317 1226 1195 1134 1134 1165
316A Acap  197403211 1195 1287 1348 1439 1470 1470 1439 1378 1317 1287 1226 1226
316A Acap  197403212 1256 1287 1348 1378 1409 1409 1378 1317 1287 1256 1256 1226
316A Acap  197403221 1256 1287 1317 1378 1378 1409 1378 1378 1317 1287 1256 1256
316A Acap  197403222 1256 1256 1287 1317 1348 1378 1378 1378 1378 1348 1317 1317
316A Acap  197403231 1287 1287 1287 1317 1348 1348 1348 1348 1317 1287 1256 1256
316A Acap  197403232 1256 1256 1256 1256 1287 1317 1348 1378 1378 1409 1409 1409
316A Acap  197403241 1378 1348 1317 1287 1287 1256 1256 1256 1287 1287 1287 1256
316A Acap  197403242 1256 1226 1195 1195 1226 1256 1287 1317 1409 1439 1439 1439
316A Acap  197403251 1439 1378 1317 1256 1195 1165 1165 1165 1195 1195 1226 1256
316A Acap  197403252 1256 1226 1195 1165 1134 1165 1195 1256 1348 1409 1470 1500
316A Acap  197403261 1500 1439 1348 1256 1195 1104 1073 1073 1104 1165 1226 1256
316A Acap  197403262 1256 1226 1165 1104 1043 1043 1073 1165 1287 1391 1481 1544
316A Acap  197403271 1564 1537 1470 1348 1226 1134 1073 1073 1104 1165 1226 1256
316A Acap  197403272 1256 1256 1165 1073 1012  982 1012 1043 1195 1317 1470 1592
316A Acap  197403281 1653 1653 1561 1409 1287 1134 1043 1012 1012 1073 1165 1195
316A Acap  197403282 1256 1256 1195 1104 1012  921  921  952 1043 1226 1378 1561
316A Acap  197403291 1653 1683 1653 1531 1378 1226 1073 1043 1012 1043 1165 1256
316A Acap  197403292 1317 1348 1287 1195 1073  952  860  891  952 1104 1287 1470
316A Acap  197403301 1653 1714 1714 1622 1470 1287 1134 1012  982 1012 1104 1226
316A Acap  197403302 1317 1378 1378 1287 1134 1012  891  830  860  982 1134 1348
316A Acap  197403311 1531 1653 1714 1683 1531 1378 1195 1043  982  982 1043 1165
316A Acap  197403312 1287 1348 1378 1317 1195 1073  921  830  799  860 1012 1195
316A Acap  197404011 1378 1561 1653 1653 1561 1409 1226 1073  982  952  982 1073
316A Acap  197404012 1195 1287 1378 1378 1287 1165 1012  891  799  799  921 1073
316A Acap  197404021 1226 1409 1531 1592 1531 1439 1287 1165 1043  952  952 1043
316A Acap  197404022 1134 1256 1378 1409 1378 1287 1134 1012  891  830  891 1012
316A Acap  197404031 1134 1317 1439 1500 1500 1409 1317 1195 1043  952  952 1012
316A Acap  197404032 1104 1256 1378 1409 1409 1348 1226 1073 1012  921  952  982
316A Acap  197404041 1104 1195 1317 1378 1439 1409 1317 1226 1134 1012  982  982
316A Acap  197404042 1043 1104 1256 1348 1409 1409 1378 1256 1165 1073 1012 1012
316A Acap  197404051 1043 1104 1195 1256 1317 1317 1287 1226 1134 1043 1012  982
316A Acap  197404052  982 1012 1134 1195 1317 1348 1409 1378 1317 1226 1195 1134
316A Acap  197404061 1104 1104 1134 1165 1195 1226 1256 1226 1165 1134 1073 1012
316A Acap  197404062  982  952 1012 1073 1195 1287 1348 1409 1439 1409 1348 1256
316A Acap  197404071 1226 1165 1134 1104 1134 1165 1195 1195 1195 1165 1134 1073
316A Acap  197404072 1012  982  982 1012 1104 1195 1287 1409 1470 1500 1500 1439
316A Acap  197404081 1348 1256 1195 1134 1104 1134 1134 1165 1195 1226 1226 1195
316A Acap  197404082 1134 1073 1012 1012 1043 1134 1226 1317 1470 1531 1561 1561
316A Acap  197404091 1500 1378 1256 1134 1073 1012 1043 1073 1104 1195 1226 1226
316A Acap  197404092 1195 1104 1043  982  952  952 1043 1165 1317 1470 1561 1622
316A Acap  197404101 1622 1592 1439 1317 1195 1104 1073 1073 1134 1195 1287 1317
316A Acap  197404102 1317 1256 1165 1073 1012  982 1043 1134 1256 1439 1561 1683
316A Acap  197404111 1714 1653 1561 1409 1256 1134 1073 1012 1043 1134 1226 1317
316A Acap  197404112 1348 1317 1256 1134 1012  952  952 1012 1104 1256 1439 1592
316A Acap  197404121 1653 1653 1622 1500 1317 1165 1073 1012 1043 1134 1226 1317
316A Acap  197404122 1378 1348 1317 1195 1104  982  952  952 1043 1134 1317 1470
316A Acap  197404131 1592 1653 1653 1561 1409 1256 1104 1012  982 1012 1104 1195
316A Acap  197404132 1287 1348 1317 1256 1165 1043  982  952  952 1043 1195 1348
316A Acap  197404141 1500 1592 1622 1531 1409 1256 1104 1012  982 1012 1073 1195
316A Acap  197404142 1287 1348 1348 1317 1226 1104 1012  982  952 1043 1165 1226
316A Acap  197404151 1378 1470 1531 1531 1439 1317 1195 1043  982  982 1043 1104
316A Acap  197404152 1226 1287 1317 1317 1256 1195 1073 1012  982  982 1043 1195
316A Acap  197404161 1348 1439 1500 1500 1470 1348 1226 1165 1073 1043 1073 1134
316A Acap  197404162 1226 1287 1348 1348 1348 1287 1195 1104 1012 1012 1043 1165
316A Acap  197404171 1287 1409 1470 1500 1470 1409 1287 1195 1104 1073 1073 1134
316A Acap  197404172 1226 1287 1378 1409 1378 1317 1256 1195 1134 1073 1073 1134
316A Acap  197404181 1226 1317 1409 1439 1470 1409 1348 1226 1165 1104 1104 1165
316A Acap  197404182 1226 1287 1348 1409 1439 1409 1378 1287 1226 1165 1165 1165
316A Acap  197404191 1226 1287 1378 1409 1409 1378 1317 1256 1165 1134 1134 1165
316A Acap  197404192 1195 1287 1348 1409 1439 1439 1409 1378 1317 1287 1256 1226
316A Acap  197404201 1256 1317 1348 1378 1409 1378 1317 1226 1165 1104 1073 1073
316A Acap  197404202 1104 1165 1256 1317 1378 1409 1409 1409 1378 1317 1287 1256
316A Acap  197404211 1256 1287 1287 1287 1287 1287 1256 1226 1165 1104 1073 1073
316A Acap  197404212 1073 1134 1165 1256 1317 1378 1439 1500 1500 1470 1439 1378
316A Acap  197404221 1317 1256 1226 1226 1256 1256 1256 1195 1195 1134 1134 1104
316A Acap  197404222 1073 1043 1073 1165 1226 1317 1409 1500 1561 1561 1561 1500
316A Acap  197404231 1439 1348 1287 1195 1195 1195 1195 1226 1226 1226 1195 1165
316A Acap  197404232 1134 1104 1073 1104 1195 1256 1348 1500 1592 1653 1653 1622
316A Acap  197404241 1531 1439 1348 1226 1165 1165 1195 1195 1226 1256 1256 1226
316A Acap  197404242 1165 1134 1073 1073 1104 1195 1317 1439 1531 1622 1714 1714
316A Acap  197404251 1714 1622 1500 1378 1287 1195 1165 1195 1226 1256 1287 1287
316A Acap  197404252 1287 1226 1134 1073 1043 1073 1165 1287 1409 1561 1714 1774
316A Acap  197404261 1774 1714 1592 1439 1317 1195 1134 1134 1134 1226 1287 1317
316A Acap  197404262 1317 1287 1226 1104 1012 1012 1043 1165 1287 1470 1622 1744
316A Acap  197404271 1835 1805 1683 1531 1378 1226 1134 1104 1165 1226 1348 1409
316A Acap  197404272 1439 1439 1378 1256 1104 1043 1012 1073 1195 1348 1531 1683
316A Acap  197404281 1774 1805 1774 1653 1470 1317 1195 1104 1134 1195 1256 1378
316A Acap  197404282 1439 1470 1439 1348 1195 1073  982 1012 1073 1195 1378 1561
316A Acap  197404291 1714 1805 1774 1683 1531 1378 1226 1134 1104 1134 1226 1348
316A Acap  197404292 1470 1500 1500 1439 1317 1195 1073 1043 1043 1104 1226 1409
316A Acap  197404301 1561 1653 1683 1683 1561 1439 1287 1134 1073 1073 1165 1256
316A Acap  197404302 1409 1500 1531 1531 1470 1348 1226 1134 1073 1073 1165 1287
316A Acap  197405011 1439 1531 1622 1653 1592 1470 1317 1165 1104 1073 1104 1195
316A Acap  197405012 1348 1470 1531 1592 1531 1470 1348 1226 1165 1134 1165 1226
316A Acap  197405021 1348 1470 1561 1592 1592 1500 1378 1287 1165 1104 1073 1134
316A Acap  197405022 1256 1348 1470 1561 1622 1622 1500 1409 1317 1226 1195 1256
316A Acap  197405031 1317 1378 1470 1531 1500 1470 1409 1317 1195 1104 1104 1104
316A Acap  197405032 1165 1287 1378 1500 1561 1592 1592 1561 1439 1348 1317 1287
316A Acap  197405041 1317 1348 1378 1409 1439 1409 1378 1317 1226 1134 1073 1104
316A Acap  197405042 1134 1195 1287 1378 1500 1561 1592 1622 1592 1500 1439 1409
316A Acap  197405051 1348 1348 1348 1378 1378 1378 1378 1348 1287 1256 1195 1165
316A Acap  197405052 1165 1226 1287 1378 1470 1531 1622 1653 1683 1653 1622 1561
316A Acap  197405061 1470 1409 1378 1348 1348 1348 1348 1348 1317 1317 1287 1226
316A Acap  197405062 1195 1165 1195 1256 1317 1409 1531 1622 1683 1714 1683 1622
316A Acap  197405071 1531 1439 1348 1287 1287 1256 1287 1287 1317 1317 1287 1256
316A Acap  197405072 1226 1195 1165 1165 1195 1287 1409 1500 1592 1683 1714 1683
316A Acap  197405081 1592 1531 1409 1317 1256 1226 1165 1195 1226 1256 1256 1256
316A Acap  197405082 1256 1195 1134 1134 1134 1165 1287 1378 1500 1622 1714 1744
316A Acap  197405091 1714 1622 1561 1378 1287 1195 1195 1195 1226 1256 1287 1348
316A Acap  197405092 1348 1317 1256 1165 1134 1165 1226 1317 1409 1531 1622 1714
316A Acap  197405101 1744 1714 1592 1470 1348 1256 1165 1195 1195 1256 1317 1348
316A Acap  197405102 1409 1409 1348 1256 1195 1195 1195 1256 1348 1470 1592 1683
316A Acap  197405111 1744 1744 1683 1561 1439 1348 1226 1195 1226 1256 1348 1409
316A Acap  197405112 1470 1470 1470 1409 1317 1256 1287 1256 1317 1378 1561 1683
316A Acap  197405121 1774 1805 1774 1653 1500 1378 1256 1195 1195 1226 1317 1409
316A Acap  197405122 1470 1531 1531 1470 1378 1317 1256 1226 1287 1348 1470 1592
316A Acap  197405131 1714 1774 1774 1683 1561 1409 1317 1226 1195 1256 1287 1378
316A Acap  197405132 1439 1531 1561 1531 1470 1378 1317 1256 1226 1287 1378 1531
316A Acap  197405141 1653 1714 1744 1714 1622 1470 1317 1256 1195 1195 1256 1348
316A Acap  197405142 1409 1531 1561 1592 1561 1470 1378 1287 1256 1287 1317 1409
316A Acap  197405151 1531 1622 1683 1683 1592 1500 1409 1256 1195 1165 1195 1287
316A Acap  197405152 1378 1470 1531 1592 1561 1500 1439 1348 1287 1287 1317 1378
316A Acap  197405161 1531 1561 1622 1622 1561 1500 1378 1317 1226 1195 1226 1287
316A Acap  197405162 1348 1470 1561 1592 1622 1592 1500 1439 1378 1348 1348 1378
316A Acap  197405171 1470 1500 1561 1592 1531 1470 1378 1317 1226 1195 1195 1226
316A Acap  197405172 1317 1439 1531 1622 1653 1653 1592 1531 1439 1378 1378 1378
316A Acap  197405181 1409 1470 1500 1561 1531 1500 1409 1317 1226 1165 1165 1195
316A Acap  197405182 1287 1409 1500 1592 1653 1683 1653 1622 1592 1531 1470 1439
316A Acap  197405191 1470 1470 1500 1500 1500 1470 1409 1348 1256 1195 1165 1195
316A Acap  197405192 1256 1317 1439 1561 1622 1683 1714 1683 1653 1592 1531 1470
316A Acap  197405201 1470 1470 1470 1500 1500 1470 1439 1348 1287 1226 1195 1165
316A Acap  197405202 1195 1287 1378 1500 1592 1653 1744 1774 1774 1714 1653 1592
316A Acap  197405211 1531 1470 1439 1439 1409 1409 1378 1348 1287 1226 1165 1134
316A Acap  197405212 1134 1165 1256 1378 1500 1622 1683 1744 1774 1774 1744 1683
316A Acap  197405221 1561 1500 1409 1348 1348 1348 1317 1317 1317 1287 1226 1165
316A Acap  197405222 1134 1134 1134 1226 1317 1470 1561 1683 1744 1774 1774 1714
316A Acap  197405231 1653 1531 1439 1348 1287 1287 1287 1317 1317 1317 1287 1256
316A Acap  197405232 1195 1134 1104 1104 1165 1287 1409 1531 1714 1805 1835 1835
316A Acap  197405241 1744 1622 1531 1378 1256 1226 1226 1256 1287 1348 1378 1348
316A Acap  197405242 1287 1195 1134 1043 1043 1104 1226 1348 1531 1683 1805 1835
316A Acap  197405251 1774 1683 1531 1378 1226 1165 1134 1165 1256 1317 1409 1439
316A Acap  197405252 1378 1317 1195 1104 1043 1043 1104 1226 1409 1531 1683 1774
316A Acap  197405261 1835 1774 1622 1439 1287 1165 1104 1104 1165 1287 1409 1500
316A Acap  197405262 1500 1470 1378 1256 1134 1073 1043 1134 1287 1439 1622 1744
316A Acap  197405271 1805 1805 1714 1561 1378 1226 1104 1073 1134 1226 1378 1500
316A Acap  197405272 1561 1592 1561 1470 1348 1226 1165 1134 1195 1287 1500 1653
316A Acap  197405281 1774 1805 1805 1683 1500 1317 1195 1104 1104 1165 1287 1470
316A Acap  197405282 1622 1714 1714 1653 1531 1378 1287 1226 1226 1287 1439 1592
316A Acap  197405291 1714 1774 1774 1683 1531 1378 1195 1073 1012 1043 1165 1317
316A Acap  197405292 1470 1622 1683 1653 1592 1470 1348 1226 1195 1195 1317 1409
316A Acap  197405301 1531 1653 1683 1683 1592 1470 1287 1134 1073 1043 1073 1195
316A Acap  197405302 1348 1531 1653 1714 1744 1653 1561 1439 1317 1226 1256 1317
316A Acap  197405311 1409 1470 1561 1622 1531 1439 1348 1195 1104 1073 1073 1104
316A Acap  197405312 1287 1409 1592 1653 1714 1744 1653 1561 1409 1348 1317 1287
316A Acap  197406011 1348 1409 1500 1531 1531 1439 1378 1287 1134 1043 1012 1073
316A Acap  197406012 1165 1317 1439 1592 1683 1714 1714 1622 1531 1409 1378 1348
316A Acap  197406021 1348 1378 1409 1439 1439 1470 1409 1317 1195 1104 1012 1012
316A Acap  197406022 1043 1195 1317 1470 1592 1683 1714 1714 1653 1561 1470 1409
316A Acap  197406031 1348 1348 1378 1439 1409 1409 1378 1317 1256 1195 1134 1104
316A Acap  197406032 1134 1195 1317 1439 1531 1592 1683 1683 1714 1683 1592 1500
316A Acap  197406041 1470 1439 1378 1378 1378 1348 1348 1317 1287 1226 1195 1165
316A Acap  197406042 1134 1165 1195 1317 1439 1531 1622 1714 1714 1714 1683 1653
316A Acap  197406051 1561 1500 1439 1378 1348 1348 1378 1348 1348 1317 1287 1256
316A Acap  197406052 1226 1226 1226 1256 1348 1409 1531 1622 1714 1744 1744 1744
316A Acap  197406061 1653 1592 1470 1439 1378 1317 1317 1348 1348 1348 1348 1317
316A Acap  197406062 1317 1256 1226 1256 1287 1348 1439 1561 1683 1744 1774 1774
316A Acap  197406071 1714 1653 1592 1470 1409 1348 1317 1287 1317 1348 1348 1378
316A Acap  197406072 1348 1348 1317 1317 1317 1348 1409 1500 1592 1714 1805 1805
316A Acap  197406081 1744 1683 1592 1500 1409 1287 1287 1256 1256 1317 1378 1409
316A Acap  197406082 1409 1409 1378 1317 1287 1317 1348 1409 1470 1592 1683 1744
316A Acap  197406091 1744 1714 1622 1531 1439 1348 1287 1226 1256 1317 1378 1409
316A Acap  197406092 1470 1470 1439 1378 1317 1317 1287 1317 1378 1500 1592 1683
316A Acap  197406101 1744 1744 1683 1592 1439 1348 1256 1226 1226 1287 1348 1409
316A Acap  197406102 1500 1500 1470 1439 1378 1287 1287 1287 1317 1409 1531 1592
316A Acap  197406111 1683 1683 1622 1500 1378 1287 1195 1165 1165 1195 1256 1348
316A Acap  197406112 1470 1500 1500 1439 1378 1317 1256 1256 1287 1317 1439 1561
316A Acap  197406121 1592 1653 1622 1561 1439 1348 1226 1165 1165 1195 1256 1378
316A Acap  197406122 1470 1531 1561 1561 1470 1409 1317 1317 1287 1348 1378 1470
316A Acap  197406131 1561 1622 1592 1561 1470 1348 1256 1165 1104 1134 1195 1317
316A Acap  197406132 1439 1561 1592 1622 1561 1470 1409 1348 1317 1348 1409 1470
316A Acap  197406141 1531 1592 1592 1561 1500 1409 1287 1226 1165 1165 1195 1317
316A Acap  197406142 1439 1531 1622 1683 1683 1622 1561 1470 1409 1378 1348 1439
316A Acap  197406151 1500 1561 1592 1592 1500 1439 1348 1256 1195 1165 1226 1317
316A Acap  197406152 1439 1592 1714 1805 1805 1774 1744 1653 1622 1561 1561 1561
316A Acap  197406161 1622 1683 1774 1774 1714 1683 1622 1561 1439 1409 1409 1439
316A Acap  197406162 1500 1653 1805 1890 1931 1928 1885 1811 1731 1662 1620 1611
316A Acap  197406171 1626 1655 1682 1690 1666 1608 1522 1422 1330 1268 1250 1289
316A Acap  197406172 1378 1500 1642 1771 1865 1914 1922 1891 1835 1744 1653 1622
316A Acap  197406181 1592 1561 1561 1592 1592 1592 1531 1439 1348 1256 1195 1195
316A Acap  197406182 1226 1348 1470 1622 1774 1896 1957 1957 1927 1835 1714 1653
316A Acap  197406191 1592 1561 1531 1561 1592 1592 1561 1500 1439 1317 1256 1195
316A Acap  197406192 1195 1256 1348 1470 1622 1774 1866 1927 1927 1896 1805 1744
316A Acap  197406201 1622 1561 1500 1500 1531 1561 1592 1561 1470 1378 1317 1226
316A Acap  197406202 1195 1226 1317 1439 1561 1714 1866 1927 1988 1988 1927 1866
316A Acap  197406211 1744 1622 1531 1500 1500 1531 1592 1622 1592 1531 1470 1378
316A Acap  197406212 1287 1256 1256 1348 1439 1592 1714 1866 1957 1988 1957 1927
316A Acap  197406221 1805 1714 1561 1470 1439 1439 1500 1561 1592 1622 1592 1500
316A Acap  197406222 1409 1317 1256 1226 1256 1348 1500 1622 1774 1896 1957 1927
316A Acap  197406231 1835 1714 1592 1475 1393 1360 1369 1409 1470 1531 1561 1561
316A Acap  197406232 1470 1409 1317 1256 1195 1226 1317 1439 1592 1714 1835 1866
316A Acap  197406241 1835 1744 1622 1500 1348 1256 1226 1287 1378 1500 1622 1683
316A Acap  197406242 1683 1622 1561 1439 1348 1287 1287 1348 1470 1592 1744 1835
316A Acap  197406251 1866 1835 1714 1622 1439 1287 1195 1165 1226 1378 1531 1683
316A Acap  197406252 1744 1744 1714 1622 1470 1409 1317 1317 1348 1439 1592 1714
316A Acap  197406261 1835 1835 1805 1683 1531 1348 1226 1165 1195 1317 1439 1622
316A Acap  197406262 1774 1835 1835 1774 1683 1561 1439 1378 1378 1378 1500 1622
316A Acap  197406271 1714 1835 1805 1744 1561 1439 1287 1165 1134 1195 1317 1500
316A Acap  197406272 1714 1835 1896 1866 1774 1683 1561 1439 1348 1378 1409 1500
316A Acap  197406281 1653 1714 1774 1714 1592 1470 1287 1165 1104 1104 1195 1348
316A Acap  197406282 1531 1714 1805 1896 1835 1744 1653 1500 1378 1348 1378 1470
316A Acap  197406291 1531 1622 1683 1683 1622 1531 1378 1256 1165 1134 1165 1287
316A Acap  197406292 1439 1622 1774 1866 1927 1896 1835 1744 1622 1531 1500 1500
316A Acap  197406301 1531 1592 1653 1683 1683 1622 1500 1378 1256 1195 1195 1226
316A Acap  197406302 1348 1500 1653 1805 1896 1896 1896 1805 1714 1622 1561 1531
316A Acap  197407011 1531 1561 1622 1653 1683 1622 1592 1439 1348 1256 1226 1195
316A Acap  197407012 1287 1378 1531 1683 1805 1866 1896 1866 1805 1683 1622 1561
316A Acap  197407021 1500 1500 1500 1561 1561 1561 1531 1470 1378 1287 1226 1195
316A Acap  197407022 1226 1287 1439 1531 1653 1744 1805 1835 1805 1714 1653 1622
316A Acap  197407031 1531 1500 1500 1500 1500 1531 1500 1439 1378 1317 1287 1226
316A Acap  197407032 1226 1256 1348 1439 1561 1683 1744 1805 1805 1774 1714 1683
316A Acap  197407041 1622 1531 1500 1470 1500 1470 1470 1470 1439 1409 1348 1317
316A Acap  197407042 1287 1287 1348 1409 1500 1592 1683 1774 1805 1805 1805 1744
316A Acap  197407051 1683 1622 1561 1500 1470 1470 1500 1500 1500 1470 1439 1378
316A Acap  197407052 1378 1348 1348 1348 1439 1531 1622 1714 1805 1835 1835 1774
316A Acap  197407061 1714 1653 1531 1500 1439 1439 1439 1439 1470 1500 1500 1500
316A Acap  197407062 1470 1409 1378 1378 1409 1470 1561 1653 1744 1805 1835 1835
316A Acap  197407071 1805 1714 1622 1531 1439 1409 1409 1409 1439 1500 1500 1531
316A Acap  197407072 1500 1470 1439 1409 1378 1409 1439 1531 1592 1683 1744 1774
316A Acap  197407081 1744 1683 1622 1531 1409 1348 1317 1287 1317 1409 1470 1500
316A Acap  197407082 1531 1500 1470 1439 1378 1348 1348 1409 1470 1592 1653 1714
316A Acap  197407091 1714 1683 1622 1531 1409 1317 1287 1287 1317 1409 1500 1561
316A Acap  197407092 1592 1592 1531 1470 1409 1378 1348 1348 1409 1500 1592 1683
316A Acap  197407101 1714 1683 1653 1531 1409 1348 1256 1226 1256 1287 1348 1439
316A Acap  197407102 1561 1622 1653 1561 1500 1409 1378 1317 1317 1378 1439 1561
316A Acap  197407111 1653 1683 1653 1561 1439 1317 1195 1195 1195 1226 1378 1470
316A Acap  197407112 1592 1653 1683 1653 1592 1439 1378 1317 1287 1317 1378 1470
316A Acap  197407121 1561 1592 1592 1561 1439 1317 1226 1165 1134 1165 1256 1378
316A Acap  197407122 1531 1622 1683 1683 1622 1531 1439 1348 1287 1287 1348 1409
316A Acap  197407131 1470 1531 1531 1470 1409 1317 1195 1104 1073 1134 1195 1348
316A Acap  197407132 1500 1592 1714 1744 1714 1622 1500 1409 1317 1287 1287 1378
316A Acap  197407141 1409 1470 1500 1470 1409 1317 1226 1104 1043 1043 1104 1226
316A Acap  197407142 1378 1561 1683 1744 1774 1714 1622 1500 1409 1348 1317 1348
316A Acap  197407151 1378 1470 1531 1561 1500 1439 1317 1195 1165 1104 1165 1256
316A Acap  197407152 1409 1561 1683 1767 1796 1775 1710 1620 1531 1463 1432 1439
316A Acap  197407161 1470 1561 1592 1592 1531 1470 1348 1226 1134 1104 1104 1165
316A Acap  197407162 1348 1470 1622 1744 1835 1866 1835 1714 1622 1561 1470 1439
316A Acap  197407171 1439 1470 1531 1531 1561 1500 1409 1256 1195 1104 1043 1073
316A Acap  197407172 1134 1287 1439 1561 1714 1805 1835 1805 1714 1622 1500 1439
316A Acap  197407181 1409 1409 1470 1531 1531 1500 1439 1348 1195 1073  982  952
316A Acap  197407182  982 1104 1226 1409 1561 1714 1744 1744 1683 1622 1561 1470
316A Acap  197407191 1409 1378 1378 1409 1439 1470 1500 1439 1378 1226 1134 1043
316A Acap  197407192  982 1043 1134 1226 1378 1531 1653 1714 1774 1714 1622 1500
316A Acap  197407201 1409 1378 1317 1317 1378 1439 1470 1470 1439 1348 1226 1134
316A Acap  197407202 1043 1012 1012 1134 1226 1378 1531 1653 1714 1714 1653 1592
316A Acap  197407211 1470 1378 1287 1226 1256 1287 1348 1409 1470 1470 1409 1348
316A Acap  197407212 1226 1165 1073 1073 1165 1287 1409 1531 1653 1714 1714 1683
316A Acap  197407221 1592 1470 1378 1287 1256 1256 1287 1348 1439 1531 1531 1500
316A Acap  197407222 1439 1378 1287 1195 1165 1195 1287 1348 1500 1622 1683 1683
316A Acap  197407231 1653 1561 1470 1317 1226 1165 1195 1256 1348 1470 1622 1683
316A Acap  197407232 1653 1622 1500 1409 1287 1226 1226 1317 1378 1531 1592 1683
316A Acap  197407241 1683 1653 1561 1409 1226 1104 1104 1134 1165 1317 1531 1622
316A Acap  197407242 1714 1714 1683 1561 1409 1287 1226 1226 1256 1378 1500 1622
316A Acap  197407251 1683 1683 1592 1470 1287 1104 1012  952 1043 1195 1348 1531
316A Acap  197407252 1714 1805 1805 1714 1592 1439 1317 1226 1226 1287 1409 1500
316A Acap  197407261 1592 1653 1653 1561 1378 1226 1073 1012 1012 1073 1256 1409
316A Acap  197407262 1653 1774 1835 1835 1744 1592 1439 1287 1226 1226 1287 1409
316A Acap  197407271 1531 1592 1592 1561 1439 1287 1134 1012  952 1012 1104 1287
316A Acap  197407272 1439 1653 1774 1805 1744 1653 1531 1348 1256 1226 1256 1317
316A Acap  197407281 1409 1500 1592 1592 1531 1409 1256 1104  982  952 1012 1134
316A Acap  197407282 1287 1500 1683 1774 1805 1744 1622 1470 1348 1256 1256 1287
316A Acap  197407291 1378 1439 1531 1561 1500 1409 1287 1134 1012  952  982 1043
316A Acap  197407292 1195 1348 1531 1653 1714 1683 1622 1561 1409 1348 1287 1287
316A Acap  197407301 1348 1378 1470 1500 1470 1409 1287 1165 1073  982  952  982
316A Acap  197407302 1104 1256 1409 1561 1622 1683 1622 1592 1470 1378 1317 1317
316A Acap  197407311 1317 1378 1409 1439 1470 1439 1348 1256 1134 1073 1012 1012
316A Acap  197407312 1073 1165 1317 1439 1561 1653 1683 1622 1561 1500 1439 1409
316A Acap  197408011 1348 1378 1409 1439 1470 1439 1378 1317 1226 1165 1104 1134
316A Acap  197408012 1165 1195 1348 1439 1531 1592 1622 1653 1622 1561 1531 1470
316A Acap  197408021 1470 1439 1470 1470 1470 1470 1470 1409 1317 1287 1226 1195
316A Acap  197408022 1195 1226 1287 1378 1470 1531 1592 1622 1622 1592 1592 1531
316A Acap  197408031 1500 1500 1470 1470 1470 1409 1409 1409 1378 1317 1287 1287
316A Acap  197408032 1256 1287 1317 1348 1409 1470 1500 1561 1592 1622 1592 1561
316A Acap  197408041 1531 1500 1470 1439 1409 1378 1378 1348 1378 1378 1348 1317
316A Acap  197408042 1287 1287 1287 1287 1317 1378 1409 1470 1561 1561 1622 1622
316A Acap  197408051 1584 1523 1448 1381 1337 1317 1317 1317 1348 1378 1409 1409
316A Acap  197408052 1409 1348 1317 1317 1317 1317 1348 1409 1439 1500 1561 1531
316A Acap  197408061 1561 1500 1439 1378 1317 1287 1256 1287 1348 1378 1439 1439
316A Acap  197408062 1470 1439 1409 1317 1287 1287 1317 1317 1378 1439 1500 1531
316A Acap  197408071 1531 1531 1439 1348 1287 1256 1256 1256 1287 1378 1439 1531
316A Acap  197408072 1561 1561 1500 1470 1348 1317 1287 1287 1348 1409 1500 1561
316A Acap  197408081 1561 1561 1500 1409 1348 1256 1226 1226 1256 1348 1439 1531
316A Acap  197408082 1592 1653 1592 1531 1439 1378 1317 1287 1287 1348 1439 1531
316A Acap  197408091 1561 1561 1531 1439 1378 1287 1226 1195 1195 1317 1409 1531
316A Acap  197408092 1622 1714 1714 1683 1561 1470 1378 1317 1287 1317 1439 1500
316A Acap  197408101 1561 1561 1561 1500 1378 1287 1195 1165 1165 1256 1348 1500
316A Acap  197408102 1653 1744 1805 1805 1714 1592 1439 1378 1317 1317 1409 1470
316A Acap  197408111 1561 1592 1592 1531 1409 1287 1195 1134 1134 1165 1287 1439
316A Acap  197408112 1622 1744 1805 1805 1774 1653 1561 1409 1348 1317 1378 1439
316A Acap  197408121 1531 1592 1561 1500 1409 1317 1195 1073 1043 1073 1195 1348
316A Acap  197408122 1531 1683 1805 1866 1835 1744 1622 1531 1409 1378 1409 1409
316A Acap  197408131 1531 1561 1592 1592 1500 1378 1226 1134 1104 1073 1134 1256
316A Acap  197408132 1439 1622 1774 1835 1866 1805 1714 1592 1470 1409 1409 1409
316A Acap  197408141 1470 1561 1592 1622 1561 1470 1317 1195 1104 1043 1043 1165
316A Acap  197408142 1317 1500 1683 1805 1866 1866 1774 1653 1561 1439 1409 1409
316A Acap  197408151 1463 1531 1592 1622 1622 9999 9999 9999 9999 9999 9999 9999
316A Acap  197408152 9999 9999 9999 9999 9999 9999 9999 9999 9999 9999 9999 9999
316A Acap  197408161 9999 9999 9999 9999 9999 9999 9999 9999 9999 9999 9999 9999
316A Acap  197408162 9999 9999 9999 9999 9999 9999 9999 9999 9999 9999 9999 9999
316A Acap  197408171 9999 9999 9999 9999 9999 9999 9999 9999 9999 9999 9999 9999
316A Acap  197408172 9999 9999 9999 9999 9999 9999 9999 9999 9999 9999 9999 9999
316A Acap  197408181 9999 9999 9999 9999 9999 9999 9999 9999 9999 9999 9999 9999
316A Acap  197408182 9999 9999 9999 9999 9999 9999 9999 9999 9999 9999 9999 9999
316A Acap  197408191 1561 1500 1409 1378 1409 1500 1592 1622 1683 1683 1653 1592
316A Acap  197408192 1470 1409 1348 1287 1317 1409 1500 1592 1653 1744 1744 1683
316A Acap  197408201 1622 1531 1409 1348 1317 1378 1439 1531 1622 1774 1774 1744
316A Acap  197408202 1714 1622 1470 1378 1348 1348 1409 1470 1592 1683 1774 1744
316A Acap  197408211 1683 1592 1470 1378 1256 1226 1317 1470 1561 1683 1774 1774
316A Acap  197408212 1744 1653 1561 1470 1378 1317 1348 1439 1500 1592 1683 1774
316A Acap  197408221 1774 1653 1500 1348 1195 1165 1165 1230 1354 1514 1678 1805
316A Acap  197408222 1866 1866 1835 1683 1561 1439 1317 1287 1348 1439 1622 1714
316A Acap  197408231 1774 1744 1622 1500 1378 1226 1134 1165 1256 1412 1602 1788
316A Acap  197408232 1927 1957 1927 1774 1622 1439 1348 1287 1317 1378 1470 1561
316A Acap  197408241 1683 1683 1683 1592 1409 1256 1134 1073 1073 1195 1348 1592
316A Acap  197408242 1774 1896 1896 1866 1744 1561 1409 1317 1287 1287 1378 1470
316A Acap  197408251 1592 1683 1683 1592 1470 1317 1195 1073 1073 1134 1287 1439
316A Acap  197408252 1653 1805 1896 1896 1805 1683 1531 1409 1348 1317 1378 1439
316A Acap  197408261 1531 1622 1653 1592 1561 1409 1256 1134 1073 1104 1165 1317
316A Acap  197408262 1531 1683 1805 1896 1866 1774 1622 1500 1409 1348 1317 1378
316A Acap  197408271 1470 1561 1622 1653 1561 1439 1287 1165 1104 1073 1073 1226
316A Acap  197408272 1409 1561 1714 1805 1835 1744 1653 1531 1439 1317 1317 1378
316A Acap  197408281 1439 1531 1592 1592 1561 1470 1348 1256 1104 1043 1073 1165
316A Acap  197408282 1256 1378 1531 1653 1744 1774 1714 1622 1531 1439 1409 1409
316A Acap  197408291 1470 1531 1592 1622 1592 1531 1439 1348 1226 1165 1134 1195
316A Acap  197408292 1256 1378 1531 1653 1744 1744 1714 1653 1592 1531 1470 1439
316A Acap  197408301 1439 1470 1531 1622 1622 1622 1531 1470 1409 1317 1256 1287
316A Acap  197408302 1317 1409 1500 1592 1683 1744 1714 1683 1622 1561 1531 1500
316A Acap  197408311 1500 1561 1592 1622 1622 1622 1622 1531 1470 1409 1348 1348
316A Acap  197408312 1317 1378 1470 1531 1592 1653 1683 1683 1653 1622 1561 1531
316A Acap  197409011 1470 1470 1531 1561 1592 1592 1592 1531 1500 1470 1470 1439
316A Acap  197409012 1409 1378 1378 1409 1470 1531 1592 1653 1653 1622 1622 1622
316A Acap  197409021 1592 1561 1531 1531 1531 1531 1561 1592 1592 1592 1592 1561
316A Acap  197409022 1531 1500 1470 1470 1500 1500 1531 1561 1592 1622 1592 1561
316A Acap  197409031 1531 1500 1470 1439 1439 1470 1500 1531 1561 1592 1599 1588
316A Acap  197409032 1564 1523 1473 1433 1409 1439 1470 1531 1550 1566 1566 1542
316A Acap  197409041 1500 1439 1409 1378 1348 1378 1409 1470 1531 1592 1622 1653
316A Acap  197409042 1622 1561 1500 1439 1409 1348 1348 1378 1439 1500 1531 1531
316A Acap  197409051 1531 1470 1409 1348 1287 1287 1317 1348 1409 1500 1592 1622
316A Acap  197409052 1653 1622 1561 1470 1378 1317 1287 1287 1317 1378 1439 1500
316A Acap  197409061 1500 1470 1409 1317 1226 1195 1195 1226 1317 1439 1531 1622
316A Acap  197409062 1683 1683 1622 1531 1439 1317 1256 1226 1256 1317 1409 1470
316A Acap  197409071 1500 1470 1378 1317 1226 1165 1134 1195 1256 1378 1500 1592
316A Acap  197409072 1714 1744 1714 1622 1500 1409 1317 1226 1256 1348 1409 1470
316A Acap  197409081 1531 1531 1470 1378 1287 1165 1134 1134 1195 1287 1439 1561
316A Acap  197409082 1714 1774 1774 1744 1622 1500 1348 1287 1256 1287 1378 1470
316A Acap  197409091 1561 1561 1531 1470 1348 1226 1134 1104 1165 1256 1439 1653
316A Acap  197409092 1805 1896 1927 1896 1835 1683 1531 1409 1378 1409 1470 1592
316A Acap  197409101 1653 1714 1744 1683 1592 1439 1317 1256 1256 1317 1500 1683
316A Acap  197409102 1839 1960 2020 2012 1944 1836 1717 1613 1551 1544 1584 1653
316A Acap  197409111 1744 1744 1774 1744 1622 1470 1287 1195 1134 1165 1287 1439
316A Acap  197409112 1622 1774 1896 1927 1896 1774 1653 1500 1409 1378 1409 1500
316A Acap  197409121 1592 1683 1714 1714 1622 1500 1348 1195 1134 1134 1226 1317
316A Acap  197409122 1470 1622 1774 1835 1835 1774 1653 1500 1378 1317 1348 1409
316A Acap  197409131 1531 1653 1683 1683 1653 1561 1470 1348 1256 1195 1195 1256
316A Acap  197409132 1378 1500 1622 1714 1774 1774 1683 1592 1470 1378 1317 1317
316A Acap  197409141 1409 1470 1561 1622 1653 1622 1500 1409 1348 1256 1226 1226
316A Acap  197409142 1287 1378 1470 1592 1653 1683 1653 1592 1470 1378 1287 1256
316A Acap  197409151 1287 1348 1439 1531 1622 1622 1592 1531 1470 1409 1348 1287
316A Acap  197409152 1287 1348 1409 1470 1531 1561 1592 1561 1470 1409 1348 1287
316A Acap  197409161 1226 1256 1317 1409 1500 1592 1653 1683 1622 1561 1470 1409
316A Acap  197409162 1348 1317 1317 1348 1378 1439 1500 1531 1531 1470 1409 1317
316A Acap  197409171 1256 1195 1226 1317 1439 1531 1622 1714 1744 1714 1653 1561
316A Acap  197409172 1470 1409 1317 1287 1287 1348 1409 1470 1500 1531 1500 1439
316A Acap  197409181 1348 1287 1195 1195 1287 1378 1470 1622 1744 1835 1835 1783
316A Acap  197409182 1688 1565 1435 1332 1273 1256 1287 1348 1439 1500 1592 1592
316A Acap  197409191 1500 1378 1287 1195 1165 1195 1317 1470 1622 1744 1866 1896
316A Acap  197409192 1835 1714 1561 1439 1348 1256 1226 1287 1378 1470 1561 1622
316A Acap  197409201 1593 1514 1396 1265 1168 1134 1195 1287 1409 1561 1744 1896
316A Acap  197409202 1921 1866 1743 1582 1423 1302 1237 1237 1295 1393 1500 1622
316A Acap  197409211 1653 1592 1470 1348 1226 1134 1104 1165 1287 1439 1622 1774
316A Acap  197409212 1896 1957 1896 1744 1592 1439 1317 1256 1287 1409 1531 1622
316A Acap  197409221 1714 1744 1714 1561 1409 1256 1165 1104 1134 1287 1470 1653
316A Acap  197409222 1805 1927 1927 1805 1622 1500 1378 1287 1287 1287 1409 1500
316A Acap  197409231 1592 1714 1714 1592 1439 1287 1195 1104 1104 1226 1378 1531
316A Acap  197409232 1683 1835 1896 1805 1683 1561 1439 1348 1287 1287 1348 1439
316A Acap  197409241 1531 1653 1653 1592 1470 1348 1256 1195 1134 1165 1256 1409
316A Acap  197409242 1531 1683 1805 1866 1774 1653 1500 1378 1317 1287 1317 1378
316A Acap  197409251 1439 1561 1622 1622 1500 1409 1317 1195 1134 1134 1226 1348
316A Acap  197409252 1500 1622 1744 1805 1744 1622 1531 1409 1317 1287 1287 1348
316A Acap  197409261 1439 1500 1561 1561 1500 1409 1317 1256 1195 1165 1226 1317
316A Acap  197409262 1439 1561 1653 1714 1714 1653 1561 1470 1378 1317 1287 1317
316A Acap  197409271 1378 1439 1500 1531 1531 1470 1409 1317 1256 1226 1226 1317
316A Acap  197409272 1409 1500 1592 1622 1653 1622 1531 1439 1378 1317 1287 1317
316A Acap  197409281 1378 1409 1470 1500 1531 1470 1439 1378 1317 1256 1226 1256
316A Acap  197409282 1317 1378 1470 1531 1592 1592 1531 1439 1348 1287 1256 1226
316A Acap  197409291 1287 1317 1409 1470 1500 1500 1470 1409 1378 1348 1317 1287
316A Acap  197409292 1317 1342 1380 1421 1447 1453 1442 1410 1361 1312 1278 1258
316A Acap  197409301 1256 1317 1378 1439 1470 1500 1500 1470 1439 1409 1378 1348
316A Acap  197409302 1317 1317 1317 1348 1378 1409 1409 1378 1348 1287 1256 1195
316A Acap  197410011 1195 1195 1226 1256 1317 1348 1409 1439 1439 1439 1439 1378
316A Acap  197410012 1317 1287 1287 1256 1256 1287 1287 1317 1348 1317 1287 1256
316A Acap  197410021 1256 1226 1195 1226 1287 1348 1409 1470 1500 1500 1500 1470
316A Acap  197410022 1439 1348 1287 1226 1226 1226 1226 1256 1287 1317 1317 1317
316A Acap  197410031 1348 1226 1195 1165 1195 1256 1317 1409 1470 1531 1561 1561
316A Acap  197410032 1531 1439 1348 1256 1226 1195 1195 1226 1287 1317 1348 1348
316A Acap  197410041 1317 1256 1195 1104 1134 1195 1226 1348 1470 1561 1622 1653
316A Acap  197410042 1622 1531 1439 1287 1195 1165 1134 1195 1226 1317 1348 1409
316A Acap  197410051 1348 1317 1226 1134 1104 1104 1195 1256 1378 1531 1622 1714
316A Acap  197410052 1714 1653 1531 1409 1287 1226 1195 1195 1226 1287 1378 9999
316A Acap  197410061 9999 9999 9999 9999 9999 9999 9999 9999 9999 9999 9999 9999
316A Acap  197410062 9999 9999 9999 9999 9999 9999 9999 9999 9999 9999 9999 9999
316A Acap  197410071 9999 9999 9999 9999 9999 9999 9999 9999 9999 9999 9999 9999
316A Acap  197410072 9999 9999 9999 9999 9999 9999 9999 9999 9999 9999 9999 9999
316A Acap  197410081 9999 9999 9999 9999 9999 9999 9999 9999 9999 9999 9999 9999
316A Acap  197410082 9999 9999 9999 9999 9999 9999 9999 9999 9999 9999 9999 9999
316A Acap  197410091 9999 9999 9999 9999 9999 9999 9999 9999 9999 9999 9999 9999
316A Acap  197410092 9999 9999 9999 9999 9999 9999 9999 9999 9999 9999 9999 9999
316A Acap  197410101 9999 9999 9999 9999 9999 9999 9999 9999 9999 9999 9999 9999
316A Acap  197410102 9999 9999 9999 9999 9999 9999 9999 9999 9999 9999 9999 9999
316A Acap  197410111 9999 9999 9999 9999 9999 9999 9999 9999 9999 9999 9999 9999
316A Acap  197410112 9999 9999 9999 9999 9999 9999 9999 9999 9999 9999 9999 9999
316A Acap  197410121 9999 9999 9999 9999 9999 9999 9999 9999 9999 9999 9999 9999
316A Acap  197410122 9999 9999 9999 9999 9999 9999 9999 9999 9999 9999 9999 9999
316A Acap  197410131 9999 9999 9999 9999 9999 9999 9999 9999 9999 9999 9999 9999
316A Acap  197410132 9999 9999 9999 9999 9999 9999 9999 9999 9999 9999 9999 9999
316A Acap  197410141 9999 9999 9999 9999 9999 9999 9999 9999 9999 9999 9999 9999
316A Acap  197410142 9999 9999 9999 9999 9999 9999 9999 9999 9999 9999 9999 9999
316A Acap  197410151 9999 9999 9999 9999 9999 9999 9999 9999 9999 9999 9999 9999
316A Acap  197410152 9999 9999 9999 9999 9999 9999 9999 9999 9999 9999 9999 9999
316A Acap  197410161 9999 9999 9999 9999 9999 9999 9999 9999 9999 9999 9999 9999
316A Acap  197410162 9999 9999 9999 9999 9999 9999 9999 9999 9999 9999 9999 9999
316A Acap  197410171 9999 9999 9999 9999 9999 9999 9999 9999 9999 9999 9999 9999
316A Acap  197410172 9999 9999 9999 9999 9999 9999 9999 9999 9999 9999 9999 9999
316A Acap  197410181 9999 9999 9999 9999 9999 9999 9999 9999 9999 9999 9999 9999
316A Acap  197410182 9999 9999 9999 9999 9999 9999 9999 9999 9999 9999 9999 9999
316A Acap  197410191 9999 9999 9999 9999 9999 9999 9999 9999 9999 9999 9999 9999
316A Acap  197410192 9999 9999 9999 9999 9999 9999 9999 9999 9999 9999 9999 9999
316A Acap  197410201 9999 9999 9999 9999 9999 9999 9999 9999 9999 9999 9999 9999
316A Acap  197410202 9999 9999 9999 9999 9999 9999 9999 9999 9999 9999 9999 9999
316A Acap  197410211 9999 9999 9999 9999 9999 9999 9999 9999 9999 9999 9999 9999
316A Acap  197410212 9999 9999 9999 9999 9999 9999 9999 9999 9999 9999 9999 9999
316A Acap  197410221 9999 9999 9999 9999 9999 9999 9999 9999 9999 9999 9999 9999
316A Acap  197410222 9999 9999 9999 9999 9999 9999 9999 9999 9999 9999 9999 9999
316A Acap  197410231 9999 9999 9999 9999 9999 9999 9999 9999 9999 9999 9999 9999
316A Acap  197410232 9999 9999 9999 9999 9999 9999 9999 9999 9999 9999 1226 1348
316A Acap  197410241 1470 1561 1561 1561 1500 1348 1226 1134 1104 1165 1256 1378
316A Acap  197410242 1531 1622 1683 1653 1592 1439 1317 1226 1165 1165 1226 1317
316A Acap  197410251 1439 1531 1592 1592 1531 1409 1317 1226 1195 1165 1256 1348
316A Acap  197410252 1470 1561 1653 1653 1592 1500 1348 1256 1195 1195 1226 1317
316A Acap  197410261 1409 1500 1561 1561 1531 1500 1378 1317 1226 1195 1256 1317
316A Acap  197410262 1409 1531 1592 1622 1592 1500 1409 1317 1256 1195 1226 1317
316A Acap  197410271 1378 1439 1500 1561 1561 1531 1470 1409 1317 1287 1287 1317
316A Acap  197410272 1378 1470 1500 1531 1500 1470 1409 1317 1256 1195 1195 1226
316A Acap  197410281 1317 1409 1470 1561 1561 1561 1561 1500 1409 1378 1348 1348
316A Acap  197410282 1348 1409 1439 1470 1470 1439 1409 1348 1287 1256 1226 1226
316A Acap  197410291 1287 1317 1409 1470 1531 1531 1592 1531 1500 1439 1439 1378
316A Acap  197410292 1348 1348 1378 1378 1378 1378 1348 1287 1256 1195 1165 1165
316A Acap  197410301 1165 1226 1287 1348 1409 1470 1500 1531 1500 1470 1439 1378
316A Acap  197410302 1348 1317 1287 1317 1317 1287 1317 1287 1256 1226 1195 1165
316A Acap  197410311 1134 1165 1165 1226 1317 1378 1470 1531 1561 1531 1531 1500
316A Acap  197410312 1409 1348 1287 1226 1226 1195 1226 1226 1256 1256 1226 1195
316A Acap  197411011 1165 1134 1134 1165 1226 1317 1439 1531 1592 1622 1622 1592
316A Acap  197411012 1531 1439 1317 1226 1165 1165 1195 1226 1256 1287 1256 1226
316A Acap  197411021 1195 1104 1043 1012 1104 1165 1287 1409 1561 1653 1683 1683
316A Acap  197411022 1592 1500 1348 1256 1165 1104 1104 1165 1165 1226 1256 1256
316A Acap  197411031 1226 1134 1073 1043 1012 1073 1165 1287 1409 1531 1653 1714
316A Acap  197411032 1683 1561 1470 1287 1195 1073 1043 1104 1134 1226 1317 1348
316A Acap  197411041 1317 1256 1134 1043  982  982 1012 1134 1287 1439 1592 1683
316A Acap  197411042 1714 1683 1531 1378 1226 1104 1043 1043 1073 1195 1287 1348
316A Acap  197411051 1378 1348 1256 1104 1012  952  952 1043 1165 1348 1531 1683
316A Acap  197411052 1744 1744 1653 1500 1317 1165 1073 1043 1073 1165 1317 1409
316A Acap  197411061 1470 1439 1378 1226 1104 1012  952  982 1073 1226 1409 1561
316A Acap  197411062 1683 1714 1683 1531 1378 1195 1073  982 1012 1104 1226 1348
316A Acap  197411071 1470 1500 1500 1409 1256 1134 1012  982 1012 1104 1287 1470
316A Acap  197411072 1622 1683 1683 1622 1500 1317 1134 1043 1012 1043 1134 1287
316A Acap  197411081 1409 1500 1531 1500 1378 1256 1134 1012  982 1043 1195 1317
316A Acap  197411082 1470 1622 1653 1622 1500 1348 1165 1043  982  952 1043 1195
316A Acap  197411091 1378 1500 1592 1592 1531 1378 1256 1104 1043 1012 1073 1195
316A Acap  197411092 1348 1439 1531 1531 1470 1317 1165 1043  921  921  952 1073
316A Acap  197411101 1226 1378 1500 1561 1561 1531 1378 1256 1165 1104 1104 1165
316A Acap  197411102 1256 1378 1470 1500 1470 1409 1287 1165 1043  982  982 1043
316A Acap  197411111 1165 1348 1470 1592 1622 1622 1531 1439 1348 1226 1195 1165
316A Acap  197411112 1226 1317 1378 1409 1409 1378 1287 1195 1073 1012  952  982
316A Acap  197411121 1073 1165 1317 1470 1561 1592 1592 1561 1439 1378 1287 1226
316A Acap  197411122 1226 1256 1287 1317 1317 1317 1256 1195 1134 1043  982  952
316A Acap  197411131  952 1043 1134 1287 1378 1500 1592 1592 1561 1470 1409 1317
316A Acap  197411132 1226 1195 1226 1226 1256 1256 1256 1226 1195 1104 1043 1012
316A Acap  197411141  982 1012 1073 1165 1287 1409 1531 1561 1592 1561 1500 1409
316A Acap  197411142 1287 1226 1165 1165 1165 1195 1195 1226 1226 1195 1165 1134
316A Acap  197411151 1043 1012 1012 1073 1165 1287 1409 1500 1622 1653 1592 1531
316A Acap  197411152 1439 1348 1256 1165 1134 1134 1165 1195 1226 1256 1226 1165
316A Acap  197411161 1073 1012  982 1012 1012 1104 1256 1378 1470 1592 1622 1592
316A Acap  197411162 1531 1409 1287 1195 1104 1073 1073 1104 1165 1226 1256 1226
316A Acap  197411171 1165 1104 1043  952  952 1012 1073 1205 1359 1506 1620 1672
316A Acap  197411172 1656 1578 1455 1317 1104 1012 1012 1012 1165 1226 1287 1317
316A Acap  197411181 1287 1256 1195 1104 1043 1012 1073 1159 1288 1434 1568 1659
316A Acap  197411182 1683 1632 1522 1374 1223 1103 1035 1027 1074 1159 1256 1338
316A Acap  197411191 1378 1348 1287 1195 1104 1043 1073 1134 1226 1378 1531 1622
316A Acap  197411192 1683 1683 1592 1470 1317 1195 1104 1073 1134 1195 1287 1378
316A Acap  197411201 1439 1470 1409 1348 1226 1165 1104 1104 1165 1287 1409 1531
316A Acap  197411202 1622 1665 1632 1537 1406 1267 1154 1097 1104 1165 1256 1378
316A Acap  197411211 1470 1500 1500 1409 1348 1256 1195 1165 1165 1256 1317 1470
316A Acap  197411212 1592 1622 1622 1561 1439 1348 1226 1165 1134 1134 1226 1317
316A Acap  197411221 1439 1500 1531 1500 1439 1317 1256 1165 1134 1195 1287 1378
316A Acap  197411222 1470 1561 1561 1531 1439 1317 1195 1104 1073 1073 1134 1256
316A Acap  197411231 1378 1470 1500 1500 1470 1378 1287 1195 1165 1165 1226 1317
316A Acap  197411232 1409 1500 1531 1500 1439 1317 1195 1104 1073 1043 1104 1226
316A Acap  197411241 1317 1439 1500 1531 1500 1439 1378 1287 1226 1226 1256 1317
316A Acap  197411242 1378 1439 1470 1470 1409 1317 1226 1134 1104 1073 1134 1165
316A Acap  197411251 1287 1378 1470 1500 1531 1500 1439 1378 1348 1317 1287 1287
316A Acap  197411252 1348 1378 1409 1439 1378 1317 1226 1165 1104 1043 1073 1134
316A Acap  197411261 1195 1317 1439 1500 1561 1561 1531 1470 1378 1348 1317 1287
316A Acap  197411262 1317 1317 1348 1348 1348 1287 1226 1165 1104 1043 1073 1073
316A Acap  197411271 1134 1256 1317 1409 1500 1561 1561 1531 1500 1439 1378 1348
316A Acap  197411272 1348 1348 1348 1348 1348 1317 1256 1195 1165 1073 1043 1043
316A Acap  197411281 1104 1134 1226 1348 1439 1561 1561 1592 1592 1561 1500 1439
316A Acap  197411282 1378 1348 1317 1317 1287 1287 1256 1195 1165 1104 1073 1043
316A Acap  197411291 1043 1073 1134 1256 1378 1500 1592 1653 1683 1653 1592 1531
316A Acap  197411292 1439 1378 1348 1317 1287 1287 1256 1256 1226 1195 1165 1134
316A Acap  197411301 1134 1134 1165 1226 1348 1439 1531 1653 1744 1744 1683 1622
316A Acap  197411302 1561 1470 1378 1287 1256 1256 1256 1256 1256 1256 1226 1165
316A Acap  197412011 1104 1043 1043 1073 1134 1256 1409 1531 1622 1683 1714 1653
316A Acap  197412012 1592 1500 1378 1287 1226 1226 1226 1256 1287 1317 1317 1256
316A Acap  197412021 1226 1134 1104 1073 1104 1195 1287 1439 1592 1714 1774 1774
316A Acap  197412022 1744 1655 1540 1421 1322 1264 1246 1262 1304 1349 1378 1378
316A Acap  197412031 1348 1256 1134 1073 1043 1043 1134 1256 1409 1592 1714 1774
316A Acap  197412032 1774 1683 1561 1378 1226 1104 1073 1104 1195 1287 1409 1470
316A Acap  197412041 1470 1409 1287 1134 1043 1012 1043 1134 1287 1470 1622 1714
316A Acap  197412042 1774 1714 1622 1439 1287 1134 1073 1073 1165 1256 1378 1470
316A Acap  197412051 1500 1500 1439 1317 1195 1073 1073 1104 1195 1348 1531 1653
316A Acap  197412052 1714 1744 1683 1531 1348 1165 1073 1012 1073 1165 1287 1439
316A Acap  197412061 1592 1622 1622 1531 1378 1256 1165 1104 1165 1256 1409 1561
316A Acap  197412062 1683 1714 1683 1622 1439 1287 1134 1073 1073 1104 1226 1409
316A Acap  197412071 1561 1714 1744 1714 1592 1439 1317 1226 1195 1226 1317 1439
316A Acap  197412072 1561 1683 1714 1653 1531 1378 1226 1104 1043 1073 1195 1317
316A Acap  197412081 1500 1653 1774 1805 1714 1622 1470 1348 1256 1226 1256 1348
316A Acap  197412082 1470 1592 1653 1653 1592 1439 1287 1134 1073 1043 1073 1195
316A Acap  197412091 1348 1531 1683 1774 1774 1744 1622 1500 1378 1287 1287 1348
316A Acap  197412092 1409 1470 1561 1592 1561 1470 1317 1195 1104  982  982 1073
316A Acap  197412101 1226 1378 1561 1653 1774 1774 1714 1622 1470 1378 1348 1317
316A Acap  197412102 1348 1378 1439 1470 1470 1439 1348 1256 1165 1073 1012 1012
316A Acap  197412111 1104 1226 1348 1500 1622 1714 1714 1683 1592 1439 1409 1348
316A Acap  197412112 1317 1348 1378 1409 1409 1409 1378 1348 1226 1104 1073 1043
316A Acap  197412121 1073 1134 1256 1409 1531 1653 1714 1714 1653 1592 1500 1409
316A Acap  197412122 1348 1317 1317 1348 1378 1409 1378 1317 1256 1195 1104 1043
316A Acap  197412131 1043 1073 1165 1287 1409 1500 1622 1683 1683 1653 1592 1500
316A Acap  197412132 1439 1378 1348 1317 1287 1287 1287 1287 1287 1256 1195 1165
316A Acap  197412141 1104 1104 1134 1195 1287 1378 1500 1561 1622 1653 1653 1592
316A Acap  197412142 1500 1409 1317 1256 1226 1226 1256 1256 1287 1287 1256 1226
316A Acap  197412151 1165 1134 1104 1104 1134 1256 1348 1470 1561 1622 1653 1622
316A Acap  197412152 1561 1470 1348 1256 1165 1134 1134 1165 1226 1287 1317 1287
316A Acap  197412161 1256 1195 1165 1104 1134 1165 1256 1348 1439 1561 1622 1653
316A Acap  197412162 1592 1531 1409 1287 1195 1134 1104 1134 1165 1256 1287 1317
316A Acap  197412171 1317 1287 1226 1165 1134 1134 1165 1226 1348 1439 1531 1592
316A Acap  197412172 1592 1531 1439 1287 1134 1043 1043 1043 1073 1165 1226 1317
316A Acap  197412181 1348 1348 1287 1195 1134 1073 1104 1165 1226 1348 1500 1592
316A Acap  197412182 1622 1592 1531 1378 1226 1104 1043 1012 1043 1134 1226 1317
316A Acap  197412191 1409 1409 1348 1287 1195 1104 1073 1073 1165 1256 1378 1470
316A Acap  197412192 1561 1592 1531 1409 1287 1165 1043 1012 1043 1104 1195 1317
316A Acap  197412201 1409 1470 1500 1439 1348 1256 1195 1134 1165 1226 1348 1439
316A Acap  197412202 1531 1592 1592 1470 1317 1195 1104 1012  982 1043 1104 1226
316A Acap  197412211 1348 1439 1500 1500 1409 1317 1226 1165 1134 1165 1226 1317
316A Acap  197412212 1409 1531 1561 1500 1404 1284 1163 1073 1043 1073 1165 1256
316A Acap  197412221 1409 1500 1561 1592 1531 1470 1348 1256 1195 1165 1256 1317
316A Acap  197412222 1409 1500 1531 1500 1409 1317 1165 1073 1012 1043 1073 1195
316A Acap  197412231 1348 1439 1561 1561 1561 1500 1439 1348 1256 1195 1226 1287
316A Acap  197412232 1348 1409 1470 1470 1378 1287 1195 1104 1073 1012 1043 1165
316A Acap  197412241 1317 1409 1531 1622 1622 1592 1500 1409 1317 1256 1256 1287
316A Acap  197412242 1317 1378 1439 1470 1409 1317 1226 1134 1012  982  982 1043
316A Acap  197412251 1165 1348 1470 1531 1592 1592 1561 1470 1378 1287 1226 1226
316A Acap  197412252 1256 1317 1348 1378 1378 1317 1226 1134 1043  982  982 1012
316A Acap  197412261 1104 1256 1348 1500 1592 1653 1622 1561 1500 1409 1317 1256
316A Acap  197412262 1226 1287 1317 1348 1348 1317 1226 1134 1043  952  921  921
316A Acap  197412271 1012 1104 1226 1409 1500 1592 1622 1622 1531 1439 1378 1287
316A Acap  197412272 1226 1226 1287 1287 1287 1256 1226 1195 1073  982  921  891
316A Acap  197412281  921 1012 1134 1256 1409 1500 1622 1622 1592 1531 1439 1378
316A Acap  197412282 1287 1287 1287 1287 1317 1287 1317 1287 1195 1104 1012  952
316A Acap  197412291  952  952 1043 1165 1317 1439 1561 1622 1653 1653 1592 1500
316A Acap  197412292 1409 1317 1256 1256 1256 1287 1287 1287 1287 1256 1165 1073
316A Acap  197412301 1012  982  982 1073 1195 1317 1470 1561 1653 1683 1653 1561
316A Acap  197412302 1470 1378 1287 1226 1195 1195 1256 1287 1317 1348 1287 1195
316A Acap  197412311 1134 1073 1043 1043 1073 1195 1317 1439 1592 1683 1714 1683
316A Acap  197412312 1622 1500 1378 1256 1165 1134 1165 1256 1317 1378 1409 1378
