316A Acapulco           Mexico              1994 16504N 099547W 0000 3 00000R MM
316A Acap  199401011 9999 9999 9999 9999 9999 9999 1387 1464 1573 1677 1765 1808
316A Acap  199401012 1784 1717 1625 1491 1372 1290 1265 1299 1357 1445 1525 1576
316A Acap  199401021 1598 1564 1509 1415 1336 1302 1323 1366 1457 1573 1677 1747
316A Acap  199401022 1781 1747 1668 1555 1406 1287 1223 1244 1302 1400 1506 1604
316A Acap  199401031 1659 1665 1625 1531 1430 1351 1314 1326 1378 1464 1573 1680
316A Acap  199401032 1741 1717 1665 1552 1409 1259 1177 1168 1217 1311 1454 1579
316A Acap  199401041 1680 1732 1735 1677 1552 1430 1363 1339 1369 1424 1518 1634
316A Acap  199401042 1717 1741 1726 1631 1500 1351 1229 1162 1171 1259 1400 1561
316A Acap  199401051 1720 1814 1854 1814 1732 1610 1476 1415 1381 1393 1473 1579
316A Acap  199401052 1677 1744 1747 1689 1579 1418 1269 1168 1144 1192 1299 1464
316A Acap  199401061 1646 1805 1918 1939 1884 1771 1640 1537 1451 1418 1457 1543
316A Acap  199401062 1637 1717 1750 1735 1646 1522 1378 1250 1165 1159 1232 1372
316A Acap  199401071 1561 1744 1890 1976 1963 1896 1765 1640 1515 1427 1430 1470
316A Acap  199401072 1567 1656 1729 1750 1683 1595 1439 1299 1192 1140 1159 1259
316A Acap  199401081 1427 1634 1820 1960 2018 2015 1906 1799 1671 1573 1503 1500
316A Acap  199401082 1534 1610 1674 1714 1692 1640 1525 1372 1253 1171 1150 1201
316A Acap  199401091 1336 1506 1683 1835 1939 1988 1954 1866 1747 1625 1537 1503
316A Acap  199401092 1518 1567 1653 1704 1710 1674 1604 1491 1369 1256 1192 1174
316A Acap  199401101 1229 1357 1531 1710 1863 1948 1979 1945 1860 1732 1631 1540
316A Acap  199401102 1515 1518 1573 1628 1643 1640 1607 1549 1451 1342 1241 1195
316A Acap  199401111 1195 1262 1390 1543 1692 1823 1893 1909 1878 1796 1695 1589
316A Acap  199401112 1518 1506 1503 1528 1570 1579 1573 1570 1525 1445 1375 1317
316A Acap  199401121 1278 1290 1351 1454 1586 1695 1805 1854 1893 1875 1826 1747
316A Acap  199401122 1656 1595 1552 1537 1552 1552 1564 1576 1601 1586 1531 1470
316A Acap  199401131 1430 1403 1415 1445 1512 1601 1686 1765 1823 1854 1838 1787
316A Acap  199401132 1714 1640 1555 1488 1470 1482 1509 1543 1586 1616 1604 1567
316A Acap  199401141 1537 1476 1433 1418 1433 1488 1570 1640 1726 1790 1826 1811
316A Acap  199401142 1768 1683 1576 1470 1400 1378 1378 1427 1506 1579 1634 1659
316A Acap  199401151 1625 1589 1522 1461 1427 1433 1461 1518 1598 1692 1784 1826
316A Acap  199401152 1814 1753 1643 1518 1412 1345 1323 1345 1409 1491 1570 1650
316A Acap  199401161 1680 1677 1637 1558 1491 1439 1415 1448 1500 1582 1695 1765
316A Acap  199401162 1808 1793 1723 1595 1473 1372 1308 1314 1378 1476 1586 1686
316A Acap  199401171 1768 1808 1781 1720 1613 1515 1454 1421 1433 1506 1598 1689
316A Acap  199401172 1759 1787 1735 1640 1509 1378 1296 1269 1293 1375 1506 1634
316A Acap  199401181 1747 1826 1860 1835 1747 1634 1506 1442 1409 1451 1540 1659
316A Acap  199401182 1762 1820 1814 1741 1625 1482 1363 1296 1287 1354 1457 1592
316A Acap  199401191 1744 1851 1896 1896 1851 1738 1601 1509 1436 1418 1457 1549
316A Acap  199401192 1656 1723 1732 1692 1616 1506 1375 1275 1232 1250 1329 1442
316A Acap  199401201 1595 1744 1826 1863 1829 1744 1613 1515 1427 1384 1400 1473
316A Acap  199401202 1555 1646 1717 1726 1653 1549 1421 1317 1241 1238 1287 1393
316A Acap  199401211 1552 1689 1817 1890 1881 1842 1714 1604 1497 1430 1424 1464
316A Acap  199401212 1534 1604 1671 1689 1659 1579 1454 1329 1235 1214 1238 1329
316A Acap  199401221 1470 1640 1774 1878 1927 1899 1784 1680 1570 1473 1430 1442
316A Acap  199401222 1491 1558 1625 1677 1646 1595 1509 1387 1305 1250 1244 1311
316A Acap  199401231 1427 1567 1714 1845 1893 1918 1863 1790 1695 1586 1522 1525
316A Acap  199401232 1543 1582 1631 1659 1653 1613 1531 1406 1317 1241 1232 1265
316A Acap  199401241 1357 1482 1610 1729 1808 1848 1857 1805 1714 1616 1546 1512
316A Acap  199401242 1503 1512 1531 1564 1582 1540 1470 1390 1314 1241 1201 1223
316A Acap  199401251 1278 1393 1506 1634 1738 1790 1805 1793 1759 1686 1595 1537
316A Acap  199401252 1506 1515 1546 1561 1576 1552 1503 1430 1360 1284 1229 1235
316A Acap  199401261 1278 1348 1439 1558 1656 1732 1781 1793 1781 1735 1686 1625
316A Acap  199401262 1573 1546 1558 1549 1561 1552 1537 1506 1448 1369 1296 1262
316A Acap  199401271 1259 1284 1354 1439 1564 1653 1744 1781 1802 1778 1726 1671
316A Acap  199401272 1616 1564 1534 1525 1525 1515 1528 1518 1509 1454 1403 1357
316A Acap  199401281 1317 1305 1320 1381 1467 1561 1665 1720 1762 1765 1732 1698
316A Acap  199401282 1634 1570 1515 1479 1461 1467 1488 1525 1540 1537 1522 1485
316A Acap  199401291 1421 1390 1369 1366 1403 1473 1561 1650 1714 1753 1774 1726
316A Acap  199401292 1674 1601 1522 1454 1415 1400 1430 1476 1525 1579 1601 1601
316A Acap  199401301 1564 1525 1467 1406 1384 1409 1470 1552 1631 1704 1768 1778
316A Acap  199401302 1741 1659 1537 1433 1333 1287 1311 1372 1476 1573 1662 1695
316A Acap  199401311 1677 1643 1552 1454 1387 1360 1369 1400 1482 1586 1671 1729
316A Acap  199401312 1689 1643 1546 1403 1287 1211 1220 1253 1354 1491 1616 1704
316A Acap  199402011 1744 1732 1677 1549 1412 1329 1320 1333 1378 1470 1561 1668
316A Acap  199402012 1677 1680 1589 1467 1305 1201 1122 1128 1211 1345 1540 1692
316A Acap  199402021 1808 1875 1842 1744 1607 1467 1357 1333 1336 1387 1500 1589
316A Acap  199402022 1674 1665 1622 1518 1403 1235 1134 1107 1113 1214 1384 1592
316A Acap  199402031 1726 1851 1878 1835 1701 1546 1400 1311 1265 1281 1372 1488
316A Acap  199402032 1592 1640 1637 1586 1451 1299 1128 1034 1034 1083 1201 1397
316A Acap  199402041 1610 1765 1857 1875 1805 1671 1512 1387 1302 1278 1323 1397
316A Acap  199402042 1518 1607 1646 1616 1534 1393 1259 1104 1055 1067 1162 1329
316A Acap  199402051 1525 1726 1869 1957 1927 1829 1686 1546 1415 1323 1317 1366
316A Acap  199402052 1464 1570 1631 1650 1601 1494 1345 1208 1101 1064 1086 1205
316A Acap  199402061 1384 1576 1753 1890 1936 1906 1774 1653 1506 1409 1363 1390
316A Acap  199402062 1457 1552 1659 1698 1689 1592 1457 1311 1198 1122 1113 1186
316A Acap  199402071 1320 1473 1646 1796 1890 1896 1829 1726 1613 1503 1433 1415
316A Acap  199402072 1461 1525 1601 1646 1665 1604 1528 1412 1287 1195 1147 1162
316A Acap  199402081 1247 1363 1497 1640 1738 1781 1784 1747 1643 1549 1488 1457
316A Acap  199402082 1464 1503 1549 1579 1592 1595 1546 1473 1397 1317 1272 1241
316A Acap  199402091 1265 1333 1442 1549 1662 1744 1771 1774 1729 1653 1582 1543
316A Acap  199402092 1522 1503 1522 1537 1558 1564 1558 1518 1479 1430 1363 1317
316A Acap  199402101 1311 1326 1387 1464 1558 1637 1710 1726 1714 1680 1631 1582
316A Acap  199402102 1537 1512 1497 1525 1531 1558 1558 1558 1558 1537 1509 1473
316A Acap  199402111 1448 1448 1445 1473 1518 1549 1604 1662 1714 1707 1701 1671
316A Acap  199402112 1634 1586 1522 1461 1454 1454 1479 1515 1558 1592 1601 1610
316A Acap  199402121 1586 1528 1482 1430 1427 1436 1488 1537 1616 1662 1683 1683
316A Acap  199402122 1650 1595 1534 1461 1406 1397 1390 1427 1491 1552 1601 1637
316A Acap  199402131 1650 1628 1558 1497 1439 1421 1418 1442 1506 1579 1640 1680
316A Acap  199402132 1671 1631 1570 1491 1421 1372 1351 1369 1424 1500 1586 1650
316A Acap  199402141 1674 1656 1607 1518 1430 1366 1339 1348 1384 1476 1549 1613
316A Acap  199402142 1646 1619 1567 1457 1360 1290 1259 1272 1336 1442 1543 1640
316A Acap  199402151 1714 1714 1674 1579 1464 1363 1287 1272 1296 1363 1457 1543
316A Acap  199402152 1607 1616 1573 1467 1345 1247 1208 1211 1269 1354 1482 1616
316A Acap  199402161 1717 1771 1753 1692 1573 1445 1333 1293 1287 1326 1409 1515
316A Acap  199402162 1586 1631 1601 1534 1421 1287 1189 1147 1171 1241 1375 1518
316A Acap  199402171 1640 1723 1738 1701 1610 1464 1333 1262 1226 1250 1320 1412
316A Acap  199402172 1512 1573 1582 1540 1454 1348 1259 1220 1220 1284 1387 1528
316A Acap  199402181 1677 1808 1863 1860 1799 1683 1540 1445 1351 1336 1372 1470
316A Acap  199402182 1561 1650 1668 9999 9999 9999 9999 9999 9999 9999 9999 9999
316A Acap  199402191 9999 9999 9999 9999 9999 9999 9999 9999 9999 9999 9999 9999
316A Acap  199402192 9999 9999 9999 9999 9999 9999 9999 9999 9999 9999 9999 9999
316A Acap  199402201 9999 9999 9999 9999 9999 9999 9999 9999 9999 9999 9999 9999
316A Acap  199402202 9999 9999 9999 9999 9999 9999 9999 9999 9999 9999 9999 9999
316A Acap  199402211 9999 9999 9999 9999 9999 9999 9999 9999 9999 9999 9999 9999
316A Acap  199402212 9999 9999 9999 9999 9999 9999 9999 9999 9999 9999 9999 9999
316A Acap  199402221 9999 9999 9999 9999 9999 9999 9999 9999 9999 9999 9999 9999
316A Acap  199402222 9999 9999 9999 9999 9999 9999 9999 9999 9999 9999 9999 9999
316A Acap  199402231 9999 9999 9999 9999 9999 9999 9999 9999 9999 9999 9999 9999
316A Acap  199402232 9999 9999 9999 9999 9999 9999 9999 9999 9999 9999 9999 9999
316A Acap  199402241 9999 9999 9999 9999 9999 9999 9999 9999 9999 9999 9999 9999
316A Acap  199402242 9999 9999 9999 9999 1525 1531 1503 1424 1372 1302 1262 1242
316A Acap  199402251 1264 1327 1415 1510 1590 1638 1651 1632 1588 1525 1467 1431
316A Acap  199402252 1414 1416 1440 1479 1518 1552 1573 1567 1528 1485 1424 1366
316A Acap  199402261 1339 1333 1348 1418 1491 1573 1625 1677 1674 1643 1598 1537
316A Acap  199402262 1479 1439 1430 1451 1488 1522 1576 1604 1631 1616 1586 1528
316A Acap  199402271 1464 1381 1320 1329 1360 1430 1497 1528 1558 1552 1531 1491
316A Acap  199402272 1418 1366 1314 1284 1296 1339 1412 1512 1586 1628 1650 1640
316A Acap  199402281 1586 1503 1421 1375 1372 1381 1412 1461 1528 1573 1595 1567
316A Acap  199402282 1509 1436 1345 1272 1250 1272 1333 1418 1540 1659 1732 1753
316A Acap  199403011 1738 1659 1552 1442 1351 1320 1308 1363 1436 1528 1589 1622
316A Acap  199403012 1592 1512 1390 1278 1177 1134 1159 1253 1400 1552 1710 1808
316A Acap  199403021 1845 1793 1692 1552 1409 1308 1250 1262 1311 1409 1528 1595
316A Acap  199403022 1613 1573 1467 1336 1201 1095 1061 1107 1223 1390 1601 1765
316A Acap  199403031 1997 2015 1957 1829 1659 1506 1375 1336 1357 1436 1561 1674
316A Acap  199403032 1723 1723 1665 1558 1406 1238 1144 1131 1205 1351 1552 1759
316A Acap  199403041 1921 2009 1994 1899 1741 1558 1363 1290 1259 1284 1397 1537
316A Acap  199403042 1659 1710 1701 1619 1461 1290 1144 1061 1073 1147 1333 1552
316A Acap  199403051 1765 1930 2003 1970 1863 1695 1506 1381 1299 1293 1357 1482
316A Acap  199403052 1625 1707 1762 1729 1607 1448 1265 1144 1080 1116 1238 1436
316A Acap  199403061 1659 1829 1970 1997 1945 1826 1631 1473 1348 1302 1320 1412
316A Acap  199403062 1537 1656 1741 1756 1692 1570 1412 1259 1156 1128 1183 1333
316A Acap  199403071 1515 1650 1808 1903 1906 1829 1683 1546 1412 1329 1317 1360
316A Acap  199403072 1461 1573 1668 1698 1674 1582 1448 1311 1177 1116 1122 1195
316A Acap  199403081 1336 1518 1689 1796 1842 1814 1735 1613 1479 1397 1357 1339
316A Acap  199403082 1406 1503 1610 1668 1677 1631 1558 1439 1323 1223 1189 1232
316A Acap  199403091 1333 1473 1601 1704 1768 1774 1732 1680 1546 1442 1378 1308
316A Acap  199403092 1302 1378 1418 1499 1554 1576 1562 1512 9999 9999 9999 9999
316A Acap  199403101 9999 9999 9999 9999 9999 9999 9999 9999 9999 9999 9999 9999
316A Acap  199403102 9999 9999 9999 9999 9999 9999 9999 9999 9999 9999 9999 9999
316A Acap  199403111 9999 9999 9999 9999 9999 9999 1579 1558 1515 1467 1433 1369
316A Acap  199403112 1339 1348 1357 1372 1406 1439 1482 1503 1509 1476 1439 1390
316A Acap  199403121 1363 1342 1336 1333 1372 1424 1442 1485 1503 1500 1485 1406
316A Acap  199403122 1372 1336 1326 1299 1336 1363 1415 1476 1525 1540 1570 1518
316A Acap  199403131 1503 1430 1384 1369 1348 1363 1412 1448 1479 1479 1488 1457
316A Acap  199403132 1451 1400 1336 1284 1317 1333 1348 1403 1479 1531 1567 1586
316A Acap  199403141 1564 1500 1412 1342 1287 1259 1302 1296 1393 1454 1494 1512
316A Acap  199403142 1476 1436 1360 1299 1265 1272 1314 1397 1467 1564 1616 1656
316A Acap  199403151 1680 1631 1543 1476 1406 1351 1320 1317 1354 1427 1500 1525
316A Acap  199403152 1534 1512 1445 1351 1302 1272 1287 1317 1400 1515 1622 1701
316A Acap  199403161 1720 1732 1650 1528 1403 1320 1250 1235 1275 1348 1430 1518
316A Acap  199403162 1525 1509 1457 1387 1314 1244 1247 1275 1366 1461 1595 1714
316A Acap  199403171 1784 1799 1744 1628 1497 1378 1265 1259 1269 1314 1403 1497
316A Acap  199403172 1552 1546 1522 1436 1320 1232 1177 1174 1238 1357 1509 1656
316A Acap  199403181 1771 1835 1814 1726 1579 1442 1299 1238 1217 1256 1345 1451
316A Acap  199403182 1531 1549 1537 1476 1348 1229 1147 1119 1159 1241 1397 1558
316A Acap  199403191 1698 1781 1799 1741 1622 1485 1345 1250 1201 1208 1287 1390
316A Acap  199403192 1482 1543 1537 1485 1372 1262 1156 1104 1089 1147 1284 1445
316A Acap  199403201 1607 1717 1753 1738 1650 1509 1354 1250 1183 1159 1208 1311
316A Acap  199403202 1403 1470 1509 1473 1397 1262 1150 1061 1040 1083 1201 1363
316A Acap  199403211 1525 1656 1756 1753 1698 1579 1421 1317 1235 1195 1232 1305
316A Acap  199403212 1387 1497 1531 1522 1476 1360 1223 1107 1058 1058 1128 1281
316A Acap  199403221 1442 1576 1683 1738 1701 1637 1494 1381 1281 1232 1241 1323
316A Acap  199403222 1400 1476 1540 1525 1482 1390 1275 1147 1072 1069 1115 1221
316A Acap  199403231 1355 1526 1639 1697 1715 1663 1529 1432 1319 1252 1209 1264
316A Acap  199403232 1343 1429 1514 1557 1544 1471 1365 1240 1151 1096 1127 1179
316A Acap  199403241 1288 1413 1544 1627 1624 1605 1538 1429 1325 1255 1237 1264
316A Acap  199403242 1316 1407 1480 1511 1538 1508 1407 1316 1224 1124 1102 1127
316A Acap  199403251 1317 1320 1436 1528 1552 1546 1512 1433 1326 1256 1223 1235
316A Acap  199403252 1269 1326 1409 1479 1525 1537 1518 1451 1345 1272 1201 1177
316A Acap  199403261 1183 1333 1421 1525 1558 1567 1552 1497 1415 1323 1265 1208
316A Acap  199403262 1238 1296 1363 1457 1558 1586 1607 1607 1564 1476 1381 1336
316A Acap  199403271 1299 1323 1366 1439 1497 1540 1534 1525 1482 1393 1311 1241
316A Acap  199403272 1214 1211 1241 1326 1406 1515 1579 1625 1616 1567 1522 1451
316A Acap  199403281 1381 1320 1299 1323 1366 1403 1433 1445 1439 1397 1339 1284
316A Acap  199403282 1226 1174 1165 1208 1272 1378 1473 1579 1656 1668 1643 1586
316A Acap  199403291 1488 1409 1333 1278 1269 1287 1314 1342 1375 1387 1357 1326
316A Acap  199403292 1259 1177 1119 1073 1095 1165 1281 1415 1543 1653 1717 1710
316A Acap  199403301 1662 1564 1442 1326 1244 1217 1241 1269 1329 1372 1418 1409
316A Acap  199403302 1345 1259 1147 1043 1019 1031 1101 1220 1400 1573 1704 1778
316A Acap  199403311 1774 1695 1570 1406 1269 1168 1144 1150 1201 1311 1400 1430
316A Acap  199403312 1439 1375 1275 1156 1040  976  985 1067 1211 1412 1589 1747
316A Acap  199404011 1823 1823 1720 1564 1372 1217 1101 1083 1116 1214 1333 1424
316A Acap  199404012 1467 1457 1378 1235 1092  982  958  958 1043 1201 1418 1622
316A Acap  199404021 1774 1829 1790 1650 1476 1290 1113 1049 1055 1110 1247 1400
316A Acap  199404022 1494 1543 1503 1418 1265 1089  979  955  967 1083 1269 1494
316A Acap  199404031 1683 1802 1842 1759 1619 1439 1256 1165 1110 1144 1241 1384
316A Acap  199404032 1506 1579 1595 1525 1409 1244 1095 1006 1003 1055 1189 1378
316A Acap  199404041 1576 1723 1802 1805 1698 1555 1366 1250 1159 1140 1201 1317
316A Acap  199404042 1445 1546 1619 1604 1537 1421 1275 1156 1083 1083 1162 1305
316A Acap  199404051 1470 1622 1729 1756 1744 1646 1503 1387 1278 1229 1232 1305
316A Acap  199404052 1418 1540 1628 1653 1640 1561 1430 1293 1183 1131 1153 1232
316A Acap  199404061 1366 1509 1622 1689 1695 1643 1555 1430 1311 1235 1217 1278
316A Acap  199404062 1363 1476 1561 1625 1637 1552 1485 1381 1305 1232 1217 1241
316A Acap  199404071 1323 1430 1537 1601 1643 1622 1546 1461 1354 1275 1265 1269
316A Acap  199404072 1302 1372 1454 1534 1592 1573 1546 1491 1409 1329 1293 1311
316A Acap  199404081 1326 1363 1448 1500 1549 1555 1534 1470 1400 1354 1314 1293
316A Acap  199404082 1314 1387 1433 1518 1586 1628 1579 1589 1543 1500 1454 1406
316A Acap  199404091 1397 1412 1454 1506 1506 1531 1512 1509 1451 1397 1369 1360
316A Acap  199404092 1351 1363 1397 1464 1515 1561 1598 1625 1619 1598 1573 1543
316A Acap  199404101 1467 1430 1415 1421 1436 1457 1497 1494 1497 1464 1445 1418
316A Acap  199404102 1403 1384 1384 1421 1467 1540 1601 1634 1686 1683 1692 1665
316A Acap  199404111 1622 1546 1497 1473 1448 1470 1482 1500 1525 1534 1537 1488
316A Acap  199404112 1461 1421 1393 1403 1445 1506 1579 1646 1726 1768 1778 1787
316A Acap  199404121 1747 1662 1558 1506 1448 1400 1387 1418 1461 1509 1528 1515
316A Acap  199404122 1476 1439 1400 1378 1381 1418 1457 1531 1634 1717 1759 1805
316A Acap  199404131 1799 1723 1631 1531 1439 1369 1314 1317 1369 1403 1457 1482
316A Acap  199404132 1494 1467 1421 1363 1351 1363 1406 1482 1567 1674 1768 1826
316A Acap  199404141 1842 1808 1704 1592 1479 1406 1323 1308 1333 1384 1448 1491
316A Acap  199404142 1518 1491 1436 1387 1342 1326 1354 1412 1485 1607 1744 1802
316A Acap  199404151 1832 1805 1723 1619 1506 1387 1299 1287 1299 1354 1433 1482
316A Acap  199404152 1506 1494 1467 1400 1320 1293 1293 1336 1421 1528 1659 1790
316A Acap  199404161 1863 1860 1820 1726 1601 1476 1381 1339 1326 1357 1430 1497
316A Acap  199404162 1549 1558 1531 1473 1397 1339 1296 1311 1363 1470 1598 1735
316A Acap  199404171 1842 1884 1848 1778 1656 1546 1400 1348 1314 1342 1397 1464
316A Acap  199404172 1518 1558 1555 1518 1430 1339 1287 1265 1302 1384 1543 1701
316A Acap  199404181 1808 1860 1863 1808 1710 1586 1424 1354 1311 1333 1375 1454
316A Acap  199404182 1537 1567 1573 1546 1448 1342 1272 1226 1256 1329 1445 1613
316A Acap  199404191 1747 1829 1863 1823 1732 1616 1467 1390 1329 1336 1369 1451
316A Acap  199404192 1546 1619 1640 1619 1540 1454 1351 1293 1269 1320 1409 1537
316A Acap  199404201 1674 1778 1842 1805 1744 1637 1479 1393 1326 1299 1333 1381
316A Acap  199404202 1491 1592 1637 1646 1595 1515 1400 1311 1269 1269 1323 1464
316A Acap  199404211 1604 1689 1765 1781 1738 1665 1509 1421 1342 1336 1357 1427
316A Acap  199404212 1522 1610 1701 1729 1683 1628 1525 1445 1366 1342 1369 1454
316A Acap  199404221 1552 1665 1735 1774 1732 1692 1576 1479 1372 1311 1314 1348
316A Acap  199404222 1454 1558 1680 1720 1756 1720 1631 1515 1439 1384 1390 1433
316A Acap  199404231 1500 1586 1650 1692 1674 1631 1522 1424 1336 1296 1269 1299
316A Acap  199404232 1372 1476 1598 1689 1759 1781 1738 1662 1567 1509 1473 1473
316A Acap  199404241 1509 1540 1592 1653 1674 1628 1567 1506 1412 1339 1278 1259
316A Acap  199404242 1299 1378 1494 1582 1680 1756 1771 1756 1692 1604 1537 1497
316A Acap  199404251 1491 1491 1525 1558 1579 1579 1558 1506 1439 1372 1305 1256
316A Acap  199404252 1238 1272 1342 1442 1579 1680 1744 1796 1796 1747 1680 1604
316A Acap  199404261 1549 1491 1442 1457 1482 1503 1509 1509 1482 1415 1360 1296
316A Acap  199404262 1232 1211 1220 1290 1387 1522 1613 1714 1796 1820 1802 1756
316A Acap  199404271 1662 1555 1494 1451 1424 1412 1442 1461 1473 1439 1403 1354
316A Acap  199404272 1272 1195 1137 1147 1229 1339 1457 1601 1738 1845 1875 1845
316A Acap  199404281 1765 1665 1540 1427 1354 1336 1345 1372 1433 1488 1497 1479
316A Acap  199404282 1403 1323 1208 1131 1098 1147 1262 1421 1586 1762 1878 1909
316A Acap  199404291 1881 1790 1631 1476 1345 1272 1241 1290 1357 1445 1503 1531
316A Acap  199404292 1503 1427 1302 1195 1113 1095 1153 1275 1436 1619 1805 1896
316A Acap  199404301 1930 1884 1753 1592 1421 1284 1226 1226 1287 1381 1482 1558
316A Acap  199404302 1586 1558 1464 1345 1217 1134 1101 1168 1302 1464 1637 1802
316A Acap  199405011 1890 1899 1820 1692 1531 1366 1217 1174 1205 1287 1406 1522
316A Acap  199405012 1610 1637 1586 1500 1354 1229 1137 1128 1183 1320 1488 1671
316A Acap  199405021 1817 1893 1860 1762 1622 1451 1281 1208 1177 1226 1323 1448
316A Acap  199405022 1561 1640 1659 1595 1494 1360 1250 1186 1201 1275 1390 1543
316A Acap  199405031 1686 1820 1857 1814 1701 1552 1378 1284 1223 1217 1284 1393
316A Acap  199405032 1515 1616 1683 1680 1625 1537 1421 1323 1278 1290 1366 1482
316A Acap  199405041 1610 1738 1793 1808 1750 1616 1473 1342 1256 1226 1262 1354
316A Acap  199405042 1485 1601 1707 1726 1726 1668 1567 1473 1387 1342 1366 1442
316A Acap  199405051 1558 1659 1723 1768 1744 1653 1528 1418 1308 1244 1244 1311
316A Acap  199405052 1415 1537 1637 1717 1732 1707 1634 1540 1445 1366 1357 1387
316A Acap  199405061 1470 1561 1625 1656 1665 1625 1534 1442 1345 1287 1265 1293
316A Acap  199405062 1363 1461 1540 1622 1683 1717 1701 1637 1564 1515 1470 1464
316A Acap  199405071 1485 1534 1564 1604 1619 1592 1546 1491 1403 1320 1284 1284
316A Acap  199405072 1314 1375 1461 1558 1634 1701 1723 1707 1665 1604 1555 1518
316A Acap  199405081 1503 1515 1531 1555 1570 1564 1531 1506 1451 1390 1357 1348
316A Acap  199405082 1357 1397 1454 1525 1579 1643 1677 1717 1710 1677 1643 1589
316A Acap  199405091 1540 1515 1479 1476 1461 1454 1457 1445 1415 1384 1354 1333
316A Acap  199405092 1323 1336 1381 1445 1522 1579 1631 1689 1707 1714 1689 1659
316A Acap  199405101 1595 1543 1488 1436 1427 1406 1406 1409 1403 1390 1375 1357
316A Acap  199405102 1348 1317 1336 1369 1424 1482 1540 1613 1668 1692 1695 1695
316A Acap  199405111 1650 1586 1503 1421 1403 1375 1354 1375 1372 1381 1360 1360
316A Acap  199405112 1363 1342 1311 1333 1372 1421 1494 1552 1613 1683 1750 1747
316A Acap  199405121 1714 1619 1522 1442 1366 1320 1317 1351 1354 1372 1381 1387
316A Acap  199405122 1366 1348 1305 1290 1311 1348 1406 1488 1582 1668 1744 1768
316A Acap  199405131 1747 1674 1582 1457 1348 1284 1250 1265 1287 1333 1366 1381
316A Acap  199405132 1381 1372 1317 1287 1250 1269 1336 1430 1522 1631 1723 1793
316A Acap  199405141 1814 1781 1674 1546 1424 1323 1269 1265 1290 1336 1400 1442
316A Acap  199405142 1464 1430 1384 1323 1259 1250 1281 1345 1451 1570 1692 1790
316A Acap  199405151 1832 1802 1720 1592 1473 1339 1265 1235 1247 1311 1381 1439
316A Acap  199405152 1485 1476 1451 1378 1281 1235 1232 1265 1351 1457 1595 1710
316A Acap  199405161 1796 1814 1756 1656 1515 1390 1275 1232 1235 1278 1369 1457
316A Acap  199405162 1525 1525 1503 1442 1357 1284 1250 1253 1296 1342 1531 1662
316A Acap  199405171 1771 1796 1781 1698 1586 1464 9999 9999 9999 9999 9999 9999
316A Acap  199405172 9999 9999 9999 9999 9999 9999 9999 9999 9999 9999 9999 9999
316A Acap  199405181 9999 9999 9999 9999 9999 9999 9999 9999 9999 9999 9999 9999
316A Acap  199405182 9999 9999 9999 9999 9999 9999 9999 9999 9999 9999 9999 9999
316A Acap  199405191 9999 9999 9999 9999 9999 9999 9999 9999 9999 9999 9999 9999
316A Acap  199405192 9999 9999 9999 9999 9999 9999 9999 9999 9999 9999 9999 9999
316A Acap  199405201 9999 9999 9999 9999 9999 9999 1448 1342 1253 1223 1278 1375
316A Acap  199405202 1515 1625 1692 1799 1814 1765 1650 1555 1464 1427 1461 1537
316A Acap  199405211 1640 1710 1759 1784 1738 1650 1497 1397 1311 1278 1284 1323
316A Acap  199405212 1470 1619 1750 1848 1863 1860 1771 1662 1564 1503 1476 1439
316A Acap  199405221 1500 1567 1604 1619 1622 1567 1448 1339 1241 1174 1134 1168
316A Acap  199405222 1290 1436 1592 1714 1829 1863 1835 1750 1628 1543 1448 1390
316A Acap  199405231 1421 1454 1518 1570 1567 1555 1454 1363 1253 1159 1116 1119
316A Acap  199405232 1174 1281 1427 1576 1710 1811 1826 1802 1695 1625 1534 1464
316A Acap  199405241 1409 1406 1448 1488 1506 1506 1509 1436 1329 1232 1144 1107
316A Acap  199405242 1125 1195 1305 1454 1613 1726 1829 1869 1835 1750 1650 1573
316A Acap  199405251 1512 1461 1445 1451 1467 1497 1506 1476 1418 1329 1256 1201
316A Acap  199405252 1168 1165 1214 1342 1488 1634 1756 1848 1912 1903 1848 1762
316A Acap  199405261 1656 1576 1482 1415 1415 1445 1491 1503 1509 1485 1412 1333
316A Acap  199405262 1262 1220 1205 1238 1333 1488 1650 1799 1915 1994 1994 1933
316A Acap  199405271 1829 1704 1558 1482 1451 1451 1485 1531 1586 1610 1613 1549
316A Acap  199405272 1467 1375 1293 1256 1284 1366 1500 1640 1802 1930 2015 2003
316A Acap  199405281 1945 1826 1671 1546 1436 1415 1430 1457 1534 1610 1656 1634
316A Acap  199405282 1589 1512 1412 1320 1269 1284 1366 1497 1650 1823 1951 2021
316A Acap  199405291 2009 1939 1808 1628 1467 1381 1323 1348 1415 1512 1604 1662
316A Acap  199405292 1680 1637 1540 1409 1314 1259 1278 1345 1476 1668 1845 1985
316A Acap  199405301 2046 2027 1915 1744 1586 1397 1296 1281 1323 1418 1549 1674
316A Acap  199405302 1759 1787 1759 1643 1509 1387 1305 1320 1387 1503 1640 1793
316A Acap  199405311 1942 1982 1960 1845 1662 1491 1360 1265 1253 1323 1448 1567
316A Acap  199405312 1698 1781 1787 1747 1634 1512 1393 1363 1369 1433 1552 1698
316A Acap  199406011 1820 1899 1912 1854 1726 1576 1393 1284 1247 1296 1387 1525
316A Acap  199406012 1686 1793 1857 1860 1811 1704 1607 1503 1451 1451 1506 1607
316A Acap  199406021 1714 1823 1875 1875 1796 1650 1494 1378 1305 1281 1348 1457
316A Acap  199406022 1592 1738 1832 1872 1860 1793 1689 1586 1497 1439 1473 1549
316A Acap  199406031 1650 1720 1781 1805 1793 1695 1540 1448 1384 1326 1336 1412
316A Acap  199406032 1537 1659 1759 1835 1848 1829 1774 1698 1607 1546 1531 1567
316A Acap  199406041 1637 1698 1781 1799 1781 1738 1640 1546 1451 1412 1387 1415
316A Acap  199406042 1518 1650 1768 1878 1936 1982 1948 1887 1781 1701 1656 1634
316A Acap  199406051 1671 1720 1784 1820 1832 1805 1720 1656 1561 1497 1476 1491
316A Acap  199406052 1552 1640 1735 1835 1915 1951 1963 1927 1866 1787 1726 1692
316A Acap  199406061 1680 1689 1717 1735 1747 1720 1695 1637 1555 1482 1439 1433
316A Acap  199406062 1467 1522 1634 1741 1835 1915 1948 1970 1927 1848 1796 1741
316A Acap  199406071 1720 1674 1671 1692 1692 1671 1659 1610 1555 1497 1448 1433
316A Acap  199406072 1442 1497 1579 1665 1768 1869 1933 1960 1954 1918 1863 1805
316A Acap  199406081 1747 1656 1628 1628 1631 1634 1631 1610 1573 1522 1467 1439
316A Acap  199406082 1433 1445 1497 1555 1653 1738 1829 1881 1915 1912 1860 1811
316A Acap  199406091 1747 1677 1634 1613 1619 1595 1604 1589 1564 1537 1488 1424
316A Acap  199406092 1400 1430 1454 1515 1607 1683 1774 1845 1884 1896 1887 1887
316A Acap  199406101 1826 1726 1674 1607 1576 1561 1540 1537 1534 1522 1497 1476
316A Acap  199406102 1436 1397 1409 1424 1500 1576 1662 1771 1869 1903 1924 1930
316A Acap  199406111 1872 1802 1707 1613 1534 1528 1509 1509 1534 1537 1540 1506
316A Acap  199406112 1488 1479 1448 1427 1439 1522 1601 1701 1802 1881 1924 1942
316A Acap  199406121 1903 1838 1744 1634 1552 1512 1509 1479 1506 1546 1589 1595
316A Acap  199406122 1582 1564 1512 1448 1448 1470 1549 1643 1741 1848 1942 2009
316A Acap  199406131 2003 1951 1863 1738 1613 1543 1503 1473 1518 1579 1650 1692
316A Acap  199406132 1710 1689 1646 1582 1537 1512 1543 1607 1671 1765 1875 1963
316A Acap  199406141 2012 1970 1896 1781 1646 1537 1482 1457 1479 1543 1616 1695
316A Acap  199406142 1744 1759 1710 1650 1558 1491 1482 1518 1586 1701 1826 1921
316A Acap  199406151 1973 1970 1924 1817 1683 1567 1479 1476 1479 1546 1634 1729
316A Acap  199406152 1796 1808 1790 1744 1671 1573 1522 1515 1549 1634 1771 1887
316A Acap  199406161 1957 1991 1948 1854 1723 1582 1476 1415 1397 1445 1534 1643
316A Acap  199406162 1762 1829 1854 1811 1741 1650 1561 1518 1537 1582 1671 1759
316A Acap  199406171 1866 1918 1918 1866 1750 1625 1461 1378 1336 1375 1461 1598
316A Acap  199406172 1738 1866 1912 1915 1866 1774 1668 1582 1528 1543 1589 1665
316A Acap  199406181 1759 1829 1851 1820 1726 1598 1454 1363 1287 1284 1372 1522
316A Acap  199406182 1640 1793 1912 1963 1936 1851 1765 1643 1564 1537 1552 1619
316A Acap  199406191 1686 1774 1793 1826 1750 1650 1473 1378 1302 1226 1299 1430
316A Acap  199406192 1561 1710 1863 1973 2000 1930 1845 1753 1622 1589 1567 1582
316A Acap  199406201 1659 1732 1768 1781 1747 1674 1543 1418 1296 1262 1244 1293
316A Acap  199406202 1406 1558 1747 1906 1988 2027 1963 1878 1781 1662 1622 1613
316A Acap  199406211 1625 1686 1738 1771 1765 1689 1622 1540 1354 1278 1235 1250
316A Acap  199406212 1293 1464 1613 1768 1918 1988 1997 1991 1918 1811 1738 1677
316A Acap  199406221 1637 1662 1717 1717 1701 1698 1665 1595 1500 1403 1296 1241
316A Acap  199406222 1235 1320 1488 1668 1838 1936 2015 2034 2009 1924 1829 1759
316A Acap  199406231 1662 1619 1622 1640 1683 1714 1698 1659 1564 1476 1375 1305
316A Acap  199406232 1272 1275 1360 1515 1656 1787 1954 2015 2049 2009 1939 1820
316A Acap  199406241 1714 1619 1579 1586 1616 1643 1686 1677 1646 1601 1497 1387
316A Acap  199406242 1323 1259 1302 1354 1479 1622 1756 1893 1988 2012 1976 1912
316A Acap  199406251 1814 1701 1604 1552 1537 1573 1570 1604 1646 1695 1628 1582
316A Acap  199406252 1509 1433 1378 1369 1436 1540 1656 1799 1906 2015 2037 2012
316A Acap  199406261 1933 1820 1710 1567 1497 1491 1515 1549 1634 1689 1717 1692
316A Acap  199406262 1634 1558 1494 1436 1406 1436 1534 1662 1805 1936 2024 2037
316A Acap  199406271 1994 1909 1765 1616 1506 1448 1430 1485 1558 1656 1729 1774
316A Acap  199406272 1765 1726 1656 1561 1503 1467 1485 1540 1650 1793 1909 1970
316A Acap  199406281 1979 1912 1796 1665 1518 1427 1375 1372 1433 1522 1656 1762
316A Acap  199406282 1814 1835 1765 1674 1567 1485 1439 1451 1531 1631 1765 1872
316A Acap  199406291 1945 1930 1860 1732 1567 1427 1317 1265 1317 1406 1522 1653
316A Acap  199406292 1771 1857 1863 1811 1714 1592 1500 1451 1461 1522 1619 1717
316A Acap  199406301 1829 1881 1854 1784 1637 1494 1342 1287 1272 1326 1439 1595
316A Acap  199406302 1741 1848 1906 1878 1808 1680 1561 1470 1439 1464 1522 1607
316A Acap  199407011 1726 1805 1842 1790 1692 1567 1409 1314 1275 1296 1354 1494
316A Acap  199407012 1646 1781 1881 1893 1842 1781 1680 1576 1509 1476 1515 1576
316A Acap  199407021 1677 1765 1826 1832 1778 1662 1512 1412 1333 1320 1390 1485
316A Acap  199407022 1640 1778 1899 1963 1936 1881 1774 1686 1613 1549 1552 1579
316A Acap  199407031 1653 1726 1784 1781 1753 1674 1576 1491 1400 1345 1357 1430
316A Acap  199407032 1540 1656 1796 1893 1942 1912 1863 1759 1659 1607 1561 1598
316A Acap  199407041 1628 1689 1750 1756 1747 1714 1622 1525 1412 1345 1336 1393
316A Acap  199407042 1497 1610 1756 1872 1936 1982 1963 1875 1793 1714 1653 1604
316A Acap  199407051 1607 1650 1680 1710 1726 1686 1613 1528 1418 1363 1351 1348
316A Acap  199407052 1403 1512 1650 1781 1875 1933 1936 1906 1829 1750 1689 1646
316A Acap  199407061 1625 1634 1671 1686 1665 1628 1601 1537 1451 1387 1366 1363
316A Acap  199407062 1390 1464 1592 1692 1774 1842 1903 1912 1878 1820 1762 1710
316A Acap  199407071 1671 1650 1646 1656 1686 1646 1616 1558 1500 1430 1375 1372
316A Acap  199407072 1381 1442 1540 1659 1765 1848 1893 1924 1915 1890 1863 1790
316A Acap  199407081 1747 1686 1671 1677 1710 1671 1637 1631 1579 1528 1485 1451
316A Acap  199407082 1436 1442 1515 1598 1729 1793 1896 1927 1967 1973 1936 1872
316A Acap  199407091 1832 1744 1704 1671 1640 1653 1662 1671 1622 1579 1528 1473
316A Acap  199407092 1436 1418 1454 1531 1607 1689 1787 1854 1896 1945 1924 1884
316A Acap  199407101 1845 1784 1686 1656 1619 1616 1631 1637 1643 1622 1595 1540
316A Acap  199407102 1509 1476 1464 1476 1546 1625 1707 1805 1872 1927 1945 1912
316A Acap  199407111 1826 1759 1683 1616 1555 1540 1546 1573 1592 1622 1646 1628
316A Acap  199407112 1573 1525 1491 1439 1439 1485 1564 1656 1738 1848 1909 1918
316A Acap  199407121 1890 1823 1732 1616 1546 1515 1509 1522 1555 1625 1683 1701
316A Acap  199407122 1671 1640 1549 1515 1467 1467 1531 1616 1707 1778 1869 1918
316A Acap  199407131 1906 1851 1768 1653 1531 1467 1433 1467 1518 1589 1698 1774
316A Acap  199407132 1781 1771 1704 1607 1531 1467 1491 1546 1616 1695 1787 1872
316A Acap  199407141 1881 1872 1796 1692 1567 1454 1400 1397 1418 1525 1653 1729
316A Acap  199407142 1835 1845 1802 1729 1619 1558 1518 1525 1573 1643 1753 1829
316A Acap  199407151 1890 1875 1817 1707 1525 1409 1345 1336 1366 1485 1607 1738
316A Acap  199407152 1860 1915 1927 1872 1790 1646 1564 1515 1503 1549 1637 1726
316A Acap  199407161 1829 1863 1832 1759 1634 1503 1385 1308 1311 1372 1497 1677
316A Acap  199407162 1838 1970 2027 2031 1945 1802 1701 1601 1561 1579 1640 1729
316A Acap  199407171 1808 1854 1860 1793 1695 1546 1363 1275 1238 1272 1372 1513
316A Acap  199407172 1673 1821 1921 1956 1926 1844 1736 1628 1550 1523 1547 1606
316A Acap  199407181 1682 1750 1780 1756 1676 1557 1427 1310 1232 1220 1287 1436
316A Acap  199407182 1616 1787 1912 2000 2015 1954 1854 1717 1622 1564 1543 1595
316A Acap  199407191 1640 1747 1793 1796 1753 1650 1479 1336 1214 1156 1162 1259
316A Acap  199407192 1433 1643 1820 1930 2009 2000 1942 1835 1714 1622 1552 1555
316A Acap  199407201 1595 1659 1726 1762 1756 1686 1546 1421 1302 1238 1201 1223
316A Acap  199407202 1339 1482 1656 1826 1927 1979 1976 1915 1820 1704 1607 1561
316A Acap  199407211 1555 1610 1677 1726 1735 1704 1643 1552 1433 1326 1235 1195
316A Acap  199407212 1229 1326 1485 1625 1747 1884 1930 1912 1854 1774 1677 1622
316A Acap  199407221 1564 1595 1604 1662 1695 1738 1710 1646 1573 1476 1384 1311
316A Acap  199407222 1272 1351 1424 1543 1689 1842 1915 1954 1957 1887 1832 1771
316A Acap  199407231 1729 1677 1643 1640 1668 1710 1720 1717 1671 1601 1525 1451
316A Acap  199407232 1415 1381 1412 1531 1619 1714 1808 1927 1957 1960 1960 1875
316A Acap  199407241 1787 1707 1634 1610 1616 1595 1680 1729 1714 1710 1689 1616
316A Acap  199407242 1582 1546 1515 1512 1531 1628 1668 1778 1906 1967 1997 1954
316A Acap  199407251 1884 1781 1653 1558 1518 1509 1540 1589 1671 1738 1781 1750
316A Acap  199407252 1680 1631 1570 1503 1506 1525 1576 1659 1732 1838 1906 1909
316A Acap  199407261 1851 1778 1695 1567 1503 1457 1457 1491 1579 1683 1781 1832
316A Acap  199407262 1811 1759 1717 1637 1552 1509 1512 1564 1650 1747 1835 1915
316A Acap  199407271 1909 1863 1787 1653 1555 1473 1442 1445 1506 1607 1704 1793
316A Acap  199407272 1814 1823 1802 1738 1631 1546 1515 1528 1570 1643 1756 1842
316A Acap  199407281 1896 1890 1817 1714 1592 1476 1427 1415 1439 1543 1659 1768
316A Acap  199407282 1829 1863 1848 1802 1710 1592 1515 1485 1494 1549 1659 1753
316A Acap  199407291 1820 1845 1793 1726 1613 1479 1360 1272 1311 1406 1540 1656
316A Acap  199407292 1771 1845 1899 1878 1805 1683 1595 1509 1461 1488 1549 1653
316A Acap  199407301 1732 1814 1796 1744 1653 1515 1387 1320 1287 1345 1430 1589
316A Acap  199407302 1732 1838 1903 1921 1872 1793 1665 1549 1494 1503 1531 1613
316A Acap  199407311 1683 1744 1784 1765 1686 1573 1406 1317 1275 1287 1339 1445
316A Acap  199407312 1601 1744 1848 1915 1893 1835 1735 1579 1491 1494 1505 1559
316A Acap  199408011 1638 1714 1764 1762 1703 1601 1479 1364 1286 1273 1322 1423
316A Acap  199408012 1560 1704 1823 1894 1906 1860 1773 1668 1574 1514 1500 1528
316A Acap  199408021 1588 1662 1731 1759 1738 9999 9999 9999 9999 9999 9999 9999
316A Acap  199408022 9999 9999 9999 9999 9999 9999 9999 9999 9999 9999 9999 9999
316A Acap  199408031 9999 9999 9999 9999 9999 9999 9999 9999 9999 9999 9999 9999
316A Acap  199408032 9999 9999 9999 9999 9999 9999 9999 9999 9999 9999 9999 9999
316A Acap  199408041 9999 9999 9999 9999 9999 9999 9999 9999 9999 9999 9999 9999
316A Acap  199408042 9999 9999 9999 9999 9999 9999 9999 9999 9999 9999 9999 9999
316A Acap  199408051 9999 9999 9999 9999 9999 9999 9999 9999 9999 9999 9999 9999
316A Acap  199408052 9999 9999 9999 9999 9999 9999 9999 9999 9999 9999 9999 9999
316A Acap  199408061 9999 9999 9999 9999 9999 9999 9999 9999 9999 9999 9999 9999
316A Acap  199408062 9999 9999 9999 9999 9999 9999 9999 9999 9999 9999 9999 9999
316A Acap  199408071 9999 9999 9999 9999 9999 9999 9999 9999 9999 9999 9999 9999
316A Acap  199408072 9999 9999 9999 9999 9999 9999 9999 9999 9999 9999 9999 9999
316A Acap  199408081 9999 9999 9999 9999 9999 9999 9999 9999 9999 9999 9999 9999
316A Acap  199408082 9999 9999 9999 9999 9999 9999 9999 9999 9999 9999 9999 9999
316A Acap  199408091 9999 9999 9999 9999 9999 9999 9999 9999 9999 9999 9999 9999
316A Acap  199408092 9999 9999 9999 9999 9999 9999 9999 9999 9999 9999 9999 9999
316A Acap  199408101 9999 9999 9999 9999 9999 9999 9999 9999 9999 9999 9999 9999
316A Acap  199408102 9999 9999 9999 9999 9999 9999 9999 9999 9999 9999 9999 9999
316A Acap  199408111 9999 9999 9999 9999 9999 9999 1454 1525 1592 1683 1787 1866
316A Acap  199408112 1857 1817 1732 1631 1528 1509 1485 1528 1576 1656 1753 1784
316A Acap  199408121 1793 1778 1665 1570 1448 1360 1360 1375 1473 1595 1750 1835
316A Acap  199408122 1915 1930 1863 1774 1653 1570 1506 1482 1512 1586 1710 1790
316A Acap  199408131 1899 1903 1875 1747 1610 1464 1369 1378 1427 1555 1692 1878
316A Acap  199408132 2012 2073 2031 1967 1823 1707 1582 1518 1522 1564 1634 1735
316A Acap  199408141 1817 1854 1799 1723 1607 1491 1378 1342 1366 1433 1567 1753
316A Acap  199408142 1942 2061 2125 2104 2009 1848 1723 1592 1537 1552 1607 1704
316A Acap  199408151 1817 1857 1851 1808 1704 1531 1360 1265 1235 1275 1397 1567
316A Acap  199408152 1771 1948 2049 2070 2009 1890 1750 1616 1515 1503 1531 1619
316A Acap  199408161 1692 1768 1832 1823 1747 1598 1427 1320 1229 1195 1284 1439
316A Acap  199408162 1613 1778 1939 2018 2024 1945 1842 1714 1592 1522 1534 1582
316A Acap  199408171 1643 1732 1814 1814 1747 1650 1482 1354 1241 1195 1217 1323
316A Acap  199408172 1476 1650 1808 1936 1967 1960 1890 1765 1659 1561 1531 1534
316A Acap  199408181 1570 1650 1729 1774 1759 1707 1543 1412 1305 1211 1177 1220
316A Acap  199408182 1342 1494 1643 1790 1887 1921 1884 1802 1689 1631 1573 1573
316A Acap  199408191 1570 1613 1683 1726 1753 1726 1640 1543 1406 1305 1265 1265
316A Acap  199408192 1339 1448 1589 1747 1863 1930 1930 1878 1820 1720 1616 1546
316A Acap  199408201 1534 1555 1601 1659 1671 1689 1686 1589 1543 1470 1375 1302
316A Acap  199408202 1302 1354 1442 1558 1662 1750 1820 1814 1790 1744 1671 1625
316A Acap  199408211 1564 1558 1540 1592 1613 1662 1659 1634 1613 1555 1470 1397
316A Acap  199408212 1366 1354 1336 1412 1464 1576 1640 1720 1753 1744 1707 1628
316A Acap  199408221 1586 1546 1454 1479 1512 1537 1567 1610 1637 1665 1634 1567
316A Acap  199408222 1503 1454 1406 1430 1436 1506 1555 1604 1692 1732 1717 1680
316A Acap  199408231 1616 1567 1479 1409 1412 1436 1457 1543 1604 1668 1692 1710
316A Acap  199408232 1646 1595 1543 1464 1451 1436 1464 1518 1598 1683 1683 1698
316A Acap  199408241 1689 1634 1558 1461 1427 1415 1409 1479 1537 1616 1683 1723
316A Acap  199408242 1720 1677 1622 1540 1482 1445 1439 1482 1540 1616 1698 1759
316A Acap  199408251 1759 1723 1625 1531 1406 1357 1345 1387 1470 1601 1692 1799
316A Acap  199408252 1814 1799 1768 1656 1543 1494 1448 1433 1485 1558 1671 1741
316A Acap  199408261 1793 1771 1686 1601 1473 1375 1339 1360 1424 1537 1668 1817
316A Acap  199408262 1887 1933 1878 1823 1701 1595 1506 1445 1454 1515 1619 1701
316A Acap  199408271 1768 1781 1723 1622 1494 1384 1323 1345 1375 1482 1625 1756
316A Acap  199408272 1872 1930 1924 1860 1738 1589 1494 1430 1397 1436 1537 1650
316A Acap  199408281 1707 1747 1723 1662 1543 1427 1311 1299 1299 1390 1500 1650
316A Acap  199408282 1774 1869 1906 1887 1784 1668 1549 1467 1400 1418 1491 1598
316A Acap  199408291 1643 1726 1726 1683 1595 1491 1372 1311 1333 1387 1461 1592
316A Acap  199408292 1768 1906 1970 1948 1899 1799 1656 1564 1491 1479 1500 1579
316A Acap  199408301 1643 1717 1747 1720 1659 1534 1412 1339 1287 1323 1406 1546
316A Acap  199408302 1689 1851 1951 1967 1936 1835 1717 1595 1522 1500 1515 1570
316A Acap  199408311 1646 1710 1741 1726 1653 1543 1445 1348 1293 1308 1360 1497
316A Acap  199408312 1637 1787 1899 1960 1942 1893 1778 1668 1579 1540 1537 1567
316A Acap  199409011 1631 1680 1753 1744 1704 1634 1497 1378 1308 1287 1363 1470
316A Acap  199409012 1586 1704 1826 1896 1939 1912 1851 1765 1646 1607 1561 1567
316A Acap  199409021 1640 1710 1753 1759 1747 1689 1598 1479 1403 1339 1360 1433
316A Acap  199409022 1546 1646 1787 1887 1948 1951 1890 1835 1747 1686 1659 1653
316A Acap  199409031 1701 1747 1805 1845 1835 1771 1695 1598 1503 1461 1451 1479
316A Acap  199409032 1543 1643 1762 1863 1936 1967 1967 1921 1854 1793 1732 1720
316A Acap  199409041 1698 1741 1802 1820 1842 1829 1771 1710 1650 1582 1549 1518
316A Acap  199409042 1534 1598 1695 1793 1866 1936 1924 1903 1869 1814 1753 1704
316A Acap  199409051 1674 1665 1707 1738 1790 1793 1802 1778 1701 1628 1579 1543
316A Acap  199409052 1518 1515 1592 1656 1726 1799 1808 1820 1796 1717 1692 1653
316A Acap  199409061 1619 1592 1646 1677 1717 1753 1784 1796 1756 1704 1656 1607
316A Acap  199409062 1576 1534 1540 1552 1622 1692 1747 1759 1793 1768 1698 1680
316A Acap  199409071 1616 1595 1573 1561 1576 1643 1707 1753 1811 1829 1814 1753
316A Acap  199409072 1689 1650 1595 1586 1613 1659 1701 1747 1778 1793 1774 1714
316A Acap  199409081 1671 1637 1589 1549 1555 1582 1622 1698 1796 1851 1869 1848
316A Acap  199409082 1817 1729 1671 1634 1592 1589 1601 1643 1723 1771 1768 1768
316A Acap  199409091 1744 1680 1598 1522 1482 1482 1522 1604 1710 1851 1957 1954
316A Acap  199409092 1939 1887 1805 1704 1619 1579 1558 1561 1613 1692 1756 1778
316A Acap  199409101 1759 1707 1622 1515 1445 1381 1393 1464 1607 1738 1860 1967
316A Acap  199409102 2018 2006 1933 1799 1637 1531 1476 1476 1525 1613 1701 1787
316A Acap  199409111 1805 1762 1683 1564 1448 1339 1281 1333 1430 1598 1787 1973
316A Acap  199409112 2070 2104 2061 1948 1771 1613 1537 1473 1494 1537 1656 1753
316A Acap  199409121 1811 1826 1771 1668 1537 1384 1290 1256 1308 1436 1619 1802
316A Acap  199409122 1970 2076 2101 2058 1945 1774 1646 1525 1491 1509 1601 1698
316A Acap  199409131 1799 1848 1848 1774 1662 1509 1329 1269 1290 1375 1522 1689
316A Acap  199409132 1857 2021 2107 2110 2040 1893 1759 1631 1586 1561 1595 1692
316A Acap  199409141 1784 1848 1875 1845 1784 1643 1479 1363 1293 1311 1393 1534
316A Acap  199409142 1726 1906 2024 2076 2061 1970 1820 1665 1567 1534 1552 1640
316A Acap  199409151 1726 1802 1863 1875 1835 1738 1555 1436 1339 1290 1336 1454
316A Acap  199409152 1607 1762 1893 1994 1988 1939 1854 1704 1604 1546 1558 1607
316A Acap  199409161 1659 1753 1832 1869 1851 1799 1653 1552 1442 1375 1390 1433
316A Acap  199409162 1546 1662 1808 1890 1945 1939 1878 1768 1643 1586 1552 1552
316A Acap  199409171 1598 1680 1753 1808 1820 1814 1723 1653 1552 1482 1439 1445
316A Acap  199409172 1497 1582 1689 1790 1869 1893 1890 1820 1744 1653 1601 1592
316A Acap  199409181 1613 1650 1695 1774 1823 1842 1811 1787 1698 1595 1534 1525
316A Acap  199409182 1525 1552 1637 1704 1774 1814 1829 1799 1756 1683 1622 1613
316A Acap  199409191 1586 1592 1665 1701 1759 1802 1829 1817 1781 1717 1650 1604
316A Acap  199409192 1555 1543 1573 1619 1671 1695 1714 1744 1735 1710 1680 1646
316A Acap  199409201 1610 1579 1573 1601 1646 1689 1735 1784 1790 1771 1732 1692
316A Acap  199409202 1653 1598 1543 1531 1540 1552 1589 1613 1659 1698 1674 1650
316A Acap  199409211 1610 1552 1528 1506 1525 1579 1607 1680 1726 1787 1799 1765
316A Acap  199409212 1726 1689 1604 1543 1525 1512 1525 1552 1616 1656 1665 1665
316A Acap  199409221 1640 1598 1522 1488 1482 1518 1579 1637 1729 1784 1838 1857
316A Acap  199409222 1845 1784 1710 1619 1558 1525 1518 1540 1579 1662 1701 1723
316A Acap  199409231 1726 1698 1616 1552 1497 1470 1503 1552 1628 1744 1838 1918
316A Acap  199409232 1945 1884 1820 1692 1579 1509 1470 1461 1518 1576 1650 1717
316A Acap  199409241 1717 1674 1619 1567 1503 1445 1445 1488 1558 1656 1762 1863
316A Acap  199409242 1933 1918 1860 1768 1659 1540 1464 1464 1464 1503 1601 1677
316A Acap  199409251 1717 1714 1671 1607 1509 1433 1403 1409 1457 1570 1692 1814
316A Acap  199409252 1884 1915 1899 1808 1695 1582 1497 1430 1406 1457 1540 1616
316A Acap  199409261 1680 1717 1677 1637 1555 1467 1387 1366 1403 1500 1631 1759
316A Acap  199409262 1890 1967 1979 1924 1811 1674 1567 1470 1445 1457 1531 1607
316A Acap  199409271 1686 1738 1729 1665 1558 1467 1366 1339 1348 1430 1552 1695
316A Acap  199409272 1826 1909 1948 1942 1832 1723 1604 1525 1461 1445 1491 1564
316A Acap  199409281 1628 1683 1692 1628 1564 1467 1357 1299 1302 1369 1482 1613
316A Acap  199409282 1741 1866 1948 1933 1869 1765 1625 1503 1424 1390 1424 1503
316A Acap  199409291 1592 1650 1698 1683 1592 1491 1354 1287 1265 1290 1378 1512
316A Acap  199409292 1662 1811 1863 1890 1845 1765 1622 1528 1445 1418 1448 1515
316A Acap  199409301 1607 1659 1698 1717 1677 1558 1409 1342 1296 1302 1351 1467
316A Acap  199409302 1613 1750 1842 1857 1842 1768 1671 1573 1509 1473 1479 1528
316A Acap  199410011 1592 1674 1747 1753 1717 1628 1503 1406 1329 1305 1329 1433
316A Acap  199410012 1567 1695 1805 1842 1845 1811 1710 1595 1515 1482 1491 1552
316A Acap  199410021 1619 1707 1771 1820 1802 1747 1659 1552 1479 1424 1433 1482
316A Acap  199410022 1564 1689 1793 1851 1866 1842 1774 1692 1582 1525 1503 1531
316A Acap  199410031 1595 1668 1744 1802 1854 1845 1784 1698 1610 1543 1497 1503
316A Acap  199410032 1546 1625 1735 1796 1823 1835 1802 1714 1628 1558 1537 1543
316A Acap  199410041 1582 1634 1710 1781 1848 1884 1884 1835 1771 1695 1622 1579
316A Acap  199410042 1579 1628 1671 1747 1796 1817 1781 1738 1683 1610 1561 1537
316A Acap  199410051 1543 1558 1625 1698 1781 1857 1924 1927 1887 1845 1802 1747
316A Acap  199410052 1646 1628 1656 1683 1695 1726 1741 1762 1735 1668 1625 1589
316A Acap  199410061 1558 1537 1555 1610 1689 1765 1860 1930 1960 1963 1921 1842
316A Acap  199410062 1759 1695 1668 1643 1671 1686 1671 1704 1723 1717 1680 1631
316A Acap  199410071 1570 1525 1473 1476 1522 1613 1698 1814 1930 1991 1967 1960
316A Acap  199410072 1896 1796 1714 1625 1573 1564 1564 1592 1653 1683 1704 1683
316A Acap  199410081 1650 1564 1470 1390 1378 1433 1540 1665 1823 1967 2061 2070
316A Acap  199410082 2049 1970 1826 1683 1579 1515 1518 1540 1613 1692 1756 1744
316A Acap  199410091 1717 1643 1531 1409 1314 1299 1369 1488 1628 1826 1997 2107
316A Acap  199410092 2140 2107 1976 1793 1625 1512 1439 1451 1525 1643 1750 1823
316A Acap  199410101 1814 1750 1653 1515 1381 1302 1287 1348 1479 1662 1884 2040
316A Acap  199410102 2110 2128 2034 1899 1723 1555 1442 1400 1448 1515 1622 1747
316A Acap  199410111 1793 1787 1729 1616 1464 1311 1205 1214 1305 1445 1650 1848
316A Acap  199410112 2006 2095 2055 1973 1802 1598 1448 1342 1333 1390 1503 1668
316A Acap  199410121 1781 1835 1811 1710 1567 1424 1275 1214 1232 1339 1494 1714
316A Acap  199410122 1875 2003 2031 1982 1875 1710 1573 1454 1406 1415 1485 1622
316A Acap  199410131 1744 1826 1851 9999 9999 9999 9999 9999 9999 9999 9999 9999
316A Acap  199410132 9999 9999 9999 9999 9999 9999 9999 9999 9999 9999 9999 9999
316A Acap  199410141 9999 9999 9999 9999 9999 9999 9999 9999 9999 9999 9999 9999
316A Acap  199410142 9999 9999 9999 9999 9999 9999 9999 9999 9999 9999 9999 9999
316A Acap  199410151 9999 9999 9999 9999 9999 9999 9999 9999 9999 9999 9999 9999
316A Acap  199410152 9999 9999 9999 9999 9999 9999 9999 9999 9999 9999 9999 9999
316A Acap  199410161 9999 9999 9999 9999 9999 9999 9999 9999 9999 9999 9999 9999
316A Acap  199410162 9999 9999 9999 9999 9999 9999 9999 9999 9999 9999 9999 1564
316A Acap  199410171 1607 1646 1729 1799 1845 1875 1857 1820 1768 1720 1710 1668
316A Acap  199410172 1653 1665 1704 1738 1762 1762 1765 1732 1680 1631 1613 1592
316A Acap  199410181 1595 1628 1668 1732 1784 1814 1845 1860 1820 1778 1717 1671
316A Acap  199410182 1646 1650 1640 1662 1662 1683 1674 1704 1662 1631 1604 1567
316A Acap  199410191 1552 1552 1589 1637 1701 1729 1790 1835 1838 1845 1814 1750
316A Acap  199410192 1714 1668 1625 1598 1586 1582 1573 1586 1637 1662 1650 1628
316A Acap  199410201 1576 1549 1540 1549 1589 1634 1686 1753 1802 1845 1838 1802
316A Acap  199410202 1753 1677 1595 1531 1506 1494 1488 1518 1555 1582 1595 1592
316A Acap  199410211 1570 1522 1476 1467 1485 1531 1592 1650 1732 1808 1848 1860
316A Acap  199410212 1829 1768 1683 1567 1494 1454 1442 1485 1528 1586 1637 1643
316A Acap  199410221 1628 1579 1518 1479 1451 1470 1518 1582 1671 1778 1857 1899
316A Acap  199410222 1884 1814 1698 1610 1509 1448 1421 1436 1482 1546 1589 1622
316A Acap  199410231 1637 1628 1567 1497 1439 1424 1457 1525 1607 1726 1829 1881
316A Acap  199410232 1890 1857 1768 1637 1512 1433 1378 1378 1415 1473 1555 1622
316A Acap  199410241 1643 1616 1573 1485 1409 1369 1366 1409 1491 1628 1756 1851
316A Acap  199410242 1899 1881 1808 1717 1573 1457 1369 1345 1381 1451 1540 1589
316A Acap  199410251 1622 1625 1570 1506 1427 1360 1354 1387 1464 1586 1744 1863
316A Acap  199410252 1951 1967 1927 1829 1668 1528 1415 1378 1369 1421 1515 1634
316A Acap  199410261 1689 1726 1692 1634 1537 1464 1384 1406 1464 1589 1714 1854
316A Acap  199410262 1948 1985 1991 1909 1765 1610 1479 1406 1397 1433 1518 1610
316A Acap  199410271 1723 1781 1768 1698 1628 1543 1433 1403 1433 1515 1640 1793
316A Acap  199410272 1909 2006 2021 1957 1842 1701 1573 1488 1436 1448 1518 1610
316A Acap  199410281 1729 1793 1817 1790 1732 1634 1528 1467 1448 1482 1576 1698
316A Acap  199410282 1820 1939 1973 1957 1872 1759 1631 1522 1464 1451 1528 1628
316A Acap  199410291 1732 1808 1863 1848 1790 1689 1552 1482 1436 1457 1537 1656
316A Acap  199410292 1778 1890 1930 1948 1887 1784 1662 1546 1482 1461 1509 1595
316A Acap  199410301 1720 1820 1896 1912 1881 1796 1668 1573 1503 1497 1534 1625
316A Acap  199410302 1726 1835 1906 1918 1881 1811 1695 1601 1518 1491 1509 1567
316A Acap  199410311 1674 1774 1866 1903 1896 1848 1732 1671 1564 1531 1546 1589
316A Acap  199410312 1671 1744 1814 1845 1823 1781 1698 1601 1531 1479 1476 1515
316A Acap  199411011 1592 1698 1802 1869 1903 1903 1835 1744 1634 1579 1558 1567
316A Acap  199411012 1619 1665 1756 1768 1778 1747 1695 1610 1537 1461 1424 1433
316A Acap  199411021 1473 1567 1689 1802 1899 1933 1927 1869 1802 1717 1662 1622
316A Acap  199411022 1610 1622 1650 1689 1701 1689 1656 1604 1534 1439 1387 1348
316A Acap  199411031 1360 1430 1515 1656 1768 1851 1906 1909 1887 1823 1741 1671
316A Acap  199411032 1631 1607 1589 1601 1622 1625 1613 1604 1573 1503 1424 1378
316A Acap  199411041 1339 1339 1387 1476 1598 1720 1851 1924 1960 1951 1887 1787
316A Acap  199411042 1698 1625 1564 1552 1540 1552 1579 1586 1579 1546 1485 1421
316A Acap  199411051 1363 1302 1281 1308 1409 1552 1710 1842 1939 2009 2015 1936
316A Acap  199411052 1842 1720 1601 1506 1470 1473 1494 1558 1607 1628 1613 1567
316A Acap  199411061 1485 1384 1314 1275 1302 1390 1537 1683 1857 1985 2024 2009
316A Acap  199411062 1951 1838 1677 1534 1433 1397 1412 1473 1549 1643 1683 1656
316A Acap  199411071 1595 1485 1387 1293 1220 1247 1326 1482 1686 1869 2021 2085
316A Acap  199411072 2067 1976 1823 1628 1500 1415 1375 1433 1531 1595 1717 1768
316A Acap  199411081 1796 1729 1616 1485 1360 1299 1333 1409 1573 1732 1942 2082
316A Acap  199411082 2113 2098 1991 1778 1592 1451 1381 1375 1451 1543 1646 1784
316A Acap  199411091 1854 1817 1765 1607 1467 1336 1287 1305 1403 1558 1756 1939
316A Acap  199411092 2064 2107 2037 1915 1738 1576 1436 1381 1397 1470 1610 1741
316A Acap  199411101 1857 1896 1884 1811 1674 1509 1393 1354 1369 1479 1607 1781
316A Acap  199411102 1921 2040 2046 1936 1799 1628 1464 1378 1351 1406 1503 1622
316A Acap  199411111 1759 1860 1899 1878 1781 1668 1528 1464 1424 1442 1537 1668
316A Acap  199411112 1823 1945 2000 1979 1869 1729 1573 1461 1400 1387 1451 1567
316A Acap  199411121 1680 1829 1903 1909 1872 1771 1653 1555 1497 1509 1537 1616
316A Acap  199411122 1738 1848 1921 1936 1890 1787 1650 1546 1470 1418 1442 1549
316A Acap  199411131 1674 1778 1878 1945 1942 1887 1771 1704 1607 1564 1564 1613
316A Acap  199411132 1704 1778 1863 1903 1896 1817 1726 1607 1546 1485 1491 1543
316A Acap  199411141 1640 1774 1884 1960 2006 1988 1918 1848 1778 1735 1686 1689
316A Acap  199411142 1717 1796 1838 1890 1887 1869 1811 1729 1656 1604 1561 1549
316A Acap  199411151 1628 1753 1863 1933 2000 2040 2046 1985 1903 1829 1759 1738
316A Acap  199411152 1726 1756 1808 1842 1851 1835 1787 1750 1674 1628 1576 1582
316A Acap  199411161 1613 1683 1759 1838 1915 1970 1991 1979 1933 1884 1832 1787
316A Acap  199411162 1756 1738 1732 1735 1738 1744 1720 1689 1668 1628 1610 1598
316A Acap  199411171 1579 1601 1653 1729 1778 1857 1936 1957 1957 1960 1915 1878
316A Acap  199411172 1817 1747 1707 1695 1683 1677 1677 1643 1677 1665 1653 1616
316A Acap  199411181 1586 1579 1595 1628 1671 1759 1823 1887 1933 1930 1939 1906
316A Acap  199411182 1835 1774 1692 1616 1579 1567 1570 1582 1595 1601 1607 1601
316A Acap  199411191 1592 1564 1537 1537 1586 1656 1735 1820 1875 1951 1957 1933
316A Acap  199411192 1890 1787 1674 1586 1534 1488 1494 1512 1564 1589 1592 1586
316A Acap  199411201 1570 1534 1482 1488 1515 1561 1643 1717 1835 1933 1979 1985
316A Acap  199411202 1945 1863 1756 1668 1561 1500 1464 1470 1522 1579 1607 1637
316A Acap  199411211 1613 1564 1525 1470 1461 1488 1558 1628 1723 1829 1918 1960
316A Acap  199411212 1951 1899 1802 1671 1558 1479 1433 1436 1473 1540 1595 1637
316A Acap  199411221 1637 1619 1555 1488 1433 1421 1464 1512 1595 1735 1851 1918
316A Acap  199411222 1957 1939 1829 1704 1570 1497 1442 1415 1461 1546 1613 1665
316A Acap  199411231 1692 1692 1653 1576 1525 1464 1473 1515 1576 1729 1857 1951
316A Acap  199411232 2018 2024 1963 1851 1704 1564 1467 1427 1442 1525 1631 1717
316A Acap  199411241 1762 1781 1747 1692 1598 1522 1506 1522 1570 1662 1802 1912
316A Acap  199411242 1988 2003 1982 1899 1768 1631 1528 1464 1439 1488 1582 1674
316A Acap  199411251 1756 1802 1796 1747 1671 1570 1494 1473 1494 1573 1686 1811
316A Acap  199411252 1903 1973 1960 1887 1774 1622 1515 1448 1418 1473 1543 1671
316A Acap  199411261 1741 1814 1838 1799 1723 1646 1531 1464 1479 1515 1622 1759
316A Acap  199411262 1857 1927 1945 1863 1787 1701 1552 1451 1403 1433 1537 1622
316A Acap  199411271 1729 1848 1918 1887 1848 1726 1646 1579 1558 1595 1656 1720
316A Acap  199411272 1802 1896 1924 1896 1796 1680 1549 1482 1424 1457 1512 1628
316A Acap  199411281 1744 1863 1899 1899 1854 1756 1671 1598 1558 1552 1589 1665
316A Acap  199411282 1756 1814 1851 1826 1784 1668 1573 1467 1418 1412 1439 1540
316A Acap  199411291 1650 1744 1854 1912 1915 1863 1759 1680 1607 1570 1582 1616
316A Acap  199411292 1683 1768 1805 1811 1765 1668 1552 1439 1339 1302 1329 1412
316A Acap  199411301 1546 1710 1820 1906 1939 1921 1835 1747 1640 1598 1567 1576
316A Acap  199411302 1628 1710 1753 1759 1701 1640 1528 1436 1348 1293 1308 1354
316A Acap  199412011 1436 1558 1707 1829 1921 1951 1918 1866 1793 1720 1680 1643
316A Acap  199412012 1650 1671 1720 1732 1735 1692 1619 1518 1412 1357 1314 1320
316A Acap  199412021 1363 1454 1589 1729 1860 1936 1988 1963 1909 1851 1778 1710
316A Acap  199412022 1674 1659 1671 1680 1683 1650 1625 1586 1518 1433 1387 1342
316A Acap  199412031 1354 1406 1503 1616 1744 1866 1973 2024 2024 1988 1933 1872
316A Acap  199412032 1799 1717 1668 1662 1659 1674 1692 1683 1650 1595 1515 1442
316A Acap  199412041 1397 1375 1400 1476 1586 1720 1875 1988 2064 2101 2079 2021
316A Acap  199412042 1918 1793 1704 1637 1622 1622 1631 1683 1723 1729 1695 1622
316A Acap  199412051 1555 1488 1448 1454 1500 1604 1762 1890 2027 2134 2165 2119
316A Acap  199412052 2031 1899 1765 1637 1564 1546 1564 1637 1701 1753 1774 1744
316A Acap  199412061 1659 1564 1467 1403 1378 1406 1528 1650 1811 1960 2076 2110
316A Acap  199412062 2070 1963 1799 1637 1503 1427 1427 1491 1595 1720 1802 1832
316A Acap  199412071 1814 1738 1628 1503 1421 1400 1427 1534 1671 1842 1994 2095
316A Acap  199412072 2107 2034 1893 1726 1555 1430 1378 1406 1491 1613 1738 1842
316A Acap  199412081 1881 1866 1778 1637 1509 1400 1372 1400 1491 1640 1814 1973
316A Acap  199412082 2070 2073 1997 1832 1662 1476 1363 1320 1360 1442 1579 1717
316A Acap  199412091 1835 1899 1893 1826 1701 1564 1454 1427 1436 1558 1689 1851
316A Acap  199412092 1960 2015 1973 1878 1720 1546 1397 1299 1281 1354 1485 1643
316A Acap  199412101 1796 1903 1954 1936 1842 1701 1555 1497 1448 1476 1589 1714
316A Acap  199412102 1854 1960 2006 1960 1842 1677 1518 1412 1369 1369 1445 1589
316A Acap  199412111 1747 1896 1994 1994 1951 1838 1704 1598 1540 1540 1564 1665
316A Acap  199412112 1781 1872 1948 1939 1878 1756 1601 1497 1409 1375 1415 1525
316A Acap  199412121 1671 1845 1960 2034 2049 2000 1903 1802 1704 1631 1628 1677
316A Acap  199412122 1750 1838 1906 1909 1869 1781 1659 1555 1482 1412 1424 1482
316A Acap  199412131 1622 1744 1872 1976 2015 2015 1945 1884 1802 1735 1698 1717
316A Acap  199412132 1750 1811 1863 1869 1863 1820 1750 1659 1576 1525 1515 1537
316A Acap  199412141 1613 1738 1857 1954 2012 2027 2031 1951 1881 1796 1747 1704
316A Acap  199412142 1704 1732 1765 1796 1796 1768 1729 1662 1610 1555 1525 1534
316A Acap  199412151 1567 1656 1762 1863 1960 2018 2052 2024 1976 1906 1835 1799
316A Acap  199412152 1765 1762 1771 1771 1768 1765 1735 1695 1646 1582 1537 1506
316A Acap  199412161 1522 1573 1668 1771 1863 1936 2006 1994 1973 1927 1851 1787
316A Acap  199412162 1735 1704 1692 1671 1653 1646 1628 1622 1589 1546 1494 1461
316A Acap  199412171 1457 1482 1531 1595 1701 1802 1884 1918 1939 1927 1893 1823
316A Acap  199412172 1750 1677 1646 1607 1592 1567 1586 1582 1595 1564 1531 1506
316A Acap  199412181 1464 1451 1506 1555 1625 1707 1808 1869 1921 1918 1915 1863
316A Acap  199412182 1805 1720 1656 1589 1552 1531 1528 1534 1546 1540 1512 1503
316A Acap  199412191 1461 1436 1445 1515 1558 1634 1717 1793 1878 1927 1942 1921
316A Acap  199412192 1866 1799 1717 1625 1586 1552 1561 1552 1576 1604 1607 1573
316A Acap  199412201 1531 1525 1503 1525 1549 1595 1668 1735 1829 1927 1985 1985
316A Acap  199412202 1939 1869 1759 1659 1546 1506 1506 1525 1558 1610 1637 1650
316A Acap  199412211 1659 1631 1607 1561 1567 1582 1665 1732 1823 1924 2000 2031
316A Acap  199412212 2027 1976 1881 1774 1671 1592 1561 1561 1613 1665 1707 1756
316A Acap  199412221 1768 1726 1680 1628 1579 1558 1589 1643 1741 1848 1951 2027
316A Acap  199412222 2049 2027 1945 1829 1689 1579 1531 1522 1552 1637 1717 1802
316A Acap  199412231 1851 1857 1817 1744 1662 1613 1579 1607 1668 1808 1912 1988
316A Acap  199412232 2034 2043 2000 1878 1729 1592 1515 1503 1531 1586 1710 1799
316A Acap  199412241 1875 1890 1881 1811 1717 1640 1598 1589 1619 1692 1814 1899
316A Acap  199412242 1994 1997 1963 1869 1714 1564 1464 1427 1445 1525 1613 1765
316A Acap  199412251 1878 1945 1960 1915 1823 1714 1619 1598 1582 1643 1744 1866
316A Acap  199412252 1945 1979 1963 1906 1771 1634 1515 1415 1415 1454 1564 1704
316A Acap  199412261 1845 1957 2012 1994 1909 1820 1686 1622 1589 1604 1653 1747
316A Acap  199412262 1820 1903 1930 1893 1778 1628 1482 1393 1363 1393 1479 1622
316A Acap  199412271 1790 1936 2024 2073 2024 1939 1814 1707 1640 1631 1659 1726
316A Acap  199412272 1808 1899 1921 1881 1787 1650 1512 1393 1336 1333 1397 1525
316A Acap  199412281 1695 1854 1979 2046 2046 1979 1866 1747 1668 1628 1616 1662
316A Acap  199412282 1720 1793 1851 1851 1781 1659 1518 1372 1287 1250 1281 1375
316A Acap  199412291 1546 1735 1878 1997 2043 2009 1939 1842 1744 1665 1628 1622
316A Acap  199412292 1677 1765 1814 1826 1808 1741 1616 1476 1348 1284 1265 1299
316A Acap  199412301 1424 1589 1765 1915 2027 2052 2021 1948 1823 1704 1653 1622
316A Acap  199412302 1631 1689 1747 1771 1753 1701 1598 1503 1360 1250 1189 1195
316A Acap  199412311 1256 1381 1570 1741 1875 1982 2015 1991 1927 1820 1698 1640
316A Acap  199412312 1601 1607 1656 1704 1735 1735 1707 1616 1525 1397 1296 1241
