316A Acapulco           Mexico              1988 16504N 099547W 0000 3 00000R MM
316A Acap  198801011 1284 1436 1558 1710 1801 1862 1862 1832 1740 1649 1558 1467
316A Acap  198801012 1436 1436 1467 1497 1497 1497 1467 1406 1345 1254 1163 1163
316A Acap  198801021 1193 1284 1406 1528 1680 1771 1832 1832 1801 1710 1649 1558
316A Acap  198801022 1497 1467 1467 1497 1497 1497 1467 1436 1406 1345 1284 1254
316A Acap  198801031 1254 1284 1345 1467 1558 1680 1771 1832 1862 1801 1740 1680
316A Acap  198801032 1619 1528 1467 1436 1406 1406 1406 1406 1406 1376 1315 1284
316A Acap  198801041 1254 1223 1284 1345 1436 1528 1649 1740 1771 1801 1801 1740
316A Acap  198801042 1649 1558 1497 1436 1376 1345 1345 1376 1376 1376 1345 1345
316A Acap  198801051 1315 1284 1284 1315 1376 1436 1528 1619 1710 1740 1801 1771
316A Acap  198801052 1740 1649 1528 1467 1406 1345 1315 1315 1376 1406 1406 1406
316A Acap  198801061 1406 1376 1315 1315 1345 1406 1467 1528 1619 1680 1771 1801
316A Acap  198801062 1801 1740 1649 1528 1436 1376 1315 1345 1376 1406 1467 1497
316A Acap  198801071 1497 1467 1436 1406 1376 1345 1406 1497 1558 1649 1740 1801
316A Acap  198801072 1801 1771 1680 1558 1467 1376 1315 1284 1315 1376 1436 1497
316A Acap  198801081 1497 1497 1467 1436 1376 1345 1345 1376 1436 1528 1649 1740
316A Acap  198801082 1771 1771 1680 1588 1467 1345 1254 1223 1254 1315 1406 1497
316A Acap  198801091 1558 1588 1528 1528 1436 1376 1345 1345 1376 1467 1558 1649
316A Acap  198801092 1680 1680 1680 1619 1467 1376 1254 1223 1254 1284 1376 1497
316A Acap  198801101 1558 1619 1588 1528 1497 1406 1345 1345 1345 1406 1467 1588
316A Acap  198801102 1649 1649 1649 1558 1436 1315 1223 1193 1193 1254 1345 1436
316A Acap  198801111 1558 1588 1619 1588 1528 1436 1345 1315 1284 1315 1376 1467
316A Acap  198801112 1528 1619 1619 1558 1467 1345 1254 1193 1193 1223 1315 1436
316A Acap  198801121 1558 1649 1680 1680 1649 1558 1467 1376 1315 1315 1345 1406
316A Acap  198801122 1497 1558 1588 1558 1467 1376 1254 1163 1132 1163 1254 1376
316A Acap  198801131 1497 1588 1680 1710 1680 1619 1528 1406 1315 1284 1345 1376
316A Acap  198801132 1436 1528 1558 1528 1467 1345 1254 1163 1102 1132 1193 1315
316A Acap  198801141 1467 1588 1680 1740 1743 1680 1619 1528 1436 1406 1376 1406
316A Acap  198801142 1467 1528 1558 1528 1489 1406 1284 1193 1193 1163 1193 1284
316A Acap  198801151 1376 1558 1740 1832 1832 1832 1771 1680 1558 1497 1467 1467
316A Acap  198801152 1497 1528 1558 1558 1497 1436 1315 1193 1102 1071 1102 1132
316A Acap  198801161 1284 1436 1588 1740 1801 1832 1801 1740 1619 1528 1467 1467
316A Acap  198801162 1467 1497 1528 1528 1467 1406 1315 1163 1071 1011 1011 1011
316A Acap  198801171 1102 1254 1406 1588 1680 1740 1771 1710 1680 1558 1497 1436
316A Acap  198801172 1436 1436 1497 1497 1467 1406 1345 1254 1163 1071 1011 1011
316A Acap  198801181 1102 1193 1315 1497 1619 1710 1771 1771 1710 1649 1588 1528
316A Acap  198801182 1467 1467 1467 1467 1467 1436 1376 1284 1193 1102 1041 1011
316A Acap  198801191 1011 1071 1163 1284 1436 1558 1680 1740 1740 1740 1649 1558
316A Acap  198801192 1467 1406 1406 1406 1376 1376 1376 1345 1315 1223 1132 1102
316A Acap  198801201 1011 1011 1041 1102 1223 1376 1528 1619 1680 1710 1680 1619
316A Acap  198801202 1528 1436 1376 1345 1345 1345 1345 1376 1406 1376 1315 1254
316A Acap  198801211 1193 1132 1102 1132 1193 1254 1376 1497 1619 1680 1710 1680
316A Acap  198801212 1588 1497 1406 1311 1254 1254 1284 1315 1376 1436 1467 1467
316A Acap  198801221 1376 1345 1254 1193 1163 1223 1284 1345 1436 1558 1649 1680
316A Acap  198801222 1649 1558 1436 1315 1254 1193 1193 1223 1315 1436 1528 1588
316A Acap  198801231 1528 1497 1436 1345 1254 1223 1254 1284 1376 1497 1619 1710
316A Acap  198801232 1710 1680 1558 1406 1284 1163 1132 1163 1254 1376 1497 1619
316A Acap  198801241 1680 1740 1710 1588 1467 1406 1315 1315 1345 1406 1528 1649
316A Acap  198801242 1710 1740 1649 1558 1406 1254 1132 1102 1163 1223 1376 1528
316A Acap  198801251 1680 1771 1801 1740 1619 1467 1345 1284 1223 1254 1315 1436
316A Acap  198801252 1558 1619 1619 1558 1436 1284 1132 1071 1071 1132 1254 1436
316A Acap  198801261 1619 1771 1832 1801 1740 1649 1497 1345 1254 1254 1284 1376
316A Acap  198801262 1497 1588 1619 1588 1497 1345 1163 1071 1011 1011 1102 1254
316A Acap  198801271 1467 1649 1771 1832 1801 1710 1558 1436 1315 1223 1223 1284
316A Acap  198801272 1376 1436 1497 1528 1497 1376 1254 1102 1011 1011 1071 1163
316A Acap  198801281 1315 1497 1680 1832 1862 1832 1710 1588 1436 1315 1254 1254
316A Acap  198801282 1315 1406 1497 1528 1528 1436 1345 1193 1071 1011 1011 1071
316A Acap  198801291 1193 1345 1528 1680 1771 1801 1771 1680 1528 1436 1345 1345
316A Acap  198801292 1345 1436 1528 1588 1619 1558 1467 1376 1254 1193 1132 1163
316A Acap  198801301 1254 1406 1588 1740 1832 1892 1862 1801 1680 1558 1467 1436
316A Acap  198801302 1376 1406 1467 1497 1528 1497 1467 1376 1284 1193 1163 1163
316A Acap  198801311 1193 1284 1406 1558 1680 1771 1801 1771 1710 1619 1528 1497
316A Acap  198801312 1436 1436 1467 1497 1497 1497 1467 1406 1345 1284 1254 1223
316A Acap  198802011 1254 1315 1406 1497 1619 1680 1740 1771 1710 1649 1588 1528
316A Acap  198802012 1497 1467 1467 1436 1436 1436 1406 1376 1345 1315 1284 1254
316A Acap  198802021 1254 1284 1315 1376 1497 1558 1588 1649 1680 1649 1619 1588
316A Acap  198802022 1528 1497 1436 1406 1406 1376 1345 1345 1345 1315 1315 1284
316A Acap  198802031 1284 1284 1315 1376 1406 1436 1497 1558 1619 1649 1649 1649
316A Acap  198802032 1588 1528 1467 1406 1376 1315 1345 1345 1376 1376 1406 1376
316A Acap  198802041 1345 1315 1315 1315 1345 1406 1460 1519 1581 1634 1661 1658
316A Acap  198802042 1626 1571 1496 1422 1369 1341 1335 1348 1381 1421 1448 1457
316A Acap  198802051 1450 1430 1398 1368 1357 1372 1406 1436 1497 1558 1619 1649
316A Acap  198802052 1649 1588 1528 1436 1376 1315 1284 1315 1345 1376 1467 1497
316A Acap  198802061 1528 1497 1467 1436 1376 1376 1376 1406 1467 1528 1588 1649
316A Acap  198802062 1680 1619 1558 1467 1406 1315 1284 1284 1315 1376 1467 1528
316A Acap  198802071 1558 1588 1558 1497 1436 1376 1345 1345 1376 1406 1497 1558
316A Acap  198802072 1588 1588 1558 1497 1406 1315 1254 1254 1284 1376 1467 1558
316A Acap  198802081 1649 1680 1649 1619 1497 1436 1376 1345 1315 1345 1436 1497
316A Acap  198802082 1558 1588 1558 1497 1376 1315 1254 1223 1254 1284 1376 1497
316A Acap  198802091 1619 1680 1710 1680 1588 1497 1406 1376 1345 1345 1376 1436
316A Acap  198802092 1497 1558 1528 1497 1376 1284 1193 1163 1193 1254 1345 1497
316A Acap  198802101 1619 1710 1740 1710 1649 1528 1406 1345 1284 1284 1345 1406
316A Acap  198802102 1467 1497 1497 1436 1345 1254 1163 1102 1132 1193 1284 1406
316A Acap  198802111 1558 1680 1740 1740 1710 1588 1467 1345 1315 1284 1315 1345
316A Acap  198802112 1436 1467 1497 1467 1376 1284 1193 1102 1071 1102 1193 1315
316A Acap  198802121 1497 1619 1710 1771 1740 1649 1528 1406 1315 1284 1284 1345
316A Acap  198802122 1406 1467 1497 1467 1376 1254 1132 1041  980  980 1071 1193
316A Acap  198802131 1376 1528 1680 1740 1771 1680 1588 1467 1345 1284 1254 1315
316A Acap  198802132 1376 1436 1497 1467 1376 1284 1132 1071  980  950  980 1071
316A Acap  198802141 1254 1436 1588 1710 1771 1771 1680 1588 1467 1345 1315 1345
316A Acap  198802142 1376 1436 1528 1528 1497 1376 1254 1102 1011  950  950 1071
316A Acap  198802151 1193 1376 1528 1649 1740 1771 1710 1619 1497 1436 1376 1376
316A Acap  198802152 1406 1436 1497 1528 1497 1436 1345 1193 1071  980  950  980
316A Acap  198802161 1071 1193 1376 1497 1649 1710 1710 1649 1558 1467 1406 1376
316A Acap  198802162 1376 1406 1467 1497 1497 1497 1406 1315 1223 1102 1071 1041
316A Acap  198802171 1071 1193 1315 1436 1558 1649 1710 1680 1649 1558 1497 1436
316A Acap  198802172 1406 1406 1436 1467 1528 1497 1467 1406 1345 1254 1193 1132
316A Acap  198802181 1132 1132 1193 1254 1376 1497 1558 1619 1649 1619 1558 1497
316A Acap  198802182 1436 1376 1376 1345 1376 1436 1436 1497 1497 1467 1376 1345
316A Acap  198802191 1284 1223 1193 1223 1254 1376 1436 1528 1558 1588 1558 1497
316A Acap  198802192 1436 1345 1284 1254 1254 1284 1345 1406 1467 1528 1558 1528
316A Acap  198802201 1497 1436 1345 1284 1254 1223 1284 1345 1436 1497 1558 1528
316A Acap  198802202 1467 1436 1315 1223 1132 1132 1163 1254 1376 1497 1558 1619
316A Acap  198802211 1649 1588 1467 1345 1254 1193 1163 1193 1223 1345 1406 1436
316A Acap  198802212 1436 1406 1284 1193 1071  980  980 1041 1163 1315 1467 1649
316A Acap  198802221 1680 1680 1649 1497 1345 1223 1163 1102 1132 1223 1345 1436
316A Acap  198802222 1497 1467 1406 1284 1132 1041  950  980 1071 1223 1436 1588
316A Acap  198802231 1740 1801 1771 1680 1497 1315 1193 1132 1102 1163 1254 1376
316A Acap  198802232 1467 1528 1497 1376 1254 1102  980  919  950 1071 1223 1436
316A Acap  198802241 1619 1740 1771 1740 1619 1436 1284 1163 1071 1041 1163 1254
316A Acap  198802242 1406 1497 1558 1467 1315 1193 1041  919  919  950 1041 1254
316A Acap  198802251 1467 1619 1771 1771 1680 1558 1406 1254 1163 1102 1132 1223
316A Acap  198802252 1345 1467 1528 1528 1436 1315 1163 1041  950  980 1071 1193
316A Acap  198802261 1376 1588 1740 1801 1801 1710 1558 1406 1254 1193 1132 1193
316A Acap  198802262 1284 1376 1467 1497 1467 1345 1193 1071  950  919  980 1071
316A Acap  198802271 1223 1436 1558 1680 1710 1680 1588 1436 1315 1223 1193 1193
316A Acap  198802272 1284 1345 1406 1467 1436 1376 1254 1132 1071  980  980 1041
316A Acap  198802281 1132 1284 1467 1588 1649 1680 1619 1558 1436 1345 1284 1284
316A Acap  198802282 1284 1345 1406 1436 1467 1406 1345 1254 1163 1071 1041 1071
316A Acap  198802291 1132 1254 1376 1497 1588 1649 1619 1588 1497 1436 1376 1315
316A Acap  198802292 1345 1345 1376 1436 1436 1406 1345 1284 1223 1132 1132 1132
316A Acap  198803011 1223 1284 1376 1497 1558 1619 1619 1588 1558 1497 1467 1467
316A Acap  198803012 1436 1436 1467 1497 1528 1497 1497 1467 1406 1376 1316 1283
316A Acap  198803021 1284 1345 1406 1467 1558 1588 1619 1588 1588 1528 1497 1467
316A Acap  198803022 1436 1436 1436 1436 1436 1436 1406 1406 1376 1376 1345 1315
316A Acap  198803031 1315 1315 1345 1376 1406 1467 1528 1558 1528 1528 1497 1497
316A Acap  198803032 1467 1436 1406 1406 1406 1406 1406 1406 1406 1406 1406 1406
316A Acap  198803041 1376 1376 1376 1376 1406 1406 1436 1436 1467 1467 1467 1467
316A Acap  198803042 1467 1436 1376 1345 1345 1345 1376 1376 1436 1436 1467 1467
316A Acap  198803051 1467 1467 1406 1376 1345 1345 1345 1376 1376 1406 1436 1436
316A Acap  198803052 1436 1406 1376 1315 1284 1254 1284 1345 1406 1467 1497 1528
316A Acap  198803061 1528 1528 1467 1376 1345 1345 1315 1315 1345 1376 1406 1436
316A Acap  198803062 1467 1436 1376 1315 1254 1254 1284 1315 1376 1467 1528 1588
316A Acap  198803071 1619 1619 1558 1467 1376 1315 1254 1254 1223 1284 1376 1436
316A Acap  198803072 1467 1467 1406 1345 1254 1223 1193 1223 1315 1406 1528 1588
316A Acap  198803081 1680 1680 1619 1528 1406 1315 1254 1223 1223 1254 1345 1406
316A Acap  198803082 1467 1467 1406 1315 1254 1132 1132 1132 1223 1345 1467 1619
316A Acap  198803091 1680 1710 1649 1588 1467 1345 1254 1193 1193 1223 1315 1345
316A Acap  198803092 1406 1406 1376 1284 1193 1132 1102 1102 1163 1284 1436 1588
316A Acap  198803101 1710 1771 1771 1710 1588 1467 1315 1254 1223 1193 1254 1315
316A Acap  198803102 1406 1467 1436 1345 1254 1163 1071 1041 1071 1132 1284 1436
316A Acap  198803111 1619 1710 1771 1740 1649 1528 1376 1254 1193 1163 1193 1284
316A Acap  198803112 1376 1436 1436 1376 1284 1163 1041  980  980 1041 1163 1345
316A Acap  198803121 1528 1680 1771 1801 1710 1588 1406 1315 1223 1193 1223 1284
316A Acap  198803122 1376 1436 1436 1376 1284 1163 1041  950  889  950 1071 1193
316A Acap  198803131 1406 1588 1710 1771 1740 1649 1497 1345 1254 1193 1193 1284
316A Acap  198803132 1376 1436 1467 1406 1315 1163 1041  950  889  889 1011 1132
316A Acap  198803141 1345 1528 1649 1740 1710 1649 1528 1376 1284 1223 1223 1284
316A Acap  198803142 1376 1467 1497 1497 1406 1284 1132 1011  919  859  919 1041
316A Acap  198803151 1193 1315 1497 1619 1680 1619 1528 1406 1315 1223 1193 1254
316A Acap  198803152 1345 1436 1497 1467 1455 1390 1285 1164 1050  972  949  990
316A Acap  198803161 1089 1224 1367 1487 1558 1528 1528 1406 1315 1223 1163 1132
316A Acap  198803162 1163 1254 1315 1406 1436 1436 1376 1315 1193 1102 1041 1041
316A Acap  198803171 1071 1132 1223 1345 1436 1497 1497 1467 1376 1284 1193 1163
316A Acap  198803172 1163 1163 1223 1315 1376 1436 1436 1436 1345 1284 1193 1163
316A Acap  198803181 1132 1132 1193 1254 1315 1376 1406 1406 1376 1315 1254 1193
316A Acap  198803182 1132 1132 1132 1193 1284 1376 1436 1497 1497 1497 1467 1436
316A Acap  198803191 1376 1315 1254 1254 1254 1315 1345 1406 1436 1436 1376 1315
316A Acap  198803192 1223 1163 1132 1132 1163 1254 1345 1467 1558 1619 1649 1619
316A Acap  198803201 1588 1497 1376 1284 1193 1193 1223 1254 1345 1436 1436 1406
316A Acap  198803202 1345 1284 1163 1102 1071 1102 1193 1315 1436 1588 1710 1771
316A Acap  198803211 1740 1619 1467 1315 1223 1132 1132 1193 1254 1345 1436 1467
316A Acap  198803212 1467 1345 1223 1132 1071 1041 1071 1193 1345 1497 1680 1801
316A Acap  198803221 1862 1832 1710 1558 1376 1193 1132 1102 1132 1193 1345 1436
316A Acap  198803222 1497 1436 1376 1254 1071 1011  980 1041 1193 1345 1528 1710
316A Acap  198803231 1832 1862 1801 1649 1436 1284 1132 1071 1071 1132 1254 1376
316A Acap  198803232 1497 1497 1467 1345 1223 1071 1011 1011 1071 1223 1436 1619
316A Acap  198803241 1771 1892 1892 1801 1649 1467 1284 1163 1132 1163 1254 1376
316A Acap  198803242 1467 1558 1528 1467 1315 1132 1011  980 1003 1107 1276 1474
316A Acap  198803251 1658 1794 1848 1807 1688 1528 1345 1193 1132 1102 1163 1284
316A Acap  198803252 1406 1497 1528 1497 1406 1254 1102 1011  980 1041 1163 1345
316A Acap  198803261 1528 1710 1801 1832 1740 1588 1436 1284 1193 1163 1193 1254
316A Acap  198803262 1345 1467 1528 1497 1436 1315 1193 1071 1011 1041 1132 1254
316A Acap  198803271 1406 1588 1710 1771 1740 1680 1528 1376 1254 1193 1193 1254
316A Acap  198803272 1315 1436 1497 1528 1497 1406 1254 1163 1071 1041 1102 1223
316A Acap  198803281 1345 1497 1649 1710 1710 1680 1558 1436 1345 1284 1254 1284
316A Acap  198803282 1345 1436 1497 1558 1558 1497 1376 1284 1193 1132 1163 1254
316A Acap  198803291 1376 1497 1619 1680 1710 1680 1588 1497 1406 1345 1315 1315
316A Acap  198803292 1345 1406 1467 1558 1588 1558 1497 1406 1315 1254 1223 1254
316A Acap  198803301 1315 1406 1528 1619 1680 1649 1619 1558 1467 1406 1376 1345
316A Acap  198803302 1345 1376 1467 1528 1558 1558 1528 1467 1406 1345 1315 1315
316A Acap  198803311 1345 1406 1467 1558 1588 1619 1588 1528 1497 1436 1406 1376
316A Acap  198803312 1376 1406 1467 1497 1528 1528 1588 1558 1528 1467 1436 1406
316A Acap  198804011 1406 1406 1436 1467 1497 1497 1528 1497 1467 1436 1406 1406
316A Acap  198804012 1376 1376 1376 1406 1467 1467 1497 1528 1528 1497 1497 1497
316A Acap  198804021 1467 1436 1436 1467 1467 1436 1406 1406 1376 1376 1345 1345
316A Acap  198804022 1376 1376 1376 1376 1406 1406 1467 1497 1558 1588 1558 1558
316A Acap  198804031 1558 1528 1467 1436 1406 1376 1376 1345 1345 1345 1376 1376
316A Acap  198804032 1345 1376 1315 1315 1345 1345 1406 1406 1497 1558 1588 1588
316A Acap  198804041 1588 1558 1497 1436 1376 1315 1315 1284 1284 1284 1315 1315
316A Acap  198804042 1345 1345 1315 1284 1254 1254 1284 1315 1376 1467 1558 1619
316A Acap  198804051 1649 1649 1619 1528 1436 1345 1315 1254 1223 1223 1254 1284
316A Acap  198804052 1315 1315 1284 1284 1223 1193 1193 1223 1315 1406 1558 1649
316A Acap  198804061 1740 1771 1710 1649 1528 1406 1284 1223 1193 1193 1254 1284
316A Acap  198804062 1345 1345 1315 1284 1223 1163 1163 1193 1254 1376 1497 1649
316A Acap  198804071 1740 1801 1771 1680 1588 1436 1315 1223 1163 1163 1223 1284
316A Acap  198804072 1345 1376 1345 1315 1223 1163 1102 1102 1132 1254 1406 1588
316A Acap  198804081 1680 1771 1771 1680 1528 1451 1254 1193 1163 1193 1284 1345
316A Acap  198804082 1376 1406 1345 1284 1163 1071 1041 1041 1102 1223 1376 1588
316A Acap  198804091 1710 1801 1801 1710 1588 1436 1315 1193 1193 1193 1254 1315
316A Acap  198804092 1406 1406 1345 1315 1193 1071 1011  980 1041 1132 1284 1497
316A Acap  198804101 1619 1740 1771 1740 1710 1649 1528 1376 1254 1193 1193 1284
316A Acap  198804102 1376 1406 1436 1376 1315 1193 1071  980  950 1041 1132 1345
316A Acap  198804111 1497 1649 1740 1740 1649 1558 1436 1254 1193 1193 1254 1315
316A Acap  198804112 1376 1467 1497 1497 1376 1284 1132 1041 1011 1041 1132 1254
316A Acap  198804121 1406 1588 1649 1680 1649 1558 1436 1284 1223 1163 1193 1254
316A Acap  198804122 1315 1406 1467 1497 1436 1376 1254 1102 1041 1011 1071 1163
316A Acap  198804131 1254 1406 1558 1619 1619 1558 1467 1345 1254 1163 1163 1193
316A Acap  198804132 1254 1376 1436 1497 1497 1467 1436 1345 1254 1163 1163 1193
316A Acap  198804141 1254 1345 1436 1497 1528 1497 1436 1345 1254 1193 1132 1163
316A Acap  198804142 1193 1315 1376 1497 1558 1588 1558 1497 1436 1345 1284 1284
316A Acap  198804151 1284 1315 1376 1406 1467 1467 1436 1406 1315 1223 1193 1163
316A Acap  198804152 1193 1223 1284 1376 1467 1558 1619 1619 1558 1497 1467 1436
316A Acap  198804161 1376 1345 1345 1345 1376 1406 1376 1345 1315 1254 1223 1163
316A Acap  198804162 1163 1163 1163 1284 1376 1467 1558 1619 1649 1649 1619 1558
316A Acap  198804171 1467 1406 1345 1284 1254 1254 1254 1284 1315 1315 1284 1223
316A Acap  198804172 1163 1132 1102 1132 1223 1315 1406 1528 1619 1680 1710 1680
316A Acap  198804181 1619 1528 1406 1284 1223 1193 1193 1284 1315 1315 1345 1315
316A Acap  198804182 1284 1193 1102 1071 1102 1163 1254 1406 1528 1649 1740 1771
316A Acap  198804191 1710 1619 1467 1345 1223 1132 1132 1163 1193 1254 1315 1345
316A Acap  198804192 1315 1254 1163 1071 1041 1041 1132 1254 1376 1528 1680 1771
316A Acap  198804201 1801 1740 1588 1467 1315 1193 1132 1102 1163 1223 1315 1376
316A Acap  198804202 1406 1345 1284 1132 1011  980 1011 1071 1193 1345 1558 1710
316A Acap  198804211 1771 1771 1710 1588 1436 1254 1132 1102 1102 1132 1223 1315
316A Acap  198804212 1376 1406 1345 1284 1163 1102 1041 1071 1132 1254 1406 1619
316A Acap  198804221 1740 1832 1801 1710 1558 1376 1223 1102 1071 1102 1223 1315
316A Acap  198804222 1406 1467 1436 1376 1284 1132 1041 1011 1071 1193 1284 1467
316A Acap  198804231 1619 1740 1801 1710 1619 1450 1284 1163 1102 1111 1180 1279
316A Acap  198804232 1380 1451 1468 1422 1326 1212 1110 1047 1043 1107 1231 1389
316A Acap  198804241 1547 1672 1734 1718 1629 1493 1345 1254 1193 1163 1193 1254
316A Acap  198804242 1345 1406 1467 1497 1436 1315 1223 1132 1102 1132 1223 1345
316A Acap  198804251 1497 1619 1680 1680 1619 1528 1376 1284 1193 1163 1193 1284
316A Acap  198804252 1345 1406 1467 1497 1467 1376 1315 1223 1163 1132 1163 1284
316A Acap  198804261 1376 1497 1619 1649 1619 1558 1436 1376 1254 1193 1193 1254
316A Acap  198804262 1315 1406 1467 1497 1497 1467 1406 1284 1223 1193 1193 1254
316A Acap  198804271 1315 1436 1497 1528 1558 1497 1436 1345 1254 1193 1163 1193
316A Acap  198804272 1254 1345 1406 1467 1497 1497 1467 1406 1315 1254 1254 1284
316A Acap  198804281 1345 1406 1467 1528 1497 1467 1436 1345 1284 1223 1193 1193
316A Acap  198804282 1254 1315 1345 1406 1436 1467 1467 1436 1376 1345 1315 1315
316A Acap  198804291 1345 1376 1406 1436 1406 1406 1315 1284 1223 1223 1193 1223
316A Acap  198804292 1223 1284 1345 1376 1406 1467 1467 1467 1436 1406 1376 1345
316A Acap  198804301 1345 1376 1376 1406 1376 1376 1345 1315 1284 1223 1193 1223
316A Acap  198804302 1254 1284 1315 1376 1436 1497 1528 1558 1528 1497 1497 1467
316A Acap  198805011 1439 1378 1348 1348 1348 1287 1287 1256 1256 1226 1226 1195
316A Acap  198805012 1195 1226 1256 1317 1378 1409 1470 1500 1561 1561 1592 1561
316A Acap  198805021 1500 1439 1409 1348 1317 1287 1256 1256 1226 1226 1226 1226
316A Acap  198805022 1226 1195 1195 1226 1287 1348 1439 1500 1561 1592 1622 1592
316A Acap  198805031 1561 1500 1409 1348 1287 1226 1195 1195 1195 1195 1195 1195
316A Acap  198805032 1165 1134 1134 1165 1226 1317 1409 1500 1592 1622 1653 1592
316A Acap  198805041 1531 1439 1352 1256 1165 1165 1134 1104 1134 1165 1165 1195
316A Acap  198805042 1134 1134 1104 1104 1073 1104 1165 1256 1378 1500 1592 1683
316A Acap  198805051 1683 1622 1500 1378 1287 1195 1134 1134 1104 1134 1195 1226
316A Acap  198805052 1226 1195 1134 1073 1012 1012 1043 1134 1287 1439 1563 1653
316A Acap  198805061 1683 1683 1622 1500 1348 1256 1165 1134 1134 1165 1195 1226
316A Acap  198805062 1256 1226 1165 1104 1073  982  982 1043 1134 1287 1500 1622
316A Acap  198805071 1714 1714 1653 1531 1439 1287 1195 1104 1073 1104 1165 1256
316A Acap  198805072 1287 1317 1287 1226 1134 1043  982  982 1073 1195 1378 1561
316A Acap  198805081 1653 1744 1714 1622 1470 1317 1195 1104 1073 1104 1195 1256
316A Acap  198805082 1348 1378 1348 1287 1165 1073 1012  982 1012 1134 1256 1409
316A Acap  198805091 1592 1683 1714 1653 1531 1348 1226 1165 1073 1104 1195 1287
316A Acap  198805092 1348 1439 1439 1409 1287 1165 1073 1043 1012 1073 1195 1317
316A Acap  198805101 1500 1592 1683 1653 1531 1409 1287 1165 1073 1073 1104 1226
316A Acap  198805102 1348 1439 1531 1531 1439 1348 1226 1104 1073 1073 1134 1256
316A Acap  198805111 1378 1470 1561 1592 1531 1409 1287 1165 1104 1043 1073 1165
316A Acap  198805112 1287 1409 1500 1561 1561 1470 1409 1287 1195 1165 1195 1226
316A Acap  198805121 1317 1409 1500 1531 1531 1439 1348 1195 1104 1043 1012 1073
316A Acap  198805122 1165 1317 1439 1531 1592 1592 1531 1439 1348 1256 1226 1226
316A Acap  198805131 1287 1317 1378 1439 1470 1439 1348 1256 1134 1043  982  982
316A Acap  198805132 1073 1134 1287 1409 1500 1592 1592 1561 1500 1378 1317 1256
316A Acap  198805141 1226 1226 1256 1317 1348 1348 1317 1256 1165 1104 1012  982
316A Acap  198805142  982 1043 1134 1287 1409 1531 1622 1653 1653 1622 1561 1439
316A Acap  198805151 1348 1287 1256 1256 1256 1317 1317 1317 1256 1195 1134 1073
316A Acap  198805152 1012 1043 1073 1165 1256 1378 1514 1622 1653 1653 1622 1531
316A Acap  198805161 1439 1348 1287 1226 1195 1226 1256 1256 1256 1226 1195 1104
316A Acap  198805162 1073 1012 1012 1073 1134 1226 1378 1515 1622 1714 1744 1683
316A Acap  198805171 1592 1439 1317 1226 1165 1134 1134 1195 1226 1256 1256 1195
316A Acap  198805172 1134 1073  982  982 1043 1134 1256 1378 1561 1653 1744 1744
316A Acap  198805181 1683 1592 1470 1287 1195 1134 1134 1134 1226 1287 1317 1317
316A Acap  198805182 1256 1195 1104 1043 1012 1043 1134 1287 1409 1561 1683 1744
316A Acap  198805191 1683 1592 1500 1372 1256 1134 1073 1073 1134 1226 1287 1348
316A Acap  198805192 1317 1287 1195 1073 1012 1012 1073 1134 1256 1409 1561 1683
316A Acap  198805201 1744 1683 1592 1439 1256 1134 1043 1043 1073 1165 1256 1317
316A Acap  198805202 1348 1317 1256 1134 1043 1012 1012 1073 1195 1348 1470 1592
316A Acap  198805211 1714 1714 1622 1500 1317 1195 1073 1043 1043 1134 1195 1287
316A Acap  198805212 1348 1378 1317 1226 1134 1043 1012 1012 1073 1195 1348 1500
316A Acap  198805221 1622 1683 1653 1561 1409 1256 1134 1043 1012 1073 1165 1256
316A Acap  198805222 1317 1378 1378 1317 1195 1134 1043 1012 1073 1165 1287 1439
316A Acap  198805231 1531 1622 1653 1561 1439 1317 1165 1073 1043 1043 1104 1195
316A Acap  198805232 1287 1378 1439 1409 1348 1256 1165 1104 1104 1134 1226 1348
316A Acap  198805241 1470 1561 1622 1592 1531 1409 1287 1165 1073 1073 1104 1195
316A Acap  198805242 1287 1409 1439 1500 1470 1378 1287 1195 1165 1134 1195 1287
316A Acap  198805251 1378 1500 1561 1561 1531 1439 1317 1195 1104 1073 1073 1134
316A Acap  198805252 1226 1348 1439 1531 1531 1470 1409 1317 1256 1226 1226 1287
316A Acap  198805261 1348 1439 1500 1531 1531 1409 1317 1226 1134 1104 1073 1134
316A Acap  198805262 1226 1317 1439 1531 1561 1531 1470 1409 1348 1287 1256 1287
316A Acap  198805271 1348 1409 1470 1500 1500 1439 1378 1287 1195 1134 1104 1146
316A Acap  198805272 1226 1317 1409 1500 1561 1592 1561 1500 1409 1378 1317 1317
316A Acap  198805281 1348 1348 1378 1378 1378 1348 1317 1226 1134 1104 1104 1104
316A Acap  198805282 1165 1287 1409 1470 1561 1592 1592 1561 1500 1470 1409 1378
316A Acap  198805291 1378 1378 1378 1348 1317 1317 1287 1256 1165 1134 1104 1104
316A Acap  198805292 1165 1226 1317 1439 1531 1592 1653 1683 1622 1561 1531 1439
316A Acap  198805301 1409 1378 1348 1348 1317 1317 1256 1226 1195 1134 1104 1073
316A Acap  198805302 1073 1134 1226 1317 1378 1500 1592 1653 1655 1622 1561 1500
316A Acap  198805311 1439 1378 1348 1317 1317 1287 1256 1226 1195 1165 1134 1104
316A Acap  198805312 1073 1104 1134 1226 1317 1439 1561 1622 1683 1683 1653 1592
316A Acap  198806011 1500 1439 1378 1317 1287 1256 1256 1226 1195 1165 1134 1073
316A Acap  198806012 1073 1043 1012 1043 1165 1317 1409 1500 1622 1683 1653 1622
316A Acap  198806021 1561 1470 1378 1317 1256 1226 1226 1226 1226 1226 1195 1134
316A Acap  198806022 1104 1073 1012 1012 1073 1165 1317 1439 1622 1714 1744 1714
316A Acap  198806031 1653 1561 1409 1287 1226 1195 1195 1226 1287 1287 1256 1226
316A Acap  198806032 1195 1104 1043 1012 1043 1104 1165 1287 1470 1622 1744 1774
316A Acap  198806041 1744 1622 1500 1378 1256 1195 1165 1165 1195 1287 1317 1348
316A Acap  198806042 1317 1256 1134 1073 1043 1043 1134 1256 1348 1500 1653 1744
316A Acap  198806051 1774 1714 1622 1470 1317 1226 1134 1134 1195 1256 1317 1378
316A Acap  198806052 1409 1409 1317 1226 1134 1073 1073 1134 1256 1409 1531 1683
316A Acap  198806061 1744 1744 1683 1531 1378 1226 1134 1134 1165 1256 1348 1439
316A Acap  198806062 1500 1500 1439 1348 1317 1226 1165 1134 1195 1287 1439 1531
316A Acap  198806071 1683 1744 1683 1592 1409 1256 1165 1104 1073 1134 1256 1378
316A Acap  198806072 1470 1531 1561 1531 1439 1317 1226 1165 1165 1226 1317 1470
316A Acap  198806081 1561 1653 1653 1622 1500 1378 1226 1104 1073 1073 1165 1287
316A Acap  198806082 1439 1592 1683 1714 1653 1592 1470 1348 1287 1256 1317 1378
316A Acap  198806091 1500 1592 1622 1622 1531 1439 1317 1165 1104 1073 1104 1195
316A Acap  198806092 1378 1531 1653 1744 1774 1714 1622 1500 1439 1348 1317 1378
316A Acap  198806101 1439 1500 1592 1592 1561 1439 1317 1226 1104 1073 1043 1134
316A Acap  198806102 1256 1409 1561 1683 1774 1805 1744 1653 1561 1500 1378 1348
316A Acap  198806111 1378 1439 1500 1531 1561 1500 1439 1317 1195 1104 1073 1104
316A Acap  198806112 1195 1317 1470 1622 1744 1835 1866 1805 1714 1622 1531 1439
316A Acap  198806121 1409 1409 1439 1500 1531 1500 1439 1378 1287 1165 1104 1073
316A Acap  198806122 1104 1195 1317 1470 1622 1744 1835 1866 1805 1714 1592 1500
316A Acap  198806131 1439 1409 1378 1439 1470 1500 1439 1409 1317 1256 1134 1073
316A Acap  198806132 1043 1134 1226 1348 1500 1653 1774 1835 1866 1805 1714 1592
316A Acap  198806141 1470 1378 1317 1317 1348 1378 1409 1409 1348 1317 1226 1165
316A Acap  198806142 1073 1073 1073 1195 1348 1500 1622 1744 1835 1866 1805 1714
316A Acap  198806151 1592 1470 1348 1287 1256 1317 1348 1378 1439 1378 1348 1226
316A Acap  198806152 1165 1134 1104 1134 1226 1317 1470 1622 1744 1805 1835 1805
316A Acap  198806161 1714 1592 1470 1378 1317 1317 1317 1378 1409 1470 1439 1409
316A Acap  198806162 1348 1256 1226 1195 1287 1378 1470 1592 1714 1835 1896 1896
316A Acap  198806171 1835 1774 1653 1531 1439 1409 1409 1439 1500 1531 1592 1622
316A Acap  198806172 1592 1531 1439 1378 1348 1378 1439 1561 1683 1805 1927 1957
316A Acap  198806181 1927 1866 1744 1622 1500 1439 1409 1378 1439 1500 1561 1622
316A Acap  198806182 1622 1561 1500 1439 1378 1378 1409 1500 1561 1714 1805 1866
316A Acap  198806191 1866 1835 1774 1622 1500 1378 1317 1287 1378 1439 1531 1561
316A Acap  198806192 1622 1561 1531 1470 1378 1348 1317 1348 1470 1592 1683 1744
316A Acap  198806201 1805 1805 1774 1683 1561 1439 1348 1287 1287 1317 1439 1531
316A Acap  198806202 1622 1653 1653 1592 1500 1409 1378 1348 1409 1500 1622 1714
316A Acap  198806211 1774 1805 1774 1683 1561 1439 1317 1287 1256 1317 1378 1500
316A Acap  198806212 1622 1683 1653 1622 1561 1470 1378 1317 1348 1409 1500 1592
316A Acap  198806221 1683 1744 1744 1683 1592 1470 1378 1287 1256 1256 1287 1378
316A Acap  198806222 1500 1622 1653 1653 1622 1500 1409 1378 1348 1348 1378 1470
316A Acap  198806231 1561 1653 1592 1531 1482 1409 1317 1226 1165 1195 1256 1348
316A Acap  198806232 1470 1592 1714 1744 1714 1653 1592 1500 1470 1409 1439 1500
316A Acap  198806241 1531 1561 1622 1592 1531 1439 1378 1256 1226 1226 1287 1378
316A Acap  198806242 1500 1622 1744 1774 1805 1744 1683 1622 1592 1531 1500 1531
316A Acap  198806251 1561 1592 1622 1622 1592 1500 1409 1317 1256 1226 1226 1287
316A Acap  198806252 1409 1531 1622 1744 1805 1805 1744 1683 1622 1500 1500 1470
316A Acap  198806261 1470 1500 1561 1561 1500 1439 1348 1287 1195 1165 1195 1256
316A Acap  198806262 1378 1470 1622 1714 1774 1805 1805 1774 1683 1622 1592 1531
316A Acap  198806271 1531 1531 1531 1531 1470 1439 1378 1287 1226 1165 1134 1195
316A Acap  198806272 1256 1378 1500 1653 1744 1805 1835 1774 1714 1653 1592 1531
316A Acap  198806281 1500 1470 1470 1470 1470 1439 1378 1287 1195 1134 1073 1073
316A Acap  198806282 1104 1165 1317 1470 1622 1714 1774 1835 1774 1714 1622 1561
316A Acap  198806291 1531 1470 1470 1470 1470 1439 1409 1348 1287 1195 1134 1073
316A Acap  198806292 1104 1165 1256 1409 1500 1653 1744 1835 1835 1835 1774 1683
316A Acap  198806301 1653 1592 1531 1531 1500 1500 1439 1409 1348 1317 1226 1165
316A Acap  198806302 1134 1104 1165 1287 1409 1531 1653 1744 1835 1866 1835 1774
316A Acap  198807011 1683 1592 1531 1470 1409 1439 1439 1470 1439 1378 1317 1256
316A Acap  198807012 1195 1165 1134 1165 1226 1348 1470 1653 1774 1866 1896 1774
316A Acap  198807021 1683 1622 1500 1409 1378 1378 1378 1348 1409 1409 1409 1348
316A Acap  198807022 1256 1195 1104 1104 1134 1195 1317 1470 1622 1714 1770 1774
316A Acap  198807031 1714 1592 1470 1409 1317 1287 1287 1348 1409 1470 1500 1470
316A Acap  198807032 1409 1348 1287 1195 1165 1195 1195 1256 1378 1504 1609 1672
316A Acap  198807041 1677 1623 1531 1409 1287 1226 1195 1226 1287 1348 1409 1531
316A Acap  198807042 1531 1531 1409 1317 1256 1195 1226 1226 1317 1439 1592 1683
316A Acap  198807051 1714 1683 1622 1500 1348 1226 1134 1134 1195 1317 1435 1549
316A Acap  198807052 1631 1660 1633 1563 1470 1348 1317 1256 1317 1409 1531 1653
316A Acap  198807061 1714 1714 1683 1561 1439 1256 1195 1104 1165 1256 1409 1561
316A Acap  198807062 1683 1774 1835 1805 1683 1561 1439 1409 1348 1378 1470 1561
316A Acap  198807071 1654 1714 1744 1653 1561 1348 1226 1134 1104 1134 1287 1439
316A Acap  198807072 1592 1774 1835 1866 1774 1653 1561 1439 1348 1348 1409 1439
316A Acap  198807081 1561 1622 1653 1592 1500 1348 1195 1104 1073 1134 1226 1348
316A Acap  198807082 1531 1683 1835 1927 1896 1866 1714 1622 1500 1439 1409 1470
316A Acap  198807091 1531 1592 1653 1683 1622 1531 1378 1256 1134 1073 1104 1165
316A Acap  198807092 1378 1561 1744 1835 1927 1927 1866 1774 1653 1531 1470 1439
316A Acap  198807101 1439 1470 1561 1592 1622 1561 1470 1348 1195 1104 1073 1073
316A Acap  198807102 1165 1317 1470 1653 1805 1866 1896 1835 1744 1622 1531 1470
316A Acap  198807111 1409 1439 1470 1531 1561 1531 1470 1409 1256 1104 1043 1043
316A Acap  198807112 1073 1226 1378 1500 1683 1805 1835 1835 1744 1653 1531 1470
316A Acap  198807121 1378 1378 1409 1439 1439 1500 1439 1378 1287 1165 1104 1043
316A Acap  198807122 1073 1134 1256 1409 1531 1653 1744 1805 1714 1683 1592 1500
316A Acap  198807131 1409 1348 1317 1287 1378 1409 1439 1409 1348 1256 1176 1109
316A Acap  198807132 1073 1104 1165 1287 1439 1561 1667 1744 1744 1744 1653 1592
316A Acap  198807141 1500 1439 1409 1378 1378 1409 1378 1409 1378 1287 1226 1165
316A Acap  198807142 1104 1104 1165 1256 1348 1470 1561 1622 1714 1744 1714 1653
316A Acap  198807151 1592 1500 1439 1378 1348 1348 1378 1378 1409 1409 1378 1317
316A Acap  198807152 1256 1256 1256 1256 1317 1409 1500 1592 1683 1744 1744 1714
316A Acap  198807161 1683 1622 1561 1470 1439 1409 1409 1409 1439 1439 1470 1439
316A Acap  198807162 1378 1348 1317 1348 1378 1409 1500 1561 1653 1714 1774 1805
316A Acap  198807171 1744 1683 1622 1500 1409 1378 1348 1348 1378 1439 1500 1500
316A Acap  198807172 1500 1470 1439 1409 1378 1409 1439 1470 1531 1622 1714 1744
316A Acap  198807181 1744 1714 1622 1561 1531 1409 1348 1317 1348 1409 1470 1531
316A Acap  198807182 1561 1561 1561 1500 1439 1409 1378 1439 1470 1592 1653 1714
316A Acap  198807191 1774 1774 1714 1653 1592 1500 1409 1378 1378 1378 1409 1500
316A Acap  198807192 1592 1622 1653 1592 1561 1531 1470 1439 1409 1439 1439 1531
316A Acap  198807201 1592 1653 1683 1622 1531 1439 1378 1287 1287 1317 1378 1470
316A Acap  198807202 1561 1653 1683 1653 1592 1500 1409 1378 1409 1439 1500 1561
316A Acap  198807211 1622 1653 1622 1531 1470 1348 1287 1226 1226 1287 1378 1470
316A Acap  198807212 1592 1683 1744 1653 1592 1500 1439 1378 1378 1409 1439 1470
316A Acap  198807221 1531 1592 1561 1500 1409 1317 1226 1165 1165 1165 1287 1409
316A Acap  198807222 1531 1653 1714 1744 1714 1622 1531 1439 1378 1348 1348 1409
316A Acap  198807231 1439 1531 1531 1500 1439 1348 1256 1165 1104 1134 1175 1256
316A Acap  198807232 1409 1561 1653 1714 1714 1653 1592 1470 1409 1378 1378 1409
316A Acap  198807241 1470 1500 1531 1500 1439 1348 1226 1104 1073 1012 1073 1226
316A Acap  198807242 1348 1470 1622 1714 1714 1714 1622 1531 1470 1409 1409 1409
316A Acap  198807251 1439 1470 1470 1439 1378 1317 1195 1073 1043 1043 1104 1195
316A Acap  198807252 1348 1500 1622 1714 1774 1774 1744 1683 1592 1561 1531 1470
316A Acap  198807261 1500 1531 1531 1500 1470 1409 1293 1165 1104 1073 1104 1165
316A Acap  198807262 1256 1378 1470 1592 1683 1744 1744 1683 1622 1561 1500 1439
316A Acap  198807271 1409 1409 1439 1470 1409 1348 1256 1134 1043  982  921  921
316A Acap  198807272  982 1073 1256 1409 1500 1622 1744 1714 1653 1592 1561 1500
316A Acap  198807281 1439 1439 1470 1470 1500 1439 1378 1287 1165 1073  952  921
316A Acap  198807282  952 1043 1165 1317 1439 1561 1653 1714 1653 1592 1561 1500
316A Acap  198807291 1439 1409 1409 1439 1439 1470 1439 1378 1317 1226 1165 1104
316A Acap  198807292 1043 1043 1104 1226 1348 1470 1561 1653 1683 1653 1592 1531
316A Acap  198807301 1470 1409 1348 1348 1378 1409 1439 1470 1439 1378 1317 1256
316A Acap  198807302 1195 1134 1134 1195 1317 1409 1470 1561 1653 1683 1653 1561
316A Acap  198807311 1486 1409 1348 1287 1287 1317 1348 1409 1439 1470 1439 1378
316A Acap  198807312 1317 1256 1226 1195 1226 1287 1378 1470 1561 1622 1683 1622
316A Acap  198808011 1531 1409 1317 1256 1195 1195 1256 1317 1378 1470 1531 1561
316A Acap  198808012 1531 1500 1439 1378 1317 1256 1287 1348 1409 1500 1592 1653
316A Acap  198808021 1592 1500 1409 1317 1226 1134 1104 1195 1256 1378 1470 1592
316A Acap  198808022 1683 1683 1653 1561 1439 1348 1287 1317 1409 1500 1561 1622
316A Acap  198808031 1683 1622 1561 1439 1287 1165 1073 1073 1165 1317 1470 1653
316A Acap  198808032 1774 1835 1805 1714 1592 1470 1378 1317 1348 1378 1500 1592
316A Acap  198808041 1683 1683 1561 1378 1226 1104 1073 1104 1256 1348 1500 1653
316A Acap  198808042 1805 1835 1896 1866 1683 1531 1439 1348 1317 1348 1439 1531
316A Acap  198808051 1653 1683 1714 1622 1470 1348 1226 1134 1104 1195 1317 1500
316A Acap  198808052 1683 1866 1927 1927 1866 1744 1592 1470 1348 1317 1378 1470
316A Acap  198808061 1592 1653 1683 1683 1592 1439 1287 1165 1134 1165 1226 1378
316A Acap  198808062 1622 1774 1927 2049 2018 1957 1774 1683 1531 1439 1439 1500
316A Acap  198808071 1561 1592 1622 1622 1561 1439 1287 1165 1073 1073 1134 1287
316A Acap  198808072 1439 1622 1774 1896 1957 1927 1835 1714 1592 1500 1439 1409
316A Acap  198808081 1500 1592 1653 1653 1592 1500 1378 1256 1134 1073 1104 1226
316A Acap  198808082 1317 1500 1683 1805 1835 1866 1805 1714 1592 1531 1439 1439
316A Acap  198808091 1439 1500 1561 1592 1622 1592 1500 1378 1134 1073 1104 1226
316A Acap  198808092 1317 1500 1683 1805 1835 1866 1805 1714 1592 1531 1439 1439
316A Acap  198808101 1439 1500 1561 1592 1622 1592 1500 1378 1256 1134 1104 1134
316A Acap  198808102 1226 1348 1531 1653 1744 1835 1835 1805 1714 1592 1531 1500
316A Acap  198808111 1470 1470 1561 1622 1622 1592 1500 1500 1439 1348 1256 1226
316A Acap  198808112 1195 1256 1348 1470 1592 1683 1744 1805 1774 1774 1714 1653
316A Acap  198808121 1592 1531 1500 1531 1531 1561 1561 1531 1500 1439 1378 1348
316A Acap  198808122 1317 1348 1378 1439 1531 1622 1683 1744 1774 1774 1774 1714
316A Acap  198808131 1683 1592 1561 1561 1500 1531 1531 1531 1561 1531 1500 1470
316A Acap  198808132 1439 1439 1409 1439 1470 1561 1622 1653 1714 1744 1744 1744
316A Acap  198808141 1714 1622 1561 1470 1439 1470 1470 1500 1561 1561 1561 1531
316A Acap  198808142 1531 1500 1470 1470 1470 1470 1531 1592 1653 1714 1774 1774
316A Acap  198808151 1714 1683 1653 1561 1500 1470 1470 1531 1592 1622 1653 1653
316A Acap  198808152 1653 1622 1561 1531 1500 1500 1531 1592 1653 1683 1744 1744
316A Acap  198808161 1714 1653 1561 1500 1439 1439 1409 1470 1470 1561 1622 1683
316A Acap  198808162 1714 1744 1683 1622 1592 1561 1500 1500 1500 1561 1653 1714
316A Acap  198808171 1714 1683 1622 1561 1500 1470 1409 1409 1439 1500 1592 1683
316A Acap  198808172 1714 1744 1683 1592 1531 1500 1470 1409 1409 1439 1500 1561
316A Acap  198808181 1592 1592 1531 1500 1378 1287 1240 1241 1287 1378 1500 1592
316A Acap  198808182 1653 1744 1683 1622 1531 1470 1348 1287 1287 1317 1348 1439
316A Acap  198808191 1531 1561 1531 1500 1378 1256 1226 1195 1226 1256 1409 1531
316A Acap  198808192 1653 1714 1744 1683 1592 1439 1348 1287 1226 1256 1317 1378
316A Acap  198808201 1439 1439 1439 1378 1287 1165 1104 1073 1073 1165 1287 1439
316A Acap  198808202 1561 1683 1714 1683 1622 1500 1409 1317 1256 1226 1256 1287
316A Acap  198808211 1409 1439 1439 1439 1348 1195 1104 1043 1043 1104 1195 1348
316A Acap  198808212 1500 1683 1744 1744 1683 1561 1470 1348 1287 1256 1317 1317
316A Acap  198808221 1409 1470 1470 1439 1348 1256 1134 1043 1012 1043 1134 1317
316A Acap  198808222 1500 1653 1774 1805 1805 1744 1653 1561 1439 1378 1348 1378
316A Acap  198808231 1439 1470 1500 1470 1378 1256 1134 1043 1012 1043 1134 1317
316A Acap  198808232 1500 1653 1774 1805 1805 1744 1653 1561 1439 1378 1348 1439
316A Acap  198808241 1470 1500 1535 1528 1472 1380 1270 1165 1073 1043 1073 1134
316A Acap  198808242 1287 1439 1622 1774 1805 1835 1774 1683 1561 1531 1470 1439
316A Acap  198808251 1470 1531 1561 1592 1561 1470 1348 1195 1073 1012 1012 1104
316A Acap  198808252 1195 1348 1500 1653 1714 1714 1683 1653 1561 1500 1470 1409
316A Acap  198808261 1470 1531 1561 1592 1622 1561 1500 1348 1256 1165 1104 1104
316A Acap  198808262 1134 1256 1409 1500 1622 1683 1714 1683 1653 1592 1500 1439
316A Acap  198808271 1409 1439 1439 1500 1561 1561 1561 1500 1409 1317 1226 1195
316A Acap  198808272 1165 1195 1256 1378 1470 1592 1622 1653 1653 1592 1500 1439
316A Acap  198808281 1409 1348 1348 1409 1439 1500 1500 1561 1531 1470 1409 1348
316A Acap  198808282 1287 1256 1256 1317 1378 1439 1531 1561 1622 1592 1561 1500
316A Acap  198808291 1409 1348 1287 1287 1348 1409 1500 1561 1622 1653 1622 1561
316A Acap  198808292 1470 1409 1348 1348 1378 1439 1531 1622 1683 1744 1714 1653
316A Acap  198808301 1592 1531 1470 1500 1500 1592 1683 1805 1896 1957 1957 1927
316A Acap  198808302 1866 1714 1592 1531 1500 1500 1592 1714 1774 1805 1714 1561
316A Acap  198808311 1439 1348 1287 1348 1439 1561 1714 1866 1927 1988 2018 1957
316A Acap  198808312 1866 1774 1653 1561 1470 1409 1439 1470 1561 1653 1714 1732
316A Acap  198809011 1692 1592 1470 1378 1256 1226 1226 1287 1439 1592 1805 1927
316A Acap  198809012 1988 1988 1927 1805 1653 1470 1348 1287 1287 1348 1470 1561
316A Acap  198809021 1653 1683 1592 1531 1378 1195 1104 1104 1256 1378 1592 1774
316A Acap  198809022 1928 2010 2004 1914 1765 1592 1378 1287 1256 1317 1378 1531
316A Acap  198809031 1653 1683 1622 1500 1348 1195 1073 1043 1104 1226 1409 1610
316A Acap  198809032 1805 1896 1927 1866 1805 1683 1500 1348 1226 1195 1256 1378
316A Acap  198809041 1531 1622 1622 1531 1378 1256 1073  952  921 1012 1165 1317
316A Acap  198809042 1561 1683 1805 1805 1744 1653 1470 1317 1195 1134 1134 1226
316A Acap  198809051 1348 1439 1500 1470 1409 1256 1104  982  921  921  982 1134
316A Acap  198809052 1317 1500 1653 1744 1744 1653 1531 1378 1287 1195 1226 1287
316A Acap  198809061 1348 1439 1500 1531 1470 1409 1287 1134 1012  982  982 1043
316A Acap  198809062 1195 1378 1500 1622 1683 1622 1531 1439 1317 1256 1256 1226
316A Acap  198809071 1226 1256 1348 1409 1470 1470 1439 1378 1317 1195 1073 1012
316A Acap  198809072 1012 1104 1226 1378 1500 1592 1566 1500 1409 1348 1287 1256
316A Acap  198809081 1256 1287 1317 1348 1409 1470 1439 1378 1287 1195 1134 1073
316A Acap  198809082 1073 1134 1256 1378 1470 1531 1561 1561 1531 1439 1378 1317
316A Acap  198809091 1317 1317 1348 1378 1439 1500 1470 1409 1348 1287 1226 1195
316A Acap  198809092 1195 1226 1317 1409 1500 1561 1592 1592 1561 1500 1439 1409
316A Acap  198809101 1378 1348 1378 1439 1470 1500 1500 1500 1470 1409 1348 1317
316A Acap  198809102 1256 1256 1287 1317 1378 1439 1500 1561 1561 1531 1500 1500
316A Acap  198809111 1439 1378 1348 1378 1378 1409 1439 1439 1470 1439 1409 1348
316A Acap  198809112 1317 1287 1287 1287 1348 1378 1409 1409 1439 1470 1470 1439
316A Acap  198809121 1439 1409 1378 1378 1409 1409 1439 1439 1470 1470 1500 1500
316A Acap  198809122 1500 1470 1409 1378 1378 1348 1378 1409 1439 1470 1500 1500
316A Acap  198809131 1470 1439 1439 1378 1348 1348 1378 1409 1470 1531 1592 1592
316A Acap  198809132 1592 1531 1500 1409 1378 1378 1348 1378 1409 1470 1500 1500
316A Acap  198809141 1500 1470 1378 1317 1287 1317 1348 1378 1470 1561 1622 1683
316A Acap  198809142 1683 1653 1622 1500 1409 1317 1287 1256 1317 1378 1439 1470
316A Acap  198809151 1470 1439 1409 1348 1287 1256 1256 1287 1378 1470 1561 1653
316A Acap  198809152 1714 1714 1653 1592 1500 1409 1317 1226 1256 1287 1378 1439
316A Acap  198809161 1470 1439 1409 1348 1287 1220 1195 1165 1236 1348 1470 1592
316A Acap  198809162 1683 1714 1683 1592 1470 1348 1256 1226 1195 1256 1317 1348
316A Acap  198809171 1409 1439 1409 1348 1256 1195 1134 1104 1165 1256 1409 1592
316A Acap  198809172 1683 1744 1744 1683 1592 1439 1317 1256 1226 1256 1287 1348
316A Acap  198809181 1409 1439 1439 1378 1287 1165 1104 1073 1104 1226 1378 1500
316A Acap  198809182 1622 1714 1774 1744 1653 1561 1378 1317 1256 1226 1256 1348
316A Acap  198809191 1378 1439 1439 1378 1317 1195 1104 1043 1073 1134 1256 1378
316A Acap  198809192 1500 1622 1744 1744 1683 1592 1439 1287 1256 1256 1287 1378
316A Acap  198809201 1439 1470 1439 1378 1317 1226 1104 1043 1043 1073 1134 1287
316A Acap  198809202 1470 1653 1714 1744 1714 1653 1531 1409 1317 1287 1317 1378
316A Acap  198809211 1439 1500 1531 1500 1439 1317 1195 1104  982  982 1043 1195
316A Acap  198809212 1348 1561 1683 1744 1744 1683 1561 1439 1348 1287 1317 1348
316A Acap  198809221 1409 1439 1500 1531 1500 1439 1348 1226 1134 1073 1104 1195
316A Acap  198809222 1378 1561 1714 1805 1866 1866 1774 1653 1592 1531 1500 1500
316A Acap  198809231 1531 1622 1683 1744 1714 1592 1439 1317 1226 1195 1195 1256
316A Acap  198809232 1348 1500 1653 1744 1805 1805 1744 1653 1531 1470 1439 1409
316A Acap  198809241 1439 1531 1622 1714 1714 1714 1622 1531 1439 1348 1256 1256
316A Acap  198809242 1287 1378 1500 1622 1653 1714 1714 1653 1561 1470 1378 1317
316A Acap  198809251 1317 1378 1439 1531 1592 1592 1592 1561 1500 1409 1348 1287
316A Acap  198809252 1287 1287 1317 1409 1470 1531 1561 1531 1470 1409 1317 1287
316A Acap  198809261 1287 1287 1348 1439 1531 1592 1653 1683 1653 1622 1561 1500
316A Acap  198809262 1439 1348 1348 1378 1439 1439 1470 1500 1500 1470 1409 1348
316A Acap  198809271 1287 1226 1195 1226 1287 1439 1531 1622 1683 1714 1714 1622
316A Acap  198809272 1531 1439 1317 1256 1226 1226 1287 1348 1439 1470 1439 1409
316A Acap  198809281 1348 1226 1134 1104 1134 1226 1348 1500 1683 1774 1805 1774
316A Acap  198809282 1714 1561 1439 1287 1226 1226 1226 1287 1378 1439 1500 1500
316A Acap  198809291 1439 1348 1256 1104 1073 1104 1195 1348 1561 1744 1866 1896
316A Acap  198809292 1866 1744 1622 1439 1256 1195 1134 1195 1317 1439 1531 1561
316A Acap  198809301 1531 1439 1317 1195 1073 1043 1043 1165 1348 1531 1714 1866
316A Acap  198809302 1896 1866 1714 1531 1317 1195 1134 1134 1226 1317 1409 1531
316A Acap  198810011 9999 9999 9999 9999 9999 9999 9999 9999 9999 9999 9999 9999
316A Acap  198810012 9999 9999 9999 9999 9999 9999 9999 9999 9999 9999 9999 9999
316A Acap  198810021 9999 9999 9999 9999 9999 9999 9999 9999 9999 9999 9999 9999
316A Acap  198810022 9999 9999 9999 9999 9999 9999 9999 9999 9999 9999 9999 9999
316A Acap  198810031 9999 9999 9999 9999 9999 9999 9999 9999 9999 9999 9999 9999
316A Acap  198810032 9999 9999 9999 9999 9999 9999 9999 9999 9999 9999 9999 9999
316A Acap  198810041 9999 9999 9999 9999 9999 9999 9999 9999 9999 9999 9999 9999
316A Acap  198810042 9999 9999 9999 9999 9999 9999 9999 9999 9999 9999 9999 9999
316A Acap  198810051 9999 9999 9999 9999 9999 9999 9999 9999 9999 9999 9999 9999
316A Acap  198810052 9999 9999 9999 9999 9999 9999 9999 9999 9999 9999 9999 9999
316A Acap  198810061 9999 9999 9999 9999 9999 9999 9999 9999 9999 9999 9999 9999
316A Acap  198810062 9999 9999 9999 9999 9999 9999 9999 9999 9999 9999 9999 9999
316A Acap  198810071 9999 9999 9999 9999 9999 9999 9999 9999 9999 9999 9999 9999
316A Acap  198810072 9999 9999 9999 9999 9999 9999 9999 9999 9999 9999 9999 9999
316A Acap  198810081 9999 9999 9999 9999 9999 9999 9999 9999 9999 9999 9999 9999
316A Acap  198810082 9999 9999 9999 9999 9999 9999 9999 9999 9999 9999 9999 9999
316A Acap  198810091 9999 9999 9999 9999 9999 9999 9999 9999 9999 9999 9999 9999
316A Acap  198810092 9999 9999 9999 9999 9999 9999 9999 9999 9999 9999 9999 9999
316A Acap  198810101 9999 9999 9999 9999 9999 9999 9999 9999 9999 9999 9999 9999
316A Acap  198810102 9999 9999 9999 9999 9999 9999 9999 9999 9999 9999 9999 9999
316A Acap  198810111 9999 9999 9999 9999 9999 9999 9999 9999 9999 9999 9999 9999
316A Acap  198810112 9999 9999 9999 9999 9999 9999 9999 9999 9999 9999 9999 9999
316A Acap  198810121 9999 9999 9999 9999 9999 9999 9999 9999 9999 9999 9999 9999
316A Acap  198810122 9999 9999 9999 9999 9999 9999 9999 9999 9999 9999 9999 9999
316A Acap  198810131 9999 9999 9999 9999 9999 9999 9999 9999 9999 9999 9999 9999
316A Acap  198810132 9999 9999 9999 9999 9999 9999 9999 9999 9999 9999 9999 9999
316A Acap  198810141 9999 9999 9999 9999 9999 9999 9999 9999 9999 9999 9999 9999
316A Acap  198810142 9999 9999 9999 9999 9999 9999 9999 9999 9999 9999 9999 9999
316A Acap  198810151 9999 9999 9999 9999 9999 9999 9999 9999 9999 9999 9999 9999
316A Acap  198810152 9999 9999 9999 9999 9999 9999 9999 9999 9999 9999 9999 9999
316A Acap  198810161 9999 9999 9999 9999 9999 9999 9999 9999 9999 9999 9999 9999
316A Acap  198810162 9999 9999 9999 9999 9999 9999 9999 9999 9999 9999 9999 9999
316A Acap  198810171 9999 9999 9999 9999 9999 9999 9999 9999 9999 9999 9999 9999
316A Acap  198810172 9999 9999 9999 9999 9999 9999 9999 9999 9999 9999 9999 9999
316A Acap  198810181 9999 9999 9999 9999 9999 9999 9999 9999 9999 9999 9999 9999
316A Acap  198810182 9999 9999 9999 9999 9999 9999 9999 9999 9999 9999 9999 9999
316A Acap  198810191 9999 9999 9999 9999 9999 9999 9999 9999 9999 9999 9999 9999
316A Acap  198810192 9999 9999 9999 9999 9999 9999 9999 9999 9999 9999 9999 9999
316A Acap  198810201 9999 9999 9999 9999 9999 9999 9999 9999 9999 9999 9999 9999
316A Acap  198810202 9999 9999 9999 9999 9999 9999 9999 9999 9999 9999 9999 9999
316A Acap  198810211 9999 9999 9999 9999 9999 9999 9999 9999 9999 9999 9999 9999
316A Acap  198810212 9999 9999 9999 9999 9999 9999 9999 9999 9999 9999 9999 9999
316A Acap  198810221 9999 9999 9999 9999 9999 9999 9999 9999 9999 9999 9999 9999
316A Acap  198810222 9999 9999 9999 9999 9999 9999 9999 9999 9999 9999 9999 9999
316A Acap  198810231 9999 9999 9999 9999 9999 9999 9999 9999 9999 9999 9999 9999
316A Acap  198810232 9999 9999 9999 9999 9999 9999 9999 9999 9999 9999 9999 9999
316A Acap  198810241 9999 9999 9999 9999 9999 9999 9999 9999 9999 9999 9999 9999
316A Acap  198810242 9999 9999 9999 9999 9999 9999 9999 9999 9999 9999 9999 9999
316A Acap  198810251 9999 9999 9999 9999 9999 9999 9999 9999 9999 9999 9999 9999
316A Acap  198810252 9999 9999 9999 9999 9999 9999 9999 9999 9999 9999 9999 9999
316A Acap  198810261 9999 9999 9999 9999 9999 9999 9999 9999 9999 9999 9999 9999
316A Acap  198810262 9999 9999 9999 9999 9999 9999 9999 9999 9999 9999 9999 9999
316A Acap  198810271 9999 9999 9999 9999 9999 9999 9999 9999 9999 9999 9999 9999
316A Acap  198810272 9999 9999 9999 9999 9999 9999 9999 9999 9999 9999 9999 9999
316A Acap  198810281 9999 9999 9999 9999 9999 9999 9999 9999 9999 9999 9999 9999
316A Acap  198810282 9999 9999 9999 9999 9999 9999 9999 9999 9999 9999 9999 9999
316A Acap  198810291 9999 9999 9999 9999 9999 9999 9999 9999 9999 9999 9999 9999
316A Acap  198810292 9999 9999 9999 9999 9999 9999 9999 9999 9999 9999 9999 9999
316A Acap  198810301 9999 9999 9999 9999 9999 9999 9999 9999 9999 9999 9999 9999
316A Acap  198810302 9999 9999 9999 9999 9999 9999 9999 9999 9999 9999 9999 9999
316A Acap  198810311 9999 9999 9999 9999 9999 9999 9999 9999 9999 9999 9999 9999
316A Acap  198810312 9999 9999 9999 9999 9999 9999 9999 9999 9999 9999 9999 9999
316A Acap  198811011 9999 9999 9999 9999 9999 9999 1073 1012 1073 1226 1348 1531
316A Acap  198811012 1774 1927 2018 1957 1805 1653 1500 1348 1226 1195 1287 1439
316A Acap  198811021 1531 1622 1653 1622 1561 1409 1226 1073 1043 1134 1256 1470
316A Acap  198811022 1683 1866 1957 1927 1774 1622 1409 1317 1287 1317 1439 1470
316A Acap  198811031 1561 1683 1714 1714 1653 1561 1409 1256 1165 1134 1134 1256
316A Acap  198811032 1409 1653 1805 1927 1957 1866 1744 1561 1409 1317 1287 1317
316A Acap  198811041 1439 1561 1653 1714 1683 1622 1500 1348 1226 1165 1195 1256
316A Acap  198811042 1439 1592 1744 1835 1866 1805 1683 1561 1439 1348 1317 1348
316A Acap  198811051 1409 1531 1592 1653 1653 1563 1446 1317 1226 1165 1195 1317
316A Acap  198811052 1470 1592 1714 1774 1774 1744 1622 1561 1500 1439 1378 1317
316A Acap  198811061 1287 1287 1378 1470 1592 1622 1592 1500 1378 1287 1195 1226
316A Acap  198811062 1348 1470 1592 1653 1714 1683 1622 1561 1500 1409 1317 1287
316A Acap  198811071 1348 1378 1500 1561 1592 1592 1531 1470 1348 1287 1256 1287
316A Acap  198811072 1348 1409 1500 1561 1622 1622 1561 1500 1409 1378 1317 1317
316A Acap  198811081 1348 1409 1470 1531 1592 1561 1531 1500 1439 1409 1348 1317
316A Acap  198811082 1317 1378 1439 1470 1531 1592 1561 1531 1470 1409 1378 1348
316A Acap  198811091 1348 1378 1439 1470 1531 1561 1622 1592 1531 1500 1470 1409
316A Acap  198811092 1409 1439 1439 1500 1500 1531 1500 1500 1470 1439 1409 1409
316A Acap  198811101 1378 1378 1378 1409 1470 1500 1561 1592 1592 1592 1561 1531
316A Acap  198811102 1531 1500 1470 1470 1470 1439 1439 1439 1439 1439 1439 1439
316A Acap  198811111 1439 1439 1439 1439 1470 1531 1561 1592 1622 1653 1653 1622
316A Acap  198811112 1622 1592 1531 1500 1470 1439 1409 1378 1439 1439 1439 1470
316A Acap  198811121 1439 1439 1439 1409 1439 1500 1531 1592 1653 1714 1744 1744
316A Acap  198811122 1714 1653 1561 1500 1439 1378 1348 1378 1378 1409 1439 1470
316A Acap  198811131 1439 1439 1378 1378 1378 1378 1409 1470 1561 1683 1744 1805
316A Acap  198811132 1805 1744 1653 1561 1470 1378 1348 1317 1348 1378 1439 1470
316A Acap  198811141 1470 1470 1439 1378 1317 1287 1317 1409 1500 1653 1744 1805
316A Acap  198811142 1835 1774 1683 1561 1470 1378 1317 1256 1287 1317 1348 1409
316A Acap  198811151 1470 1500 1439 1409 1317 1256 1287 1317 1409 1531 1683 1805
316A Acap  198811152 1866 1896 1805 1714 1592 1439 1348 1287 1287 1317 1409 1470
316A Acap  198811161 1500 1470 1439 1317 1226 1195 1195 1256 1378 1500 1653 1805
316A Acap  198811162 1866 1896 1835 1714 1561 1439 1317 1287 1317 1378 1439 1500
316A Acap  198811171 1531 1500 1470 1378 1256 1165 1134 1165 1256 1378 1561 1744
316A Acap  198811172 1835 1896 1896 1805 1653 1531 1409 1348 1348 1378 1439 1500
316A Acap  198811181 1561 1561 1500 1409 1348 1226 1134 1073 1104 1256 1409 1592
316A Acap  198811182 1744 1835 1835 1774 1683 1531 1409 1317 1287 1287 1378 1409
316A Acap  198811191 1470 1531 1561 1561 1470 1317 1165 1073 1043 1073 1226 1378
316A Acap  198811192 1561 1714 1805 1835 1774 1653 1531 1378 1256 1226 1287 1378
316A Acap  198811201 1470 1561 1561 1561 1470 1348 1226 1134 1073 1104 1195 1317
316A Acap  198811202 1500 1622 1714 1774 1744 1653 1500 1348 1256 1226 1256 1378
316A Acap  198811211 1500 1592 1653 1653 1561 1470 1348 1226 1134 1104 1165 1256
316A Acap  198811212 1378 1500 1653 1714 1714 1653 1500 1378 1287 1256 1256 1317
316A Acap  198811221 1409 1531 1622 1653 1653 1592 1500 1378 1287 1256 1256 1287
316A Acap  198811222 1378 1500 1592 1653 1653 1561 1470 1348 1256 1226 1226 1287
316A Acap  198811231 1378 1500 1592 1683 1714 1714 1622 1561 1439 1378 1317 1317
316A Acap  198811232 1378 1470 1531 1622 1653 1622 1531 1439 1348 1256 1195 1195
316A Acap  198811241 1256 1317 1470 1561 1653 1714 1744 1683 1622 1531 1470 1409
316A Acap  198811242 1378 1378 1378 1439 1500 1470 1470 1439 1348 1287 1195 1165
316A Acap  198811251 1134 1165 1256 1348 1500 1561 1683 1714 1714 1683 1622 1500
316A Acap  198811252 1409 1348 1287 1287 1256 1256 1287 1317 1348 1317 1287 1226
316A Acap  198811261 1195 1134 1104 1104 1165 1287 1409 1531 1653 1744 1774 1744
316A Acap  198811262 1653 1531 1378 1256 1195 1195 1226 1287 1348 1409 1409 1378
316A Acap  198811271 1348 1287 1195 1104 1073 1104 1165 1226 1348 1500 1653 1774
316A Acap  198811272 1835 1866 1805 1714 1561 1409 1256 1165 1134 1134 1195 1256
316A Acap  198811281 1348 1378 1439 1439 1348 1256 1195 1104 1012  982 1073 1195
316A Acap  198811282 1317 1500 1683 1805 1866 1866 1805 1714 1561 1470 9999 9999
316A Acap  198811291 9999 9999 9999 9999 9999 9999 9999 9999 9999 9999 9999 9999
316A Acap  198811292 9999 9999 9999 9999 9999 9999 9999 9999 9999 9999 9999 9999
316A Acap  198811301 9999 9999 9999 9999 9999 9999 9999 9999 9999 9999 9999 9999
316A Acap  198811302 9999 9999 9999 9999 9999 9999 9999 9999 9999 9999 9999 9999
316A Acap  198812011 9999 9999 9999 9999 9999 9999 9999 9999 9999 9999 9999 9999
316A Acap  198812012 9999 9999 9999 9999 9999 9999 9999 9999 9999 9999 9999 9999
316A Acap  198812021 9999 9999 9999 9999 9999 9999 9999 9999 9999 9999 9999 9999
316A Acap  198812022 9999 9999 9999 9999 9999 9999 9999 9999 9999 9999 9999 9999
316A Acap  198812031 9999 9999 9999 9999 9999 9999 9999 9999 9999 9999 9999 9999
316A Acap  198812032 9999 9999 9999 9999 9999 9999 9999 9999 9999 9999 9999 9999
316A Acap  198812041 9999 9999 9999 9999 9999 9999 9999 9999 9999 9999 9999 9999
316A Acap  198812042 9999 9999 9999 9999 9999 9999 9999 9999 9999 9999 9999 9999
316A Acap  198812051 9999 9999 9999 9999 9999 9999 9999 9999 9999 9999 9999 9999
316A Acap  198812052 9999 9999 9999 9999 9999 9999 9999 9999 9999 9999 9999 9999
316A Acap  198812061 9999 9999 9999 9999 9999 9999 9999 9999 9999 9999 9999 9999
316A Acap  198812062 9999 9999 9999 9999 9999 9999 9999 9999 9999 9999 9999 9999
316A Acap  198812071 9999 9999 9999 9999 9999 9999 9999 9999 9999 9999 9999 9999
316A Acap  198812072 9999 9999 9999 9999 9999 9999 9999 9999 9999 9999 9999 9999
316A Acap  198812081 9999 9999 9999 9999 9999 9999 9999 9999 9999 9999 9999 9999
316A Acap  198812082 9999 9999 9999 9999 9999 9999 9999 9999 9999 9999 9999 9999
316A Acap  198812091 9999 9999 9999 9999 9999 9999 9999 9999 9999 9999 9999 9999
316A Acap  198812092 9999 9999 9999 9999 9999 9999 9999 9999 9999 9999 9999 9999
316A Acap  198812101 9999 9999 9999 9999 9999 9999 9999 9999 9999 9999 9999 9999
316A Acap  198812102 9999 9999 9999 9999 9999 9999 9999 9999 9999 9999 9999 9999
316A Acap  198812111 9999 9999 9999 9999 9999 9999 9999 9999 9999 9999 9999 9999
316A Acap  198812112 9999 9999 9999 9999 9999 9999 9999 9999 9999 9999 9999 9999
316A Acap  198812121 9999 9999 9999 9999 9999 9999 9999 9999 9999 9999 9999 9999
316A Acap  198812122 9999 9999 9999 9999 9999 9999 9999 9999 9999 9999 9999 9999
316A Acap  198812131 9999 9999 9999 9999 9999 9999 9999 9999 9999 9999 9999 9999
316A Acap  198812132 9999 9999 9999 9999 9999 9999 9999 9999 9999 9999 9999 9999
316A Acap  198812141 9999 9999 9999 9999 9999 9999 9999 9999 9999 9999 9999 9999
316A Acap  198812142 9999 9999 9999 9999 9999 9999 9999 9999 9999 9999 9999 9999
316A Acap  198812151 9999 9999 9999 9999 9999 9999 9999 9999 9999 9999 9999 9999
316A Acap  198812152 9999 9999 9999 9999 9999 9999 9999 9999 9999 9999 9999 9999
316A Acap  198812161 9999 9999 9999 9999 9999 9999 9999 9999 9999 9999 9999 9999
316A Acap  198812162 9999 9999 9999 9999 9999 9999 9999 9999 9999 9999 9999 9999
316A Acap  198812171 9999 9999 9999 9999 9999 9999 9999 9999 9999 9999 9999 9999
316A Acap  198812172 9999 9999 9999 9999 9999 9999 9999 9999 9999 9999 9999 9999
316A Acap  198812181 9999 9999 9999 9999 9999 9999 9999 9999 9999 9999 9999 9999
316A Acap  198812182 9999 9999 9999 9999 9999 9999 9999 9999 9999 9999 9999 9999
316A Acap  198812191 9999 9999 9999 9999 9999 9999 9999 9999 9999 9999 9999 9999
316A Acap  198812192 9999 9999 9999 9999 9999 9999 9999 9999 9999 9999 9999 9999
316A Acap  198812201 9999 9999 9999 9999 9999 9999 9999 9999 9999 9999 9999 9999
316A Acap  198812202 9999 9999 9999 9999 9999 9999 9999 9999 9999 9999 9999 9999
316A Acap  198812211 9999 9999 9999 9999 9999 9999 9999 9999 9999 9999 9999 9999
316A Acap  198812212 9999 9999 9999 9999 9999 9999 9999 9999 9999 9999 9999 9999
316A Acap  198812221 9999 9999 9999 9999 9999 9999 9999 9999 9999 9999 9999 9999
316A Acap  198812222 9999 9999 9999 9999 9999 9999 9999 9999 9999 9999 9999 9999
316A Acap  198812231 9999 9999 9999 9999 9999 9999 9999 9999 9999 9999 9999 9999
316A Acap  198812232 9999 9999 9999 9999 9999 9999 9999 9999 9999 9999 9999 9999
316A Acap  198812241 9999 9999 9999 9999 9999 9999 9999 9999 9999 9999 9999 9999
316A Acap  198812242 9999 9999 9999 9999 9999 9999 9999 9999 9999 9999 9999 9999
316A Acap  198812251 9999 9999 9999 9999 9999 9999 9999 9999 9999 9999 9999 9999
316A Acap  198812252 9999 9999 9999 9999 9999 9999 9999 9999 9999 9999 9999 9999
316A Acap  198812261 9999 9999 9999 9999 9999 9999 9999 9999 9999 9999 9999 9999
316A Acap  198812262 9999 9999 9999 9999 9999 9999 9999 9999 9999 9999 9999 9999
316A Acap  198812271 9999 9999 9999 9999 9999 9999 9999 9999 9999 9999 9999 9999
316A Acap  198812272 9999 9999 9999 9999 9999 9999 9999 9999 9999 9999 9999 9999
316A Acap  198812281 9999 9999 9999 9999 9999 9999 9999 9999 9999 9999 9999 9999
316A Acap  198812282 9999 9999 9999 9999 9999 9999 9999 9999 9999 9999 9999 9999
316A Acap  198812291 9999 9999 9999 9999 9999 9999 9999 9999 9999 9999 9999 9999
316A Acap  198812292 9999 9999 9999 9999 9999 9999 9999 9999 9999 9999 9999 9999
316A Acap  198812301 9999 9999 9999 9999 9999 9999 9999 9999 9999 9999 9999 9999
316A Acap  198812302 9999 9999 9999 9999 9999 9999 9999 9999 9999 9999 9999 9999
316A Acap  198812311 9999 9999 9999 9999 9999 9999 9999 9999 9999 9999 9999 9999
316A Acap  198812312 9999 9999 9999 9999 9999 9999 9999 9999 9999 9999 9999 9999
