316A Acapulco           Mexico              1964 16504N 099547W 0000 3 00000R MM
316A Acap  196401011 1226 1134 1073 1104 1195 1287 1470 1653 1805 1896 1927 1866
316A Acap  196401012 1744 1592 1378 1287 1226 1195 1226 1317 1409 1470 1470 1470
316A Acap  196401021 1378 1226 1165 1073 1104 1165 1287 1439 1592 1774 1866 1927
316A Acap  196401022 1866 1774 1622 1500 1348 1226 1256 1287 1378 1470 1561 1622
316A Acap  196401031 1592 1531 1409 1287 1165 1165 1195 1317 1409 1561 1744 1835
316A Acap  196401032 1835 1805 1683 1500 1317 1165 1104 1104 1134 1287 1439 1531
316A Acap  196401041 1592 1561 1500 1378 1287 1195 1165 1226 1317 1470 1653 1805
316A Acap  196401042 1896 1927 1866 1653 1500 1317 1165 1165 1195 1287 1439 1592
316A Acap  196401051 1683 1714 1683 1592 1500 1348 1226 1226 1287 1378 1500 1683
316A Acap  196401052 1805 1866 1805 1714 1531 1348 1195 1104 1073 1165 1287 1470
316A Acap  196401061 1653 1774 1774 1714 1622 1470 1348 1256 1226 1287 1409 1561
316A Acap  196401062 1683 1774 1805 1744 1622 1470 1287 1165 1104 1134 1195 1348
316A Acap  196401071 1531 1683 1774 1774 1683 1561 1470 1348 1287 1287 1348 1439
316A Acap  196401072 1561 1683 1744 1744 1622 1531 1348 1226 1134 1134 1165 1256
316A Acap  196401081 1409 1561 1683 1714 1714 1622 1531 1409 1317 1287 1287 1378
316A Acap  196401082 1470 1561 1622 1622 1592 1470 1348 1226 1134 1043 1104 1226
316A Acap  196401091 1317 1470 1622 1714 1774 1714 1653 1531 1409 1378 1348 1378
316A Acap  196401092 1409 1500 1561 1561 1531 1470 1348 1256 1134 1104 1134 1165
316A Acap  196401101 1287 1378 1531 1653 1683 1683 1653 1561 1470 1378 1348 1348
316A Acap  196401102 1409 1439 1500 1531 1500 1470 1439 1317 1256 1165 1134 1134
316A Acap  196401111 1226 1348 1470 1592 1683 1744 1744 1714 1653 1531 1470 1439
316A Acap  196401112 1409 1470 1470 1470 1439 1409 1409 1348 1287 1226 1165 1165
316A Acap  196401121 1256 1317 1439 1561 1653 1714 1744 1714 1683 1622 1561 1531
316A Acap  196401122 1500 1470 1439 1470 1470 1439 1409 1378 1317 1287 1226 1226
316A Acap  196401131 1226 1256 1348 1470 1531 1622 1653 1683 1653 1622 1561 1531
316A Acap  196401132 1470 1439 1409 1409 1378 1348 1348 1348 1317 1256 1226 1195
316A Acap  196401141 1195 1226 1287 1378 1470 1561 1653 1683 1683 1683 1653 1592
316A Acap  196401142 1561 1500 1439 1409 1409 1378 1378 1348 1317 1287 1256 1226
316A Acap  196401151 1226 1226 1226 1287 1378 1470 1561 1653 1683 1714 1683 1653
316A Acap  196401152 1592 1500 1470 1378 1317 1287 1317 1287 1287 1256 1287 1256
316A Acap  196401161 1195 1195 1195 1226 1256 1348 1439 1531 1592 1653 1683 1653
316A Acap  196401162 1622 1592 1500 1439 1317 1317 1287 1287 1287 1287 1256 1256
316A Acap  196401171 1226 1226 1195 1195 1226 1256 1317 1409 1500 1592 1653 1653
316A Acap  196401172 1653 1622 1531 1470 1378 1317 1287 1287 1317 1348 1378 1378
316A Acap  196401181 1409 1378 1317 1287 1287 1287 1287 1348 1439 1531 1622 1683
316A Acap  196401182 1683 1622 1531 1409 1287 1226 1195 1226 1256 1317 1378 1439
316A Acap  196401191 1470 1439 1378 1317 1256 1226 1226 1287 1348 1470 1561 1653
316A Acap  196401192 1714 1683 1622 1500 1378 1256 1195 1195 1256 1317 1409 1500
316A Acap  196401201 1561 1592 1531 1470 1378 1287 1256 1256 1287 1348 1500 1592
316A Acap  196401202 1683 1683 1622 1500 1378 1226 1104 1104 1134 1226 1317 1439
316A Acap  196401211 1561 1622 1622 1531 1439 1317 1226 1195 1195 1256 1378 1500
316A Acap  196401212 1622 1683 1653 1561 1439 1287 1165 1134 1134 1195 1317 1470
316A Acap  196401221 1592 1683 1714 1683 1561 1439 1348 1226 1165 1226 1287 1378
316A Acap  196401222 1500 1561 1592 1500 1378 1226 1104  982  952  982 1134 1256
316A Acap  196401231 1470 1561 1653 1683 1622 1500 1409 1256 1195 1195 1226 1317
316A Acap  196401232 1409 1470 1531 1500 1409 1256 1104  982  921  952 1012 1165
316A Acap  196401241 1348 1531 1653 1744 1744 1683 1561 1409 1287 1195 1195 1256
316A Acap  196401242 1348 1409 1531 1531 1500 1378 1195 1073  921  860  921 1043
316A Acap  196401251 1195 1409 1592 1714 1774 1744 1653 1500 1378 1226 1195 1195
316A Acap  196401252 1256 1317 1409 1470 1439 1348 1226 1104  952  860  860  921
316A Acap  196401261 1073 1226 1409 1561 1714 1744 1714 1592 1500 1348 1256 1226
316A Acap  196401262 1226 1287 1348 1409 1439 1409 1317 1195 1043  921  860  860
316A Acap  196401271  952 1073 1256 1439 1592 1683 1714 1653 1592 1470 1409 1317
316A Acap  196401272 1287 1256 1317 1348 1378 1378 1348 1256 1165 1043  921  891
316A Acap  196401281  891  982 1104 1256 1409 1561 1653 1714 1683 1592 1500 1409
316A Acap  196401282 1317 1256 1256 1287 1317 1317 1317 1317 1256 1165 1073  982
316A Acap  196401291  921  921  982 1104 1226 1378 1500 1622 1653 1653 1561 1470
316A Acap  196401292 1409 1287 1256 1226 1256 1256 1317 1348 1348 1317 1256 1165
316A Acap  196401301 1073 1043 1043 1043 1134 1256 1378 1500 1592 1653 1653 1622
316A Acap  196401302 1531 1409 1256 1226 1165 1165 1195 1256 1317 1348 1348 1317
316A Acap  196401311 1256 1165 1104 1073 1073 1134 1195 1317 1439 1500 1592 1561
316A Acap  196401312 1500 1439 1317 1165 1073 1043 1073 1134 1226 1317 1378 1409
316A Acap  196402011 1348 1287 1195 1104 1043 1043 1073 1134 1287 1378 1500 1531
316A Acap  196402012 1561 1500 1378 1256 1134 1073 1012 1043 1134 1256 1378 1439
316A Acap  196402021 1500 1439 1378 1317 1195 1104 1073 1104 1317 1439 1561 1653
316A Acap  196402022 1622 1592 1531 1378 1226 1073 1012 1012 1043 1195 1287 1439
316A Acap  196402031 1531 1531 1500 1409 1317 1195 1104 1073 1073 1195 1287 1439
316A Acap  196402032 1531 1531 1500 1409 1256 1134 1012 1012 1012 1104 1256 1409
316A Acap  196402041 1531 1622 1622 1561 1470 1317 1165 1134 1104 1134 1226 1348
316A Acap  196402042 1439 1500 1531 1470 1348 1195 1104 1012  982 1043 1165 1287
316A Acap  196402051 1439 1561 1622 1622 1531 1409 1317 1195 1134 1134 1134 1256
316A Acap  196402052 1378 1470 1500 1470 1378 1287 1165 1043  952 1012 1104 1226
316A Acap  196402061 1378 1500 1622 1653 1622 1531 1409 1317 1195 1165 1165 1195
316A Acap  196402062 1287 1348 1378 1378 1317 1226 1134 1043  982  952 1012 1134
316A Acap  196402071 1256 1409 1531 1592 1592 1531 1439 1317 1226 1165 1134 1134
316A Acap  196402072 1226 1287 1317 1317 1317 1226 1134 1012  982  952  952 1073
316A Acap  196402081 1195 1317 1439 1561 1592 1500 1439 1317 1226 1165 1165 1165
316A Acap  196402082 1195 1256 1317 1348 1317 1226 1134 1043  982  921  952 1012
316A Acap  196402091 1134 1256 1378 1500 1531 1531 1500 1409 1348 1256 1195 1195
316A Acap  196402092 1195 1256 1287 1256 1287 1226 1134 1043  982  921  921  952
316A Acap  196402101 1043 1165 1287 1378 1470 1470 1500 1409 1348 1317 1226 1226
316A Acap  196402102 1256 1256 1287 1287 1256 1195 1165 1104 1012  952  982 1012
316A Acap  196402111 1073 1165 1287 1348 1439 1500 1500 1500 1439 1378 1317 1317
316A Acap  196402112 1287 1256 1256 1317 1287 1256 1226 1165 1073 1012 1012 1012
316A Acap  196402121 1043 1134 1226 1317 1409 1470 1500 1500 1470 1409 1378 1348
316A Acap  196402122 1317 1317 1287 1287 1287 1287 1256 1195 1165 1104 1104 1073
316A Acap  196402131 1073 1104 1165 1256 1317 1378 1439 1470 1470 1470 1439 1378
316A Acap  196402132 1378 1317 1256 1287 1287 1256 1226 1226 1226 1165 1165 1165
316A Acap  196402141 1165 1134 1134 1195 1256 1317 1378 1409 1470 1500 1500 1470
316A Acap  196402142 1409 1348 1317 1287 1256 1256 1256 1287 1287 1256 1256 1256
316A Acap  196402151 1195 1165 1165 1165 1195 1256 1287 1348 1409 1470 1500 1470
316A Acap  196402152 1439 1378 1317 1256 1226 1195 1195 1195 1256 1287 1317 1317
316A Acap  196402161 1317 1287 1256 1195 1165 1195 1226 1287 1348 1439 1470 1500
316A Acap  196402162 1500 1439 1378 1287 1195 1165 1165 1195 1256 1317 1348 1439
316A Acap  196402171 1470 1439 1378 1287 1195 1165 1165 1195 1226 1317 1439 1500
316A Acap  196402172 1531 1470 1409 1317 1195 1134 1104 1104 1195 1287 1439 1500
316A Acap  196402181 1592 1592 1561 1470 1378 1287 1226 1195 1256 1348 1409 1531
316A Acap  196402182 1561 1561 1500 1409 1256 1134 1073 1073 1134 1256 1378 1531
316A Acap  196402191 1622 1714 1683 1622 1500 1348 1226 1165 1134 1195 1317 1409
316A Acap  196402192 1500 1531 1531 1439 1317 1165 1073 1073 1073 1195 1317 1500
316A Acap  196402201 1653 1774 1805 1774 1653 1531 1378 1256 1195 1195 1226 1348
316A Acap  196402202 1470 1561 1592 1531 1409 1256 1134 1012 1012 1073 1195 1378
316A Acap  196402211 1592 1744 1866 1866 1805 1683 1500 1317 1226 1195 1226 1348
316A Acap  196402212 1439 1531 1592 1561 1500 1348 1195 1043  982 1012 1134 1287
316A Acap  196402221 1500 1714 1866 1927 1896 1805 1653 1500 1348 1256 1195 1287
316A Acap  196402222 1409 1500 1592 1622 1561 1409 1287 1134 1012 1012 1043 1165
316A Acap  196402231 1348 1531 1714 1835 1896 1866 1714 1592 1439 1317 1226 1256
316A Acap  196402232 1317 1439 1500 1561 1592 1531 1348 1195 1073 1012  982 1043
316A Acap  196402241 1195 1348 1531 1714 1805 1835 1744 1622 1500 1348 1256 1226
316A Acap  196402242 1256 1348 1409 1470 1531 1470 1378 1256 1104  982  952  952
316A Acap  196402251 1043 1195 1378 1531 1683 1744 1744 1683 1561 1439 1378 1287
316A Acap  196402252 1256 1287 1378 1439 1500 1470 1439 1348 1226 1073 1012 1012
316A Acap  196402261 1012 1104 1226 1378 1500 1622 1653 1653 1592 1500 1439 1317
316A Acap  196402262 1287 1256 1256 1348 1409 1439 1470 1409 1348 1256 1165 1134
316A Acap  196402271 1104 1134 1195 1317 1439 1531 1622 1653 1622 1561 1500 1409
316A Acap  196402272 1348 1287 1256 1256 1317 1378 1409 1409 1409 1378 1317 1256
316A Acap  196402281 1165 1134 1134 1165 1226 1348 1470 1500 1531 1531 1531 1470
316A Acap  196402282 1409 1317 1226 1195 1195 1256 1287 1317 1409 1439 1409 1378
316A Acap  196402291 1317 1256 1226 1165 1195 1226 1287 1378 1439 1470 1470 1439
316A Acap  196402292 1439 1348 1256 1195 1134 1134 1195 1256 1317 1409 1470 1500
316A Acap  196403011 1439 1378 1287 1165 1134 1134 1134 1226 1287 1378 1470 1439
316A Acap  196403012 1439 1378 1287 1165 1104 1043 1073 1134 1226 1317 1439 1500
316A Acap  196403021 1500 1470 1348 1256 1134 1073 1104 1134 1165 1256 1348 1409
316A Acap  196403022 1439 1409 1348 1256 1134 1012  982 1012 1104 1195 1348 1470
316A Acap  196403031 1531 1561 1500 1378 1256 1134 1043 1012 1073 1134 1256 1348
316A Acap  196403032 1409 1439 1378 1317 1165 1073  982  982 1043 1134 1287 1470
316A Acap  196403041 1561 1622 1622 1531 1409 1256 1134 1043 1073 1104 1195 1348
316A Acap  196403042 1409 1470 1439 1378 1256 1134 1043  982  982 1073 1226 1378
316A Acap  196403051 1531 1622 1653 1622 1470 1348 1165 1043  982 1012 1073 1165
316A Acap  196403052 1287 1348 1378 1348 1226 1104  982  891  860  921 1073 1226
316A Acap  196403061 1409 1561 1622 1622 1531 1409 1256 1134 1073 1043 1073 1195
316A Acap  196403062 1256 1348 1409 1378 1287 1165 1043  921  891  921 1012 1165
316A Acap  196403071 1348 1470 1592 1622 1592 1500 1348 1226 1104 1073 1073 1134
316A Acap  196403072 1256 1317 1378 1378 1317 1226 1104  982  921  921  982 1134
316A Acap  196403081 1287 1409 1531 1592 1592 1470 1378 1256 1134 1073 1073 1104
316A Acap  196403082 1134 1226 1287 1287 1256 1195 1104  982  891  860  891 1012
316A Acap  196403091 1134 1287 1409 1500 1531 1500 1409 1317 1195 1134 1134 1134
316A Acap  196403092 1134 1195 1256 1287 1256 1195 1104 1043  921  891  921  982
316A Acap  196403101 1073 1226 1378 1470 1500 1500 1470 1378 1287 1195 1165 1165
316A Acap  196403102 1195 1226 1287 1287 1256 1256 1226 1104 1012  952  921  952
316A Acap  196403111 1073 1165 1317 1409 1470 1500 1470 1409 1317 1256 1195 1165
316A Acap  196403112 1165 1195 1226 1287 1287 1256 1195 1134 1073 1012  982  982
316A Acap  196403121 1043 1104 1195 1317 1348 1409 1409 1378 1317 1256 1195 1195
316A Acap  196403122 1165 1195 1195 1256 1287 1287 1256 1195 1165 1104 1043 1043
316A Acap  196403131 1073 1104 1134 1226 1287 1348 1348 1348 1317 1287 1256 1226
316A Acap  196403132 1195 1195 1195 1226 1256 1256 1256 1256 1226 1195 1165 1134
316A Acap  196403141 1134 1134 1134 1195 1256 1287 1317 1317 1317 1317 1287 1256
316A Acap  196403142 1195 1165 1134 1165 1195 1195 1226 1256 1287 1287 1256 1226
316A Acap  196403151 1195 1165 1134 1104 1134 1165 1195 1226 1287 1287 1256 1256
316A Acap  196403152 1226 1195 1165 1134 1134 1165 1226 1226 1317 1378 1409 1378
316A Acap  196403161 1348 1317 1226 1165 1104 1104 1165 1195 1195 1256 1317 1317
316A Acap  196403162 1256 1226 1134 1073 1073 1073 1104 1165 1287 1409 1500 1531
316A Acap  196403171 1531 1470 1409 1287 1195 1134 1134 1134 1195 1287 1317 1378
316A Acap  196403172 1348 1317 1226 1134 1043 1012 1012 1104 1195 1348 1500 1622
316A Acap  196403181 1683 1653 1592 1439 1317 1165 1073 1043 1104 1165 1256 1348
316A Acap  196403182 1378 1378 1317 1165 1043  921  891  952 1073 1226 1409 1561
316A Acap  196403191 1653 1744 1714 1592 1378 1226 1104 1012  982 1073 1165 1317
316A Acap  196403192 1378 1409 1348 1256 1104  982  860  860  952 1073 1256 1470
316A Acap  196403201 1653 1744 1744 1653 1500 1317 1165 1012  921  952 1073 1195
316A Acap  196403202 1317 1409 1378 1317 1195 1043  860  769  799  921 1073 1287
316A Acap  196403211 1500 1683 1744 1683 1592 1439 1256 1104  982  952 1012 1104
316A Acap  196403212 1256 1378 1439 1378 1226 1104  952  799  738  769  891 1104
316A Acap  196403221 1317 1500 1653 1714 1653 1531 1348 1165 1043  952  982 1043
316A Acap  196403222 1195 1287 1378 1439 1378 1226 1043  921  769  769  830  982
316A Acap  196403231 1165 1378 1592 1683 1683 1592 1470 1287 1134 1012 1012 1043
316A Acap  196403232 1165 1256 1378 1439 1439 1348 1195 1043  921  860  799  921
316A Acap  196403241 1043 1256 1470 1561 1622 1622 1561 1439 1256 1165 1073 1043
316A Acap  196403242 1134 1195 1317 1409 1409 1378 1287 1165 1012  891  891  891
316A Acap  196403251  982 1134 1287 1470 1531 1592 1561 1500 1317 1226 1165 1104
316A Acap  196403252 1073 1165 1256 1348 1378 1439 1409 1317 1195 1134 1043 1012
316A Acap  196403261 1043 1104 1226 1317 1409 1470 1531 1470 1378 1287 1226 1165
316A Acap  196403262 1134 1134 1226 1287 1378 1470 1439 1409 1378 1256 1195 1134
316A Acap  196403271 1104 1134 1134 1226 1317 1378 1439 1439 1409 1348 1287 1226
316A Acap  196403272 1165 1165 1165 1195 1226 1287 1348 1378 1378 1378 1317 1287
316A Acap  196403281 1226 1195 1165 1165 1226 1287 1317 1348 1348 1348 1317 1287
316A Acap  196403282 1256 1195 1043  952 1226 1287 1348 1317 1409 1348 1470 1470
316A Acap  196403291 1409 1348 1531 1500 1073 1226 1439 1470 1439 1653 1561 1317
316A Acap  196403292 1531 1256 1165 1165 1043  982 1256 1409 1531 1317 1287 1744
316A Acap  196403301 1592 1500 1531 1165 1317 1195 1317 1195 1378 1195 1226 1348
316A Acap  196403302 1287 1287 1226 1012 1134 1134 1165 1317 1409 1378 1500 1531
316A Acap  196403311 1531 1409 1439 1256 1104  952 1012 1073 1073 1073 1073 1348
316A Acap  196403312 1409 1317 1165 1195 1134 1043 1104 1134 1256 1470 1561 1622
316A Acap  196404011 1683 1622 1531 1500 1378 1195 1012 1012 1104 1104 1134 1287
316A Acap  196404012 1317 1348 1256 1226 1195 1104 1073 1073 1134 1348 1439 1531
316A Acap  196404021 1592 1653 1622 1561 1378 1256 1104 1012 1012 1073 1165 1256
316A Acap  196404022 1317 1378 1348 1348 1195 1104 1073 1073 1104 1195 1348 1500
316A Acap  196404031 1622 1683 1653 1622 1470 1317 1195 1073 1073 1073 1134 1256
316A Acap  196404032 1317 1378 1378 1348 1226 1165 1073 1043 1043 1134 1256 1409
316A Acap  196404041 1561 1653 1683 1683 1531 1409 1256 1134 1073 1043 1104 1195
316A Acap  196404042 1287 1348 1378 1348 1287 1165 1073 1012  982 1043 1134 1317
316A Acap  196404051 1470 1622 1683 1653 1592 1470 1348 1195 1104 1073 1104 1195
316A Acap  196404052 1287 1348 1378 1378 1317 1195 1104 1012  982  982 1104 1256
316A Acap  196404061 1409 1561 1653 1683 1622 1531 1439 1287 1165 1134 1134 1195
316A Acap  196404062 1256 1317 1378 1378 1317 1226 1134 1043  982 1012 1043 1165
316A Acap  196404071 1317 1439 1531 1592 1561 1500 1409 1287 1195 1104 1104 1134
316A Acap  196404072 1226 1287 1348 1348 1317 1256 1165 1073 1012  982 1012 1073
316A Acap  196404081 1195 1348 1439 1500 1561 1500 1439 1317 1226 1165 1134 1134
316A Acap  196404082 1195 1287 1317 1348 1317 1287 1195 1134 1043 1012 1012 1043
316A Acap  196404091 1134 1287 1378 1439 1470 1439 1378 1287 1195 1165 1134 1165
316A Acap  196404092 1195 1256 1317 1378 1378 1348 1287 1226 1134 1073 1073 1104
316A Acap  196404101 1165 1226 1317 1378 1439 1409 1378 1317 1226 1165 1134 1134
316A Acap  196404102 1165 1195 1287 1348 1409 1409 1348 1317 1256 1195 1165 1165
316A Acap  196404111 1165 1195 1256 1317 1378 1378 1378 1317 1287 1226 1165 1165
316A Acap  196404112 1165 1195 1226 1287 1348 1409 1439 1439 1409 1348 1317 1287
316A Acap  196404121 1226 1256 1256 1287 1287 1317 1317 1317 1317 1287 1195 1165
316A Acap  196404122 1165 1195 1195 1226 1317 1348 1409 1439 1470 1470 1439 1409
316A Acap  196404131 1348 1317 1256 1226 1226 1226 1256 1226 1256 1287 1256 1195
316A Acap  196404132 1165 1134 1104 1134 1165 1256 1348 1409 1500 1561 1561 1561
316A Acap  196404141 1500 1409 1348 1256 1195 1165 1195 1226 1256 1287 1317 1287
316A Acap  196404142 1226 1165 1104 1012 1012 1104 1195 1317 1470 1561 1683 1683
316A Acap  196404151 1653 1561 1439 1287 1165 1073 1043 1073 1134 1226 1287 1287
316A Acap  196404152 1256 1195 1073  982  921  921 1012 1134 1287 1470 1622 1714
316A Acap  196404161 1714 1683 1592 1378 1226 1073 1012 1012 1104 1195 1287 1348
316A Acap  196404162 1378 1317 1226 1104  982  891  891 1012 1134 1317 1531 1683
316A Acap  196404171 1805 1805 1683 1561 1378 1165 1043  982 1012 1104 1226 1348
316A Acap  196404172 1409 1378 1348 1195 1043  921  830  830  952 1165 1348 1561
316A Acap  196404181 1744 1774 1744 1622 1470 1256 1073  952  921 1012 1104 1256
316A Acap  196404182 1378 1409 1409 1317 1165  982  860  799  860  982 1165 1378
316A Acap  196404191 1592 1744 1744 1714 1561 1378 1195 1012  952  952 1043 1165
316A Acap  196404192 1317 1409 1439 1378 1287 1104  952  830  799  891 1012 1195
316A Acap  196404201 1439 1592 1714 1714 1653 1500 1317 1165 1043  982 1043 1165
316A Acap  196404202 1317 1439 1531 1531 1439 1317 1134  982  921  891  982 1134
316A Acap  196404211 1317 1500 1653 1683 1683 1592 1409 1226 1104 1012  982 1073
316A Acap  196404212 1195 1348 1439 1531 1500 1439 1317 1165 1043  982 1012 1104
316A Acap  196404221 1256 1409 1561 1622 1622 1592 1439 1348 1195 1073 1043 1073
316A Acap  196404222 1165 1287 1378 1500 1531 1500 1409 1287 1165 1073 1043 1073
316A Acap  196404231 1134 1256 1378 1500 1561 1531 1470 1317 1226 1134 1043 1043
316A Acap  196404232 1043 1134 1256 1348 1409 1439 1439 1378 1256 1165 1134 1104
316A Acap  196404241 1104 1195 1256 1317 1378 1409 1378 1317 1256 1165 1073 1073
316A Acap  196404242 1043 1073 1165 1256 1348 1409 1439 1470 1378 1317 1226 1195
316A Acap  196404251 1165 1134 1165 1226 1256 1317 1317 1287 1287 1195 1134 1073
316A Acap  196404252 1043 1073 1104 1165 1256 1348 1409 1470 1439 1409 1378 1287
316A Acap  196404261 1256 1195 1195 1195 1195 1226 1226 1256 1256 1226 1195 1134
316A Acap  196404262 1104 1073 1073 1104 1165 1256 1348 1409 1439 1470 1470 1409
316A Acap  196404271 1378 1287 1226 1165 1134 1165 1165 1195 1195 1226 1226 1195
316A Acap  196404272 1195 1134 1073 1073 1073 1134 1226 1317 1409 1500 1500 1500
316A Acap  196404281 1470 1378 1256 1165 1073 1073 1073 1104 1104 1165 1195 1195
316A Acap  196404282 1226 1165 1073 1043 1073 1043 1134 1226 1348 1439 1531 1561
316A Acap  196404291 1531 1470 1348 1226 1134 1012  982  982 1012 1073 1134 1165
316A Acap  196404292 1195 1165 1104 1012  982  952 1012 1073 1195 1348 1439 1531
316A Acap  196404301 1561 1531 1409 1287 1134 1043  952  952  982  982 1073 1134
316A Acap  196404302 1165 1165 1104 1043  952  952  952 1043 1104 1226 1409 1500
316A Acap  196405011 1561 1500 1470 1348 1226 1104 1012  952  952 1012 1043 1134
316A Acap  196405012 1195 1195 1165 1073 1043  952  921  952 1043 1165 1287 1439
316A Acap  196405021 1561 1561 1531 1409 1226 1134 1012  952  952  982 1043 1134
316A Acap  196405022 1165 1195 1226 1134 1073  982  921  952  982 1073 1226 1378
316A Acap  196405031 1470 1561 1561 1470 1348 1165 1073  982  952  982 1043 1134
316A Acap  196405032 1165 1226 1226 1195 1104 1043  982  952  982 1073 1165 1317
316A Acap  196405041 1470 1561 1561 1500 1378 1256 1104 1012  982  952 1012 1073
316A Acap  196405042 1165 1256 1256 1226 1165 1043  982  952  952  982 1104 1226
316A Acap  196405051 1378 1470 1531 1500 1439 1256 1165 1043  982  982 1012 1073
316A Acap  196405052 1134 1195 1256 1256 1195 1104 1043  952  891  952 1012 1165
316A Acap  196405061 1287 1409 1470 1470 1439 1317 1195 1073 1012  982 1012 1043
316A Acap  196405062 1165 1226 1287 1287 1256 1195 1104 1012  952  952  982 1104
316A Acap  196405071 1195 1287 1378 1378 1409 1317 1195 1104 1012  982  982 1043
316A Acap  196405072 1134 1226 1317 1348 1317 1256 1165 1104 1043 1012 1043 1073
316A Acap  196405081 1165 1287 1348 1378 1378 1348 1256 1134 1043 1012  952 1012
316A Acap  196405082 1073 1195 1256 1317 1378 1317 1287 1226 1134 1073 1073 1104
316A Acap  196405091 1165 1226 1287 1317 1317 1287 1195 1134 1043  982  952  952
316A Acap  196405092 1043 1134 1226 1317 1348 1378 1348 1287 1256 1195 1165 1134
316A Acap  196405101 1165 1195 1226 1287 1256 1226 1226 1165 1073 1012  982  982
316A Acap  196405102  982 1073 1165 1256 1317 1409 1439 1470 1378 1317 1287 1226
316A Acap  196405111 1165 1165 1134 1195 1195 1195 1195 1165 1104 1043  982  952
316A Acap  196405112  921  982 1043 1104 1226 1317 1409 1500 1500 1500 1439 1378
316A Acap  196405121 1287 1195 1165 1134 1104 1104 1134 1165 1134 1134 1073 1012
316A Acap  196405122  952  921  921  982 1104 1226 1348 1500 1561 1622 1592 1531
316A Acap  196405131 1439 1317 1195 1104 1104 1104 1104 1165 1165 1165 1165 1104
316A Acap  196405132 1012  921  860  891  921 1043 1165 1317 1470 1592 1683 1653
316A Acap  196405141 1592 1439 1287 1134 1012 1012 1012 1043 1104 1195 1226 1195
316A Acap  196405142 1134 1043  952  860  830  891  982 1195 1378 1561 1714 1805
316A Acap  196405151 1774 1653 1470 1287 1134 1012  982  982 1073 1195 1226 1287
316A Acap  196405152 1256 1165 1073  921  830  799  891 1043 1256 1439 1592 1744
316A Acap  196405161 1805 1774 1622 1409 1195 1012  921  891  921 1073 1195 1287
316A Acap  196405162 1287 1287 1226 1073  921  799  769  891 1012 1195 1409 1622
316A Acap  196405171 1744 1744 1683 1531 1348 1134  982  891  921 1012 1134 1256
316A Acap  196405172 1348 1409 1378 1256 1104  952  830  830  891 1073 1254 1439
316A Acap  196405181 1622 1683 1714 1622 1470 1287 1104  921  891  952 1073 1195
316A Acap  196405182 1348 1439 1470 1409 1287 1134  982  921  891 1012 1165 1348
316A Acap  196405191 1531 1653 1714 1683 1592 1409 1195 1073  982  952 1043 1165
316A Acap  196405192 1317 1439 1500 1500 1439 1317 1165 1012  982 1012 1134 1287
316A Acap  196405201 1439 1561 1653 1683 1592 1470 1317 1134 1043  982 1043 1134
316A Acap  196405202 1287 1409 1500 1561 1561 1470 1348 1226 1134 1073 1104 1226
316A Acap  196405211 1348 1470 1531 1592 1531 1470 1348 1226 1104 1012 1012 1073
316A Acap  196405212 1195 1348 1470 1531 1531 1500 1409 1317 1226 1165 1165 1195
316A Acap  196405221 1287 1409 1470 1531 1531 1500 1409 1256 1165 1073 1043 1073
316A Acap  196405222 1134 1226 1348 1439 1500 1531 1531 1439 1378 1287 1226 1195
316A Acap  196405231 1226 1287 1348 1378 1409 1409 1378 1287 1195 1134 1073 1073
316A Acap  196405232 1104 1165 1256 1378 1470 1531 1561 1561 1500 1409 1348 1287
316A Acap  196405241 1287 1317 1317 1348 1348 1378 1348 1317 1256 1195 1165 1134
316A Acap  196405242 1134 1165 1256 1317 1439 1531 1561 1592 1592 1561 1470 1439
316A Acap  196405251 1378 1317 1317 1317 1317 1287 1317 1317 1287 1256 1226 1165
316A Acap  196405252 1195 1195 1226 1287 1348 1439 1531 1622 1653 1653 1592 1561
316A Acap  196405261 1500 1409 1378 1317 1317 1287 1256 1256 1287 1287 1287 1256
316A Acap  196405262 1226 1226 1226 1256 1287 1378 1439 1500 1622 1653 1653 1622
316A Acap  196405271 1561 1500 1409 1348 1287 1226 1226 1195 1226 1226 1256 1226
316A Acap  196405272 1195 1195 1165 1165 1195 1287 1348 1439 1561 1622 1683 1683
316A Acap  196405281 1622 1561 1439 1348 1287 1226 1195 1195 1195 1256 1256 1256
316A Acap  196405282 1256 1256 1195 1134 1165 1195 1287 1378 1470 1592 1653 1683
316A Acap  196405291 1653 1592 1500 1378 1287 1165 1134 1165 1226 1226 1287 1317
316A Acap  196405292 1317 1287 1256 1195 1195 1195 1226 1287 1378 1531 1653 1714
316A Acap  196405301 1714 1653 1592 1470 1348 1256 1195 1195 1195 1256 1287 1348
316A Acap  196405302 1348 1348 1317 1256 1195 1195 1195 1256 1378 1470 1622 1683
316A Acap  196405311 1744 1744 1683 1561 1439 1287 1195 1165 1165 1226 1287 1348
316A Acap  196405312 1348 1378 1378 1287 1195 1165 1134 1165 1256 1378 1531 1622
316A Acap  196406011 1714 1714 1683 1592 1439 1317 1165 1134 1134 1165 1256 1287
316A Acap  196406012 1348 1378 1348 1317 1226 1165 1134 1134 1195 1317 1409 1561
316A Acap  196406021 1622 1653 1683 1592 1470 1317 1195 1134 1073 1134 1165 1256
316A Acap  196406022 1378 1378 1378 1348 1287 1226 1134 1073 1165 1195 1317 1470
316A Acap  196406031 1561 1622 1622 1561 1500 1378 1226 1134 1073 1073 1134 1256
316A Acap  196406032 1348 1409 1409 1378 1348 1256 1195 1104 1134 1134 1256 1378
316A Acap  196406041 1500 1592 1622 1592 1531 1378 1256 1165 1073 1073 1165 1226
316A Acap  196406042 1348 1409 1439 1439 1409 1348 1317 1226 1134 1134 1256 1317
316A Acap  196406051 1409 1470 1531 1561 1500 1409 1256 1134 1073 1073 1104 1165
316A Acap  196406052 1287 1378 1470 1531 1500 1439 1409 1317 1226 1226 1256 1256
316A Acap  196406061 1348 1470 1500 1500 1470 1409 1317 1195 1073 1043 1073 1134
316A Acap  196406062 1226 1378 1500 1531 1561 1561 1500 1439 1348 1287 1287 1287
316A Acap  196406071 1317 1378 1439 1470 1470 1378 1287 1165 1073 1043 1012 1073
316A Acap  196406072 1165 1256 1409 1500 1561 1592 1622 1561 1500 1439 1378 1317
316A Acap  196406081 1348 1378 1378 1409 1409 1409 1348 1256 1165 1043 1012  982
316A Acap  196406082 1073 1134 1287 1378 1531 1622 1683 1683 1622 1561 1500 1409
316A Acap  196406091 1378 1317 1348 1378 1409 1378 1378 1317 1195 1104 1012  921
316A Acap  196406092  952  982 1134 1256 1409 1592 1714 1744 1744 1683 1653 1561
316A Acap  196406101 1409 1317 1317 1348 1378 1348 1409 1378 1348 1256 1134 1043
316A Acap  196406102 1012 1012 1043 1134 1287 1409 1622 1744 1805 1774 1774 1683
316A Acap  196406111 1531 1439 1317 1256 1226 1226 1256 1287 1287 1287 1195 1104
316A Acap  196406112  982  921  860  921 1043 1165 1348 1500 1653 1744 1805 1744
316A Acap  196406121 1622 1470 1348 1287 1226 1165 1226 1287 1287 1317 1317 1256
316A Acap  196406122 1165 1043  952  891  921 1043 1195 1378 1531 1683 1805 1744
316A Acap  196406131 1714 1622 1409 1226 1134 1104 1073 1134 1226 1317 1378 1378
316A Acap  196406132 1317 1256 1134 1012  982  982 1043 1195 1348 1561 1714 1835
316A Acap  196406141 1835 1744 1561 1378 1226 1134 1012 1073 1134 1226 1317 1409
316A Acap  196406142 1439 1317 1226 1073  952  891  921 1012 1134 1348 1531 1714
316A Acap  196406151 1774 1714 1622 1439 1256 1134 1043 1012 1073 1165 1287 1439
316A Acap  196406152 1500 1470 1409 1317 1134 1012  982  982 1012 1165 1378 1531
316A Acap  196406161 1653 1683 1653 1500 1317 1165  982  891  891  982 1104 1256
316A Acap  196406162 1378 1470 1470 1409 1256 1134 1043  982  982 1043 1195 1378
316A Acap  196406171 1531 1622 1592 1531 1409 1256 1073  982  921  921 1012 1195
316A Acap  196406172 1348 1470 1531 1531 1439 1317 1165 1073 1012 1012 1134 1256
316A Acap  196406181 1378 1470 1561 1531 1470 1348 1134 1012  921  891  952 1043
316A Acap  196406182 1226 1378 1500 1561 1531 1439 1317 1195 1104 1073 1104 1195
316A Acap  196406191 1317 1439 1470 1531 1500 1348 1226 1104  982  921  952 1012
316A Acap  196406192 1165 1317 1439 1531 1531 1531 1470 1348 1226 1165 1165 1195
316A Acap  196406201 1256 1348 1378 1409 1439 1348 1256 1165 1043  982  952  982
316A Acap  196406202 1104 1226 1378 1500 1561 1622 1531 1470 1378 1287 1226 1195
316A Acap  196406211 1256 1256 1256 1348 1409 1348 1317 1165 1104 1043  952  952
316A Acap  196406212 1012 1104 1226 1348 1439 1531 1561 1500 1439 1378 1317 1226
316A Acap  196406221 1226 1287 1287 1287 1317 1348 1348 1256 1195 1073 1012  982
316A Acap  196406222  982 1073 1165 1287 1378 1470 1561 1561 1531 1470 1409 1348
316A Acap  196406231 1287 1256 1256 1256 1256 1256 1226 1195 1195 1104 1073  982
316A Acap  196406232  982 1043 1104 1165 1287 1409 1470 1500 1531 1500 1470 1378
316A Acap  196406241 1348 1287 1256 1195 1195 1195 1256 1256 1165 1134 1134 1134
316A Acap  196406242 1073 1043 1073 1134 1226 1317 1470 1531 1592 1622 1592 1500
316A Acap  196406251 1409 1378 1287 1226 1195 1226 1195 1195 1165 1134 1104 1073
316A Acap  196406252 1073 1043 1043 1073 1165 1256 1317 1378 1500 1561 1592 1561
316A Acap  196406261 1500 1409 1348 1287 1195 1165 1134 1134 1165 1104 1104 1134
316A Acap  196406262 1104 1073 1043 1073 1104 1165 1195 1287 1409 1531 1561 1531
316A Acap  196406271 1531 1439 1348 1256 1195 1165 1134 1165 1195 1226 1256 1256
316A Acap  196406272 1226 1195 1134 1073 1073 1134 1226 1317 1409 1500 1561 1500
316A Acap  196406281 1592 1531 1470 1348 1226 1134 1104 1104 1165 1195 1226 1226
316A Acap  196406282 1256 1226 1134 1134 1073 1073 1134 1195 1317 1409 1470 1592
316A Acap  196406291 1622 1592 1531 1378 1256 1226 1134 1073 1043 1134 1226 1287
316A Acap  196406292 1256 1256 1226 1165 1073 1073 1104 1134 1256 1348 1470 1592
316A Acap  196406301 1622 1592 1592 1470 1317 1226 1134 1134 1165 1195 1256 1287
316A Acap  196406302 1317 1348 1317 1287 1226 1134 1104 1195 1256 1317 1470 1561
316A Acap  196407011 1653 1683 1622 1561 1439 1256 1195 1104 1134 1195 1226 1348
316A Acap  196407012 1378 1470 1470 1409 1348 1256 1195 1195 1195 1287 1409 1561
316A Acap  196407021 1653 1714 1683 1592 1439 1317 1195 1165 1104 1134 1226 1348
316A Acap  196407022 1470 1531 1531 1531 1439 1378 1226 1165 1134 1195 1287 1439
316A Acap  196407031 1500 1531 1561 1531 1409 1317 1195 1104 1043 1012 1104 1226
316A Acap  196407032 1378 1470 1531 1561 1500 1409 1348 1256 1226 1226 1256 1317
316A Acap  196407041 1470 1531 1561 1500 1439 1317 1195 1073  982 1012 1073 1165
316A Acap  196407042 1317 1470 1531 1592 1622 1592 1531 1439 1378 1348 1348 1378
316A Acap  196407051 1439 1531 1592 1592 1531 1439 1378 1226 1134 1073 1134 1226
316A Acap  196407052 1378 1561 1683 1774 1835 1805 1774 1653 1561 1470 1409 1409
316A Acap  196407061 1470 1531 1592 1561 1592 1531 1409 1226 1165 1073 1043 1165
316A Acap  196407062 1287 1470 1653 1744 1835 1866 1835 1744 1622 1531 1470 1409
316A Acap  196407071 1409 1439 1500 1500 1470 1470 1378 1287 1134 1012  982  982
316A Acap  196407072 1043 1226 1409 1592 1683 1805 1835 1805 1714 1592 1470 1439
316A Acap  196407081 1378 1348 1348 1409 1439 1409 1378 1348 1226 1073  982  952
316A Acap  196407082  982 1012 1165 1348 1531 1653 1744 1805 1774 1683 1592 1439
316A Acap  196407091 1409 1348 1348 1348 1409 1409 1439 1378 1317 1226 1104  982
316A Acap  196407092  921  982 1043 1195 1348 1531 1683 1805 1866 1835 1744 1653
316A Acap  196407101 1500 1378 1348 1317 1317 1348 1348 1378 1409 1348 1195 1104
316A Acap  196407102 1043  952  952 1012 1134 1348 1531 1683 1805 1835 1835 1744
316A Acap  196407111 1622 1500 1348 1317 1256 1287 1348 1378 1439 1439 1378 1317
316A Acap  196407112 1195 1104 1043 1012 1073 1165 1348 1500 1653 1774 1835 1835
316A Acap  196407121 1744 1592 1439 1287 1287 1256 1287 1348 1417 1475 1499 1475
316A Acap  196407122 1409 1317 1195 1134 1134 1134 1287 1409 1561 1744 1835 1896
316A Acap  196407131 1866 1774 1622 1470 1348 1287 1256 1256 1348 1439 1561 1592
316A Acap  196407132 1592 1531 1409 1317 1226 1226 1226 1287 1439 1561 1683 1805
316A Acap  196407141 1866 1835 1714 1531 1409 1287 1195 1256 1287 1409 1531 1653
316A Acap  196407142 1622 1653 1622 1531 1409 1256 1256 1287 1348 1470 1592 1714
316A Acap  196407151 1805 1835 1774 1653 1470 1317 1256 1195 1195 1256 1378 1500
316A Acap  196407152 1622 1653 1683 1622 1531 1409 1348 1317 1317 1348 1500 1622
316A Acap  196407161 1683 1744 1774 1714 1561 1439 1287 1195 1165 1195 1317 1439
316A Acap  196407162 1592 1683 1774 1805 1683 1592 1470 1378 1348 1348 1409 1500
316A Acap  196407171 1592 1714 1714 1653 1592 1439 1287 1195 1134 1165 1226 1317
316A Acap  196407172 1470 1683 1744 1774 1744 1683 1561 1439 1409 1348 1409 1439
316A Acap  196407181 1531 1622 1683 1683 1622 1500 1409 1256 1165 1134 1165 1256
316A Acap  196407182 1439 1561 1653 1714 1744 1714 1622 1531 1439 1378 1378 1409
316A Acap  196407191 1470 1500 1531 1561 1561 1470 1409 1256 1226 1195 1195 1226
316A Acap  196407192 1317 1470 1653 1714 1805 1774 1744 1683 1561 1470 1439 1409
316A Acap  196407201 1470 1500 1561 1592 1592 1561 1470 1348 1256 1226 1287 1256
316A Acap  196407202 1317 1439 1622 1714 1744 1835 1835 1744 1653 1561 1531 1531
316A Acap  196407211 1500 1500 1500 1561 1531 1531 1470 1378 1287 1195 1165 1165
316A Acap  196407212 1226 1348 1470 1592 1683 1744 1744 1744 1683 1622 1592 1500
316A Acap  196407221 1500 1500 1500 1531 1531 1500 1470 1378 1287 1226 1195 1165
316A Acap  196407222 1226 1287 1378 1500 1592 1683 1683 1714 1744 1683 1592 1531
316A Acap  196407231 1531 1531 1470 1470 1500 1439 1470 1409 1317 1226 1165 1165
316A Acap  196407232 1165 1226 1256 1378 1470 1561 1653 1714 1714 1683 1622 1592
316A Acap  196407241 1531 1500 1439 1470 1470 1409 1439 1409 1348 1256 1256 1226
316A Acap  196407242 1226 1256 1287 1348 1470 1561 1592 1653 1744 1744 1714 1622
316A Acap  196407251 1592 1531 1500 1500 1470 1470 1439 1378 1348 1348 1317 1287
316A Acap  196407252 1287 1287 1317 1378 1409 1500 1592 1653 1714 1744 1774 1744
316A Acap  196407261 1714 1653 1561 1500 1470 1470 1470 1439 1409 1409 1409 1378
316A Acap  196407262 1348 1378 1348 1317 1378 1439 1531 1592 1653 1714 1774 1774
316A Acap  196407271 1714 1653 1561 1500 1439 1378 1378 1409 1439 1439 1439 1439
316A Acap  196407272 1409 1378 1317 1317 1287 1348 1439 1500 1561 1622 1714 1714
316A Acap  196407281 1653 1622 1561 1470 1409 1348 1317 1317 1378 1409 1470 1500
316A Acap  196407282 1500 1500 1439 1378 1348 1317 1348 1409 1500 1592 1653 1714
316A Acap  196407291 1714 1683 1622 1470 1409 1348 1317 1317 1317 1378 1470 1531
316A Acap  196407292 1561 1592 1561 1531 1409 1409 1378 1409 1470 1561 1592 1683
316A Acap  196407301 1744 1744 1683 1592 1439 1348 1317 1287 1317 1378 1470 1531
316A Acap  196407302 1653 1683 1653 1622 1531 1470 1439 1409 1439 1500 1561 1653
316A Acap  196407311 1744 1744 1744 1653 1561 1409 1348 1287 1287 1348 1439 1592
316A Acap  196407312 1653 1714 1774 1714 1683 1561 1470 1409 1348 1348 1409 1500
316A Acap  196408011 1622 1653 1653 1561 1470 1317 1195 1134 1165 1165 1256 1409
316A Acap  196408012 1561 1683 1744 1744 1683 1561 1439 1378 1348 1348 1378 1439
316A Acap  196408021 1561 1592 1622 1561 1409 1317 1165 1073 1043 1073 1195 1348
316A Acap  196408022 1531 1683 1805 1866 1835 1744 1622 1470 1409 1348 1378 1439
316A Acap  196408031 1500 1561 1592 1561 1500 1348 1226 1134 1043  982 1073 1226
316A Acap  196408032 1409 1592 1744 1835 1866 1774 1683 1561 1439 1378 1317 1348
316A Acap  196408041 1409 1470 1531 1561 1531 1409 1287 1134 1012  952  921 1043
316A Acap  196408042 1165 1409 1561 1683 1774 1774 1774 1653 1561 1409 1348 1317
316A Acap  196408051 1378 1439 1531 1561 1531 1500 1378 1226 1073  952  891  921
316A Acap  196408052 1012 1165 1348 1561 1683 1774 1805 1744 1622 1500 1439 1378
316A Acap  196408061 1348 1348 1409 1470 1470 1470 1409 1287 1134 1012  921  921
316A Acap  196408062  952 1043 1256 1439 1622 1744 1805 1805 1744 1683 1561 1439
316A Acap  196408071 1409 1348 1378 1409 1439 1500 1470 1409 1348 1226 1104  952
316A Acap  196408072  952  982 1073 1287 1470 1592 1714 1744 1744 1683 1622 1531
316A Acap  196408081 1439 1378 1348 1378 1378 1439 1470 1500 1439 1348 1256 1165
316A Acap  196408082 1073 1012 1073 1195 1317 1439 1622 1714 1744 1744 1714 1622
316A Acap  196408091 1531 1439 1348 1317 1348 1378 1470 1470 1500 1470 1439 1348
316A Acap  196408092 1226 1165 1134 1104 1165 1317 1439 1561 1653 1744 1774 1714
316A Acap  196408101 1622 1531 1439 1317 1256 1226 1256 1378 1439 1531 1561 1531
316A Acap  196408102 1439 1348 1256 1165 1104 1165 1256 1348 1500 1622 1714 1744
316A Acap  196408111 1683 1592 1470 1348 1256 1195 1195 1256 1348 1439 1531 1561
316A Acap  196408112 1561 1470 1378 1287 1195 1165 1195 1256 1348 1470 1622 1653
316A Acap  196408121 1653 1592 1500 1378 1195 1134 1104 1165 1287 1348 1439 1561
316A Acap  196408122 1592 1561 1500 1409 1256 1195 1165 1195 1256 1348 1439 1592
316A Acap  196408131 1653 1653 1592 1500 1348 1195 1134 1104 1165 1226 1409 1561
316A Acap  196408132 1653 1683 1683 1592 1500 1348 1226 1165 1195 1287 1378 1500
316A Acap  196408141 1592 1592 1561 1470 1378 1226 1134 1012 1073 1134 1256 1409
316A Acap  196408142 1561 1683 1714 1683 1561 1439 1317 1226 1195 1226 1287 1378
316A Acap  196408151 1531 1561 1592 1531 1409 1317 1134 1073 1043 1073 1195 1317
316A Acap  196408152 1470 1592 1653 1714 1622 1561 1409 1348 1226 1195 1256 1348
316A Acap  196408161 1409 1500 1561 1531 1439 1317 1195 1073  982 1043 1104 1195
316A Acap  196408162 1378 1500 1622 1714 1683 1592 1500 1348 1256 1226 1256 1287
316A Acap  196408171 1348 1439 1531 1531 1531 1409 1317 1165 1043 1012 1073 1226
316A Acap  196408172 1348 1500 1653 1744 1744 1683 1622 1531 1439 1378 1317 1348
316A Acap  196408181 1378 1470 1531 1500 1500 1470 1409 1317 1256 1226 1287 1378
316A Acap  196408182 1500 1653 1774 1896 1957 1927 1896 1805 1653 1592 1531 1531
316A Acap  196408191 1561 1592 1653 1653 1622 1592 1531 1378 1287 1226 1226 1287
316A Acap  196408192 1378 1531 1653 1744 1774 1835 1805 1744 1653 1622 1592 1531
316A Acap  196408201 1531 1531 1561 1592 1561 1561 1531 1409 1348 1287 1226 1226
316A Acap  196408202 1287 1409 1500 1592 1714 1714 1744 1714 1622 1531 1500 1500
316A Acap  196408211 1500 1470 1470 1500 1531 1470 1409 1348 1287 1195 1134 1104
316A Acap  196408212 1165 1195 1348 1470 1561 1622 1653 1683 1622 1622 1561 1531
316A Acap  196408221 1500 1500 1500 1500 1500 1470 1470 1409 1348 1317 1256 1256
316A Acap  196408222 1256 1317 1378 1470 1531 1622 1653 1683 1653 1683 1622 1592
316A Acap  196408231 1500 1500 1500 1500 1500 1470 1439 1409 1378 1317 1317 1287
316A Acap  196408232 1256 1226 1256 1317 1378 1439 1500 1561 1592 1622 1592 1561
316A Acap  196408241 1531 1531 1470 1470 1470 1439 1439 1470 1439 1409 1378 1378
316A Acap  196408242 1348 1348 1348 1378 1378 1439 1470 1531 1592 1622 1622 1592
316A Acap  196408251 1561 1531 1470 1378 1348 1378 1348 1409 1378 1378 1439 1439
316A Acap  196408252 1409 1378 1378 1348 1317 1348 1378 1409 1500 1561 1592 1561
316A Acap  196408261 1531 1500 1439 1409 1378 1348 1348 1378 1439 1531 1561 1561
316A Acap  196408262 1531 1531 1470 1439 1409 1378 1378 1378 1470 1531 1592 1622
316A Acap  196408271 1653 1622 1531 1439 1348 1287 1256 1287 1378 1470 1561 1653
316A Acap  196408272 1683 1683 1592 1500 1439 1378 1348 1317 1348 1439 1561 1622
316A Acap  196408281 1622 1561 1531 1409 1317 1256 1195 1226 1317 1409 1531 1683
316A Acap  196408282 1744 1744 1714 1622 1500 1409 1317 1317 1317 1378 1470 1561
316A Acap  196408291 1592 1622 1561 1439 1287 1134 1073 1104 1165 1287 1439 1622
316A Acap  196408292 1744 1805 1805 1714 1561 1470 1348 1287 1287 1348 1409 1531
316A Acap  196408301 1592 1653 1592 1470 1348 1226 1104 1073 1104 1226 1378 1531
316A Acap  196408302 1744 1896 1927 1927 1774 1653 1500 1348 1287 1317 1317 1439
316A Acap  196408311 1561 1622 1653 1561 1439 1287 1104 1012 1012 1043 1195 1409
316A Acap  196408312 1622 1835 1866 1896 1866 1683 1531 1409 1317 1287 1287 1409
316A Acap  196409011 1531 1622 1653 1653 1561 1378 1195 1043  952  952 1043 1256
316A Acap  196409012 1470 1653 1805 1866 1896 1805 1683 1531 1409 1348 1317 1378
316A Acap  196409021 1470 1561 1622 1622 1592 1439 1287 1134  982  952  982 1134
316A Acap  196409022 1317 1500 1683 1835 1896 1866 1774 1653 1531 1409 1348 1378
316A Acap  196409031 1439 1531 1622 1683 1622 1561 1439 1317 1134 1043 1012 1073
316A Acap  196409032 1165 1348 1561 1744 1835 1866 1835 1744 1622 1500 1409 1378
316A Acap  196409041 1378 1439 1531 1592 1622 1622 1592 1439 1287 1165 1073 1043
316A Acap  196409042 1104 1256 1439 1592 1744 1835 1866 1835 1744 1653 1531 1470
316A Acap  196409051 1439 1470 1531 1622 1683 1714 1683 1622 1531 1409 1287 1226
316A Acap  196409052 1226 1287 1409 1531 1653 1774 1835 1866 1835 1744 1653 1592
316A Acap  196409061 1531 1500 1500 1561 1622 1683 1683 1683 1653 1561 1470 1409
316A Acap  196409062 1409 1409 1439 1500 1592 1653 1744 1805 1835 1805 1744 1683
316A Acap  196409071 1622 1561 1500 1500 1531 1561 1653 1683 1683 1714 1653 1592
316A Acap  196409072 1531 1470 1439 1439 1439 1470 1561 1653 1714 1744 1744 1714
316A Acap  196409081 1622 1561 1470 1409 1409 1409 1470 1531 1622 1653 1683 1683
316A Acap  196409082 1622 1531 1439 1409 1378 1378 1439 1470 1561 1622 1683 1683
316A Acap  196409091 1622 1531 1409 1317 1256 1256 1287 1378 1500 1592 1683 1683
316A Acap  196409092 1683 1622 1500 1378 1287 1256 1287 1348 1409 1531 1592 1653
316A Acap  196409101 1622 1561 1470 1348 1256 1195 1195 1256 1439 1592 1653 1744
316A Acap  196409102 1774 1744 1622 1500 1348 1256 1195 1226 1317 1409 1500 1592
316A Acap  196409111 1592 1561 1470 1378 1256 1165 1134 1165 1256 1378 1561 1714
316A Acap  196409112 1774 1774 1744 1622 1500 1378 1256 1226 1256 1287 1409 1500
316A Acap  196409121 1561 1592 1561 1500 1378 1226 1134 1134 1165 1256 1439 1592
316A Acap  196409122 1714 1774 1744 1683 1561 1439 1348 1287 1256 1287 1378 1470
316A Acap  196409131 1561 1622 1592 1531 1439 1287 1195 1134 1165 1226 1348 1500
316A Acap  196409132 1653 1774 1774 1744 1683 1531 1409 1317 1287 1287 1348 1439
316A Acap  196409141 1500 1561 1592 1531 1470 1348 1256 1165 1134 1195 1287 1409
316A Acap  196409142 1592 1683 1774 1805 1744 1653 1561 1439 1348 1317 1348 1409
316A Acap  196409151 1500 1592 1592 1622 1531 1439 1317 1226 1165 1195 1287 1409
316A Acap  196409152 1561 1703 1805 1835 1835 1774 1653 1531 1439 1378 1409 1470
316A Acap  196409161 1531 1592 1622 1622 1561 1470 1378 1256 1195 1195 1256 1348
316A Acap  196409162 1500 1622 1744 1835 1805 1744 1683 1561 1470 1439 1439 1439
316A Acap  196409171 1500 1561 1622 1592 1561 1470 1378 1287 1195 1165 1226 1287
316A Acap  196409172 1409 1561 1683 1744 1805 1774 1714 1592 1500 1439 1409 1439
316A Acap  196409181 1470 1561 1622 1622 1592 1531 1439 1317 1256 1165 1165 1226
316A Acap  196409182 1317 1439 1561 1653 1683 1714 1683 1622 1592 1500 1439 1439
316A Acap  196409191 1439 1500 1531 1592 1592 1561 1500 1409 1317 1226 1195 1195
316A Acap  196409192 1256 1348 1470 1561 1653 1683 1683 1653 1592 1500 1439 1439
316A Acap  196409201 1439 1470 1500 1531 1561 1561 1531 1470 1409 1348 1287 1256
316A Acap  196409202 1256 1287 1378 1470 1561 1622 1622 1622 1592 1561 1470 1439
316A Acap  196409211 1409 1409 1409 1439 1470 1500 1531 1500 1470 1409 1348 1317
316A Acap  196409212 1287 1287 1317 1378 1439 1500 1531 1561 1531 1531 1500 1439
316A Acap  196409221 1409 1378 1378 1409 1439 1470 1500 1500 1500 1531 1470 1439
316A Acap  196409222 1378 1348 1287 1317 1348 1409 1439 1500 1531 1561 1531 1470
316A Acap  196409231 1439 1378 1348 1317 1378 1409 1470 1500 1561 1592 1592 1531
316A Acap  196409232 1470 1439 1409 1348 1348 1348 1378 1439 1470 1531 1531 1500
316A Acap  196409241 1470 1378 1317 1256 1256 1287 1378 1439 1561 1653 1683 1683
316A Acap  196409242 1683 1561 1470 1378 1287 1256 1256 1317 1378 1470 1531 1500
316A Acap  196409251 1470 1409 1317 1195 1165 1134 1226 1348 1470 1592 1683 1774
316A Acap  196409252 1744 1683 1622 1470 1317 1226 1165 1195 1256 1378 1470 1500
316A Acap  196409261 1531 1470 1348 1256 1134 1073 1104 1165 1287 1439 1622 1744
316A Acap  196409262 1835 1805 1744 1622 1439 1256 1134 1134 1195 1287 1409 1531
316A Acap  196409271 1592 1561 1470 1348 1195 1134 1043 1043 1165 1317 1531 1744
316A Acap  196409272 1866 1927 1896 1774 1592 1409 1226 1165 1165 1226 1378 1500
316A Acap  196409281 1592 1622 1592 1500 1287 1104 1012  952 1012 1165 1348 1592
316A Acap  196409282 1774 1927 1927 1896 1744 1561 1409 1317 1226 1256 1317 1439
316A Acap  196409291 1561 1653 1653 1592 1439 1287 1104  982  982 1043 1226 1439
316A Acap  196409292 1653 1835 1957 1957 1866 1714 1531 1348 1256 1256 1317 1409
316A Acap  196409301 1561 1653 1683 1653 1531 1378 1195 1043  982 1012 1134 1287
316A Acap  196409302 1531 1714 1866 1896 1835 1744 1592 1439 1317 1287 1287 1348
316A Acap  196410011 1470 1592 1683 1653 1592 1470 1348 1195 1104 1043 1073 1195
316A Acap  196410012 1378 1561 1714 1835 1835 1774 1653 1531 1378 1287 1256 1287
316A Acap  196410021 1409 1500 1592 1653 1653 1592 1470 1317 1165 1073 1073 1165
316A Acap  196410022 1256 1439 1561 1714 1774 1774 1714 1622 1470 1378 1287 1287
316A Acap  196410031 1378 1439 1561 1622 1653 1653 1592 1470 1348 1226 1195 1165
316A Acap  196410032 1226 1317 1439 1561 1653 1714 1653 1622 1531 1439 1378 1317
316A Acap  196410041 1348 1409 1439 1531 1592 1653 1653 1592 1531 1409 1348 1317
316A Acap  196410042 1287 1317 1409 1500 1561 1622 1653 1653 1592 1531 1439 1409
316A Acap  196410051 1348 1378 1409 1439 1531 1592 1622 1653 1622 1561 1500 1439
316A Acap  196410052 1348 1317 1348 1378 1409 1470 1531 1592 1592 1561 1500 1439
316A Acap  196410061 1378 1348 1317 1378 1439 1470 1561 1622 1683 1683 1622 1592
316A Acap  196410062 1500 1439 1378 1348 1378 1439 1470 1500 1561 1592 1592 1561
316A Acap  196410071 1500 1378 1317 1287 1287 1378 1439 1561 1622 1714 1714 1683
316A Acap  196410072 1622 1500 1378 1317 1256 1256 1317 1378 1470 1470 1561 1531
316A Acap  196410081 1470 1439 1317 1226 1195 1226 1317 1409 1500 1653 1714 1744
316A Acap  196410082 1744 1622 1500 1409 1287 1195 1195 1226 1317 1409 1470 1531
316A Acap  196410091 1500 1470 1378 1287 1195 1165 1195 1256 1378 1561 1683 1774
316A Acap  196410092 1805 1774 1653 1500 1317 1226 1165 1195 1287 1409 1470 1561
316A Acap  196410101 1592 1592 1500 1409 1317 1226 1195 1256 1348 1531 1714 1805
316A Acap  196410102 1896 1896 1805 1683 1531 1378 1287 1226 1287 1348 1439 1531
316A Acap  196410111 1683 1592 1531 1439 1317 1256 1195 1226 1256 1378 1561 1714
316A Acap  196410112 1835 1896 1835 1714 1622 1439 1287 1226 1256 1317 1378 1500
316A Acap  196410121 1592 1622 1592 1500 1409 1256 1195 1165 1226 1317 1470 1653
316A Acap  196410122 1774 1866 1866 1805 1683 1531 1378 1287 1287 1256 1348 1439
316A Acap  196410131 1531 1561 1561 1500 1378 1287 1195 1134 1165 1256 1409 1561
316A Acap  196410132 1683 1805 1805 1774 1714 1561 1439 1317 1287 1287 1348 1439
316A Acap  196410141 1500 1561 1592 1561 1500 1348 1256 1165 1165 1195 1287 1439
316A Acap  196410142 1592 1744 1805 1805 1744 1622 1500 1348 1287 1256 1287 1378
316A Acap  196410151 1439 1531 1561 1561 1470 1378 1287 1195 1134 1165 1226 1378
316A Acap  196410152 1531 1653 1744 1805 1744 1622 1500 1409 1287 1287 1348 1378
316A Acap  196410161 1470 1531 1561 1561 1500 1409 1287 1195 1134 1134 1195 1317
316A Acap  196410162 1439 1561 1653 1714 1683 1653 1531 1439 1348 1317 1317 1348
316A Acap  196410171 1409 1470 1531 1531 1500 1470 1378 1256 1165 1134 1165 1226
316A Acap  196410172 1317 1470 1561 1622 1622 1622 1531 1439 1348 1317 1287 1317
316A Acap  196410181 1378 1439 1531 1561 1561 1531 1470 1378 1317 1256 1256 1287
316A Acap  196410182 1348 1439 1500 1561 1622 1622 1561 1470 1378 1317 1317 1317
316A Acap  196410191 1317 1409 1470 1531 1592 1592 1561 1500 1439 1378 1348 1317
316A Acap  196410192 1317 1378 1439 1500 1500 1500 1531 1500 1439 1409 1348 1317
316A Acap  196410201 1317 1348 1409 1500 1561 1561 1592 1561 1500 1470 1409 1409
316A Acap  196410202 1378 1378 1409 1439 1470 1500 1500 1439 1439 1409 1348 1348
316A Acap  196410211 1317 1287 1317 1378 1439 1500 1561 1592 1592 1561 1531 1470
316A Acap  196410212 1439 1378 1348 1317 1317 1348 1348 1409 1378 1378 1348 1287
316A Acap  196410221 1256 1226 1195 1195 1256 1348 1439 1500 1622 1683 1683 1653
316A Acap  196410222 1561 1500 1409 1317 1256 1256 1287 1348 1409 1439 1409 1378
316A Acap  196410231 1317 1256 1195 1134 1165 1226 1378 1500 1622 1744 1774 1744
316A Acap  196410232 1714 1592 1470 1348 1256 1195 1195 1287 1348 1409 1470 1470
316A Acap  196410241 1409 1348 1226 1165 1134 1165 1287 1439 1592 1714 1866 1927
316A Acap  196410242 1927 1835 1714 1561 1378 1256 1226 1256 1287 1409 1500 1500
316A Acap  196410251 1500 1439 1317 1226 1104 1073 1104 1226 1439 1622 1774 1866
316A Acap  196410252 1896 1835 1714 1561 1378 1226 1165 1165 1226 1317 1439 1531
316A Acap  196410261 1531 1500 1378 1195 1073 1012  982 1073 1195 1409 1622 1805
316A Acap  196410262 1927 1896 1866 1714 1500 1317 1195 1165 1195 1287 1439 1531
316A Acap  196410271 1592 1592 1500 1378 1226 1073  982  982 1073 1226 1439 1622
316A Acap  196410272 1805 1896 1896 1805 1622 1439 1256 1134 1104 1165 1256 1409
316A Acap  196410281 1531 1622 1592 1500 1348 1195 1043  952  982 1104 1287 1500
316A Acap  196410282 1683 1835 1866 1835 1683 1500 1348 1195 1134 1134 1226 1348
316A Acap  196410291 1500 1592 1622 1561 1439 1287 1165 1043 1012 1043 1134 1317
316A Acap  196410292 1500 1683 1744 1744 1714 1592 1409 1256 1165 1104 1134 1256
316A Acap  196410301 1409 1531 1622 1622 1561 1439 1287 1165 1104 1073 1104 1226
316A Acap  196410302 1409 1531 1653 1714 1683 1622 1470 1348 1256 1195 1195 1256
316A Acap  196410311 1409 1470 1592 1653 1622 1561 1470 1317 1195 1165 1195 1226
316A Acap  196410312 1317 1470 1622 1653 1653 1592 1500 1378 1317 1256 1195 1195
316A Acap  196411011 1256 1378 1470 1561 1592 1592 1531 1439 1348 1287 1226 1226
316A Acap  196411012 1287 1348 1439 1500 1561 1561 1531 1439 1348 1226 1165 1165
316A Acap  196411021 1165 1226 1287 1409 1500 1561 1561 1531 1439 1348 1317 1256
316A Acap  196411022 1256 1317 1348 1378 1409 1439 1409 1378 1317 1256 1226 1195
316A Acap  196411031 1165 1195 1256 1348 1409 1500 1531 1561 1531 1500 1470 1409
316A Acap  196411032 1348 1317 1317 1317 1317 1348 1348 1348 1317 1287 1226 1195
316A Acap  196411041 1195 1195 1195 1226 1317 1409 1500 1531 1592 1592 1561 1500
316A Acap  196411042 1439 1378 1287 1256 1256 1226 1256 1287 1287 1317 1287 1256
316A Acap  196411051 1226 1195 1134 1134 1195 1256 1348 1439 1561 1592 1592 1561
316A Acap  196411052 1500 1409 1317 1226 1195 1165 1195 1195 1256 1287 1317 1317
316A Acap  196411061 1287 1226 1165 1134 1165 1195 1256 1378 1470 1531 1592 1622
316A Acap  196411062 1592 1500 1409 1287 1195 1165 1134 1165 1195 1256 1317 1317
316A Acap  196411071 1317 1256 1195 1104 1104 1134 1165 1287 1409 1531 1622 1653
316A Acap  196411072 1653 1561 1470 1317 1195 1073 1043 1073 1134 1195 1287 1317
316A Acap  196411081 1317 1256 1195 1134 1043 1043 1073 1134 1287 1439 1561 1653
316A Acap  196411082 1653 1622 1500 1378 1226 1104 1043 1073 1104 1165 1226 1317
316A Acap  196411091 1348 1317 1256 1165 1043 1012  982 1043 1165 1287 1439 1561
316A Acap  196411092 1622 1653 1592 1439 1287 1134 1043 1012 1043 1104 1195 1287
316A Acap  196411101 1317 1317 1287 1195 1073 1012  952  982 1043 1195 1378 1531
316A Acap  196411102 1622 1653 1622 1470 1348 1165 1043  982  982 1043 1104 1195
316A Acap  196411111 1256 1287 1287 1226 1104 1012  952  952  982 1104 1287 1439
316A Acap  196411112 1561 1622 1622 1531 1409 1256 1104 1012 1012 1043 1134 1226
316A Acap  196411121 1317 1378 1378 1317 1226 1104 1012  982 1012 1104 1226 1378
316A Acap  196411122 1500 1592 1622 1561 1470 1317 1165 1073 1012 1012 1073 1195
316A Acap  196411131 1287 1348 1378 1348 1287 1165 1073  982 1012 1043 1165 1287
316A Acap  196411132 1439 1531 1561 1561 1500 1378 1226 1104 1043 1012 1043 1134
316A Acap  196411141 1287 1378 1409 1409 1348 1256 1165 1104 1043 1073 1134 1256
316A Acap  196411142 1378 1470 1561 1531 1500 1409 1256 1165 1073 1073 1104 1165
316A Acap  196411151 1287 1378 1439 1439 1409 1348 1256 1165 1134 1104 1134 1195
316A Acap  196411152 1287 1378 1470 1500 1470 1409 1287 1195 1104 1073 1104 1165
316A Acap  196411161 1256 1348 1439 1470 1470 1439 1348 1256 1195 1165 1134 1165
316A Acap  196411162 1256 1317 1409 1439 1409 1378 1287 1165 1073 1043 1012 1043
316A Acap  196411171 1134 1226 1348 1409 1439 1439 1378 1378 1287 1195 1165 1165
316A Acap  196411172 1195 1256 1287 1317 1348 1317 1256 1134 1073  982  982  982
316A Acap  196411181 1012 1104 1226 1348 1378 1439 1470 1439 1409 1348 1317 1256
316A Acap  196411182 1195 1195 1256 1256 1256 1256 1226 1195 1134 1073 1012  982
316A Acap  196411191  982 1073 1134 1226 1348 1470 1531 1531 1531 1531 1470 1378
316A Acap  196411192 1287 1256 1226 1195 1195 1195 1226 1195 1165 1134 1043 1012
316A Acap  196411201 1012  982 1012 1073 1195 1348 1439 1561 1622 1622 1592 1500
316A Acap  196411202 1409 1317 1226 1165 1134 1104 1104 1195 1226 1195 1104 1073
316A Acap  196411211 1012  952  952  952 1012 1134 1287 1439 1561 1653 1683 1653
316A Acap  196411212 1531 1409 1287 1195 1073 1043 1073 1134 1165 1195 1226 1165
316A Acap  196411221 1104 1012  891  830  830  952 1104 1256 1439 1622 1714 1744
316A Acap  196411222 1683 1561 1378 1195 1073 1012 1012 1043 1134 1226 1256 1287
316A Acap  196411231 1226 1134 1012  891  830  830  921 1073 1256 1470 1653 1774
316A Acap  196411232 1774 1683 1531 1348 1134  982  921  952 1043 1165 1256 1348
316A Acap  196411241 1348 1287 1165 1012  891  799  830  891 1073 1287 1500 1683
316A Acap  196411242 1744 1744 1653 1470 1256 1073  952  921  952 1073 1226 1348
316A Acap  196411251 1409 1378 1317 1195 1012  860  799  830  921 1104 1348 1531
316A Acap  196411252 1683 1744 1683 1531 1348 1165 1012  891  891  982 1134 1287
316A Acap  196411261 1409 1470 1470 1378 1226 1058  921  860  891 1012 1187 1378
316A Acap  196411262 1561 1653 1683 1592 1439 1256 1073  952  921  921 1043 1195
316A Acap  196411271 1348 1470 1531 1500 1378 1226 1073  982  952 1012 1104 1287
316A Acap  196411272 1470 1592 1653 1622 1531 1378 1195 1073  952  921  982 1104
316A Acap  196411281 1256 1409 1500 1531 1470 1378 1226 1073  982 1012 1073 1165
316A Acap  196411282 1317 1439 1531 1561 1500 1409 1256 1104 1012  921  982 1043
316A Acap  196411291 1165 1317 1439 1500 1500 1470 1378 1226 1134 1073 1073 1104
316A Acap  196411292 1195 1348 1409 1470 1439 1378 1287 1165 1043  982  952  982
316A Acap  196411301 1073 1195 1317 1409 1500 1500 1439 1378 1256 1195 1134 1134
316A Acap  196411302 1165 1226 1287 1348 1348 1348 1287 1195 1104 1043  982 1012
316A Acap  196412011 1073 1134 1256 1348 1439 1500 1531 1470 1409 1317 1256 1256
316A Acap  196412012 1226 1226 1287 1287 1287 1256 1256 1226 1134 1043 1012 1012
316A Acap  196412021 1012 1073 1165 1287 1378 1470 1500 1531 1500 1439 1378 1317
316A Acap  196412022 1226 1226 1195 1195 1226 1256 1226 1226 1195 1134 1104 1043
316A Acap  196412031 1012 1043 1104 1195 1256 1409 1500 1561 1592 1531 1500 1439
316A Acap  196412032 1378 1287 1256 1226 1195 1195 1226 1226 1195 1195 1165 1134
316A Acap  196412041 1104 1073 1134 1165 1195 1317 1409 1500 1561 1592 1592 1500
316A Acap  196412042 1439 1348 1287 1226 1165 1134 1134 1165 1165 1195 1195 1165
316A Acap  196412051 1134 1104 1073 1073 1134 1226 1348 1439 1561 1592 1653 1622
316A Acap  196412052 1561 1470 1348 1226 1165 1134 1134 1165 1195 1226 1256 1256
316A Acap  196412061 1226 1195 1134 1134 1134 1165 1256 1348 1470 1561 1653 1653
316A Acap  196412062 1622 1531 1409 1317 1195 1104 1073 1104 1134 1195 1256 1287
316A Acap  196412071 1256 1226 1165 1104 1134 1134 1195 1317 1409 1561 1622 1653
316A Acap  196412072 1683 1592 1500 1348 1226 1134 1104 1073 1134 1195 1226 1256
316A Acap  196412081 1287 1256 1226 1165 1104 1104 1134 1195 1287 1439 1561 1653
316A Acap  196412082 1653 1622 1531 1409 1256 1165 1104 1073 1134 1165 1226 1287
316A Acap  196412091 1317 1317 1256 1195 1104 1073 1073 1134 1226 1348 1500 1592
316A Acap  196412092 1653 1683 1592 1470 1317 1226 1134 1104 1134 1165 1195 1287
316A Acap  196412101 1348 1378 1348 1287 1195 1134 1134 1134 1226 1317 1439 1561
316A Acap  196412102 1653 1653 1622 1531 1409 1256 1134 1073 1073 1104 1165 1287
316A Acap  196412111 1378 1378 1378 1317 1256 1134 1104 1104 1104 1195 1317 1439
316A Acap  196412112 1561 1622 1653 1561 1439 1317 1165 1104 1043 1104 1165 1287
316A Acap  196412121 1378 1439 1470 1409 1348 1256 1195 1134 1134 1195 1287 1409
316A Acap  196412122 1531 1592 1592 1561 1470 1317 1195 1104 1073 1073 1134 1226
316A Acap  196412131 1348 1439 1470 1470 1439 1348 1256 1165 1134 1165 1226 1348
316A Acap  196412132 1470 1531 1561 1531 1439 1317 1195 1104 1043 1073 1104 1226
316A Acap  196412141 1348 1439 1500 1531 1500 1439 1348 1256 1195 1195 1226 1287
316A Acap  196412142 1378 1439 1500 1500 1439 1317 1195 1073 1012 1012 1073 1134
316A Acap  196412151 1287 1409 1500 1561 1561 1531 1470 1409 1348 1287 1256 1256
316A Acap  196412152 1317 1378 1439 1470 1439 1348 1256 1134 1073 1012 1012 1073
316A Acap  196412161 1226 1378 1500 1622 1683 1653 1622 1561 1470 1409 1348 1348
316A Acap  196412162 1378 1378 1439 1470 1439 1378 1287 1195 1104 1012  982 1043
316A Acap  196412171 1134 1256 1378 1500 1592 1653 1653 1653 1592 1439 1378 1348
316A Acap  196412172 1256 1287 1317 1348 1348 1317 1287 1195 1134 1012  952  952
316A Acap  196412181  982 1104 1195 1378 1500 1592 1653 1683 1683 1592 1500 1439
316A Acap  196412182 1348 1317 1287 1287 1317 1317 1317 1256 1226 1134 1073  982
316A Acap  196412191  982  982 1043 1134 1287 1470 1592 1683 1744 1744 1653 1531
316A Acap  196412192 1439 1348 1256 1195 1195 1226 1256 1226 1256 1195 1134 1073
316A Acap  196412201  982  952  952 1012 1134 1287 1439 1622 1744 1774 1774 1714
316A Acap  196412202 1561 1470 1317 1195 1165 1134 1195 1226 1287 1317 1256 1195
316A Acap  196412211 1134 1043  952  860 1012 1104 1256 1439 1622 1744 1805 1744
316A Acap  196412212 1683 1561 1378 1256 1134 1104 1134 1165 1256 1317 1378 1348
316A Acap  196412221 1256 1134 1073  982  921  952 1073 1226 1409 1561 1714 1805
316A Acap  196412222 1774 1653 1531 1348 1165 1043 1012 1073 1165 1287 1409 1439
316A Acap  196412231 1409 1317 1226 1134 1012  982 1012 1134 1256 1470 1622 1744
316A Acap  196412232 1805 1744 1622 1439 1256 1104 1012 1012 1104 1195 1317 1439
316A Acap  196412241 1470 1470 1378 1287 1134 1012  982 1012 1134 1287 1439 1592
316A Acap  196412242 1683 1683 1622 1470 1287 1134 1012  952  982 1104 1226 1378
316A Acap  196412251 1531 1592 1531 1439 1317 1195 1104 1043 1104 1195 1348 1500
316A Acap  196412252 1653 1714 1683 1592 1409 1256 1104 1012 1012 1043 1165 1317
316A Acap  196412261 1470 1592 1622 1592 1470 1348 1256 1165 1134 1134 1256 1378
316A Acap  196412262 1531 1622 1653 1592 1500 1317 1165 1012  982  952 1043 1195
316A Acap  196412271 1378 1531 1622 1653 1622 1531 1378 1287 1195 1165 1195 1256
316A Acap  196412272 1409 1500 1561 1531 1470 1378 1226 1073  982  921  982 1073
316A Acap  196412281 1226 1409 1531 1592 1622 1592 1500 1378 1256 1165 1165 1195
316A Acap  196412282 1287 1409 1470 1470 1439 1348 1256 1134 1043  982 1012 1043
316A Acap  196412291 1134 1317 1470 1561 1622 1622 1592 1500 1409 1317 1256 1256
316A Acap  196412292 1287 1348 1409 1439 1439 1378 1287 1195 1104 1043 1012 1012
316A Acap  196412301 1104 1226 1378 1500 1592 1622 1622 1622 1500 1409 1348 1256
316A Acap  196412302 1256 1287 1348 1378 1378 1348 1287 1256 1165 1104 1043 1012
316A Acap  196412311 1073 1165 1287 1378 1470 1561 1653 1653 1592 1500 1439 1378
316A Acap  196412312 1348 1317 1317 1348 1317 1287 1287 1256 1195 1134 1073 1073
