316A Acapulco           Mexico              1962 16504N 099547W 0000 3 00000R MM
316A Acap  196201011 1311 1463 1585 1646 1615 1554 1463 1372 1311 1250 1280 1341
316A Acap  196201012 1372 1433 1524 1494 1463 1372 1280 1189 1128 1097 1128 1189
316A Acap  196201021 1311 1433 1524 1615 1615 1585 1524 1433 1341 1280 1311 1311
316A Acap  196201022 1372 1402 1433 1463 1433 1372 1280 1189 1097 1067 1036 1097
316A Acap  196201031 1219 1280 1402 1524 1554 1615 1554 1494 1402 1341 1311 1250
316A Acap  196201032 1280 1341 1372 1433 1372 1311 1250 1158 1097 1067 1036 1067
316A Acap  196201041 1128 1250 1433 1524 1585 1646 1676 1615 1554 1494 1402 1372
316A Acap  196201042 1402 1402 1433 1463 1433 1402 1311 1250 1189 1097 1067 1067
316A Acap  196201051 1097 1189 1280 1402 1524 1585 1646 1676 1615 1554 1494 1433
316A Acap  196201052 1402 1372 1372 1372 1372 1311 1280 1250 1219 1097 1067 1067
316A Acap  196201061 1067 1128 1219 1341 1463 1585 1646 1707 1707 1646 1585 1524
316A Acap  196201062 1433 1402 1341 1341 1311 1311 1311 1311 1280 1189 1158 1097
316A Acap  196201071 1067 1067 1097 1158 1280 1402 1524 1615 1676 1676 1615 1554
316A Acap  196201072 1463 1372 1311 1250 1219 1250 1250 1280 1280 1280 1219 1128
316A Acap  196201081 1097 1067 1036 1067 1158 1219 1341 1494 1585 1676 1676 1615
316A Acap  196201082 1524 1402 1311 1219 1158 1158 1189 1219 1311 1311 1341 1311
316A Acap  196201091 1219 1158 1067 1036 1036 1067 1189 1311 1463 1585 1646 1676
316A Acap  196201092 1585 1494 1402 1250 1128 1067 1067 1128 1189 1280 1311 1341
316A Acap  196201101 1341 1280 1189 1097 1036 1036 1036 1128 1280 1433 1554 1615
316A Acap  196201102 1615 1554 1463 1280 1128 1067 1006 1036 1113 1219 1341 1433
316A Acap  196201111 1463 1433 1372 1250 1158 1067 1036 1067 1158 1280 1433 1554
316A Acap  196201112 1646 1615 1554 1402 1219 1067  975  945 1006 1097 1280 1433
316A Acap  196201121 1524 1554 1524 1463 1311 1158 1097 1036 1097 1158 1311 1433
316A Acap  196201122 1554 1646 1585 1494 1311 1128  975  914  945 1036 1158 1341
316A Acap  196201131 1554 1676 1707 1676 1524 1402 1280 1158 1128 1189 1280 1372
316A Acap  196201132 1554 1646 1676 1585 1433 1250 1128 1006  914  945 1067 1250
316A Acap  196201141 1433 1585 1676 1707 1646 1524 1402 1280 1189 1158 1219 1311
316A Acap  196201142 1433 1524 1615 1615 1554 1402 1219 1097 1036 1006 1067 1189
316A Acap  196201151 1372 1554 1707 1798 1798 1737 1615 1463 1341 1219 1219 1280
316A Acap  196201152 1372 1463 1554 1585 1554 1433 1311 1189 1067 1006 1006 1097
316A Acap  196201161 1219 1402 1585 1707 1768 1737 1646 1524 1341 1219 1189 1189
316A Acap  196201162 1280 1372 1463 1524 1524 1463 1372 1219 1128 1067 1006 1036
316A Acap  196201171 1128 1341 1494 1615 1707 1768 1707 1676 1524 1402 1341 1311
316A Acap  196201172 1280 1280 1341 1433 1433 1402 1341 1280 1189 1097 1006 1036
316A Acap  196201181 1097 1189 1311 1433 1554 1676 1707 1676 1585 1494 1402 1311
316A Acap  196201182 1250 1219 1250 1280 1341 1341 1311 1280 1189 1128 1036 1006
316A Acap  196201191 1036 1097 1189 1311 1433 1554 1615 1646 1615 1554 1463 1402
316A Acap  196201192 1341 1280 1280 1280 1280 1311 1311 1280 1311 1280 1189 1158
316A Acap  196201201 1097 1097 1189 1250 1372 1524 1615 1676 1707 1676 1615 1585
316A Acap  196201202 1494 1402 1311 1280 1280 1280 1280 1311 1311 1280 1280 1219
316A Acap  196201211 1158 1128 1158 1189 1250 1341 1433 1524 1585 1615 1646 1585
316A Acap  196201212 1494 1402 1341 1280 1219 1219 1189 1250 1280 1341 1311 1311
316A Acap  196201221 1280 1219 1189 1189 1219 1250 1311 1402 1524 1585 1646 1615
316A Acap  196201222 1585 1524 1402 1280 1189 1189 1158 1219 1280 1341 1341 1372
316A Acap  196201231 1372 1311 1250 1189 1219 1219 1280 1341 1433 1554 1615 1646
316A Acap  196201232 1615 1585 1494 1372 1250 1189 1128 1128 1189 1280 1341 1372
316A Acap  196201241 1402 1372 1311 1250 1158 1128 1158 1219 1311 1433 1554 1615
316A Acap  196201242 1646 1615 1494 1402 1311 1189 1128 1128 1158 1250 1341 1433
316A Acap  196201251 1494 1494 1402 1311 1280 1189 1189 1250 1280 1402 1494 1585
316A Acap  196201252 1646 1646 1585 1463 1341 1219 1128 1097 1128 1189 1311 1402
316A Acap  196201261 1494 1524 1524 1433 1341 1250 1189 1219 1250 1311 1433 1554
316A Acap  196201262 1615 1615 1585 1494 1372 1219 1128 1067 1128 1189 1311 1433
316A Acap  196201271 1524 1585 1585 1554 1433 1311 1250 1219 1219 1280 1372 1463
316A Acap  196201272 1554 1585 1585 1524 1372 1250 1128 1067 1067 1128 1250 1372
316A Acap  196201281 1524 1615 1646 1615 1554 1463 1341 1280 1250 1250 1341 1463
316A Acap  196201282 1524 1585 1585 1524 1463 1311 1189 1097 1067 1097 1189 1311
316A Acap  196201291 1463 1585 1676 1707 1615 1524 1433 1311 1250 1250 1280 1372
316A Acap  196201292 1433 1494 1524 1554 1463 1341 1219 1097 1067 1067 1158 1250
316A Acap  196201301 1433 1554 1676 1707 1676 1615 1463 1372 1280 1250 1250 1341
316A Acap  196201302 1402 1433 1494 1524 1463 1341 1219 1128 1036 1006 1067 1158
316A Acap  196201311 1311 1494 1615 1737 1737 1676 1585 1494 1341 1311 1280 1311
316A Acap  196201312 1341 1463 1494 1463 1433 1372 1280 1158 1067 1036 1067 1158
316A Acap  196202011 1311 1463 1615 1707 1768 1768 1707 1615 1524 1433 1402 1372
316A Acap  196202012 1433 1494 1524 1554 1524 1433 1372 1250 1189 1128 1128 1097
316A Acap  196202021 1219 1372 1524 1615 1707 1737 1707 1646 1524 1463 1402 1372
316A Acap  196202022 1372 1402 1433 1433 1433 1402 1311 1219 1097 1036 1036 1036
316A Acap  196202031 1097 1219 1372 1524 1646 1707 1737 1676 1585 1494 1433 1372
316A Acap  196202032 1372 1372 1402 1433 1463 1433 1372 1311 1189 1097 1036 1036
316A Acap  196202041 1067 1097 1219 1372 1494 1615 1676 1676 1646 1554 1463 1402
316A Acap  196202042 1372 1341 1341 1372 1372 1372 1372 1341 1280 1219 1158 1097
316A Acap  196202051 1067 1097 1189 1280 1402 1524 1615 1676 1676 1646 1554 1463
316A Acap  196202052 1402 1341 1311 1341 1341 1372 1402 1402 1372 1311 1250 1158
316A Acap  196202061 1128 1097 1097 1158 1280 1402 1494 1585 1646 1646 1646 1585
316A Acap  196202062 1494 1402 1311 1280 1280 1280 1341 1372 1433 1433 1402 1402
316A Acap  196202071 1311 1250 1189 1158 1189 1280 1372 1463 1524 1615 1646 1615
316A Acap  196202072 1554 1463 1341 1280 1189 1189 1219 1311 1402 1463 1524 1524
316A Acap  196202081 1494 1433 1341 1250 1219 1250 1280 1372 1433 1554 1615 1646
316A Acap  196202082 1646 1524 1433 1311 1219 1158 1158 1189 1280 1402 1524 1585
316A Acap  196202091 1615 1585 1494 1402 1280 1219 1189 1250 1311 1402 1524 1615
316A Acap  196202092 1676 1646 1524 1402 1250 1128 1067 1067 1158 1311 1494 1615
316A Acap  196202101 1707 1768 1707 1554 1433 1311 1250 1189 1250 1311 1433 1554
316A Acap  196202102 1646 1707 1615 1463 1311 1158 1067 1036 1067 1189 1341 1494
316A Acap  196202111 1676 1768 1798 1737 1615 1433 1280 1219 1189 1219 1311 1433
316A Acap  196202112 1554 1615 1615 1524 1402 1219 1036  945  914 1006 1158 1341
316A Acap  196202121 1524 1707 1798 1768 1676 1524 1372 1219 1158 1158 1219 1311
316A Acap  196202122 1433 1554 1585 1554 1463 1311 1158 1006  914  914 1036 1189
316A Acap  196202131 1372 1554 1707 1798 1768 1646 1524 1341 1219 1158 1158 1219
316A Acap  196202132 1341 1463 1554 1524 1524 1402 1219 1067  975  914  945 1067
316A Acap  196202141 1250 1402 1585 1707 1768 1707 1585 1433 1311 1189 1158 1189
316A Acap  196202142 1250 1372 1433 1524 1494 1433 1280 1128 1006  914  914  975
316A Acap  196202151 1128 1280 1463 1585 1676 1676 1615 1524 1372 1250 1158 1158
316A Acap  196202152 1219 1280 1372 1433 1463 1433 1311 1189 1067  975  914  945
316A Acap  196202161 1036 1158 1341 1494 1585 1615 1615 1554 1433 1311 1250 1189
316A Acap  196202162 1189 1219 1311 1372 1402 1402 1341 1250 1158 1067  975  945
316A Acap  196202171  975 1006 1158 1280 1433 1524 1524 1524 1463 1372 1280 1189
316A Acap  196202172 1158 1158 1189 1219 1280 1280 1280 1250 1189 1128 1036 1006
316A Acap  196202181  975 1036 1097 1158 1280 1372 1463 1494 1463 1433 1372 1311
316A Acap  196202182 1250 1189 1158 1189 1189 1219 1250 1250 1219 1158 1128 1067
316A Acap  196202191 1036 1036 1067 1097 1158 1250 1311 1402 1433 1463 1433 1402
316A Acap  196202192 1311 1250 1189 1128 1158 1158 1158 1189 1219 1219 1219 1189
316A Acap  196202201 1128 1097 1067 1097 1158 1189 1250 1280 1372 1433 1433 1433
316A Acap  196202202 1372 1341 1250 1219 1158 1128 1128 1158 1189 1250 1250 1280
316A Acap  196202211 1250 1219 1158 1128 1128 1128 1158 1219 1311 1372 1433 1433
316A Acap  196202212 1433 1372 1311 1219 1128 1097 1097 1128 1158 1219 1280 1311
316A Acap  196202221 1311 1311 1280 1189 1128 1128 1128 1158 1219 1311 1372 1402
316A Acap  196202222 1402 1402 1341 1250 1128 1097 1097 1097 1158 1250 1311 1372
316A Acap  196202231 1402 1402 1311 1219 1158 1097 1097 1097 1158 1219 1311 1372
316A Acap  196202232 1402 1372 1372 1250 1158 1067 1036 1006 1067 1158 1280 1372
316A Acap  196202241 1402 1433 1402 1311 1250 1128 1067 1036 1067 1128 1219 1311
316A Acap  196202242 1341 1372 1341 1250 1128 1036  975  975 1006 1097 1219 1341
316A Acap  196202251 1433 1494 1463 1402 1280 1189 1097 1036 1006 1067 1158 1219
316A Acap  196202252 1341 1372 1372 1280 1158 1067  975  945  975 1067 1189 1311
316A Acap  196202261 1433 1524 1554 1494 1372 1250 1128 1036 1006 1036 1097 1189
316A Acap  196202262 1280 1341 1341 1280 1189 1067  945  884  914  945 1067 1219
316A Acap  196202271 1372 1463 1524 1494 1402 1311 1158 1036  975  975 1036 1128
316A Acap  196202272 1219 1311 1341 1311 1219 1067  975  884  853  853  975 1128
316A Acap  196202281 1280 1463 1554 1554 1463 1372 1250 1128 1036 1006 1006 1097
316A Acap  196202282 1158 1250 1280 1280 1219 1128  975  884  853  853  945 1067
316A Acap  196203011 1219 1372 1494 1554 1524 1463 1341 1219 1097 1036 1067 1097
316A Acap  196203012 1158 1250 1280 1280 1219 1128 1036  884  823  823  884 1006
316A Acap  196203021 1158 1341 1494 1554 1554 1524 1433 1280 1158 1067 1067 1097
316A Acap  196203022 1158 1250 1311 1341 1280 1189 1097  975  884  853  853  945
316A Acap  196203031 1097 1250 1402 1524 1585 1585 1524 1402 1280 1189 1128 1128
316A Acap  196203032 1189 1280 1341 1402 1372 1311 1189 1097 1006  914  884  914
316A Acap  196203041 1006 1158 1280 1463 1524 1554 1554 1463 1372 1280 1189 1189
316A Acap  196203042 1189 1250 1311 1372 1372 1341 1280 1219 1097 1006  945  945
316A Acap  196203051  975 1067 1189 1341 1463 1494 1524 1494 1402 1311 1219 1158
316A Acap  196203052 1158 1158 1219 1280 1341 1372 1341 1280 1219 1128 1036 1006
316A Acap  196203061  975 1006 1097 1219 1311 1402 1463 1463 1433 1372 1311 1219
316A Acap  196203062 1158 1128 1158 1189 1250 1341 1372 1372 1341 1280 1219 1128
316A Acap  196203071 1067 1006 1006 1067 1128 1219 1311 1372 1402 1402 1341 1250
316A Acap  196203072 1158 1097 1067 1067 1097 1189 1250 1311 1402 1433 1402 1372
316A Acap  196203081 1280 1189 1097 1036 1067 1128 1189 1250 1341 1433 1433 1372
316A Acap  196203082 1311 1219 1097 1036 1006 1036 1128 1250 1341 1433 1494 1494
316A Acap  196203091 1433 1372 1219 1097 1036 1006 1067 1097 1189 1311 1402 1402
316A Acap  196203092 1372 1280 1158 1006  914  884  914  975 1158 1311 1433 1524
316A Acap  196203101 1554 1494 1372 1219 1067  975  975 1006 1067 1189 1311 1402
316A Acap  196203102 1433 1372 1280 1128  975  884  853  914 1036 1219 1402 1554
316A Acap  196203111 1646 1646 1585 1463 1250 1097  975  945  975 1067 1219 1372
316A Acap  196203112 1463 1494 1402 1250 1097  945  853  884  914 1036 1250 1433
316A Acap  196203121 1615 1676 1676 1554 1402 1219 1036  914  914  975 1128 1250
316A Acap  196203122 1402 1463 1463 1372 1219 1006  884  792  792  914 1067 1280
316A Acap  196203131 1494 1676 1707 1676 1524 1341 1158 1006  884  914  975 1128
316A Acap  196203132 1311 1402 1463 1433 1311 1128  945  823  792  823  945 1158
316A Acap  196203141 1372 1524 1646 1676 1615 1433 1250 1097  945  914  945 1067
316A Acap  196203142 1189 1341 1402 1433 1372 1250 1067  914  823  823  884 1006
316A Acap  196203151 1219 1433 1554 1615 1615 1524 1402 1250 1067 1006  975 1036
316A Acap  196203152 1158 1280 1402 1433 1402 1280 1158 1006  853  823  853  975
316A Acap  196203161 1128 1280 1463 1554 1554 1524 1463 1311 1189 1097 1067 1097
316A Acap  196203162 1158 1219 1311 1372 1341 1311 1250 1128  975  914  914  945
316A Acap  196203171 1036 1158 1311 1433 1494 1494 1463 1341 1250 1158 1097 1036
316A Acap  196203172 1067 1128 1219 1311 1311 1311 1280 1189 1097 1006 1006 1006
316A Acap  196203181 1036 1128 1219 1341 1402 1463 1433 1402 1311 1219 1158 1128
316A Acap  196203182 1128 1189 1250 1311 1341 1341 1280 1250 1189 1128 1097 1067
316A Acap  196203191 1067 1128 1189 1280 1372 1402 1372 1372 1341 1280 1250 1250
316A Acap  196203192 1189 1219 1219 1250 1250 1280 1311 1280 1219 1189 1128 1128
316A Acap  196203201 1128 1128 1158 1189 1250 1311 1311 1341 1311 1311 1280 1250
316A Acap  196203202 1219 1219 1189 1189 1219 1250 1250 1280 1280 1280 1250 1219
316A Acap  196203211 1189 1189 1158 1189 1219 1250 1250 1280 1311 1341 1311 1311
316A Acap  196203212 1280 1250 1219 1219 1219 1219 1219 1250 1280 1311 1311 1311
316A Acap  196203221 1280 1280 1219 1158 1158 1158 1158 1158 1219 1280 1280 1280
316A Acap  196203222 1280 1250 1189 1158 1128 1128 1189 1219 1280 1311 1341 1341
316A Acap  196203231 1341 1341 1280 1189 1158 1128 1158 1189 1219 1250 1280 1311
316A Acap  196203232 1280 1280 1219 1158 1128 1097 1158 1189 1219 1311 1372 1433
316A Acap  196203241 1463 1402 1311 1219 1158 1097 1067 1067 1097 1158 1219 1250
316A Acap  196203242 1280 1250 1219 1128 1067 1036 1036 1067 1158 1250 1372 1463
316A Acap  196203251 1494 1463 1402 1280 1158 1067 1006 1006 1006 1067 1128 1250
316A Acap  196203252 1280 1250 1219 1158 1067  975  945  975 1036 1128 1280 1402
316A Acap  196203261 1494 1494 1433 1341 1219 1097 1006  975  975 1006 1128 1189
316A Acap  196203262 1250 1250 1250 1189 1067  945  914  914  975 1097 1280 1433
316A Acap  196203271 1494 1554 1524 1463 1311 1158 1036  945  945  945 1036 1158
316A Acap  196203272 1219 1280 1250 1189 1097 1006  914  914  945 1097 1189 1372
316A Acap  196203281 1494 1585 1585 1524 1433 1280 1158 1036 1006 1006 1036 1128
316A Acap  196203282 1219 1280 1280 1250 1158 1036  945  884  884  975 1128 1280
316A Acap  196203291 1463 1585 1615 1585 1494 1372 1219 1097 1006 1006 1067 1128
316A Acap  196203292 1219 1280 1341 1280 1219 1097  975  884  884  945 1036 1189
316A Acap  196203301 1341 1524 1585 1615 1524 1433 1280 1128 1067 1036 1036 1128
316A Acap  196203302 1219 1280 1311 1341 1280 1158 1036  914  884  884  975 1128
316A Acap  196203311 1280 1433 1524 1585 1585 1494 1341 1219 1097 1067 1067 1097
316A Acap  196203312 1189 1280 1341 1372 1311 1250 1128  975  884  884  914 1036
316A Acap  196204011 1158 1341 1494 1554 1554 1494 1402 1280 1128 1036 1036 1097
316A Acap  196204012 1158 1250 1341 1372 1372 1280 1189 1067  945  884  884  945
316A Acap  196204021 1067 1219 1341 1463 1494 1463 1402 1311 1189 1097 1036 1036
316A Acap  196204022 1097 1189 1280 1372 1372 1372 1311 1189 1097 1006  975  975
316A Acap  196204031 1036 1128 1250 1341 1402 1463 1402 1341 1219 1097 1036 1006
316A Acap  196204032 1036 1097 1189 1311 1372 1402 1402 1341 1280 1219 1128 1067
316A Acap  196204041 1067 1067 1128 1219 1311 1372 1372 1372 1311 1189 1097 1067
316A Acap  196204042 1006 1036 1067 1158 1250 1341 1402 1433 1433 1372 1280 1189
316A Acap  196204051 1158 1128 1128 1158 1219 1280 1341 1341 1341 1311 1250 1189
316A Acap  196204052 1097 1036 1036 1067 1128 1250 1341 1402 1494 1524 1494 1433
316A Acap  196204061 1341 1250 1158 1128 1128 1128 1189 1250 1311 1341 1311 1250
316A Acap  196204062 1189 1097 1006  975 1006 1067 1189 1341 1463 1554 1615 1615
316A Acap  196204071 1554 1463 1341 1189 1097 1097 1097 1128 1219 1311 1372 1372
316A Acap  196204072 1311 1219 1128 1006  945  945 1036 1158 1341 1494 1646 1707
316A Acap  196204081 1676 1615 1463 1311 1158 1036 1006 1036 1128 1219 1341 1372
316A Acap  196204082 1402 1341 1219 1097  975  914  945 1006 1189 1372 1554 1707
316A Acap  196204091 1768 1737 1646 1463 1250 1097 1006  975 1036 1128 1250 1372
316A Acap  196204092 1433 1402 1311 1219 1067  914  884  914 1006 1189 1402 1585
316A Acap  196204101 1707 1768 1707 1585 1402 1219 1067  975  975 1006 1158 1280
316A Acap  196204102 1402 1463 1402 1311 1189 1006  914  853  914 1036 1219 1433
316A Acap  196204111 1585 1737 1768 1707 1554 1372 1189 1036  975 1036 1128 1250
316A Acap  196204112 1372 1463 1494 1463 1341 1189 1067  945  945 1006 1128 1311
316A Acap  196204121 1524 1676 1737 1737 1646 1494 1311 1158 1067 1036 1097 1219
316A Acap  196204122 1341 1433 1494 1494 1402 1311 1189 1067  975 1006 1097 1250
316A Acap  196204131 1402 1554 1676 1707 1676 1585 1433 1280 1158 1097 1067 1158
316A Acap  196204132 1250 1372 1463 1494 1494 1402 1280 1158 1067 1006 1067 1158
316A Acap  196204141 1280 1463 1585 1646 1646 1585 1494 1341 1189 1128 1097 1128
316A Acap  196204142 1189 1280 1402 1463 1494 1433 1372 1250 1158 1128 1097 1158
316A Acap  196204151 1250 1372 1463 1554 1615 1585 1524 1402 1280 1219 1158 1158
316A Acap  196204152 1219 1311 1402 1494 1524 1494 1433 1341 1250 1189 1158 1158
316A Acap  196204161 1219 1311 1402 1463 1524 1524 1463 1402 1311 1219 1189 1158
316A Acap  196204162 1219 1280 1341 1433 1463 1494 1463 1433 1372 1280 1219 1219
316A Acap  196204171 1250 1311 1372 1402 1433 1463 1463 1402 1341 1280 1219 1189
316A Acap  196204172 1219 1250 1311 1372 1433 1463 1463 1433 1402 1372 1311 1280
316A Acap  196204181 1250 1280 1311 1341 1341 1372 1372 1341 1311 1280 1280 1219
316A Acap  196204182 1219 1219 1250 1280 1341 1372 1372 1402 1402 1402 1372 1341
316A Acap  196204191 1341 1311 1311 1311 1311 1311 1311 1311 1280 1280 1280 1280
316A Acap  196204192 1250 1250 1250 1280 1311 1372 1433 1463 1494 1494 1494 1494
316A Acap  196204201 1463 1402 1341 1311 1311 1280 1280 1311 1311 1280 1280 1280
316A Acap  196204202 1280 1250 1219 1250 1280 1311 1372 1402 1463 1524 1554 1554
316A Acap  196204211 1524 1463 1372 1341 1280 1250 1250 1219 1250 1311 1311 1341
316A Acap  196204212 1311 1311 1250 1250 1250 1250 1311 1402 1494 1554 1615 1646
316A Acap  196204221 1615 1585 1463 1372 1311 1219 1189 1189 1219 1250 1311 1311
316A Acap  196204222 1311 1311 1250 1189 1189 1189 1219 1280 1372 1494 1585 1615
316A Acap  196204231 1646 1585 1524 1402 1311 1219 1158 1128 1128 1189 1250 1311
316A Acap  196204232 1311 1311 1280 1189 1158 1128 1158 1219 1341 1433 1554 1646
316A Acap  196204241 1707 1676 1585 1494 1341 1250 1189 1128 1128 1189 1250 1280
316A Acap  196204242 1341 1311 1280 1219 1128 1097 1097 1128 1219 1372 1494 1615
316A Acap  196204251 1707 1737 1646 1524 1402 1280 1158 1128 1128 1158 1219 1280
316A Acap  196204252 1311 1341 1311 1250 1158 1097 1067 1067 1158 1280 1463 1585
316A Acap  196204261 1707 1768 1737 1646 1524 1372 1250 1158 1128 1158 1219 1311
316A Acap  196204262 1372 1402 1372 1311 1219 1128 1067 1036 1067 1189 1341 1494
316A Acap  196204271 1646 1737 1737 1676 1585 1433 1280 1189 1128 1158 1219 1341
316A Acap  196204272 1402 1433 1463 1402 1311 1189 1097 1006 1006 1097 1219 1402
316A Acap  196204281 1554 1676 1737 1707 1615 1494 1341 1189 1128 1128 1189 1250
316A Acap  196204282 1372 1433 1463 1463 1402 1280 1158 1067 1006 1067 1158 1311
316A Acap  196204291 1463 1585 1676 1707 1646 1524 1341 1219 1158 1097 1128 1219
316A Acap  196204292 1341 1463 1524 1524 1463 1372 1250 1128 1036 1036 1097 1219
316A Acap  196204301 1372 1494 1615 1646 1646 1524 1402 1219 1158 1067 1067 1128
316A Acap  196204302 1250 1372 1463 1524 1524 1494 1372 1250 1128 1097 1097 1128
316A Acap  196205011 1250 1372 1494 1554 1554 1524 1433 1311 1158 1097 1067 1097
316A Acap  196205012 1158 1280 1402 1494 1554 1554 1494 1402 1311 1219 1158 1128
316A Acap  196205021 1189 1280 1341 1402 1433 1463 1402 1280 1189 1067 1006 1006
316A Acap  196205022 1006 1097 1219 1341 1433 1494 1524 1494 1402 1311 1250 1219
316A Acap  196205031 1219 1189 1250 1341 1372 1372 1341 1341 1250 1158 1097 1036
316A Acap  196205032 1006 1067 1128 1250 1372 1463 1524 1554 1554 1524 1433 1311
316A Acap  196205041 1250 1189 1158 1189 1189 1219 1280 1280 1280 1250 1128 1097
316A Acap  196205042 1036 1006 1036 1067 1189 1311 1433 1554 1585 1585 1585 1494
316A Acap  196205051 1402 1311 1219 1128 1097 1128 1189 1250 1250 1280 1219 1189
316A Acap  196205052 1128 1036 1006 1006 1036 1128 1311 1433 1554 1646 1737 1646
316A Acap  196205061 1554 1433 1311 1189 1097 1097 1097 1158 1280 1341 1372 1311
316A Acap  196205062 1250 1158 1067 1036 1036 1067 1189 1311 1463 1646 1737 1768
316A Acap  196205071 1707 1615 1433 1280 1158 1036 1036 1128 1189 1250 1341 1402
316A Acap  196205072 1372 1311 1158 1067  975  975 1036 1158 1311 1463 1615 1768
316A Acap  196205081 1798 1768 1585 1402 1250 1128 1067 1036 1097 1158 1280 1372
316A Acap  196205082 1433 1372 1280 1189 1067  975  975 1006 1158 1341 1524 1676
316A Acap  196205091 1768 1798 1707 1585 1372 1189 1067 1006 1036 1097 1219 1341
316A Acap  196205092 1433 1463 1402 1311 1189 1097 1006 1006 1067 1189 1372 1524
316A Acap  196205101 1676 1707 1707 1615 1463 1311 1158 1036 1036 1067 1128 1280
316A Acap  196205102 1402 1433 1463 1402 1280 1189 1097 1067 1067 1189 1280 1463
316A Acap  196205111 1615 1737 1768 1676 1585 1433 1280 1158 1067 1036 1128 1250
316A Acap  196205112 1552 1613 1644 1552 1400 1217 1156 1125 1095 1217 1308 1430
316A Acap  196205121 1583 1704 1765 1735 1613 1491 1339 1217 1095 1034 1064 1186
316A Acap  196205122 1308 1400 1461 1491 1461 1400 1339 1217 1156 1156 1217 1308
316A Acap  196205131 1461 1583 1613 1644 1644 1583 1461 1278 1186 1125 1125 1217
316A Acap  196205132 1308 1430 1491 1491 1491 1461 1369 1278 1186 1186 1217 1247
316A Acap  196205141 1400 1491 1522 1583 1583 1522 1491 1369 1247 1186 1186 1186
316A Acap  196205142 1278 1369 1461 1491 1522 1552 1491 1400 1339 1278 1278 1308
316A Acap  196205151 1339 1430 1491 1552 1552 1522 1461 1400 1339 1247 1186 1186
316A Acap  196205152 1247 1308 1400 1491 1491 1552 1552 1491 1461 1369 1369 1308
316A Acap  196205161 1339 1400 1430 1461 1491 1461 1461 1400 1308 1247 1247 1217
316A Acap  196205162 1247 1308 1369 1430 1491 1491 1522 1522 1491 1430 1369 1369
316A Acap  196205171 1339 1369 1400 1430 1430 1430 1406 1364 1305 1250 1211 1192
316A Acap  196205172 1199 1236 1297 1369 1440 1497 1533 1545 1524 1482 1437 1397
316A Acap  196205181 1366 1350 1347 1352 1357 1352 1339 1308 1247 1247 1217 1186
316A Acap  196205182 1186 1186 1217 1278 1369 1430 1491 1522 1552 1552 1552 1522
316A Acap  196205191 1430 1369 1369 1339 1308 1247 1247 1278 1247 1217 1217 1217
316A Acap  196205192 1217 1186 1217 1256 1317 1348 1439 1500 1561 1561 1561 1592
316A Acap  196205201 1531 1439 1348 1287 1226 1226 1226 1226 1226 1226 1226 1256
316A Acap  196205202 1226 1195 1195 1195 1226 1317 1409 1500 1561 1622 1622 1622
316A Acap  196205211 1592 1500 1439 1317 1287 1226 1195 1226 1226 1287 1287 1287
316A Acap  196205212 1256 1195 1195 1195 1195 1226 1287 1409 1500 1592 1653 1714
316A Acap  196205221 1683 1592 1531 1409 1317 1226 1195 1195 1226 1226 1287 1317
316A Acap  196205222 1287 1287 1195 1165 1165 1165 1256 1317 1439 1561 1653 1714
316A Acap  196205231 1744 1683 1592 1439 1348 1256 1195 1165 1134 1195 1256 1287
316A Acap  196205232 1317 1287 1226 1195 1134 1104 1134 1226 1317 1439 1592 1714
316A Acap  196205241 1744 1714 1622 1500 1348 1256 1165 1134 1134 1195 1256 1317
316A Acap  196205242 1378 1378 1317 1287 1195 1165 1134 1195 1256 1378 1531 1683
316A Acap  196205251 1774 1774 1714 1592 1439 1317 1195 1165 1134 1195 1287 1378
316A Acap  196205252 1439 1470 1439 1378 1226 1134 1104 1104 1165 1317 1470 1592
316A Acap  196205261 1714 1774 1774 1683 1500 1348 1226 1134 1104 1165 1226 1378
316A Acap  196205262 1409 1470 1500 1439 1348 1226 1134 1104 1134 1195 1317 1470
316A Acap  196205271 1592 1653 1714 1683 1561 1409 1256 1165 1104 1104 1195 1287
316A Acap  196205272 1409 1500 1561 1561 1470 1378 1287 1195 1104 1134 1195 1317
316A Acap  196205281 1470 1592 1683 1622 1561 1439 1317 1165 1073 1073 1104 1226
316A Acap  196205282 1348 1470 1531 1561 1561 1470 1378 1256 1195 1165 1195 1287
316A Acap  196205291 1409 1500 1561 1622 1561 1470 1348 1226 1104 1043 1043 1134
316A Acap  196205292 1287 1378 1500 1561 1592 1561 1470 1378 1287 1195 1195 1226
316A Acap  196205301 1287 1409 1470 1561 1561 1439 1348 1256 1165 1073 1012 1012
316A Acap  196205302 1165 1287 1378 1500 1622 1653 1622 1531 1439 1378 1317 1287
316A Acap  196205311 1317 1378 1409 1470 1531 1500 1470 1409 1226 1104 1073 1043
316A Acap  196205312 1073 1165 1317 1439 1592 1653 1714 1683 1622 1531 1439 1378
316A Acap  196206011 1287 1317 1348 1378 1470 1439 1439 1409 1348 1256 1165 1134
316A Acap  196206012 1073 1134 1226 1348 1500 1622 1683 1714 1744 1683 1592 1500
316A Acap  196206021 1378 1317 1287 1317 1348 1409 1378 1409 1378 1317 1226 1165
316A Acap  196206022 1134 1104 1134 1226 1348 1470 1592 1744 1774 1774 1714 1622
316A Acap  196206031 1500 1409 1348 1287 1256 1287 1348 1378 1409 1409 1348 1256
316A Acap  196206032 1195 1165 1104 1134 1226 1317 1470 1622 1744 1774 1805 1774
316A Acap  196206041 1653 1561 1378 1287 1226 1195 1226 1317 1378 1409 1378 1348
316A Acap  196206042 1287 1226 1165 1134 1134 1195 1317 1470 1592 1714 1835 1866
316A Acap  196206051 1774 1653 1500 1317 1195 1134 1165 1226 1287 1348 1409 1409
316A Acap  196206052 1348 1317 1195 1104 1073 1073 1165 1317 1470 1622 1744 1805
316A Acap  196206061 1805 1714 1561 1439 1287 1165 1134 1104 1195 1287 1378 1439
316A Acap  196206062 1439 1409 1317 1195 1134 1104 1165 1226 1317 1439 1622 1744
316A Acap  196206071 1744 1744 1622 1500 1317 1195 1104 1073 1134 1226 1348 1439
316A Acap  196206072 1470 1500 1409 1317 1226 1134 1104 1165 1226 1348 1500 1653
316A Acap  196206081 1744 1774 1744 1622 1470 1317 1195 1134 1104 1195 1287 1409
316A Acap  196206082 1500 1561 1500 1439 1348 1226 1165 1165 1226 1317 1470 1622
316A Acap  196206091 1714 1774 1744 1653 1561 1409 1256 1195 1165 1195 1317 1409
316A Acap  196206092 1500 1561 1592 1561 1500 1378 1317 1287 1256 1317 1409 1561
316A Acap  196206101 1683 1744 1774 1774 1683 1592 1409 1287 1226 1256 1287 1348
316A Acap  196206102 1470 1561 1653 1622 1592 1531 1409 1348 1317 1317 1378 1470
316A Acap  196206111 1592 1683 1714 1714 1653 1531 1409 1256 1165 1134 1226 1317
316A Acap  196206112 1439 1531 1622 1653 1622 1561 1500 1409 1317 1287 1348 1409
316A Acap  196206121 1500 1592 1653 1653 1622 1531 1439 1317 1226 1195 1195 1287
316A Acap  196206122 1378 1470 1592 1622 1653 1592 1531 1470 1378 1348 1348 1348
316A Acap  196206131 1439 1531 1592 1622 1592 1500 1409 1287 1226 1134 1165 1195
316A Acap  196206132 1256 1378 1531 1592 1592 1592 1561 1500 1409 1378 1378 1348
316A Acap  196206141 1409 1470 1531 1531 1561 1500 1439 1317 1256 1195 1195 1226
316A Acap  196206142 1287 1378 1500 1592 1653 1683 1653 1622 1592 1531 1500 1500
316A Acap  196206151 1500 1531 1531 1561 1561 9999 9999 9999 9999 9999 9999 9999
316A Acap  196206152 9999 9999 9999 9999 9999 9999 9999 9999 9999 9999 9999 9999
316A Acap  196206161 9999 9999 9999 9999 9999 9999 9999 9999 9999 9999 1226 1226
316A Acap  196206162 1256 1317 1409 1500 1561 1683 1714 1744 1744 1683 1653 1622
316A Acap  196206171 1561 1500 1470 1470 1470 9999 9999 9999 9999 9999 9999 9999
316A Acap  196206172 9999 9999 9999 9999 9999 9999 9999 9999 9999 9999 9999 9999
316A Acap  196206181 9999 9999 9999 9999 9999 9999 9999 9999 9999 9999 9999 9999
316A Acap  196206182 1195 1195 1195 1256 1378 1531 1531 1683 1744 1774 1774 1744
316A Acap  196206191 1683 1592 1470 1439 1439 1409 1378 1348 1348 1317 1317 1317
316A Acap  196206192 1287 1226 1195 1226 1317 1409 1500 1622 1714 1774 1774 1744
316A Acap  196206201 1653 1592 1500 1409 1378 1348 1348 1317 1378 1409 1378 1317
316A Acap  196206202 1287 1256 1226 1226 1226 1317 1409 1561 1653 1714 1805 1805
316A Acap  196206211 1774 1683 1592 1439 1348 1287 1287 1287 1348 1378 1378 1409
316A Acap  196206212 1348 1317 1256 1195 1165 1256 1287 1409 1531 1653 1774 1805
316A Acap  196206221 1774 1744 1622 1500 1378 1287 1287 1287 1317 1378 1378 1470
316A Acap  196206222 1470 1409 1378 1287 1195 1195 1226 1348 1470 1592 1714 1835
316A Acap  196206231 1866 1866 1774 1622 1500 1378 1287 1287 1317 1378 1500 1561
316A Acap  196206232 1653 1683 1592 1439 1409 1348 1317 1317 1439 1592 1714 1835
316A Acap  196206241 1927 1957 1866 1774 1653 1500 1378 1287 1287 1348 1470 1592
316A Acap  196206242 1683 1744 1714 1653 1531 1439 1348 1287 1317 1409 1500 1653
316A Acap  196206251 1714 1866 1805 1744 1622 1439 1287 1256 1195 1226 1348 1470
316A Acap  196206252 1592 1683 1744 1744 1683 1592 1439 1348 1317 1348 1409 1500
316A Acap  196206261 1622 1714 1744 1714 1622 1531 1378 1226 1134 1104 1195 1317
316A Acap  196206262 1500 1653 1744 1805 1774 1683 1622 1531 1409 1317 1348 1409
316A Acap  196206271 1531 1653 1714 1683 1622 1500 1409 1287 1165 1104 1134 1256
316A Acap  196206272 1409 1622 1683 1805 1835 1805 1744 1622 1500 1409 1348 1409
316A Acap  196206281 1439 1531 1592 1622 1592 1561 1470 1348 1226 1165 1104 1134
316A Acap  196206282 1256 1439 1592 1714 1805 1866 1744 1714 1592 1500 1439 1409
316A Acap  196206291 1409 1470 1500 1592 1592 1531 1439 1378 1287 1134 1073 1043
316A Acap  196206292 1134 1287 1439 1592 1714 1805 1805 1774 1714 1622 1500 1378
316A Acap  196206301 1378 1378 1470 1531 1500 1561 1531 1500 1348 1256 1165 1134
316A Acap  196206302 1134 1165 1317 1500 1592 1714 1805 1866 1805 1744 1683 1592
316A Acap  196207011 1500 1409 1409 1439 1470 1500 1500 1500 1439 1317 1256 1195
316A Acap  196207012 1165 1195 1226 1348 1500 1622 1774 1866 1896 1866 1805 1683
316A Acap  196207021 1592 1470 1439 1409 1409 1409 1500 1470 1409 1409 1317 1256
316A Acap  196207022 1226 1165 1195 1226 1348 1470 1561 1683 1805 1835 1805 1714
316A Acap  196207031 1622 1470 1439 1317 1287 1287 1287 1378 1439 1378 1378 1348
316A Acap  196207032 1256 1165 1134 1165 1226 1317 1439 1561 1683 1744 1774 1744
316A Acap  196207041 1683 1531 1470 1378 1317 1287 1287 1317 1378 1439 1439 1409
316A Acap  196207042 1378 1317 1226 1226 1256 1287 1378 1500 1622 1774 1835 1866
316A Acap  196207051 1835 1774 1683 1531 1439 1348 1287 1348 1439 1500 1592 1592
316A Acap  196207052 1592 1561 1470 1409 1409 1348 1409 1500 1622 1744 1835 1896
316A Acap  196207061 1927 1866 1805 1683 1531 1439 1409 1348 1378 1470 1561 1592
316A Acap  196207062 1653 1683 1622 1500 1409 1378 1348 1378 1439 1592 1683 1744
316A Acap  196207071 1805 1835 1774 1592 1470 1378 1317 1256 1256 1287 1378 1439
316A Acap  196207072 1500 1531 1561 1470 1409 1317 1256 1226 1256 1378 1500 1592
316A Acap  196207081 1683 1714 1714 1561 1500 1378 1256 1195 1165 1195 1317 1409
316A Acap  196207082 1531 1592 1592 1531 1439 1378 1317 1287 1348 1378 1470 1561
316A Acap  196207091 1683 1744 1774 1683 1561 1409 1287 1226 1226 1226 1317 1439
316A Acap  196207092 1500 1622 1653 1683 1592 1470 1378 1348 1317 1348 1409 1500
316A Acap  196207101 1622 1683 1683 1653 1531 1470 1378 1256 1195 1195 1287 1378
316A Acap  196207102 1470 1622 1714 1653 1653 1592 1500 1409 1378 1348 1409 1470
316A Acap  196207111 1561 1622 1653 1592 1531 1470 1317 1226 1195 1165 1195 1287
316A Acap  196207112 1409 1531 1592 1653 1622 1592 1531 1439 1409 1348 1348 1409
316A Acap  196207121 1439 1500 1500 1500 1470 1378 1317 1165 1104 1073 1165 1256
316A Acap  196207122 1287 1439 1561 1622 1683 1622 1561 1439 1378 1348 1317 1317
316A Acap  196207131 1409 1470 1470 1470 1439 1378 1317 1165 1043 1043 1043 1134
316A Acap  196207132 1195 1317 1470 1561 1592 1622 1592 1531 1439 1317 1287 1317
316A Acap  196207141 1348 1378 1409 1439 1378 1317 1256 1195 1073 1043 1012 1043
316A Acap  196207142 1104 1195 1378 1500 1500 1561 1592 1561 1470 1348 1317 1256
316A Acap  196207151 1256 1287 1348 1378 1348 1287 1287 1195 1134 1012  952  952
316A Acap  196207152  982 1104 1256 1378 1500 1592 1622 1622 1561 1531 1439 1409
316A Acap  196207161 1378 1409 1378 1439 1439 1348 1348 1287 1195 1134 1043  982
316A Acap  196207162 1043 1165 1256 1378 1470 1592 1683 1683 1714 1653 1622 1561
316A Acap  196207171 1531 1470 1470 1470 1470 1470 1439 1378 1348 1256 1195 1134
316A Acap  196207172 1104 1165 1226 1348 1409 1561 1653 1714 1744 1744 1714 1653
316A Acap  196207181 1592 1500 1470 1439 1500 1470 1409 1409 1470 1409 1287 1287
316A Acap  196207182 1226 1226 1256 1256 1378 1500 1531 1683 1744 1774 1744 1683
316A Acap  196207191 1622 1592 1531 1439 1409 1378 1409 1439 1470 1439 1409 1348
316A Acap  196207192 1287 1256 1226 1226 1287 1378 1470 1561 1653 1774 1805 1774
316A Acap  196207201 1744 1592 1500 1409 1348 1317 1317 1348 1348 1409 1470 1439
316A Acap  196207202 1378 1317 1256 1226 1226 1287 1317 1409 1531 1653 1805 1835
316A Acap  196207211 1744 1683 1531 1409 1287 1226 1195 1226 1317 1409 1531 1592
316A Acap  196207212 1592 1531 1378 1317 1256 1226 1256 1348 1439 1531 1653 1744
316A Acap  196207221 1774 1683 1592 1439 1317 1226 1165 1165 1256 1348 1500 1592
316A Acap  196207222 1622 1622 1531 1470 1348 1226 1195 1195 1226 1439 1531 1653
316A Acap  196207231 1744 1744 1714 1531 1409 1256 1134 1134 1165 1226 1378 1470
316A Acap  196207232 1592 1653 1622 1592 1500 1409 1287 1226 1256 1317 1409 1531
316A Acap  196207241 1653 1653 1622 1561 1439 1287 1165 1043 1012 1134 1226 1409
316A Acap  196207242 1561 1653 1683 1653 1653 1531 1378 1287 1256 1256 1287 1439
316A Acap  196207251 1561 1622 1653 1592 1470 1287 1134 1012  982  982 1104 1256
316A Acap  196207252 1409 1622 1744 1774 1774 1683 1500 1348 1256 1226 1287 1348
316A Acap  196207261 1439 1531 1592 1592 1500 1378 1287 1134 1012  952 1012 1104
316A Acap  196207262 1256 1470 1592 1714 1744 1744 1653 1531 1409 1348 1287 1317
316A Acap  196207271 1409 1470 1531 1592 1561 1500 1409 1256 1134 1012 1012 1104
316A Acap  196207272 1226 1378 1561 1744 1835 1866 1805 1744 1592 1409 1348 1317
316A Acap  196207281 1378 1409 1531 1531 1561 1561 1470 1348 1256 1134 1073 1104
316A Acap  196207282 1195 1317 1500 1622 1774 1835 1866 1774 1683 1592 1500 1470
316A Acap  196207291 1439 1470 1470 1531 1592 1561 1531 1439 1348 1226 1134 1134
316A Acap  196207292 1195 1287 1378 1561 1683 1774 1835 1805 1805 1714 1622 1561
316A Acap  196207301 1470 1439 1439 1470 1500 1500 1531 1500 1409 1317 1256 1165
316A Acap  196207302 1195 1256 1317 1409 1531 1653 1774 1805 1805 1805 1714 1653
316A Acap  196207311 1561 1470 1470 1439 1531 1531 1531 1500 1531 1439 1378 1317
316A Acap  196207312 1287 1256 1317 1409 1470 1592 1653 1744 1744 1774 1744 1683
316A Acap  196208011 1622 1561 1470 1470 1439 1409 1470 1439 1439 1439 1409 1378
316A Acap  196208012 1348 1287 1317 1348 1378 1470 1561 1653 1714 1774 1774 1744
316A Acap  196208021 1653 1561 1500 1439 1378 1378 1439 1439 1470 1500 1500 1470
316A Acap  196208022 1439 1378 1378 1317 1348 1378 1470 1531 1622 1714 1744 1744
316A Acap  196208031 1714 1622 1531 1470 1378 1348 1348 1378 1439 1500 1531 1561
316A Acap  196208032 1531 1500 1439 1409 1378 1378 1409 1470 1561 1622 1744 1774
316A Acap  196208041 1744 1744 1592 1500 1378 1348 1317 1287 1348 1439 1500 1561
316A Acap  196208042 1531 1531 1500 1409 1378 1317 1287 1317 1409 1500 1653 1714
316A Acap  196208051 1714 1683 1622 1500 1378 1256 1226 1226 1256 1348 1409 1500
316A Acap  196208052 1592 1592 1592 1500 1409 1348 1348 1348 1409 1470 1592 1653
316A Acap  196208061 1714 1744 1653 1561 1470 1348 1287 1226 1256 1317 1439 1531
316A Acap  196208062 1622 1683 1683 1622 1561 1439 1409 1378 1378 1439 1531 1622
316A Acap  196208071 1683 1683 1683 1592 1500 1409 1287 1195 1226 1317 1378 1500
316A Acap  196208072 1592 1683 1683 1653 1622 1561 1500 1439 1378 1439 1531 1592
316A Acap  196208081 1683 1714 1714 1653 1592 1470 1317 1226 1226 1287 1378 1531
316A Acap  196208082 1622 1714 1744 1744 1714 1622 1500 1409 1378 1409 1439 1531
316A Acap  196208091 1592 1653 1683 1653 1561 1439 1317 1226 1165 1195 1317 1439
316A Acap  196208092 1531 1653 1744 1774 1744 1653 1561 1470 1409 1378 1409 1470
316A Acap  196208101 1561 1622 1622 1622 1592 1470 1348 1226 1134 1165 1226 1317
316A Acap  196208102 1470 1592 1714 1805 1774 1683 1592 1531 1409 1409 1409 1439
316A Acap  196208111 1500 1561 1622 1592 1531 1409 1317 1226 1134 1134 1134 1256
316A Acap  196208112 1409 1531 1653 1744 1744 1683 1592 1500 1439 1409 1409 1439
316A Acap  196208121 1500 1561 1592 1592 1531 1439 1348 1226 1134 1073 1073 1165
316A Acap  196208122 1287 1439 1592 1744 1744 1744 1744 1683 1592 1500 1439 1470
316A Acap  196208131 1500 1531 1531 1561 1561 1470 1409 1287 1195 1134 1104 1165
316A Acap  196208132 1287 1409 1531 1714 1774 1805 1774 1744 1653 1561 1500 1470
316A Acap  196208141 1500 1531 1531 1592 1592 1561 1500 1409 1317 1195 1134 1104
316A Acap  196208142 1134 1256 1409 1561 1622 1714 1774 1774 1683 1622 1561 1470
316A Acap  196208151 1470 1439 1500 1531 1561 1531 1500 1439 1348 1256 1195 1134
316A Acap  196208152 1104 1165 1287 1409 1531 1653 1714 1744 1744 1714 1622 1531
316A Acap  196208161 1500 1439 1439 1470 1531 1531 1531 1500 1439 1409 1317 1226
316A Acap  196208162 1165 1195 1226 1348 1470 1592 1653 1714 1744 1744 1683 1592
316A Acap  196208171 1561 1470 1409 1409 1439 1500 1500 1531 1531 1500 1439 1378
316A Acap  196208172 1287 1256 1226 1226 1317 1439 1531 1622 1683 1744 1744 1683
316A Acap  196208181 1592 1470 1378 1317 1287 1378 1409 1470 1531 1561 1592 1561
316A Acap  196208182 1470 1409 1317 1287 1287 1317 1378 1470 1561 1683 1744 1744
316A Acap  196208191 1653 1561 1470 1378 1287 1256 1256 1348 1439 1561 1653 1683
316A Acap  196208192 1653 1592 1470 1409 1317 1287 1287 1348 1439 1531 1653 1714
316A Acap  196208201 1714 1653 1531 1378 1256 1165 1134 1165 1256 1409 1561 1653
316A Acap  196208202 1774 1744 1653 1531 1409 1256 1226 1226 1256 1378 1531 1653
316A Acap  196208211 1683 1683 1592 1470 1317 1195 1134 1104 1165 1317 1500 1683
316A Acap  196208212 1805 1866 1835 1744 1561 1409 1317 1256 1226 1348 1470 1592
316A Acap  196208221 1683 1744 1714 1592 1409 1287 1134 1073 1104 1195 1348 1592
316A Acap  196208222 1774 1866 1866 1866 1744 1561 1439 1317 1226 1256 1348 1470
316A Acap  196208231 1592 1714 1714 1653 1531 1348 1226 1104 1043 1104 1226 1439
316A Acap  196208232 1622 1774 1927 1957 1896 1774 1622 1439 1348 1287 1317 1439
316A Acap  196208241 1561 1622 1683 1653 1561 1409 1226 1104  952  982 1073 1256
316A Acap  196208242 1409 1592 1744 1835 1835 1774 1683 1531 1409 1287 1317 1378
316A Acap  196208251 1470 1531 1592 1653 1653 1561 1378 1226 1104 1043 1043 1134
316A Acap  196208252 1287 1500 1622 1774 1866 1835 1774 1653 1500 1409 1317 1348
316A Acap  196208261 1409 1470 1561 1653 1653 1561 1470 1317 1165 1104 1043 1104
316A Acap  196208262 1195 1348 1531 1653 1774 1805 1774 1714 1592 1470 1439 1378
316A Acap  196208271 1409 1439 1500 1561 1592 1592 1531 1439 1287 1165 1134 1104
316A Acap  196208272 1195 1287 1439 1561 1653 1744 1744 1714 1653 1561 1470 1409
316A Acap  196208281 1378 1409 1470 1500 1531 1561 1531 1439 1348 1256 1226 1165
316A Acap  196208282 1195 1226 1348 1439 1531 1622 1683 1714 1683 1653 1561 1500
316A Acap  196208291 1439 1409 1409 1439 1439 1500 1500 1470 1439 1378 1287 1256
316A Acap  196208292 1256 1256 1256 1348 1439 1531 1592 1622 1653 1653 1622 1561
316A Acap  196208301 1470 1409 1409 1378 1378 1439 1439 1500 1470 1439 1439 1409
316A Acap  196208302 1348 1317 1317 1348 1378 1439 1531 1592 1622 1683 1683 1592
316A Acap  196208311 1561 1500 1470 1409 1378 1409 1409 1439 1500 1531 1531 1531
316A Acap  196208312 1531 1470 1409 1378 1378 1378 1439 1500 1592 1622 1653 1653
316A Acap  196209011 1592 1531 1470 1409 1378 1378 1348 1378 1439 1470 1500 1531
316A Acap  196209012 1500 1439 1378 1317 1287 1256 1317 1317 1409 1500 1531 1561
316A Acap  196209021 1561 1531 1439 1348 1287 1256 1287 1287 1348 1439 1531 1561
316A Acap  196209022 1531 1500 1439 1348 1287 1226 1226 1256 1317 1378 1470 1500
316A Acap  196209031 1531 1500 1439 1378 1287 1226 1226 1256 1287 1409 1500 1592
316A Acap  196209032 1592 1592 1531 1409 1317 1256 1226 1226 1256 1287 1378 1470
316A Acap  196209041 1500 1500 1439 1348 1256 1165 1104 1134 1165 1287 1409 1500
316A Acap  196209042 1561 1592 1561 1470 1348 1195 1165 1134 1165 1226 1317 1409
316A Acap  196209051 1500 1500 1470 1348 1256 1165 1104 1104 1165 1256 1378 1500
316A Acap  196209052 1592 1653 1653 1592 1500 1409 1317 1287 1256 1256 1317 1409
316A Acap  196209061 1500 1500 1500 1439 1348 1256 1165 1104 1134 1195 1317 1439
316A Acap  196209062 1592 1653 1683 1683 1561 1500 1348 1256 1226 1226 1287 1348
316A Acap  196209071 1439 1500 1500 1470 1378 1226 1165 1134 1134 1195 1317 1470
316A Acap  196209072 1592 1714 1744 1744 1683 1561 1439 1348 1256 1256 1287 1348
316A Acap  196209081 1470 1531 1561 1500 1409 1317 1195 1134 1104 1165 1256 1378
316A Acap  196209082 1531 1683 1744 1774 1744 1622 1500 1409 1317 1256 1287 1348
316A Acap  196209091 1439 1500 1531 1500 1439 1348 1195 1104 1073 1073 1134 1287
316A Acap  196209092 1439 1592 1683 1774 1744 1683 1561 1439 1378 1317 1348 1378
316A Acap  196209101 1439 1531 1561 1531 1470 1348 1226 1134 1043 1043 1104 1195
316A Acap  196209102 1317 1470 1622 1683 1714 1653 1592 1500 1409 1348 1317 1378
316A Acap  196209111 1439 1531 1561 1592 1531 1470 1317 1226 1104 1043 1043 1104
316A Acap  196209112 1256 1409 1531 1653 1683 1683 1622 1531 1470 1378 1348 1378
316A Acap  196209121 1439 1500 1531 1592 1592 1531 1439 1317 1195 1134 1073 1073
316A Acap  196209122 1134 1256 1378 1531 1622 1683 1653 1622 1531 1409 1348 1317
316A Acap  196209131 1317 1378 1470 1500 1531 1531 9999 9999 9999 9999 9999 9999
316A Acap  196209132 9999 9999 9999 9999 9999 9999 9999 9999 9999 9999 9999 9999
316A Acap  196209141 9999 9999 9999 9999 9999 9999 9999 1531 1470 1348 1287 1226
316A Acap  196209142 1195 1195 1226 1256 1348 1439 1470 1561 1592 1592 1500 1439
316A Acap  196209151 1378 1317 1317 1317 1348 1439 1500 1561 1592 1561 1500 1439
316A Acap  196209152 1348 1256 1226 1256 1287 1348 1439 1531 1592 1592 1592 1500
316A Acap  196209161 1378 1317 1226 1165 1226 1317 1378 1500 1622 1653 1653 1622
316A Acap  196209162 1561 1439 1317 1226 1226 1256 1287 1348 1470 1561 1592 1561
316A Acap  196209171 1470 1378 1256 1134 1104 1134 1226 1317 1500 1622 1714 1744
316A Acap  196209172 1714 1653 1470 1378 1256 1195 1226 1287 1348 1500 1592 1653
316A Acap  196209181 1622 1531 1409 1256 1165 1134 1134 1195 1348 1531 1714 1835
316A Acap  196209182 1866 1805 1744 1592 1409 1256 1195 1195 1256 1378 1470 1622
316A Acap  196209191 1653 1592 1500 1348 1226 1134 1104 1104 1226 1409 1592 1744
316A Acap  196209192 1835 1896 1835 1714 1561 1409 1287 1226 1256 1317 1439 1561
316A Acap  196209201 1683 1683 1622 1500 1348 1165 1073 1043 1104 1226 1409 1653
316A Acap  196209202 1805 1896 1896 1835 1683 1500 1348 1226 1226 1256 1348 1500
316A Acap  196209211 1653 1714 1653 1592 1439 1256 1104 1012 1043 1104 1256 1439
316A Acap  196209212 1653 1805 1866 1835 1744 1592 1409 1287 1226 1226 1287 1409
316A Acap  196209221 1531 1653 1744 1714 1592 1439 1256 1104 1043 1073 1195 1378
316A Acap  196209222 1561 1744 1896 1896 1866 1744 1592 1439 1332 1287 1317 1378
316A Acap  196209231 1500 1592 1683 1714 1653 1531 1378 1226 1134 1104 1165 1287
316A Acap  196209232 1439 1622 1744 1835 1866 1805 1653 1531 1409 1348 1317 1348
316A Acap  196209241 1439 1561 1653 1683 1653 1592 1470 1348 1256 1165 1195 1256
316A Acap  196209242 1378 1531 1683 1774 1805 1774 1744 1653 1531 1439 1378 1378
316A Acap  196209251 1439 1500 1561 1622 1653 1592 1531 1439 1317 1256 1195 1226
316A Acap  196209252 1317 1409 1531 1653 1744 1744 1683 1653 1561 1500 1470 1409
316A Acap  196209261 1439 1500 1531 1622 1653 1653 1622 1531 1439 1378 1317 1256
316A Acap  196209262 1287 1378 1470 1561 1592 1622 1622 1622 1592 1531 1470 1439
316A Acap  196209271 1409 1439 1439 1500 1561 1592 1592 1531 1470 1409 1378 1317
316A Acap  196209272 1317 1348 1409 1470 1531 1561 1592 1622 1622 1561 1531 1500
316A Acap  196209281 1470 1439 1439 1500 1531 1561 1592 1531 1561 1531 1500 1470
316A Acap  196209282 1439 1439 1439 1409 1470 1500 1531 1561 1592 1592 1561 1561
316A Acap  196209291 1531 1470 1409 1439 1470 1500 1531 1561 1561 1592 1592 1561
316A Acap  196209292 1500 1470 1439 1439 1439 1439 1439 1500 1531 1561 1592 1592
316A Acap  196209301 1561 1500 1470 1409 1439 1470 1500 1561 1622 1683 1744 1744
316A Acap  196209302 1774 1744 1653 1561 1561 1561 1531 1561 1592 1683 1714 1744
316A Acap  196210011 1744 1714 1653 1622 1592 1561 1561 1622 1714 1805 1866 1896
316A Acap  196210012 1866 1835 1744 1653 1561 1500 1439 1470 1500 1592 1622 1653
316A Acap  196210021 1653 1653 1561 1500 1439 1409 1409 1470 1592 1653 1744 1805
316A Acap  196210022 1835 1805 1744 1622 1531 1470 1409 1378 1439 1531 1531 1592
316A Acap  196210031 1622 1592 1561 1439 1348 1348 1317 1317 1378 1500 1653 1744
316A Acap  196210032 1774 1774 1744 1592 1500 1378 1287 1256 1256 1348 1439 1500
316A Acap  196210041 1531 1500 1470 1378 1256 1195 1134 1165 1287 1378 1531 1653
316A Acap  196210042 1714 1774 1744 1622 1500 1378 1287 1195 1195 1226 1317 1439
316A Acap  196210051 1470 1470 1470 1378 1256 1165 1134 1134 1195 1287 1439 1561
316A Acap  196210052 1683 1744 1714 1683 1500 1378 1287 1195 1134 1165 1256 1348
316A Acap  196210061 1439 1470 1439 1348 1256 1134 1073 1043 1073 1195 1317 1500
316A Acap  196210062 1653 1774 1774 1714 1592 1470 1317 1226 1195 1195 1287 1378
316A Acap  196210071 1439 1500 1470 1439 1378 1256 1165 1104 1104 1165 1348 1470
316A Acap  196210072 1653 1805 1835 1805 1774 1622 1531 1378 1317 1287 1348 1439
316A Acap  196210081 1500 1561 1561 1561 1439 1348 1226 1165 1134 1165 1256 1439
316A Acap  196210082 1592 1714 1805 1835 1774 1683 1561 1439 1378 1317 1348 1439
316A Acap  196210091 1531 1622 1622 1592 1531 1378 1256 1195 1134 1134 1195 1348
316A Acap  196210092 1439 1622 1744 1774 1805 1714 1561 1439 1348 1317 1348 1378
316A Acap  196210101 1470 1531 1592 1592 1531 1439 1317 1226 1104 1073 1104 1195
316A Acap  196210102 1348 1500 1653 1714 1744 1683 1592 1470 1378 1287 1256 1317
316A Acap  196210111 1378 1470 1592 1622 1592 1592 1500 1378 1256 1195 1195 1226
316A Acap  196210112 1287 1409 1531 1592 1653 1653 1622 1531 1409 1317 1256 1256
316A Acap  196210121 1317 1409 1500 1561 1622 1622 1592 1531 1409 1317 1256 1226
316A Acap  196210122 1256 1348 1409 1500 1592 1561 1561 1531 1439 1348 1287 1226
316A Acap  196210131 1195 1256 1348 1439 1531 1622 1653 1622 1561 1500 1409 1378
316A Acap  196210132 1317 1317 1348 1378 1409 1470 1500 1470 1470 1409 1317 1287
316A Acap  196210141 1226 1195 1195 1287 1409 1500 1592 1653 1683 1653 1622 1531
316A Acap  196210142 1439 1348 1287 1287 1348 1348 1439 1470 1500 1531 1470 1378
316A Acap  196210151 1317 1195 1165 1165 1226 1317 1439 1622 1714 1774 1805 1683
316A Acap  196210152 1622 1500 1409 1348 1287 1287 1317 1378 1470 1531 1531 1500
316A Acap  196210161 1439 1317 1195 1134 1134 1195 1317 1470 1653 1805 1866 1866
316A Acap  196210162 1805 1683 1500 1317 1226 1195 1165 1165 1348 1470 1561 1561
316A Acap  196210171 1561 1409 1256 1104 1012 1012 1073 1195 1378 1561 1744 1866
316A Acap  196210172 1835 1774 1622 1409 1256 1073 1043 1073 1195 1348 1500 1561
316A Acap  196210181 1561 1500 1348 1226 1043  921  921 1012 1165 1378 1622 1774
316A Acap  196210182 1835 1866 1774 1561 1348 1165 1043 1012 1043 1134 1317 1470
316A Acap  196210191 1561 1561 1500 1348 1165 1012  952  921 1012 1195 1409 1622
316A Acap  196210192 1774 1866 1805 1683 1500 1287 1104  982  982 1043 1195 1378
316A Acap  196210201 1500 1592 1592 1439 1287 1073  921  860  921 1012 1165 1409
316A Acap  196210202 1622 1744 1805 1714 1592 1378 1226 1073  982 1012 1134 1287
316A Acap  196210211 1439 1531 1561 1531 1348 1195 1043  921  891  952 1104 1287
316A Acap  196210212 1470 1622 1714 1653 1561 1409 1256 1104  982  982 1043 1165
316A Acap  196210221 1287 1470 1561 1500 1409 1287 1165 1043  952  952 1043 1195
316A Acap  196210222 1348 1531 1653 1653 1592 1500 1348 1195 1073 1043 1043 1134
316A Acap  196210231 1256 1409 1470 1531 1470 1378 1256 1134 1012  952  982 1073
316A Acap  196210232 1226 1348 1500 1561 1561 1500 1409 1287 1165 1073 1043 1104
316A Acap  196210241 1195 1348 1439 1470 1470 1439 1378 1226 1134 1073 1043 1104
316A Acap  196210242 1195 1287 1409 1470 1500 1500 1409 1317 1226 1165 1104 1104
316A Acap  196210251 1165 1256 1378 1439 1500 1500 1439 1348 1287 1226 1165 1165
316A Acap  196210252 1195 1287 1348 1409 1470 1470 1439 1409 1348 1256 1226 1256
316A Acap  196210261 1256 1287 1348 1439 1500 1561 1531 1470 1439 1348 1287 1256
316A Acap  196210262 1317 1317 1378 1409 1470 1500 1470 1470 1409 1348 1287 1287
316A Acap  196210271 1256 1287 1317 1378 1439 1470 1500 1500 1470 1439 1409 1348
316A Acap  196210272 1317 1317 1317 1348 1348 1348 1348 1378 1378 1348 1317 1287
316A Acap  196210281 1256 1226 1256 1256 1348 1409 1470 1531 1531 1500 1500 1409
316A Acap  196210282 1378 1317 1256 1256 1287 1287 1287 1317 1348 1378 1348 1287
316A Acap  196210291 1287 1226 1195 1226 1317 1348 1439 1500 1561 1561 1561 1561
316A Acap  196210292 1500 1378 1317 1287 1256 1195 1226 1256 1256 1317 1348 1317
316A Acap  196210301 1287 1256 1256 1226 1226 1256 1317 1470 1531 1622 1622 1622
316A Acap  196210302 1592 1531 1439 1348 1256 1226 1226 1226 1287 1287 1317 1378
316A Acap  196210311 1378 1317 1287 1256 1226 1226 1287 1378 1500 1592 1683 1714
316A Acap  196210312 1683 1622 1531 1378 1256 1195 1165 1195 1256 1317 1378 1378
316A Acap  196211011 1409 1348 1287 1226 1195 1165 1226 1317 1439 1561 1683 1744
316A Acap  196211012 1714 1653 1561 1409 1287 1195 1134 1165 1226 1317 1348 1378
316A Acap  196211021 1378 1348 1287 1195 1104 1043 1073 1165 1317 1470 1592 1714
316A Acap  196211022 1744 1714 1622 1500 1378 1256 1165 1134 1165 1226 1287 1378
316A Acap  196211031 1409 1409 1348 1256 1165 1104 1104 1134 1226 1348 1500 1622
316A Acap  196211032 1714 1744 1683 1561 1439 1287 1165 1104 1165 1195 1287 1378
316A Acap  196211041 1409 1439 1378 1317 1165 1104 1043 1043 1104 1226 1409 1592
316A Acap  196211042 1683 1774 1744 1653 1531 1378 1226 1165 1134 1165 1256 1348
316A Acap  196211051 1439 1470 1470 1409 1287 1165 1073 1043 1073 1195 1348 1500
316A Acap  196211052 1683 1774 1805 1714 1561 1409 1287 1195 1165 1195 1256 1378
316A Acap  196211061 1439 1531 1531 1470 1348 1226 1104 1043 1043 1104 1226 1409
316A Acap  196211062 1531 1653 1744 1683 1592 1470 1317 1226 1134 1165 1195 1317
316A Acap  196211071 1439 1531 1561 1561 1500 1378 1256 1165 1073 1073 1195 1317
316A Acap  196211072 1500 1622 1683 1714 1653 1531 1348 1256 1165 1134 1165 1287
316A Acap  196211081 1378 1500 1592 1592 1592 1500 1378 1256 1195 1165 1195 1256
316A Acap  196211082 1409 1531 1622 1653 1622 1531 1439 1287 1195 1134 1134 1195
316A Acap  196211091 1287 1409 1531 1592 1592 1561 1500 1378 1256 1226 1195 1226
316A Acap  196211092 1287 1378 1470 1561 1561 1500 1439 1317 1195 1073 1043 1073
316A Acap  196211101 1195 1317 1439 1561 1622 1653 1622 1561 1470 1348 1256 1256
316A Acap  196211102 1256 1317 1378 1409 1470 1470 1439 1348 1256 1195 1073 1073
316A Acap  196211111 1104 1165 1287 1409 1500 1592 1653 1653 1622 1531 1439 1378
316A Acap  196211112 1317 1287 1287 1317 1378 1378 1378 1378 1317 1256 1165 1104
316A Acap  196211121 1073 1104 1134 1256 1378 1500 1622 1714 1714 1714 1622 1531
316A Acap  196211122 1439 1348 1256 1256 1256 1287 1348 1409 1409 1409 1317 1256
316A Acap  196211131 1195 1104 1073 1134 1226 1348 1500 1622 1774 1835 1835 1744
316A Acap  196211132 1653 1531 1378 1287 1226 1226 1256 1317 1409 1439 1439 1378
316A Acap  196211141 1287 1195 1134 1104 1134 1165 1317 1470 1622 1744 1835 1835
316A Acap  196211142 1774 1653 1500 1317 1195 1134 1134 1195 1287 1378 1439 1470
316A Acap  196211151 1409 1317 1195 1104 1043 1043 1134 1256 1439 1622 1774 1866
316A Acap  196211152 1835 1774 1622 1470 1317 1195 1134 1134 1226 1348 1470 1531
316A Acap  196211161 1531 1439 1348 1226 1073 1043 1073 1165 1287 1500 1653 1805
316A Acap  196211162 1866 1866 1744 1561 1378 1226 1104 1073 1134 1256 1348 1500
316A Acap  196211171 1561 1531 1470 1317 1226 1134 1104 1104 1195 1378 1561 1714
316A Acap  196211172 1835 1866 1805 1683 1500 1317 1195 1134 1134 1195 1317 1439
316A Acap  196211181 1531 1561 1531 1439 1256 1134 1043 1012 1043 1195 1378 1592
316A Acap  196211182 1744 1835 1835 1744 1592 1409 1226 1134 1073 1104 1195 1348
316A Acap  196211191 1470 1561 1592 1531 1409 1287 1134 1043 1073 1134 1256 1378
316A Acap  196211192 1561 1714 1744 1714 1592 1439 1226 1104 1043 1043 1104 1195
316A Acap  196211201 1348 1500 1561 1561 1470 1348 1195 1104 1043 1043 1134 1256
316A Acap  196211202 1409 1561 1622 1653 1561 1470 1317 1134 1073 1073 1104 1195
316A Acap  196211211 1317 1439 1561 1561 1561 1439 1348 1226 1134 1134 1195 1256
316A Acap  196211212 1409 1500 1592 1592 1561 1470 1348 1226 1134 1073 1104 1134
316A Acap  196211221 1256 1378 1470 1531 1531 1500 1409 1287 1226 1165 1195 1256
316A Acap  196211222 1348 1439 1500 1531 1470 1409 1317 1287 1195 1165 1134 1165
316A Acap  196211231 1226 1317 1439 1500 1561 1561 1500 1409 1348 1287 1226 1226
316A Acap  196211232 1287 1348 1378 1409 1439 1409 1348 1287 1226 1134 1104 1134
316A Acap  196211241 1165 1256 1348 1439 1470 1531 1500 1439 1378 1317 1287 1256
316A Acap  196211242 1226 1256 1317 1317 1317 1317 1287 1256 1195 1134 1104 1073
316A Acap  196211251 1104 1165 1226 1317 1378 1470 1500 1500 1470 1409 1348 1317
316A Acap  196211252 1256 1256 1226 1256 1256 1287 1256 1256 1195 1165 1134 1134
316A Acap  196211261 1134 1134 1195 1256 1317 1378 1439 1500 1470 1470 1439 1378
316A Acap  196211262 1317 1287 1256 1256 1226 1226 1195 1195 1226 1165 1165 1134
316A Acap  196211271 1134 1134 1104 1165 1226 1317 1409 1470 1531 1500 1500 1470
316A Acap  196211272 1378 1287 1226 1165 1165 1134 1134 1165 1165 1195 1165 1134
316A Acap  196211281 1134 1104 1073 1104 1134 1226 1317 1409 1500 1531 1561 1531
316A Acap  196211282 1470 1378 1317 1226 1134 1104 1104 1073 1104 1134 1134 1134
316A Acap  196211291 1134 1104 1073 1073 1073 1165 1256 1348 1470 1592 1622 1622
316A Acap  196211292 1592 1500 1409 1287 1226 1165 1134 1134 1195 1226 1226 1256
316A Acap  196211301 1256 1226 1134 1073 1073 1134 1195 1317 1470 1561 1653 1714
316A Acap  196211302 1683 1622 1500 1348 1256 1134 1104 1104 1165 1226 1256 1287
316A Acap  196212011 1287 1256 1195 1134 1073 1073 1134 1195 1287 1470 1592 1683
316A Acap  196212012 1683 1653 1531 1409 1256 1165 1104 1073 1134 1195 1256 1287
316A Acap  196212021 1348 1317 1287 1195 1134 1073 1073 1104 1226 1378 1531 1653
316A Acap  196212022 1714 1714 1622 1500 1348 1226 1134 1073 1134 1195 1317 1378
316A Acap  196212031 1409 1409 1378 1317 1226 1165 1134 1134 1226 1378 1500 1622
316A Acap  196212032 1744 1774 1744 1622 1470 1348 1165 1104 1134 1195 1287 1378
316A Acap  196212041 1439 1500 1470 1409 1348 1256 1195 1165 1195 1287 1409 1561
316A Acap  196212042 1683 1744 1714 1653 1531 1378 1256 1165 1134 1195 1256 1348
316A Acap  196212051 1439 1500 1561 1500 1439 1348 1256 1165 1134 1195 1287 1439
316A Acap  196212052 1561 1653 1683 1622 1531 1378 1226 1104 1043 1043 1165 1256
316A Acap  196212061 1409 1500 1561 1561 1500 1409 1287 1165 1134 1134 1165 1287
316A Acap  196212062 1409 1500 1561 1561 1500 1348 1226 1104  982  982 1012 1134
316A Acap  196212071 1287 1409 1500 1561 1561 1500 1409 1287 1195 1134 1134 1195
316A Acap  196212072 1287 1409 1470 1500 1470 1378 1256 1104  982  952  982 1043
316A Acap  196212081 1165 1317 1439 1531 1592 1592 1500 1409 1317 1226 1195 1165
316A Acap  196212082 1226 1317 1378 1409 1439 1378 1287 1195 1043  952  952  982
316A Acap  196212091 1073 1195 1348 1439 1592 1622 1592 1561 1439 1348 1287 1256
316A Acap  196212092 1226 1256 1317 1348 1378 1378 1317 1226 1104 1012  921  921
316A Acap  196212101  952 1043 1195 1348 1500 1592 1622 1625 1581 1506 1424 1348
316A Acap  196212102 1292 1266 1270 1295 1324 1341 1338 1308 1247 1168 1095 1041
316A Acap  196212111 1020 1051 1134 1252 1386 1516 1622 1683 1683 1622 1561 1470
316A Acap  196212112 1348 1256 1195 1195 1226 1226 1256 1287 1287 1226 1165 1073
316A Acap  196212121  982  952  952 1043 1165 1287 1470 1592 1683 1714 1683 1622
316A Acap  196212122 1500 1348 1256 1165 1165 1165 1195 1287 1317 1348 1287 1195
316A Acap  196212131 1134 1012  952  952 1012 1165 1287 1439 1592 1714 1744 1714
316A Acap  196212132 1622 1500 1348 1226 1134 1104 1134 1165 1256 1317 1378 1348
316A Acap  196212141 1256 1165 1043  952  952 1012 1104 1256 1439 1561 1714 1744
316A Acap  196212142 1714 1592 1439 1287 1134 1073 1043 1104 1165 1287 1348 1409
316A Acap  196212151 1378 1317 1195 1104 1043 1012 1043 1165 1317 1500 1653 1744
316A Acap  196212152 1774 1714 1622 1409 1256 1104 1012 1043 1104 1226 1317 1378
316A Acap  196212161 1439 1409 1317 1195 1073  952  952  982 1134 1287 1439 1592
316A Acap  196212162 1653 1653 1592 1470 1256 1104  982  952 1012 1104 1226 1348
316A Acap  196212171 1409 1439 1378 1287 1165 1073 1012 1012 1043 1195 1348 1470
316A Acap  196212172 1622 1683 1653 1561 1439 1256 1104 1012  982 1043 1165 1287
316A Acap  196212181 1378 1439 1500 1470 1378 1256 1134 1073 1073 1134 1226 1378
316A Acap  196212182 1531 1622 1622 1592 1470 1317 1165 1043  982  982 1073 1226
316A Acap  196212191 1348 1470 1531 1531 1470 1378 1287 1195 1165 1165 1226 1348
316A Acap  196212192 1439 1531 1622 1592 1531 1409 1256 1134 1043 1012 1104 1195
316A Acap  196212201 1317 1439 1500 1561 1531 1470 1378 1287 1226 1195 1195 1317
316A Acap  196212202 1409 1500 1561 1561 1500 1439 1287 1165 1104 1073 1104 1195
316A Acap  196212211 1287 1439 1500 1561 1561 1531 1470 1378 1287 1256 1256 1287
316A Acap  196212212 1378 1439 1531 1500 1439 1378 1317 1226 1134 1104 1104 1165
316A Acap  196212221 1226 1378 1470 1531 1622 1592 1531 1470 1378 1348 1317 1317
316A Acap  196212222 1348 1439 1439 1470 1439 1378 1317 1195 1134 1104 1073 1104
316A Acap  196212231 1226 1287 1409 1500 1531 1561 1561 1500 1439 1378 1317 1317
316A Acap  196212232 1317 1348 1378 1378 1378 1317 1287 1195 1134 1104 1104 1104
316A Acap  196212241 1134 1226 1348 1439 1500 1531 1531 1531 1500 1439 1409 1378
316A Acap  196212242 1317 1317 1317 1317 1287 1256 1195 1165 1134 1073 1043 1043
316A Acap  196212251 1073 1134 1195 1287 1378 1470 1531 1561 1561 1500 1470 1409
316A Acap  196212252 1378 1317 1287 1287 1256 1256 1195 1165 1134 1104 1073 1073
316A Acap  196212261 1073 1073 1134 1226 1287 1439 1470 1531 1561 1561 1531 1470
316A Acap  196212262 1409 1348 1317 1256 1195 1165 1134 1134 1134 1104 1073 1043
316A Acap  196212271 1043 1012 1043 1104 1226 1287 1378 1470 1500 1531 1531 1500
316A Acap  196212272 1470 1378 1287 1256 1195 1165 1134 1104 1073 1073 1073 1043
316A Acap  196212281 1043 1043 1012 1012 1104 1195 1256 1378 1470 1531 1561 1531
316A Acap  196212282 1470 1409 1317 1226 1134 1073 1073 1073 1073 1104 1134 1134
316A Acap  196212291 1104 1073 1043 1012 1043 1104 1195 1317 1439 1531 1592 1622
316A Acap  196212292 1561 1500 1378 1287 1165 1104 1073 1073 1134 1165 1195 1195
316A Acap  196212301 1195 1134 1073 1012  982 1043 1104 1195 1317 1470 1592 1622
316A Acap  196212302 1592 1561 1470 1317 1195 1104 1043 1073 1104 1165 1256 1287
316A Acap  196212311 1317 1287 1226 1134 1043 1012 1043 1104 1226 1378 1500 1592
316A Acap  196212312 1622 1592 1470 1378 1256 1104 1043 1043 1104 1165 1256 1317
