316A Acapulco           Mexico              1983 16504N 099547W 0000 3 00000R MM
316A Acap  198301011 1561 1470 1439 1439 1561 1653 1805 1988 2110 2232 2232 2201
316A Acap  198301012 2110 1988 1835 1744 1622 1592 1653 1683 1774 1835 1805 1744
316A Acap  198301021 1683 1592 1500 1470 1470 1561 1714 1835 2018 2140 2232 2262
316A Acap  198301022 2201 2110 1927 1774 1683 1531 1561 1653 1714 1805 1896 1927
316A Acap  198301031 1927 1835 1714 1592 1500 1470 1500 1622 1805 1988 2171 2262
316A Acap  198301032 2293 2201 2079 1896 1744 1561 1500 1561 1622 1744 1866 1988
316A Acap  198301041 2049 1988 1896 1774 1653 1531 1531 1561 1683 1835 1988 2171
316A Acap  198301042 2262 2232 2171 2018 1835 1622 1531 1439 1470 1592 1744 1896
316A Acap  198301051 2049 2079 2049 1927 1805 1622 1592 1531 1531 1622 1774 1957
316A Acap  198301052 2079 2171 2140 2018 1835 1653 1500 1409 1378 1409 1592 1774
316A Acap  198301061 1927 2018 2079 2049 1927 1744 1622 1531 1470 1500 1592 1744
316A Acap  198301062 1896 2018 2079 2018 1896 1744 1561 1439 1348 1348 1439 1592
316A Acap  198301071 1744 1896 2049 2110 2049 1927 1805 1653 1531 1500 1500 1592
316A Acap  198301072 1714 1835 1927 1957 1866 1774 1592 1470 1348 1317 1348 1439
316A Acap  198301081 1592 1774 1957 2079 2110 2049 1927 1805 1622 1531 1500 1531
316A Acap  198301082 1622 1774 1835 1896 1866 1774 1653 1531 1409 1348 1317 1378
316A Acap  198301091 1500 1683 1835 1957 2049 2049 1957 1866 1744 1653 1622 1622
316A Acap  198301092 1653 1714 1774 1835 1866 1835 1714 1622 1500 1409 1348 1378
316A Acap  198301101 1500 1622 1774 1927 2018 2049 2049 1957 1805 1683 1653 1622
316A Acap  198301102 1622 1653 1744 1805 1805 1744 1714 1561 1500 1409 1378 1378
316A Acap  198301111 1439 1531 1683 1805 1896 1988 1988 1988 1927 1835 1744 1653
316A Acap  198301112 1592 1622 1653 1683 1683 1653 1622 1561 1531 1439 1409 1378
316A Acap  198301121 1409 1470 1561 1683 1774 1866 1927 1957 1896 1866 1805 1744
316A Acap  198301122 1653 1622 1653 1622 1622 1592 1592 1561 1531 1470 1439 1378
316A Acap  198301131 1378 1439 1500 1592 1653 1744 1835 1896 1927 1896 1866 1805
316A Acap  198301132 1774 1744 1683 1622 1592 1561 1561 1592 1592 1561 1561 1561
316A Acap  198301141 1531 1531 1592 1622 1683 1774 1835 1927 1957 1988 1988 1957
316A Acap  198301142 1927 1866 1805 1774 1744 1714 1714 1714 1714 1714 1683 1683
316A Acap  198301151 1653 1653 1622 1683 1714 1805 1835 1927 1988 2049 2079 2079
316A Acap  198301152 2049 1988 1927 1835 1774 1714 1683 1653 1683 1714 1744 1744
316A Acap  198301161 1744 1714 1714 1683 1683 1714 1744 1835 1896 1957 2049 2049
316A Acap  198301162 2079 2018 1927 1866 1774 1714 1683 1653 1714 1744 1774 1835
316A Acap  198301171 1805 1805 1774 1714 1683 1683 1744 1805 1896 1957 2049 2110
316A Acap  198301172 2079 2049 1957 1866 1774 1683 1622 1622 1653 1683 1744 1805
316A Acap  198301181 1835 1835 1805 1744 1653 1622 1622 1653 1714 1805 1896 1988
316A Acap  198301182 2018 2018 1927 1835 1744 1622 1531 1500 1531 1622 1683 1774
316A Acap  198301191 1805 1805 1805 1744 1622 1561 1561 1592 1653 1744 1835 1896
316A Acap  198301192 1988 2018 1957 1896 1774 1653 1561 1500 1500 1561 1683 1774
316A Acap  198301201 1835 1896 1896 1866 1774 1683 1653 1622 1592 1653 1744 1866
316A Acap  198301202 1927 1957 1957 1896 1805 1653 1531 1470 1470 1500 1561 1683
316A Acap  198301211 1774 1866 1896 1896 1835 1714 1622 1592 1561 1561 1653 1744
316A Acap  198301212 1866 1927 1927 1866 1774 1653 1531 1439 1439 1500 1561 1683
316A Acap  198301221 1805 1896 1988 1988 1988 1866 1774 1683 1592 1592 1653 1714
316A Acap  198301222 1805 1896 1927 1896 1805 1653 1531 1470 1409 1378 1470 1592
316A Acap  198301231 1744 1866 1988 2018 2018 1927 1835 1714 1622 1561 1592 1622
316A Acap  198301232 1683 1803 1896 1866 1805 1683 1561 1470 1409 1378 1439 1531
316A Acap  198301241 1714 1835 1988 2049 2049 2018 1927 1835 1714 1622 1592 1592
316A Acap  198301242 1683 1744 1805 1835 1805 1714 1561 1470 1378 1348 1378 1409
316A Acap  198301251 1561 1714 1866 1957 2049 2049 1988 1896 1774 1653 1622 1592
316A Acap  198301252 1622 1683 1744 1774 1774 1744 1622 1500 1378 1317 1287 1287
316A Acap  198301261 1378 1531 1714 1866 2018 2079 2079 2018 1866 1774 1653 1622
316A Acap  198301262 1561 1622 1653 1714 1744 1714 1622 1531 1409 1256 1195 1195
316A Acap  198301271 1256 1378 1531 1714 1866 1957 2018 2018 1927 1805 1714 1622
316A Acap  198301272 1561 1561 1561 1622 1683 1683 1622 1531 1439 1348 1226 1134
316A Acap  198301281 1134 1195 1317 1470 1653 1835 1927 1988 1957 1866 1774 1622
316A Acap  198301282 1531 1470 1470 1500 1531 1561 1561 1531 1470 1348 1226 1165
316A Acap  198301291 1134 1134 1195 1287 1439 1592 1744 1866 1927 1927 1866 1774
316A Acap  198301292 1653 1531 1439 1409 1439 1470 1531 1531 1561 1531 1470 1378
316A Acap  198301301 1317 1256 1195 1226 1287 1409 1561 1714 1835 1927 1957 1896
316A Acap  198301302 1774 1653 1531 1378 1317 1317 1378 1439 1500 1561 1561 1531
316A Acap  198301311 1470 1378 1287 1226 1226 1287 1409 1531 1683 1805 1896 1927
316A Acap  198301312 1866 1744 1622 1470 1348 1287 1317 1348 1439 1592 1683 1714
316A Acap  198302011 1714 1653 1561 1439 1348 1287 1348 1409 1531 1683 1835 1896
316A Acap  198302012 1896 1835 1744 1592 1439 1317 1256 1287 1378 1500 1653 1774
316A Acap  198302021 1835 1805 1744 1622 1470 1348 1317 1317 1439 1561 1714 1866
316A Acap  198302022 1927 1927 1835 1683 1531 1378 1287 1256 1317 1439 1561 1744
316A Acap  198302031 1896 1927 1927 1835 1714 1561 1439 1378 1409 1470 1592 1714
316A Acap  198302032 1805 1866 1835 1744 1592 1439 1287 1195 1226 1317 1470 1653
316A Acap  198302041 1805 1927 1927 1866 1774 1622 1470 1378 1317 1348 1439 1561
316A Acap  198302042 1683 1774 1805 1744 1622 1439 1317 1195 1134 1165 1287 1439
316A Acap  198302051 1653 1805 1927 1927 1896 1774 1653 1470 1378 1317 1317 1409
316A Acap  198302052 1500 1622 1683 1714 1653 1500 1348 1226 1165 1134 1195 1317
316A Acap  198302061 1500 1714 1835 1927 1927 1835 1683 1561 1439 1378 1348 1409
316A Acap  198302062 1470 1561 1653 1683 1622 1531 1378 1256 1134 1073 1134 1226
316A Acap  198302071 1378 1531 1714 1835 1866 1835 1714 1622 1500 1378 1317 1317
316A Acap  198302072 1378 1470 1531 1592 1561 1500 1378 1256 1134 1073 1073 1134
316A Acap  198302081 1256 1439 1622 1774 1866 1835 1774 1683 1531 1409 1348 1348
316A Acap  198302082 1378 1470 1500 1531 1531 1500 1409 1287 1165 1104 1073 1134
316A Acap  198302091 1226 1348 1470 1622 1744 1774 1774 1683 1622 1531 1470 1439
316A Acap  198302092 1439 1439 1470 1531 1500 1500 1439 1348 1287 1226 1195 1165
316A Acap  198302101 1226 1317 1439 1561 1683 1744 1774 1744 1683 1622 1531 1500
316A Acap  198302102 1470 1470 1470 1500 1500 1470 1439 1378 1317 1287 1226 1226
316A Acap  198302111 1226 1287 1378 1470 1561 1653 1683 1683 1683 1622 1561 1531
316A Acap  198302112 1470 1470 1470 1470 1439 1409 1409 1378 1348 1287 1287 1256
316A Acap  198302121 1226 1226 1317 1378 1439 1500 1561 1653 1592 1592 1561 1531
316A Acap  198302122 1500 1500 1470 1439 1439 1409 1348 1348 1317 1287 1256 1256
316A Acap  198302131 1256 1256 1287 1348 1409 1470 1531 1592 1592 1592 1592 1592
316A Acap  198302132 1561 1500 1470 1439 1409 1378 1378 1378 1378 1378 1378 1378
316A Acap  198302141 1378 1348 1348 1348 1378 1409 1439 1500 1592 1622 1653 1653
316A Acap  198302142 1653 1592 1531 1470 1439 1409 1378 1378 1409 1439 1470 1470
316A Acap  198302151 1470 1470 1470 1439 1409 1439 1439 1500 1561 1622 1653 1683
316A Acap  198302152 1714 1683 1622 1531 1439 1409 1378 1348 1378 1439 1500 1561
316A Acap  198302161 1592 1592 1500 1470 1439 1409 1409 1409 1439 1500 1592 1622
316A Acap  198302162 1653 1653 1592 1470 1378 1317 1256 1256 1317 1378 1470 1531
316A Acap  198302171 1592 1622 1592 1470 1378 1317 1287 1317 1348 1409 1500 1592
316A Acap  198302172 1653 1622 1561 1500 1378 1287 1256 1195 1256 1348 1439 1561
316A Acap  198302181 1622 1653 1622 1561 1470 1378 1256 1226 1226 1256 1348 1439
316A Acap  198302182 1500 1531 1531 1439 1317 1195 1104 1104 1104 1165 1287 1439
316A Acap  198302191 1561 1653 1714 1653 1561 1409 1348 1256 1256 1256 1317 1439
316A Acap  198302192 1500 1500 1500 1470 1317 1195 1134 1134 1134 1195 1317 1470
316A Acap  198302201 1622 1744 1774 1744 1714 1622 1500 1378 1317 1287 1348 1409
316A Acap  198302202 1500 1561 1592 1531 1439 1287 1195 1134 1134 1165 1256 1409
316A Acap  198302211 1592 1714 1805 1835 1774 1683 1561 1409 1317 1287 1287 1317
316A Acap  198302212 1439 1531 1561 1531 1470 1348 1195 1104 1012 1012 1104 1256
316A Acap  198302221 1409 1622 1774 1866 1866 1774 1653 1470 1378 1317 1287 1348
316A Acap  198302222 1439 1531 1592 1561 1500 1378 1256 1134 1043 1012 1104 1226
316A Acap  198302231 1409 1561 1714 1835 1835 1835 1744 1622 1470 1409 1378 1378
316A Acap  198302232 1439 1500 1592 1622 1592 1500 1378 1226 1073  982  982 1073
316A Acap  198302241 1195 1409 1592 1744 1835 1866 1835 1714 1592 1500 1439 1409
316A Acap  198302242 1439 1531 1592 1653 1653 1592 1500 1348 1195 1134 1073 1134
316A Acap  198302251 1226 1348 1531 1683 1805 1866 1896 1866 1774 1653 1531 1470
316A Acap  198302252 1439 1439 1531 1592 1622 1653 1622 1531 1378 1256 1134 1104
316A Acap  198302261 1134 1226 1409 1561 1714 1805 1866 1835 1774 1653 1561 1500
316A Acap  198302262 1439 1470 1500 1561 1592 1622 1622 1531 1439 1317 1226 1165
316A Acap  198302271 1134 1195 1287 1378 1531 1683 1714 1744 1744 1683 1592 1531
316A Acap  198302272 1439 1409 1378 1409 1470 1500 1561 1592 1561 1531 1409 1348
316A Acap  198302281 1287 1256 1287 1348 1409 1500 1592 1653 1683 1683 1683 1592
316A Acap  198302282 1531 1439 1378 1348 1348 1409 1500 1561 1622 1622 1592 1531
316A Acap  198303011 1470 1409 1378 1317 1317 1378 1439 1500 1592 1653 1622 1622
316A Acap  198303012 1531 1470 1409 1317 1317 1317 1378 1439 1500 1592 1653 1653
316A Acap  198303021 1622 1500 1561 1439 1378 1317 1317 1439 1531 1561 1622 1683
316A Acap  198303022 1683 1592 1470 1378 1317 1287 1226 1287 1378 1500 1653 1744
316A Acap  198303031 1774 1744 1714 1592 1500 1378 1348 1348 1378 1470 1592 1653
316A Acap  198303032 1683 1653 1561 1439 1317 1256 1165 1195 1256 1378 1561 1714
316A Acap  198303041 1835 1866 1835 1744 1622 1470 1317 1287 1256 1317 1409 1531
316A Acap  198303042 1592 1622 1622 1531 1348 1195 1104 1104 1165 1256 1439 1622
316A Acap  198303051 1744 1835 1866 1805 1653 1531 1348 1256 1221 1256 1348 1470
316A Acap  198303052 1561 1653 1653 1622 1439 1287 1104 1043 1043 1134 1287 1470
316A Acap  198303061 1653 1805 1866 1866 1744 1592 1439 1287 1195 1195 1256 1348
316A Acap  198303062 1470 1531 1592 1561 1470 1317 1165 1073 1012 1043 1165 1317
316A Acap  198303071 1500 1683 1774 1835 1774 1622 1500 1348 1256 1195 1226 1317
316A Acap  198303072 1409 1500 1561 1531 1500 1378 1256 1134 1073 1043 1104 1256
316A Acap  198303081 1439 1592 1744 1805 1805 1714 1592 1470 1348 1287 1256 1256
316A Acap  198303082 1348 1409 1470 1500 1470 1378 1287 1195 1134 1073 1104 1195
316A Acap  198303091 1317 1500 1653 1744 1774 1744 1653 1561 1439 1378 1317 1317
316A Acap  198303092 1348 1439 1500 1500 1500 1439 1348 1256 1195 1134 1134 1226
316A Acap  198303101 1317 1470 1592 1683 1744 1744 1683 1561 1470 1409 1378 1348
316A Acap  198303102 1378 1439 1500 1561 1561 1500 1409 1317 1226 1165 1134 1165
316A Acap  198303111 1287 1378 1531 1653 1690 1683 1653 1592 1500 1409 1378 1378
316A Acap  198303112 1409 1439 1500 1500 1500 1500 1439 1378 1317 1256 1195 1226
316A Acap  198303121 1287 1348 1439 1561 1653 1653 1653 1592 1531 1470 1439 1409
316A Acap  198303122 1409 1500 1531 1561 1561 1531 1470 1409 1348 1317 1287 1256
316A Acap  198303131 1317 1348 1409 1500 1561 1561 1592 1592 1561 1561 1531 1500
316A Acap  198303132 1470 1500 1500 1500 1470 1470 1470 1409 1378 1378 1348 1378
316A Acap  198303141 1378 1378 1409 1439 1470 1500 1531 1531 1531 1531 1531 1531
316A Acap  198303142 1531 1531 1500 1500 1500 1500 1470 1470 1470 1470 1439 1470
316A Acap  198303151 1470 1470 1470 1470 1470 1500 1500 1531 1561 1561 1531 1531
316A Acap  198303152 1531 1470 1470 1439 1439 1439 1439 1470 1470 1531 1561 1592
316A Acap  198303161 1592 1561 1561 1500 1439 1439 1470 1470 1500 1561 1592 1561
316A Acap  198303162 1561 1531 1500 1470 1439 1409 1439 1439 1500 1561 1622 1683
316A Acap  198303171 1653 1622 1592 1531 1470 1409 1409 1439 1439 1470 1531 1531
316A Acap  198303172 1531 1531 1439 1409 1378 1348 1348 1409 1470 1531 1592 1653
316A Acap  198303181 1714 1683 1653 1561 1500 1409 1348 1317 1317 1378 1439 1470
316A Acap  198303182 1470 1470 1409 1317 1256 1226 1226 1256 1317 1409 1561 1653
316A Acap  198303191 1714 1714 1653 1561 1470 1378 1287 1256 1256 1287 1348 1439
316A Acap  198303192 1500 1500 1470 1378 1287 1195 1165 1195 1287 1378 1531 1653
316A Acap  198303201 1744 1805 1774 1714 1592 1439 1348 1256 1256 1256 1348 1439
316A Acap  198303202 1500 1500 1470 1378 1256 1165 1104 1073 1134 1256 1378 1561
316A Acap  198303211 1744 1805 1835 1774 1653 1500 1378 1256 1195 1195 1256 1348
316A Acap  198303212 1439 1500 1531 1470 1348 1195 1104 1043 1073 1165 1317 1500
316A Acap  198303221 1683 1835 1866 1866 1774 1622 1439 1317 1226 1165 1226 1317
316A Acap  198303222 1439 1531 1561 1500 1378 1287 1165 1073 1012 1073 1195 1378
316A Acap  198303231 1561 1714 1835 1896 1835 1714 1531 1378 1256 1195 1195 1317
316A Acap  198303232 1409 1500 1561 1561 1500 1409 1256 1073 1012 1012 1073 1256
316A Acap  198303241 1439 1622 1774 1866 1896 1835 1714 1531 1378 1287 1256 1287
316A Acap  198303242 1378 1500 1561 1592 1561 1470 1317 1165 1043  982 1012 1104
316A Acap  198303251 1287 1470 1653 1774 1835 1805 1714 1561 1409 1317 1256 1256
316A Acap  198303252 1317 1409 1500 1561 1592 1500 1439 1287 1134 1043 1012 1073
316A Acap  198303261 1165 1317 1470 1622 1714 1714 1683 1592 1470 1348 1256 1256
316A Acap  198303262 1256 1317 1409 1500 1531 1531 1500 1378 1287 1165 1073 1073
316A Acap  198303271 1134 1226 1317 1470 1561 1622 1622 1561 1500 1378 1287 1256
316A Acap  198303272 1226 1256 1317 1378 1439 1500 1500 1470 1409 1317 1256 1195
316A Acap  198303281 1195 1226 1256 1378 1470 1531 1561 1592 1531 1470 1378 1317
316A Acap  198303282 1287 1256 1287 1348 1439 1500 1561 1561 1561 1500 1439 1348
316A Acap  198303291 1317 1287 1256 1287 1348 1439 1500 1531 1531 1500 1470 1409
316A Acap  198303292 1348 1317 1287 1317 1348 1439 1470 1531 1592 1622 1622 1561
316A Acap  198303301 1500 1439 1378 1348 1348 1378 1409 1439 1470 1500 1500 1439
316A Acap  198303302 1378 1348 1256 1256 1256 1287 1378 1500 1622 1714 1744 1744
316A Acap  198303311 1683 1592 1470 1348 1287 1256 1287 1317 1378 1439 1500 1500
316A Acap  198303312 1470 1439 1317 1256 1226 1226 1256 1348 1470 1592 1714 1805
316A Acap  198304011 1805 1744 1653 1500 1378 1287 1256 1256 1287 1348 1439 1500
316A Acap  198304012 1531 1500 1439 1348 1256 1195 1195 1256 1348 1470 1653 1805
316A Acap  198304021 1866 1866 1805 1653 1500 1348 1256 1226 1226 1287 1378 1470
316A Acap  198304022 1531 1531 1470 1378 1287 1195 1134 1134 1226 1378 1531 1683
316A Acap  198304031 1805 1866 1866 1744 1622 1439 1256 1195 1195 1256 1317 1409
316A Acap  198304032 1500 1561 1531 1470 1348 1226 1165 1134 1195 1287 1470 1683
316A Acap  198304041 1805 1927 1957 1866 1744 1592 1439 1317 1256 1256 1348 1439
316A Acap  198304042 1531 1592 1622 1592 1500 1348 1256 1195 1195 1287 1378 1592
316A Acap  198304051 1774 1927 2018 1988 1896 1744 1561 1409 1348 1317 1348 1439
316A Acap  198304052 1561 1653 1683 1683 1561 1439 1348 1256 1226 1256 1348 1531
316A Acap  198304061 1714 1866 1988 1957 1896 1805 1622 1500 1409 1348 1348 1409
316A Acap  198304062 1531 1622 1683 1653 1622 1500 1409 1317 1287 1256 1317 1439
316A Acap  198304071 1622 1744 1866 1896 1866 1774 1653 1500 1409 1378 1348 1409
316A Acap  198304072 1500 1561 1653 1683 1653 1561 1470 1378 1287 1256 1256 1378
316A Acap  198304081 1500 1653 1774 1866 1896 1866 1774 1653 1561 1470 1439 1470
316A Acap  198304082 1561 1622 1683 1744 1714 1683 1592 1531 1409 1348 1378 1439
316A Acap  198304091 1531 1653 1774 1835 1866 1866 1805 1714 1622 1561 1500 1500
316A Acap  198304092 1561 1592 1683 1714 1714 1683 1622 1531 1470 1409 1409 1439
316A Acap  198304101 1500 1592 1683 1744 1774 1774 1744 1683 1592 1531 1500 1500
316A Acap  198304102 1500 1561 1622 1653 1683 1683 1653 1622 1561 1531 1500 1500
316A Acap  198304111 1531 1592 1653 1714 1744 1744 1744 1683 1653 1592 1561 1531
316A Acap  198304112 1531 1561 1622 1653 1683 1683 1683 1683 1653 1622 1622 1592
316A Acap  198304121 1561 1592 1592 1622 1653 1653 1653 1622 1592 1561 1561 1531
316A Acap  198304122 1531 1531 1561 1561 1622 1622 1653 1683 1683 1683 1683 1683
316A Acap  198304131 1653 1622 1622 1592 1592 1592 1592 1592 1592 1592 1561 1561
316A Acap  198304132 1531 1531 1500 1531 1561 1592 1622 1653 1683 1744 1744 1744
316A Acap  198304141 1714 1683 1622 1561 1531 1500 1500 1500 1531 1531 1561 1561
316A Acap  198304142 1561 1500 1470 1470 1500 1531 1561 1622 1714 1805 1835 1866
316A Acap  198304151 1835 1774 1683 1592 1500 1439 1409 1409 1470 1500 1531 1531
316A Acap  198304152 1531 1500 1439 1409 1378 1378 1439 1500 1622 1744 1835 1927
316A Acap  198304161 1957 1896 1805 1683 1561 1500 1409 1409 1409 1470 1531 1592
316A Acap  198304162 1592 1561 1500 1409 1348 1348 1378 1470 1561 1744 1866 1957
316A Acap  198304171 2018 1988 1896 1744 1622 1500 1409 1378 1378 1439 1531 1561
316A Acap  198304172 1622 1592 1531 1439 1348 1317 1317 1378 1500 1653 1835 1957
316A Acap  198304181 2049 2079 2018 1866 1714 1561 1409 1348 1317 1409 1500 1622
316A Acap  198304182 1683 1683 1622 1531 1409 1317 1256 1256 1348 1500 1683 1896
316A Acap  198304191 2049 2110 2110 2018 1835 1714 1561 1439 1378 1439 1500 1622
316A Acap  198304192 1714 1744 1714 1622 1500 1378 1256 1226 1256 1348 1531 1744
316A Acap  198304201 1957 2079 2140 2110 1988 1805 1622 1470 1378 1378 1439 1561
316A Acap  198304202 1653 1744 1744 1683 1622 1470 1317 1256 1195 1287 1409 1622
316A Acap  198304211 1805 1957 2049 2079 1988 1866 1683 1531 1439 1378 1378 1470
316A Acap  198304212 1622 1714 1774 1774 1714 1592 1439 1317 1226 1226 1317 1470
316A Acap  198304221 1653 1835 1927 1988 1957 1835 1683 1561 1439 1348 1378 1439
316A Acap  198304222 1561 1683 1774 1805 1744 1653 1531 1378 1287 1256 1287 1378
316A Acap  198304231 1531 1714 1835 1896 1957 1896 1774 1622 1470 1378 1348 1409
316A Acap  198304232 1470 1592 1683 1774 1805 1744 1653 1531 1439 1378 1348 1378
316A Acap  198304241 1470 1592 1714 1805 1835 1835 1744 1622 1500 1409 1348 1348
316A Acap  198304242 1378 1439 1561 1653 1744 1774 1744 1683 1561 1470 1409 1409
316A Acap  198304251 1470 1500 1592 1683 1714 1714 1714 1622 1561 1439 1378 1348
316A Acap  198304252 1378 1409 1500 1592 1683 1744 1774 1774 1744 1653 1592 1531
316A Acap  198304261 1500 1531 1561 1592 1622 1653 1653 1622 1561 1500 1409 1348
316A Acap  198304262 1348 1348 1409 1470 1592 1653 1714 1744 1774 1714 1653 1592
316A Acap  198304271 1561 1500 1500 1500 1500 1500 1500 1500 1500 1470 1439 1409
316A Acap  198304272 1378 1378 1348 1378 1439 1531 1622 1683 1744 1805 1774 1744
316A Acap  198304281 1683 1622 1531 1470 1439 1439 1439 1470 1500 1500 1470 1470
316A Acap  198304282 1409 1409 1317 1287 1317 1409 1500 1622 1714 1774 1805 1835
316A Acap  198304291 1744 1683 1561 1470 1409 1378 1378 1378 1439 1500 1500 1500
316A Acap  198304292 1470 1409 1348 1287 1256 1287 1378 1470 1561 1714 1805 1866
316A Acap  198304301 1866 1805 1683 1561 1439 1348 1287 1287 1317 1378 1439 1470
316A Acap  198304302 1500 1470 1378 1317 1287 1256 1287 1378 1500 1653 1805 1896
316A Acap  198305011 1927 1896 1774 1622 1470 1378 1317 1287 1317 1409 1470 1531
316A Acap  198305012 1561 1531 1470 1409 1317 1287 1256 1317 1439 1561 1714 1866
316A Acap  198305021 1927 1957 1896 1744 1561 1439 1348 1287 1317 1378 1439 1531
316A Acap  198305022 1592 1592 1561 1500 1409 1348 1256 1287 1348 1470 1622 1774
316A Acap  198305031 1896 1988 1957 1835 1714 1592 1439 1348 1348 1348 1439 1561
316A Acap  198305032 1683 1774 1744 1653 1561 1439 1348 1287 1317 1409 1592 1714
316A Acap  198305041 1866 1957 1988 1927 1835 1683 1500 1378 1317 1348 1378 1470
316A Acap  198305042 1531 1622 1622 1622 1500 1439 1378 1317 1317 1378 1500 1622
316A Acap  198305051 1774 1866 1927 1927 1835 1714 1561 1439 1378 1348 1378 1470
316A Acap  198305052 1561 1653 1653 1622 1592 1500 1409 1348 1348 1378 1439 1561
316A Acap  198305061 1683 1805 1896 1896 1835 1714 1561 1470 1409 1378 1378 1439
316A Acap  198305062 1531 1622 1653 1683 1653 1561 1470 1409 1348 1348 1409 1500
316A Acap  198305071 1622 1744 1835 1866 1835 1744 1653 1500 1439 1378 1378 1439
316A Acap  198305072 1500 1592 1683 1714 1683 1653 1561 1500 1439 1409 1439 1500
316A Acap  198305081 1622 1714 1805 1835 1835 1774 1683 1592 1500 1439 1409 1470
316A Acap  198305082 1500 1592 1653 1714 1744 1744 1714 1622 1531 1500 1500 1531
316A Acap  198305091 1622 1683 1744 1805 1805 1774 1714 1653 1531 1470 1470 1500
316A Acap  198305092 1561 1622 1714 1744 1805 1805 1805 1744 1683 1622 1622 1592
316A Acap  198305101 1622 1653 1714 1774 1805 1774 1714 1653 1561 1531 1470 1470
316A Acap  198305102 1500 1561 1653 1744 1805 1835 1835 1835 1774 1744 1683 1683
316A Acap  198305111 1653 1653 1653 1683 1683 1653 1622 1592 1561 1500 1470 1439
316A Acap  198305112 1439 1470 1561 1653 1714 1805 1835 1896 1896 1835 1805 1744
316A Acap  198305121 1714 1683 1653 1622 1622 1622 1592 1592 1592 1531 1500 1439
316A Acap  198305122 1409 1439 1470 1561 1653 1744 1805 1866 1896 1927 1896 1866
316A Acap  198305131 1835 1744 1683 1622 1592 1561 1561 1561 1561 1531 1500 1470
316A Acap  198305132 1470 1439 1439 1470 1561 1653 1714 1805 1896 1957 1988 1957
316A Acap  198305141 1927 1805 1714 1622 1531 1500 1500 1500 1531 1561 1561 1531
316A Acap  198305142 1500 1470 1409 1378 1439 1500 1622 1744 1866 1957 2018 2049
316A Acap  198305151 2018 1927 1805 1683 1561 1500 1470 1500 1561 1592 1592 1592
316A Acap  198305152 1561 1500 1439 1378 1378 1409 1531 1622 1805 1927 2079 2140
316A Acap  198305161 2171 2110 1988 1835 1683 1561 1500 1500 1531 1592 1653 1683
316A Acap  198305162 1683 1653 1561 1470 1378 1348 1409 1500 1653 1835 1988 2140
316A Acap  198305171 2171 2171 2079 1896 1744 1561 1470 1439 1470 1561 1653 1744
316A Acap  198305172 1744 1744 1653 1561 1439 1348 1317 1348 1500 1653 1866 2018
316A Acap  198305181 2140 2171 2110 1957 1774 1592 1439 1378 1378 1439 1561 1683
316A Acap  198305182 1744 1744 1714 1592 1470 1378 1287 1287 1348 1470 1683 1866
316A Acap  198305191 2018 2110 2110 2018 1866 1683 1500 1409 1348 1378 1470 1592
316A Acap  198305192 1714 1774 1805 1744 1622 1500 1378 1287 1287 1348 1500 1683
316A Acap  198305201 1866 1988 2079 2049 1927 1774 1592 1439 1348 1317 1409 1500
316A Acap  198305202 1653 1774 1835 1866 1805 1683 1561 1439 1378 1378 1470 1592
316A Acap  198305211 1744 1866 1988 1988 1927 1805 1653 1500 1348 1287 1317 1409
316A Acap  198305212 1561 1714 1805 1866 1866 1774 1622 1500 1409 1409 1439 1561
316A Acap  198305221 1683 1805 1896 1927 1866 1774 1653 1500 1378 1317 1317 1378
316A Acap  198305222 1470 1622 1744 1866 1896 1866 1774 1653 1561 1470 1409 1439
316A Acap  198305231 1561 1683 1774 1805 1835 1774 1683 1561 1439 1348 1317 1317
316A Acap  198305232 1409 1561 1683 1805 1896 1927 1896 1805 1714 1622 1531 1531
316A Acap  198305241 1561 1592 1683 1744 1805 1805 1744 1683 1592 1500 1439 1409
316A Acap  198305242 1439 1531 1683 1774 1896 2018 2049 2018 1927 1835 1774 1714
316A Acap  198305251 1683 1683 1714 1744 1774 1805 1835 1744 1714 1653 1561 1500
316A Acap  198305252 1500 1561 1622 1774 1896 2018 2110 2140 2110 2049 1988 1896
316A Acap  198305261 1835 1774 1774 1774 1774 1774 1774 1774 1744 1714 1653 1592
316A Acap  198305262 1561 1561 1622 1683 1774 1896 2018 2110 2140 2140 2079 1988
316A Acap  198305271 1927 1805 1744 1714 1683 1714 1744 1744 1774 1774 1744 1714
316A Acap  198305272 1653 1622 1561 1622 1683 1774 1835 1957 2049 2110 2140 2110
316A Acap  198305281 2049 1957 1835 1744 1683 1622 1622 1683 1714 1744 1744 1744
316A Acap  198305282 1714 1683 1592 1561 1561 1622 1744 1866 1988 2110 2171 2201
316A Acap  198305291 2171 2079 1957 1835 1744 1683 1653 1653 1714 1744 1774 1805
316A Acap  198305292 1774 1714 1653 1592 1561 1592 1683 1774 1896 2018 2171 2232
316A Acap  198305301 2232 2140 2018 1866 1744 1653 1622 1622 1653 1714 1774 1805
316A Acap  198305302 1835 1805 1744 1653 1592 1561 1592 1683 1805 1927 2049 2140
316A Acap  198305311 2201 2171 2110 1957 1835 1683 1592 1561 1592 1622 1714 1774
316A Acap  198305312 1835 1805 1744 1683 1561 1531 1531 1592 1653 1774 1927 2049
316A Acap  198306011 2140 2140 2079 1957 1805 1714 1622 1561 1592 1622 1683 1744
316A Acap  198306012 1805 1835 1805 1744 1622 1561 1531 1531 1592 1683 1835 1988
316A Acap  198306021 2110 2140 2140 2049 1896 1744 1622 1561 1531 1561 1622 1683
316A Acap  198306022 1774 1866 1866 1835 1744 1653 1592 1592 1561 1683 1774 1927
316A Acap  198306031 2049 2110 2140 2079 1957 1835 1714 1592 1531 1561 1622 1714
316A Acap  198306032 1805 1866 1927 1896 1835 1744 1683 1622 1622 1653 1714 1835
316A Acap  198306041 1927 1988 2049 2049 1957 1866 1744 1622 1561 1561 1561 1683
316A Acap  198306042 1744 1835 1896 1896 1896 1805 1744 1653 1592 1592 1653 1744
316A Acap  198306051 1866 1957 2018 2018 1988 1866 1774 1653 1561 1531 1561 1622
316A Acap  198306052 1714 1805 1896 1927 1927 1896 1835 1774 1683 1683 1683 1744
316A Acap  198306061 1805 1896 1927 1957 1927 1866 1774 1683 1622 1592 1592 1622
316A Acap  198306062 1714 1805 1896 1957 1957 1957 1927 1866 1805 1774 1744 1744
316A Acap  198306071 1805 1866 1927 1957 1957 1896 1835 1714 1653 1561 1561 1622
316A Acap  198306072 1683 1805 1927 2018 2049 2079 2049 1988 1957 1896 1866 1835
316A Acap  198306081 1835 1896 1896 1927 1927 1866 1805 1744 1653 1592 1561 1561
316A Acap  198306082 1622 1714 1835 1927 2049 2140 2140 2079 1988 1896 1835 1805
316A Acap  198306091 1774 1774 1805 1805 1805 1805 1774 1683 1592 1531 1500 1470
316A Acap  198306092 1531 1622 1683 1835 1927 2018 2079 2110 2049 1988 1927 1835
316A Acap  198306101 1774 1744 1744 1744 1744 1744 1714 1653 1561 1500 1439 1439
316A Acap  198306102 1409 1470 1561 1683 1774 1927 2018 2079 2110 2049 1988 1927
316A Acap  198306111 1805 1714 1683 1653 1653 1683 1683 1653 1622 1531 1439 1409
316A Acap  198306112 1378 1409 1470 1561 1683 1866 1988 2110 2201 2262 2232 2140
316A Acap  198306121 2018 1896 1805 1714 1683 1714 1774 1774 1774 1774 1683 1622
316A Acap  198306122 1561 1500 1470 1470 1561 1714 1866 2018 2140 2232 2293 2232
316A Acap  198306131 2140 2018 1866 1744 1683 1653 1653 1683 1744 1774 1774 1714
316A Acap  198306132 1622 1500 1409 1378 1409 1500 1622 1805 1988 2110 2201 2232
316A Acap  198306141 2171 2079 1896 1744 1561 1500 1500 1531 1592 1653 1683 1683
316A Acap  198306142 1622 1561 1439 1348 1317 1348 1470 1622 1744 1927 2049 2140
316A Acap  198306151 2171 2079 1957 1774 1622 1531 1470 1500 1500 1592 1683 1714
316A Acap  198306152 1744 1683 1561 1439 1348 1317 1348 1439 1561 1744 1896 2049
316A Acap  198306161 2110 2140 2049 1896 1683 1561 1439 1378 1409 1500 1622 1714
316A Acap  198306162 1805 1805 1744 1653 1500 1378 1317 1317 1409 1561 1744 1927
316A Acap  198306171 2049 2079 2049 1927 1774 1592 1470 1378 1348 1409 1561 1683
316A Acap  198306172 1805 1866 1896 1835 1714 1592 1470 1409 1409 1500 1622 1744
316A Acap  198306181 1927 2018 2079 2049 1866 1683 1500 1409 1348 1348 1439 1561
316A Acap  198306182 1744 1896 1957 1988 1896 1744 1653 1561 1500 1500 1561 1683
316A Acap  198306191 1805 1927 1988 1988 1896 1774 1622 1500 1378 1378 1409 1531
316A Acap  198306192 1683 1835 1957 2049 2018 1927 1835 1714 1622 1561 1531 1622
316A Acap  198306201 1683 1835 1896 1957 1927 1866 1714 1561 1409 1348 1287 1378
316A Acap  198306202 1531 1683 1835 1927 1988 1988 1927 1805 1714 1622 1592 1592
316A Acap  198306211 1653 1714 1774 1835 1866 1805 1714 1592 1470 1378 1348 1348
316A Acap  198306212 1378 1531 1714 1866 1957 1988 1988 1927 1805 1683 1622 1561
316A Acap  198306221 1561 1592 1683 1714 1744 1744 1683 1592 1470 1378 1317 1256
316A Acap  198306222 1317 1439 1592 1714 1866 1988 2018 1988 1927 1805 1714 1622
316A Acap  198306231 1592 1592 1653 1683 1683 1714 1683 1622 1531 1439 1348 1287
316A Acap  198306232 1317 1378 1500 1653 1774 1896 1988 2049 2018 1957 1866 1774
316A Acap  198306241 1683 1622 1622 1622 1653 1683 1683 1653 1622 1561 1470 1439
316A Acap  198306242 1378 1409 1470 1592 1714 1835 1988 2049 2079 2049 1957 1896
316A Acap  198306251 1774 1714 1653 1653 1653 1653 1653 1653 1622 1592 1561 1500
316A Acap  198306252 1439 1439 1470 1531 1622 1744 1866 1988 2049 2079 2079 2018
316A Acap  198306261 1957 1835 1774 1714 1683 1683 1683 1683 1683 1653 1622 1561
316A Acap  198306262 1531 1500 1470 1500 1561 1653 1744 1866 1927 1988 2049 2018
316A Acap  198306271 1957 1866 1774 1653 1592 1592 1592 1592 1592 1592 1592 1592
316A Acap  198306272 1561 1531 1531 1500 1500 1592 1653 1744 1866 1957 2049 2079
316A Acap  198306281 2049 1988 1866 1744 1653 1592 1561 1561 1592 1622 1653 1714
316A Acap  198306282 1683 1622 1561 1531 1500 1531 1592 1683 1774 1866 1957 2018
316A Acap  198306291 2079 2018 1927 1805 1683 1622 1561 1531 1561 1592 1653 1714
316A Acap  198306292 1714 1714 1683 1592 1561 1531 1561 1622 1683 1774 1896 1988
316A Acap  198306301 2049 2049 1988 1896 1744 1653 1561 1531 1531 1561 1622 1683
316A Acap  198306302 1714 1744 1714 1683 1622 1561 1531 1531 1592 1683 1774 1866
316A Acap  198307011 1957 2018 1988 1896 1774 1653 1592 1531 1500 1531 1592 1683
316A Acap  198307012 1714 1744 1744 1714 1683 1592 1561 1561 1592 1653 1744 1835
316A Acap  198307021 1896 1957 1927 1866 1744 1622 1561 1500 1439 1470 1531 1622
316A Acap  198307022 1714 1774 1835 1805 1774 1714 1622 1592 1622 1653 1714 1744
316A Acap  198307031 1835 1866 1896 1835 1774 1653 1531 1439 1409 1409 1500 1592
316A Acap  198307032 1683 1774 1866 1866 1835 1774 1683 1622 1592 1592 1622 1683
316A Acap  198307041 1774 1835 1866 1835 1805 1683 1592 1500 1439 1409 1439 1561
316A Acap  198307042 1653 1744 1805 1835 1835 1805 1744 1683 1622 1592 1592 1622
316A Acap  198307051 1714 1744 1744 1774 1714 1653 1592 1470 1378 1348 1378 1470
316A Acap  198307052 1592 1683 1805 1866 1927 1896 1805 1744 1683 1592 1592 1622
316A Acap  198307061 1683 1714 1774 1805 1714 1653 1592 1470 1439 1348 1348 1439
316A Acap  198307062 1500 1653 1774 1896 1957 1957 1927 1866 1774 1683 1653 1622
316A Acap  198307071 1653 1683 1714 1714 1714 1683 1622 1500 1378 1317 1287 1348
316A Acap  198307072 1439 1592 1714 1866 1957 2049 2018 1957 1896 1805 1744 1714
316A Acap  198307081 1683 1683 1683 1714 1714 1683 1622 1561 1470 1378 1287 1317
316A Acap  198307082 1378 1500 1653 1774 1896 1988 2049 1988 1957 1896 1866 1749
316A Acap  198307091 1653 1653 1622 1683 1714 1683 1683 1561 1470 1378 1287 1226
316A Acap  198307092 1287 1348 1500 1653 1805 1957 2049 2049 2049 1988 1927 1805
316A Acap  198307101 1714 1653 1622 1622 1622 1622 1622 1592 1531 1409 1317 1226
316A Acap  198307102 1195 1226 1348 1500 1622 1774 1896 1988 2079 2018 1957 1835
316A Acap  198307111 1774 1653 1622 1592 1592 1592 1622 1653 1622 1561 1470 1409
316A Acap  198307112 1256 1195 1226 1287 1409 1561 1744 1866 1988 2018 2018 1927
316A Acap  198307121 1866 1744 1622 1561 1561 1531 1561 1622 1653 1622 1592 1500
316A Acap  198307122 1439 1317 1256 1256 1317 1439 1592 1744 1866 1988 2049 2018
316A Acap  198307131 1988 1866 1744 1592 1561 1470 1500 1531 1622 1653 1653 1653
316A Acap  198307132 1592 1500 1378 1317 1348 1378 1470 1561 1714 1835 1983 2079
316A Acap  198307141 2018 1927 1805 1683 1531 1470 1409 1439 1500 1592 1714 1774
316A Acap  198307142 1744 1683 1592 1500 1409 1378 1378 1470 1561 1714 1866 1988
316A Acap  198307151 2018 1988 1927 1774 1622 1500 1439 1409 1470 1561 1653 1774
316A Acap  198307152 1835 1866 1805 1714 1622 1531 1470 1439 1531 1622 1744 1866
316A Acap  198307161 1957 1988 1927 1866 1714 1561 1470 1378 1378 1470 1592 1744
316A Acap  198307162 1866 1957 1957 1896 1835 1683 1592 1500 1500 1592 1683 1805
316A Acap  198307171 1927 1988 1957 1896 1774 1622 1470 1348 1287 1348 1500 1622
316A Acap  198307172 1774 1927 2018 1988 1896 1805 1683 1592 1500 1470 1561 1683
316A Acap  198307181 1774 1835 1896 1835 1744 1622 1439 1348 1287 1256 1348 1470
316A Acap  198307182 1592 1774 1927 1988 1988 1927 1835 1714 1592 1531 1531 1561
316A Acap  198307191 1622 1744 1805 1835 1774 1653 1531 1378 1317 1256 1256 1348
316A Acap  198307192 1500 1653 1835 1957 2018 2018 1957 1835 1744 1622 1561 1561
316A Acap  198307201 1622 1683 1744 1805 1774 1714 1622 1531 1409 1348 1317 1348
316A Acap  198307202 1439 1592 1714 1866 1988 2049 2018 1957 1835 1744 1653 1622
316A Acap  198307211 1622 1653 1683 1744 1714 1622 1592 1500 1409 1348 1317 1317
316A Acap  198307212 1348 1500 1653 1805 1866 1927 1988 1957 1866 1774 1683 1622
316A Acap  198307221 1592 1592 1622 1653 1683 1683 1622 1561 1439 1378 1317 1317
316A Acap  198307222 1317 1409 1500 1622 1744 1866 1927 1896 1866 1805 1744 1683
316A Acap  198307231 1622 1592 1561 1561 1561 1561 1561 1531 1470 1378 1317 1287
316A Acap  198307232 1287 1348 1409 1500 1622 1744 1835 1896 1866 1835 1774 1683
316A Acap  198307241 1653 1622 1561 1561 1561 1561 1561 1531 1470 1409 1348 1317
316A Acap  198307242 1287 1287 1348 1439 1531 1622 1714 1835 1896 1896 1835 1774
316A Acap  198307251 1744 1683 1622 1592 1592 1561 1561 1561 1561 1531 1500 1470
316A Acap  198307252 1470 1470 1470 1500 1561 1653 1744 1835 1896 1957 1957 1957
316A Acap  198307261 1927 1835 1774 1683 1653 1653 1653 1622 1622 1622 1592 1561
316A Acap  198307262 1531 1470 1470 1470 1500 1561 1622 1744 1835 1896 1927 1957
316A Acap  198307271 1927 1866 1774 1714 1622 1622 1592 1592 1653 1653 1683 1683
316A Acap  198307272 1653 1622 1592 1561 1531 1561 1592 1653 1683 1805 1866 1927
316A Acap  198307281 1927 1896 1805 1683 1622 1561 1531 1531 1561 1592 1622 1653
316A Acap  198307282 1653 1653 1622 1592 1531 1531 1531 1592 1653 1744 1835 1896
316A Acap  198307291 1957 1927 1896 1805 1714 1622 1561 1531 1561 1592 1653 1774
316A Acap  198307292 1835 1866 1866 1805 1683 1653 1653 1622 1714 1774 1866 1927
316A Acap  198307301 1988 1988 1927 1835 1744 1592 1531 1500 1500 1561 1622 1683
316A Acap  198307302 1774 1805 1805 1805 1744 1653 1622 1622 1622 1653 1744 1805
316A Acap  198307311 1896 1927 1866 1805 1714 1592 1531 1500 1470 1500 1561 1653
316A Acap  198307312 1744 1805 1835 1835 1744 1683 1622 1531 1531 1531 1622 1683
316A Acap  198308011 1774 1835 1835 1805 1683 1561 1500 1439 1348 1378 1470 1592
316A Acap  198308012 1714 1835 1927 1896 1866 1744 1683 1592 1531 1531 1561 1622
316A Acap  198308021 1714 1774 1805 1744 1683 1561 1500 1409 1348 1348 1378 1470
316A Acap  198308022 1622 1774 1866 1927 1866 1805 1744 1622 1500 1470 1470 1531
316A Acap  198308031 1592 1683 1714 1714 1653 1531 1439 1317 1256 1226 1317 1409
316A Acap  198308032 1561 1714 1866 1927 1957 1896 1805 1683 1561 1470 1470 1500
316A Acap  198308041 1561 1653 1683 1714 1653 1561 1439 1317 1226 1195 1226 1317
316A Acap  198308042 1470 1653 1805 1896 1957 1957 1866 1774 1653 1561 1500 1500
316A Acap  198308051 1531 1622 1653 1714 1653 1592 1439 1317 1226 1195 1195 1287
316A Acap  198308052 1409 1592 1774 1896 1957 1957 1927 1835 1714 1622 1561 1500
316A Acap  198308061 1531 1561 1622 1653 1714 1653 1561 1409 1287 1195 1165 1195
316A Acap  198308062 1287 1439 1622 1744 1896 1988 2018 1988 1896 1805 1683 1622
316A Acap  198308071 1592 1592 1653 1683 1714 1683 1622 1531 1378 1287 1195 1165
316A Acap  198308072 1195 1287 1470 1653 1805 1927 2049 2079 2018 1927 1835 1714
316A Acap  198308081 1622 1561 1592 1683 1744 1774 1683 1531 1409 1317 1256 1226
316A Acap  198308082 1226 1226 1348 1500 1683 1866 1988 2049 2049 1988 1927 1805
316A Acap  198308091 1683 1592 1561 1561 1622 1683 1683 1683 1622 1561 1470 1348
316A Acap  198308092 1256 1226 1287 1378 1500 1683 1805 1927 1988 2018 1957 1835
316A Acap  198308101 1683 1622 1531 1500 1500 1531 1622 1683 1714 1683 1622 1561
316A Acap  198308102 1439 1348 1317 1317 1378 1500 1622 1774 1866 1957 1988 1927
316A Acap  198308111 1835 1683 1531 1439 1409 1439 1470 1592 1653 1714 1744 1714
316A Acap  198308112 1622 1500 1378 1317 1317 1378 1470 1561 1714 1835 1927 1927
316A Acap  198308121 1866 1744 1622 1500 1378 1348 1378 1439 1561 1683 1774 1866
316A Acap  198308122 1866 1774 1653 1531 1409 1348 1378 1439 1561 1714 1805 1896
316A Acap  198308131 1927 1866 1744 1561 1409 1317 1287 1317 1409 1592 1744 1866
316A Acap  198308132 1927 1927 1835 1744 1592 1470 1409 1409 1470 1561 1683 1805
316A Acap  198308141 1896 1927 1835 1714 1561 1409 1317 1287 1348 1470 1622 1774
316A Acap  198308142 1927 2018 2018 1927 1805 1653 1500 1409 1378 1409 1531 1653
316A Acap  198308151 1774 1866 1835 1744 1592 1439 1317 1226 1226 1348 1500 1683
316A Acap  198308152 1866 1988 2049 2018 1896 1744 1592 1470 1378 1378 1470 1622
316A Acap  198308161 1714 1774 1809 1774 1653 1531 1378 1256 1195 1226 1348 1500
316A Acap  198308162 1683 1866 1957 2018 1957 1835 1714 1561 1470 1378 1378 1439
316A Acap  198308171 1531 1653 1714 1744 1683 1592 1439 1287 1195 1134 1195 1317
316A Acap  198308172 1470 1622 1774 1896 1927 1866 1774 1683 1531 1439 1409 1439
316A Acap  198308181 1531 1622 1683 1683 1683 1622 1470 1348 1226 1165 1165 1226
316A Acap  198308182 1348 1500 1653 1774 1866 1866 1805 1683 1561 1470 1409 1409
316A Acap  198308191 1470 1561 1622 1622 1622 1561 1470 1348 1226 1134 1104 1165
316A Acap  198308192 1256 1409 1561 1683 1774 1805 1805 1744 1653 1561 1500 1439
316A Acap  198308201 1439 1470 1500 1561 1592 1561 1531 1439 1348 1256 1195 1165
316A Acap  198308202 1226 1348 1470 1592 1683 1774 1805 1774 1744 1653 1592 1531
316A Acap  198308211 1500 1500 1500 1531 1561 1561 1531 1470 1378 1317 1256 1226
316A Acap  198308212 1226 1317 1409 1531 1653 1714 1774 1774 1744 1683 1653 1592
316A Acap  198308221 1561 1531 1531 1531 1500 1500 1500 1470 1409 1378 1348 1287
316A Acap  198308222 1287 1348 1439 1531 1592 1653 1683 1744 1744 1744 1714 1683
316A Acap  198308231 1622 1561 1531 1531 1500 1500 1500 1500 1470 1470 1439 1409
316A Acap  198308232 1409 1409 1439 1500 1561 1622 1653 1683 1744 1774 1774 1744
316A Acap  198308241 1714 1653 1592 1561 1531 1500 1470 1500 1531 1561 1561 1561
316A Acap  198308242 1561 1531 1500 1500 1531 1561 1561 1622 1683 1744 1774 1774
316A Acap  198308251 1744 1683 1622 1561 1531 1531 1500 1531 1531 1592 1592 1592
316A Acap  198308252 1592 1592 1561 1531 1531 1531 1531 1592 1622 1714 1774 1805
316A Acap  198308261 1774 1744 1683 1592 1531 1470 1470 1470 1531 1561 1622 1683
316A Acap  198308262 1714 1683 1622 1561 1500 1500 1500 1531 1592 1683 1744 1774
316A Acap  198308271 1774 1744 1683 1622 1500 1470 1439 1439 1500 1561 1622 1683
316A Acap  198308272 1714 1714 1653 1622 1531 1470 1439 1439 1500 1561 1622 1714
316A Acap  198308281 1744 1744 1683 1592 1500 1409 1348 1378 1409 1500 1592 1683
316A Acap  198308282 1774 1805 1805 1714 1592 1500 1439 1409 1409 1500 1561 1653
316A Acap  198308291 1714 1744 1714 1622 1500 1409 1348 1317 1348 1409 1531 1683
316A Acap  198308292 1805 1866 1866 1805 1714 1592 1500 1439 1409 1470 1531 1622
316A Acap  198308301 1744 1774 1744 1653 1561 1439 1348 1287 1317 1409 1561 1714
316A Acap  198308302 1835 1927 1957 1927 1835 1683 1592 1500 1439 1439 1500 1592
316A Acap  198308311 1683 1744 1774 1744 1622 1470 1348 1256 1226 1317 1470 1622
316A Acap  198308312 1805 1957 2049 2018 1957 1866 1744 1592 1500 1470 1500 1561
316A Acap  198309011 1683 1774 1835 1805 1714 1561 1439 1317 1256 1256 1409 1592
316A Acap  198309012 1774 1957 2049 2079 2079 2018 1896 1744 1622 1531 1500 1592
316A Acap  198309021 1683 1744 1805 1805 1744 1653 1500 1348 1256 1226 1287 1470
316A Acap  198309022 1622 1835 1988 2079 2079 2018 1896 1774 1653 1561 1531 1561
316A Acap  198309031 1592 1683 1774 1805 1774 1683 1561 1409 1256 1195 1226 1348
316A Acap  198309032 1470 1683 1896 2018 2079 2049 1988 1835 1714 1622 1561 1531
316A Acap  198309041 1561 1653 1714 1774 1774 1714 1622 1470 1348 1226 1226 1256
316A Acap  198309042 1378 1561 1714 1866 1988 2018 1988 1927 1805 1683 1592 1531
316A Acap  198309051 1531 1592 1653 1744 1774 1744 1683 1531 1409 1287 1195 1165
316A Acap  198309052 1195 1317 1470 1653 1805 1896 1927 1896 1835 1744 1653 1592
316A Acap  198309061 1531 1500 1561 1622 1683 1714 1683 1622 1561 1470 1378 1287
316A Acap  198309062 1256 1348 1470 1622 1744 1866 1927 1957 1957 1927 1835 1744
316A Acap  198309071 1683 1622 1622 1653 1714 1774 1835 1805 1744 1683 1592 1531
316A Acap  198309072 1470 1439 1500 1592 1653 1744 1835 1927 1957 1957 1896 1805
316A Acap  198309081 1744 1653 1592 1592 1622 1683 1744 1805 1866 1896 1866 1805
316A Acap  198309082 1714 1592 1531 1500 1500 1561 1653 1744 1835 1896 1896 1866
316A Acap  198309091 1774 1714 1592 1500 1500 1500 1592 1683 1774 1866 1896 1896
316A Acap  198309092 1866 1774 1683 1592 1561 1531 1592 1653 1744 1805 1896 1927
316A Acap  198309101 1896 1805 1683 1531 1439 1378 1439 1531 1683 1835 1957 2018
316A Acap  198309102 2018 1927 1835 1683 1561 1470 1470 1531 1622 1714 1805 1866
316A Acap  198309111 1835 1774 1683 1561 1439 1378 1348 1409 1531 1714 1866 2018
316A Acap  198309112 2110 2049 1957 1805 1683 1531 1439 1439 1500 1592 1744 1866
316A Acap  198309121 1927 1896 1805 1683 1531 1378 1317 1317 1439 1592 1805 1988
316A Acap  198309122 2110 2171 2110 1957 1805 1622 1500 1439 1439 1531 1622 1774
316A Acap  198309131 1866 1896 1866 1774 1622 1500 1378 1348 1378 1500 1683 1896
316A Acap  198309132 2110 2232 2232 2171 2049 1866 1714 1592 1531 1561 1653 1744
316A Acap  198309141 1866 1927 1957 1896 1774 1592 1439 1348 1287 1378 1500 1714
316A Acap  198309142 1896 2049 2140 2171 2079 1927 1744 1622 1531 1500 1531 1653
316A Acap  198309151 1774 1866 1896 1896 1774 1653 1500 1378 1317 1348 1439 1592
316A Acap  198309152 1774 1957 2079 2110 2079 1988 1835 1683 1561 1500 1500 1561
316A Acap  198309161 1653 1774 1835 1835 1744 1653 1561 1409 1317 1287 1317 1439
316A Acap  198309162 1592 1774 1896 1988 2018 1927 1835 1714 1592 1500 1470 1531
316A Acap  198309171 1622 1714 1744 1805 1744 1683 1561 1409 1348 1287 1287 1378
316A Acap  198309172 1470 1622 1774 1896 1957 1957 1866 1774 1683 1622 1561 1561
316A Acap  198309181 1561 1622 1683 1714 1714 1653 1592 1500 1409 1378 1348 1378
316A Acap  198309182 1500 1592 1744 1835 1866 1896 1866 1774 1714 1622 1561 1561
316A Acap  198309191 1561 1622 1683 1714 1744 1714 1622 1561 1470 1378 1348 1348
316A Acap  198309192 1409 1500 1592 1714 1805 1866 1866 1835 1774 1683 1653 1622
316A Acap  198309201 1592 1622 1653 1683 1683 1653 1622 1561 1531 1470 1439 1439
316A Acap  198309202 1439 1500 1561 1622 1714 1774 1774 1744 1714 1653 1622 1622
316A Acap  198309211 1592 1622 1622 1653 1653 1714 1653 1622 1592 1531 1500 1500
316A Acap  198309212 1500 1500 1531 1592 1622 1653 1683 1683 1714 1683 1622 1622
316A Acap  198309221 1592 1592 1561 1592 1592 1622 1622 1622 1622 1622 1592 1592
316A Acap  198309222 1592 1561 1531 1561 1592 1592 1592 1622 1653 1653 1653 1653
316A Acap  198309231 1622 1592 1561 1531 1561 1561 1592 1622 1653 1714 1683 1653
316A Acap  198309232 1653 1622 1561 1500 1470 1500 1531 1561 1592 1622 1622 1622
316A Acap  198309241 1622 1592 1531 1500 1500 1500 1500 1561 1622 1653 1683 1683
316A Acap  198309242 1683 1622 1561 1500 1470 1470 1470 1470 1531 1561 1592 1622
316A Acap  198309251 1653 1622 1561 1500 1470 1470 1500 1531 1561 1653 1744 1774
316A Acap  198309252 1805 1774 1683 1561 1470 1409 1378 1378 1439 1500 1592 1622
316A Acap  198309261 1683 1653 1622 1531 1439 1409 1409 1439 1531 1622 1744 1835
316A Acap  198309262 1866 1866 1805 1683 1561 1470 1439 1409 1409 1470 1531 1592
316A Acap  198309271 1622 1622 1561 1500 1409 1348 1317 1378 1439 1561 1683 1805
316A Acap  198309272 1896 1927 1866 1774 1622 1500 1409 1317 1317 1378 1470 1531
316A Acap  198309281 1592 1622 1592 1531 1378 1287 1226 1226 1317 1439 1592 1774
316A Acap  198309282 1866 1957 1957 1896 1744 1592 1439 1348 1317 1348 1439 1561
316A Acap  198309291 1622 1653 1653 1592 1500 1348 1256 1195 1256 1378 1531 1714
316A Acap  198309292 1866 1988 2018 1957 1835 1683 1561 1439 1378 1378 1439 1531
316A Acap  198309301 1622 1683 1683 1622 1500 1348 1226 1165 1134 1226 1378 1561
316A Acap  198309302 1714 1866 1927 1927 1866 1714 1531 1409 1348 1317 1348 1470
316A Acap  198310011 1561 1622 1683 1653 1531 1378 1256 1134 1073 1073 1195 1378
316A Acap  198310012 1531 1744 1866 1927 1927 1805 1683 1531 1439 1409 1378 1439
316A Acap  198310021 1561 1622 1683 1714 1683 1531 1409 1256 1134 1104 1165 1317
316A Acap  198310022 1500 1683 1866 1927 1957 1866 1805 1653 1561 1439 1409 1470
316A Acap  198310031 1500 1592 1683 1714 1683 1592 1470 1317 1195 1134 1165 1226
316A Acap  198310032 1378 1531 1714 1805 1835 1835 1774 1653 1561 1470 1378 1378
316A Acap  198310041 1439 1531 1592 1653 1714 1683 1592 1500 1378 1256 1226 1256
316A Acap  198310042 1317 1409 1561 1683 1774 1805 1774 1714 1592 1500 1439 1409
316A Acap  198310051 1409 1470 1592 1653 1683 1744 1683 1592 1500 1409 1348 1287
316A Acap  198310052 1317 1378 1470 1561 1653 1683 1714 1683 1622 1561 1500 1439
316A Acap  198310061 1378 1409 1439 1500 1592 1683 1714 1714 1683 1592 1531 1439
316A Acap  198310062 1378 1378 1409 1439 1500 1561 1592 1622 1622 1592 1531 1500
316A Acap  198310071 1409 1378 1348 1378 1439 1531 1622 1683 1744 1744 1714 1653
316A Acap  198310072 1561 1500 1439 1378 1378 1439 1500 1561 1622 1622 1622 1561
316A Acap  198310081 1500 1409 1348 1317 1378 1439 1561 1714 1805 1835 1866 1805
316A Acap  198310082 1744 1622 1531 1439 1409 1378 1409 1500 1561 1622 1653 1622
316A Acap  198310091 1592 1500 1378 1317 1287 1317 1409 1531 1683 1805 1896 1927
316A Acap  198310092 1896 1805 1653 1531 1409 1348 1317 1348 1409 1531 1622 1683
316A Acap  198310101 1683 1622 1500 1409 1317 1287 1317 1439 1561 1714 1835 1927
316A Acap  198310102 1957 1896 1774 1622 1470 1348 1287 1287 1348 1439 1561 1622
316A Acap  198310111 1653 1622 1531 1409 1317 1226 1226 1287 1409 1561 1744 1866
316A Acap  198310112 1957 1988 1927 1774 1592 1439 1317 1287 1287 1378 1500 1592
316A Acap  198310121 1653 1683 1622 1531 1378 1256 1226 1195 1287 1409 1622 1774
316A Acap  198310122 1927 1988 1957 1866 1714 1531 1439 1348 1317 1317 1409 1531
316A Acap  198310131 1622 1683 1683 1622 1500 1378 1287 1226 1226 1317 1470 1622
316A Acap  198310132 1805 1927 2018 1988 1866 1683 1531 1409 1317 1317 1348 1439
316A Acap  198310141 1561 1622 1683 1653 1592 1500 1378 1287 1256 1287 1378 1531
316A Acap  198310142 1683 1835 1927 1957 1896 1744 1622 1439 1348 1348 1348 1439
316A Acap  198310151 1531 1592 1653 1653 1592 1500 1378 1287 1226 1256 1348 1470
316A Acap  198310152 1622 1774 1896 1927 1896 1805 1653 1500 1409 1348 1378 1439
316A Acap  198310161 1500 1561 1622 1622 1622 1531 1439 1348 1256 1256 1287 1409
316A Acap  198310162 1531 1653 1744 1805 1774 1714 1622 1500 1439 1378 1378 1409
316A Acap  198310171 1470 1561 1592 1622 1561 1500 1470 1378 1317 1287 1317 1409
316A Acap  198310172 1500 1592 1683 1744 1744 1714 1622 1561 1470 1378 1378 1378
316A Acap  198310181 1439 1500 1561 1622 1622 1592 1531 1470 1409 1378 1378 1409
316A Acap  198310182 1470 1531 1622 1683 1683 1683 1653 1561 1500 1439 1439 1439
316A Acap  198310191 1470 1531 1592 1622 1653 1653 1622 1561 1500 1470 1470 1470
316A Acap  198310192 1500 1531 1592 1653 1683 1683 1653 1622 1592 1561 1531 1531
316A Acap  198310201 1531 1561 1592 1653 1683 1683 1683 1683 1622 1622 1592 1592
316A Acap  198310202 1592 1592 1622 1622 1622 1622 1622 1592 1592 1561 1531 1531
316A Acap  198310211 1531 1561 1561 1622 1622 1653 1653 1653 1653 1622 1592 1561
316A Acap  198310212 1531 1500 1470 1470 1470 1439 1470 1470 1500 1500 1500 1500
316A Acap  198310221 1500 1500 1500 1500 1500 1531 1561 1622 1653 1683 1714 1714
316A Acap  198310222 1683 1622 1561 1500 1470 1439 1439 1439 1470 1500 1500 1500
316A Acap  198310231 1531 1500 1500 1500 1500 1531 1561 1622 1714 1774 1835 1835
316A Acap  198310232 1805 1744 1683 1561 1500 1409 1378 1378 1409 1470 1500 1500
316A Acap  198310241 1531 1500 1470 1439 1439 1439 1500 1561 1653 1744 1835 1866
316A Acap  198310242 1866 1835 1714 1592 1500 1409 1348 1348 1378 1439 1470 1500
316A Acap  198310251 1500 1500 1439 1378 1317 1317 1348 1439 1561 1683 1805 1896
316A Acap  198310252 1896 1866 1774 1622 1470 1378 1287 1287 1317 1409 1470 1531
316A Acap  198310261 1531 1470 1409 1317 1256 1195 1226 1317 1439 1592 1744 1866
316A Acap  198310262 1957 1957 1927 1805 1653 1500 1378 1287 1256 1317 1378 1470
316A Acap  198310271 1561 1592 1561 1439 1348 1226 1195 1195 1287 1409 1561 1744
316A Acap  198310272 1896 1957 1957 1866 1714 1531 1348 1256 1256 1287 1378 1470
316A Acap  198310281 1561 1592 1561 1470 1348 1256 1165 1134 1195 1348 1500 1683
316A Acap  198310282 1866 1988 1988 1896 1774 1561 1409 1317 1287 1287 1378 1500
316A Acap  198310291 1592 1653 1683 1592 1470 1317 1195 1134 1165 1287 1439 1592
316A Acap  198310292 1774 1896 1957 1927 1805 1683 1531 1378 1317 1287 1378 1470
316A Acap  198310301 1592 1683 1714 1683 1561 1409 1287 1195 1165 1226 1348 1500
316A Acap  198310302 1683 1835 1927 1957 1866 1744 1592 1439 1317 1287 1317 1378
316A Acap  198310311 1531 1622 1714 1714 1653 1531 1378 1256 1195 1195 1256 1378
316A Acap  198310312 1561 1714 1805 1866 1835 1744 1592 1439 1317 1256 1256 1348
316A Acap  198311011 1439 1561 1653 1714 1683 1622 1500 1348 1256 1195 1226 1317
316A Acap  198311012 1470 1592 1714 1774 1744 1683 1622 1500 1378 1348 1317 1348
316A Acap  198311021 1409 1531 1653 1714 1744 1714 1622 1531 1409 1317 1317 1348
316A Acap  198311022 1439 1531 1653 1714 1744 1683 1622 1531 1409 1348 1287 1287
316A Acap  198311031 1348 1470 1561 1653 1774 1774 1774 1714 1592 1531 1470 1439
316A Acap  198311032 1439 1500 1561 1592 1622 1622 1592 1561 1500 1439 1348 1317
316A Acap  198311041 1317 1409 1500 1622 1714 1805 1866 1835 1805 1714 1653 1592
316A Acap  198311042 1531 1500 1500 1500 1531 1561 1561 1561 1531 1470 1409 1378
316A Acap  198311051 1348 1348 1378 1439 1561 1653 1744 1835 1866 1835 1805 1744
316A Acap  198311052 1653 1592 1531 1500 1500 1470 1500 1500 1561 1531 1470 1439
316A Acap  198311061 1409 1348 1287 1317 1378 1500 1592 1744 1835 1896 1896 1835
316A Acap  198311062 1744 1653 1592 1470 1409 1409 1378 1409 1500 1500 1500 1500
316A Acap  198311071 1439 1378 1317 1287 1317 1378 1439 1561 1683 1805 1835 1835
316A Acap  198311072 1805 1653 1500 1439 1348 1287 1287 1317 1378 1439 1500 1500
316A Acap  198311081 1470 1409 1348 1256 1226 1256 1317 1439 1561 1714 1835 1896
316A Acap  198311082 1896 1835 1714 1561 1378 1287 1256 1256 1317 1378 1439 1500
316A Acap  198311091 1531 1470 1409 1317 1195 1165 1195 1287 1409 1561 1714 1866
316A Acap  198311092 1927 1896 1805 1653 1470 1348 1226 1195 1256 1348 1409 1500
316A Acap  198311101 1592 1592 1531 1409 1317 1195 1134 1179 1287 1439 1592 1744
316A Acap  198311102 1835 1896 1805 1714 1531 1409 1287 1195 1195 1256 1378 1439
316A Acap  198311111 1531 1561 1531 1439 1348 1256 1195 1226 1195 1317 1470 1622
316A Acap  198311112 1744 1835 1805 1774 1622 1470 1348 1226 1195 1195 1287 1378
316A Acap  198311121 1500 1561 1561 1531 1439 1348 1226 1165 1165 1226 1348 1500
316A Acap  198311122 1653 1744 1805 1744 1683 1500 1378 1256 1195 1195 1226 1317
316A Acap  198311131 1439 1531 1561 1561 1500 1378 1256 1195 1165 1195 1287 1409
316A Acap  198311132 1561 1683 1744 1744 1683 1561 1409 1317 1226 1195 1226 1317
316A Acap  198311141 1409 1500 1561 1561 1500 1439 1348 1256 1195 1195 1256 1348
316A Acap  198311142 1470 1592 1653 1683 1622 1531 1439 1317 1247 1226 1256 1348
316A Acap  198311151 1439 1531 1561 1592 1592 1531 1439 1348 1287 1287 1287 1348
316A Acap  198311152 1439 1561 1592 1622 1592 1561 1470 1348 1317 1287 1287 1348
316A Acap  198311161 1409 1500 1561 1592 1622 1561 1500 1439 1378 1317 1317 1317
316A Acap  198311162 1378 1470 1531 1561 1561 1531 1470 1409 1317 1256 1256 1287
316A Acap  198311171 1348 1439 1500 1592 1592 1592 1561 1500 1470 1409 1409 1409
316A Acap  198311172 1439 1470 1531 1561 1531 1500 1470 1409 1348 1317 1287 1317
316A Acap  198311181 1348 1409 1470 1531 1592 1622 1622 1592 1561 1500 1500 1470
316A Acap  198311182 1439 1439 1470 1470 1470 1439 1409 1378 1348 1287 1287 1317
316A Acap  198311191 1317 1378 1439 1500 1561 1622 1653 1622 1622 1592 1592 1531
316A Acap  198311192 1470 1439 1439 1409 1378 1348 1348 1348 1317 1317 1256 1256
316A Acap  198311201 1256 1287 1317 1378 1470 1531 1592 1653 1714 1714 1683 1622
316A Acap  198311202 1531 1500 1439 1409 1378 1378 1378 1378 1348 1348 1317 1287
316A Acap  198311211 1287 1287 1287 1348 1378 1439 1531 1622 1714 1744 1744 1714
316A Acap  198311212 1683 1561 1439 1378 1317 1287 1287 1287 1317 1348 1348 1317
316A Acap  198311221 1287 1226 1195 1195 1226 1287 1409 1531 1653 1744 1774 1774
316A Acap  198311222 1744 1653 1531 1439 1317 1256 1195 1226 1287 1317 1378 1378
316A Acap  198311231 1378 1317 1256 1226 1195 1256 1348 1470 1622 1744 1835 1896
316A Acap  198311232 1866 1805 1653 1531 1378 1287 1226 1226 1287 1348 1409 1439
316A Acap  198311241 1409 1348 1287 1195 1134 1134 1226 1317 1500 1592 1714 1835
316A Acap  198311242 1896 1835 1744 1561 1378 1226 1104 1073 1104 1165 1256 1317
316A Acap  198311251 1348 1317 1256 1165 1073 1073 1134 1195 1317 1439 1561 1683
316A Acap  198311252 1805 1805 1744 1653 1500 1348 1226 1195 1165 1287 1409 1470
316A Acap  198311261 1531 1531 1470 1378 1256 1134 1073 1104 1226 1378 1561 1774
316A Acap  198311262 1866 1927 1866 1774 1592 1409 1287 1195 1165 1195 1317 1439
316A Acap  198311271 1531 1561 1561 1500 1378 1256 1134 1043 1104 1226 1409 1622
316A Acap  198311272 1774 1866 1896 1805 1653 1470 1317 1195 1134 1165 1256 1378
316A Acap  198311281 1500 1592 1622 1592 1500 1378 1256 1133 1073 1134 1287 1470
316A Acap  198311282 1592 1744 1774 1774 1653 1500 1348 1226 1134 1134 1226 1287
316A Acap  198311291 1439 1561 1622 1653 1592 1500 1378 1256 1195 1195 1256 1348
316A Acap  198311292 1500 1622 1683 1683 1653 1531 1378 1256 1165 1104 1134 1256
316A Acap  198311301 1348 1470 1592 1653 1653 1592 1531 1378 1287 1226 1226 1317
316A Acap  198311302 1378 1500 1561 1622 1592 1500 1409 1287 1165 1073 1043 1104
316A Acap  198312011 1226 1348 1470 1592 1653 1653 1622 1531 1409 1348 1287 1317
316A Acap  198312012 1348 1409 1500 1531 1561 1500 1439 1348 1256 1195 1134 1134
316A Acap  198312021 1195 1287 1439 1500 1622 1714 1744 1683 1622 1500 1439 1409
316A Acap  198312022 1378 1378 1409 1439 1470 1500 1470 1409 1317 1226 1165 1134
316A Acap  198312031 1134 1195 1317 1439 1561 1653 1744 1774 1714 1653 1561 1500
316A Acap  198312032 1409 1378 1378 1378 1378 1378 1409 1378 1348 1287 1256 1195
316A Acap  198312041 1195 1165 1226 1348 1470 1592 1683 1774 1805 1774 1714 1622
316A Acap  198312042 1561 1470 1378 1348 1348 1348 1348 1378 1378 1378 1348 1317
316A Acap  198312051 1317 1287 1287 1317 1378 1500 1622 1744 1835 1866 1866 1805
316A Acap  198312052 1744 1622 1500 1409 1378 1348 1378 1409 1409 1409 1409 1378
316A Acap  198312061 1348 1317 1256 1256 1317 1409 1500 1622 1744 1805 1866 1866
316A Acap  198312062 1835 1714 1622 1470 1378 1348 1317 1317 1378 1409 1439 1439
316A Acap  198312071 1409 1348 1317 1256 1256 1287 1348 1470 1622 1744 1835 1866
316A Acap  198312072 1866 1744 1622 1470 1348 1287 1256 1256 1317 1348 1409 1439
316A Acap  198312081 1409 1409 1348 1287 1195 1195 1256 1317 1470 1592 1714 1805
316A Acap  198312082 1835 1774 1683 1561 1409 1256 1195 1165 1226 1256 1348 1409
316A Acap  198312091 1439 1439 1378 1317 1226 1195 1165 1226 1317 1439 1592 1683
316A Acap  198312092 1744 1744 1683 1561 1409 1287 1195 1165 1195 1256 1317 1409
316A Acap  198312101 1439 1470 1409 1348 1256 1165 1134 1195 1256 1378 1500 1622
316A Acap  198312102 1714 1744 1714 1622 1500 1317 1226 1195 1165 1195 1287 1348
316A Acap  198312111 1439 1500 1470 1439 1348 1287 1195 1195 1226 1317 1409 1561
316A Acap  198312112 1653 1714 1714 1653 1531 1409 1287 1195 1165 1195 1226 1317
316A Acap  198312121 1409 1500 1531 1531 1470 1378 1287 1256 1226 1256 1348 1439
316A Acap  198312122 1531 1622 1683 1653 1592 1470 1348 1226 1195 1195 1195 1287
316A Acap  198312131 1378 1470 1561 1561 1531 1470 1378 1348 1287 1287 1348 1409
316A Acap  198312132 1500 1592 1622 1653 1592 1500 1348 1287 1226 1165 1226 1287
316A Acap  198312141 1378 1470 1592 1622 1622 1592 1500 1439 1348 1317 1348 1409
316A Acap  198312142 1470 1531 1592 1622 1561 1500 1409 1317 1256 1195 1226 1256
316A Acap  198312151 1378 1470 1592 1653 1683 1622 1561 1500 1439 1378 1348 1378
316A Acap  198312152 1409 1470 1500 1531 1500 1439 1378 1287 1195 1134 1134 1165
316A Acap  198312161 1256 1378 1439 1531 1622 1622 1622 1561 1500 1409 1378 1348
316A Acap  198312162 1378 1409 1439 1439 1439 1409 1348 1287 1226 1195 1165 1195
316A Acap  198312171 1226 1317 1439 1531 1622 1683 1683 1653 1561 1500 1439 1409
316A Acap  198312172 1348 1378 1378 1378 1378 1348 1317 1287 1195 1165 1104 1104
316A Acap  198312181 1134 1226 1348 1470 1592 1683 1714 1714 1683 1622 1561 1500
316A Acap  198312182 1409 1378 1378 1378 1378 1378 1348 1317 1256 1195 1165 1134
316A Acap  198312191 1134 1195 1256 1409 1531 1622 1714 1744 1744 1714 1683 1622
316A Acap  198312192 1531 1470 1439 1409 1409 1378 1378 1348 1317 1256 1195 1195
316A Acap  198312201 1134 1134 1165 1287 1409 1531 1683 1774 1835 1835 1805 1714
316A Acap  198312202 1622 1500 1409 1378 1317 1317 1348 1348 1348 1317 1256 1195
316A Acap  198312211 1134 1104 1104 1134 1226 1378 1500 1653 1774 1835 1835 1774
316A Acap  198312212 1683 1592 1439 1348 1287 1256 1256 1287 1317 1348 1317 1256
316A Acap  198312221 1226 1134 1073 1073 1134 1226 1378 1531 1653 1774 1866 1866
316A Acap  198312222 1774 1653 1561 1409 1317 1256 1226 1256 1317 1378 1409 1378
316A Acap  198312231 1348 1287 1195 1134 1073 1104 1195 1348 1500 1653 1774 1866
316A Acap  198312232 1835 1744 1622 1500 1378 1287 1195 1226 1287 1378 1439 1500
316A Acap  198312241 1470 1439 1348 1256 1134 1134 1165 1256 1378 1531 1714 1835
316A Acap  198312242 1896 1866 1774 1622 1439 1256 1165 1165 1226 1287 1409 1500
316A Acap  198312251 1561 1561 1470 1409 1317 1195 1165 1195 1287 1378 1592 1714
316A Acap  198312252 1805 1835 1805 1653 1470 1317 1195 1134 1134 1226 1317 1470
316A Acap  198312261 1592 1622 1622 1531 1409 1317 1195 1134 1165 1287 1439 1561
316A Acap  198312262 1683 1744 1744 1683 1561 1409 1256 1165 1104 1195 1287 1439
316A Acap  198312271 1561 1683 1774 1744 1653 1500 1378 1317 1287 1317 1378 1531
316A Acap  198312272 1653 1744 1774 1744 1653 1439 1317 1195 1165 1195 1226 1348
316A Acap  198312281 1500 1622 1774 1805 1774 1683 1531 1409 1348 1317 1348 1409
316A Acap  198312282 1500 1622 1714 1714 1683 1561 1409 1256 1134 1104 1134 1226
316A Acap  198312291 1378 1561 1714 1805 1866 1835 1744 1592 1470 1378 1317 1348
316A Acap  198312292 1409 1500 1561 1592 1592 1531 1409 1287 1165 1104 1073 1134
316A Acap  198312301 1256 1409 1561 1714 1805 1835 1774 1653 1561 1439 1378 1348
316A Acap  198312302 1378 1439 1500 1500 1500 1439 1378 1287 1195 1104 1043 1073
316A Acap  198312311 1134 1256 1409 1561 1683 1744 1774 1714 1622 1531 1409 1378
316A Acap  198312312 1317 1348 1409 1439 1439 1409 1378 1348 1256 1195 1134 1104
