316A Acapulco           Mexico              1958 16504N 099547W 0000 3 00000R MM
316A Acap  195801011 1433 1554 1676 1737 1798 1768 1707 1615 1554 1524 1494 1524
316A Acap  195801012 1554 1585 1615 1615 1585 1524 1463 1372 1250 1189 1189 1250
316A Acap  195801021 1402 1554 1676 1798 1829 1859 1798 1768 1707 1615 1554 1524
316A Acap  195801022 1524 1585 1615 1615 1554 1494 1433 1341 1250 1189 1219 1250
316A Acap  195801031 1372 1463 1554 1676 1798 1829 1829 1768 1737 1676 1585 1524
316A Acap  195801032 1494 1524 1524 1524 1554 1494 1463 1402 1341 1280 1219 1250
316A Acap  195801041 1280 1372 1494 1615 1707 1768 1829 1829 1798 1768 1676 1646
316A Acap  195801042 1585 1554 1554 1554 1554 1524 1494 1463 1372 1280 1250 1219
316A Acap  195801051 1250 1311 1372 1463 1554 1646 1737 1737 1768 1737 1707 1615
316A Acap  195801052 1554 1524 1494 1494 1524 1494 1463 1433 1402 1372 1311 1250
316A Acap  195801061 1219 1250 1341 1402 1494 1615 1707 1768 1829 1798 1768 1707
316A Acap  195801062 1615 1554 1463 1433 1433 1463 1463 1463 1463 1433 1372 1311
316A Acap  195801071 1280 1280 1280 1311 1402 1524 1615 1676 1768 1798 1829 1798
316A Acap  195801072 1707 1615 1524 1494 1402 1402 1433 1463 1554 1554 1554 1524
316A Acap  195801081 1494 1402 1341 1311 1341 1433 1554 1676 1737 1859 1920 1920
316A Acap  195801082 1890 1798 1707 1585 1463 1463 1463 1554 1615 1707 1768 1798
316A Acap  195801091 1798 1737 1646 1585 1524 1524 1585 1676 1798 1920 2012 2042
316A Acap  195801092 2012 1951 1829 1707 1585 1494 1463 1524 1615 1707 1798 1890
316A Acap  195801101 1890 1890 1798 1676 1585 1494 1524 1554 1646 1768 1920 2012
316A Acap  195801102 2042 2042 1920 1798 1615 1463 1402 1402 1494 1615 1768 1890
316A Acap  195801111 1981 2012 1951 1829 1676 1524 1463 1463 1494 1615 1737 1829
316A Acap  195801112 1951 1981 1951 1798 1676 1494 1311 1250 1311 1463 1615 1768
316A Acap  195801121 1920 2012 2042 2012 1890 1707 1554 1463 1463 1494 1615 1737
316A Acap  195801122 1859 1920 1920 1798 1676 1524 1341 1250 1250 1311 1463 1646
316A Acap  195801131 1798 1920 2012 2042 1951 1768 1646 1494 1433 1402 1463 1585
316A Acap  195801132 1707 1798 1829 1859 1737 1554 1433 1280 1219 1219 1341 1463
316A Acap  195801141 1676 1890 2042 2103 2042 1951 1768 1646 1524 1463 1494 1524
316A Acap  195801142 1646 1768 1829 1890 1829 1676 1554 1402 1250 1219 1219 1372
316A Acap  195801151 1554 1737 1920 2012 2073 2042 1920 1768 1615 1554 1554 1554
316A Acap  195801152 1646 1707 1768 1798 1798 1707 1554 1402 1280 1189 1189 1280
316A Acap  195801161 1402 1646 1798 1920 1981 2012 1951 1798 1707 1615 1524 1524
316A Acap  195801162 1524 1615 1707 1737 1707 1676 1554 1433 1311 1219 1158 1189
316A Acap  195801171 1311 1463 1646 1798 1951 1981 1890 1798 1646 1524 1524 1494
316A Acap  195801172 1524 1615 1676 1676 1646 1524 1433 1311 1250 1219 1189 1189
316A Acap  195801181 1280 1372 1494 1615 1737 1829 1890 1829 1737 1646 1554 1524
316A Acap  195801182 1554 1585 1615 1646 1646 1646 1585 1494 1433 1372 1311 1280
316A Acap  195801191 1250 1280 1372 1494 1646 1676 1768 1829 1859 1798 1737 1676
316A Acap  195801192 1585 1554 1524 1554 1585 1585 1585 1554 1554 1524 1433 1402
316A Acap  195801201 1433 1372 1372 1463 1524 1646 1768 1859 1829 1859 1859 1768
316A Acap  195801202 1707 1646 1554 1494 1554 1494 1494 1494 1585 1554 1554 1463
316A Acap  195801211 1494 1402 1433 1402 1494 1524 1615 1768 1798 1829 1890 1859
316A Acap  195801212 1768 1676 1615 1554 1494 1463 1494 1524 1554 1585 1646 1615
316A Acap  195801221 1585 1554 1524 1463 1433 1463 1524 1585 1676 1737 1829 1859
316A Acap  195801222 1829 1737 1615 1524 1463 1402 1372 1372 1433 1494 1554 1615
316A Acap  195801231 1646 1585 1554 1494 1402 1402 1372 1402 1494 1585 1707 1737
316A Acap  195801232 1768 1737 1615 1524 1433 1311 1219 1280 1341 1402 1554 1554
316A Acap  195801241 1646 1646 1554 1554 1402 1372 1341 1372 1402 1494 1585 1676
316A Acap  195801242 1798 1676 1646 1554 1311 1280 1158 1189 1250 1341 1433 1554
316A Acap  195801251 1646 1676 1646 1524 1463 1372 1280 1280 1280 1402 1524 1585
316A Acap  195801252 1676 1707 1676 1554 1433 1311 1189 1189 1189 1280 1372 1524
316A Acap  195801261 1585 1646 1676 1646 1524 1402 1311 1311 1250 1280 1402 1524
316A Acap  195801262 1615 1646 1615 1554 1433 1280 1189 1097 1097 1189 1250 1433
316A Acap  195801271 1585 1676 1707 1676 1585 1463 1372 1280 1189 1250 1311 1372
316A Acap  195801272 1494 1554 1554 1524 1402 1280 1128 1036 1036 1097 1219 1341
316A Acap  195801281 1494 1615 1707 1737 1676 1554 1433 1341 1250 1250 1280 1372
316A Acap  195801282 1463 1554 1585 1554 1463 1341 1189 1128 1097 1128 1189 1311
316A Acap  195801291 1433 1615 1707 1737 1707 1615 1494 1402 1280 1250 1280 1341
316A Acap  195801292 1402 1463 1524 1524 1494 1372 1219 1128 1067 1036 1067 1219
316A Acap  195801301 1372 1524 1646 1737 1707 1646 1554 1463 1372 1311 1280 1311
316A Acap  195801302 1402 1494 1524 1524 1494 1402 1250 1158 1067 1006 1036 1128
316A Acap  195801311 1280 1402 1554 1676 1737 1707 1615 1524 1433 1341 1280 1280
316A Acap  195801312 1341 1402 1463 1463 1433 1372 1280 1158 1067 1006 1006 1067
316A Acap  195802011 1189 1311 1463 1585 1646 1676 1646 1585 1494 1372 1311 1280
316A Acap  195802012 1311 1341 1402 1463 1433 1402 1311 1189 1097 1006  975 1006
316A Acap  195802021 1067 1189 1341 1494 1585 1676 1646 1615 1524 1433 1402 1311
316A Acap  195802022 1311 1311 1341 1372 1402 1402 1372 1280 1189 1097 1036  975
316A Acap  195802031 1036 1097 1189 1341 1494 1554 1615 1615 1585 1494 1402 1341
316A Acap  195802032 1311 1311 1280 1341 1372 1402 1402 1372 1311 1219 1097 1097
316A Acap  195802041 1067 1128 1158 1250 1341 1463 1554 1585 1585 1524 1494 1433
316A Acap  195802042 1341 1280 1250 1250 1280 1341 1372 1402 1372 1341 1311 1219
316A Acap  195802051 1158 1128 1097 1158 1250 1341 1463 1524 1585 1615 1585 1524
316A Acap  195802052 1463 1372 1280 1250 1250 1311 1341 1433 1463 1463 1494 1463
316A Acap  195802061 1372 1341 1250 1250 1280 1341 1433 1524 1615 1676 1707 1676
316A Acap  195802062 1585 1494 1372 1311 1250 1250 1311 1372 1463 1524 1585 1615
316A Acap  195802071 1554 1463 1372 1280 1280 1280 1311 1372 1494 1585 1676 1676
316A Acap  195802072 1615 1554 1433 1311 1189 1128 1189 1280 1372 1494 1646 1707
316A Acap  195802081 1707 1646 1554 1463 1341 1219 1219 1280 1402 1494 1646 1676
316A Acap  195802082 1676 1615 1494 1341 1158 1097 1097 1158 1280 1433 1585 1707
316A Acap  195802091 1798 1768 1707 1585 1433 1280 1189 1158 1219 1341 1463 1554
316A Acap  195802092 1615 1615 1554 1402 1250 1128 1006 1006 1097 1189 1372 1585
316A Acap  195802101 1707 1798 1829 1737 1585 1402 1280 1189 1189 1250 1341 1494
316A Acap  195802102 1615 1646 1615 1524 1341 1189 1067  975  975 1067 1250 1463
316A Acap  195802111 1646 1768 1829 1798 1676 1494 1311 1189 1158 1158 1219 1311
316A Acap  195802112 1463 1554 1585 1524 1433 1250 1067  945  914  945 1097 1311
316A Acap  195802121 1494 1676 1798 1829 1768 1646 1463 1311 1189 1158 1219 1311
316A Acap  195802122 1433 1524 1615 1554 1463 1311 1189 1067  945  945 1036 1189
316A Acap  195802131 1372 1554 1676 1768 1768 1646 1524 1341 1280 1219 1158 1250
316A Acap  195802132 1372 1494 1554 1585 1554 1402 1280 1128 1006  945  975 1067
316A Acap  195802141 1158 1402 1554 1646 1737 1707 1615 1494 1372 1280 1250 1280
316A Acap  195802142 1341 1433 1494 1524 1524 1494 1402 1280 1158 1067 1067 1097
316A Acap  195802151 1158 1311 1463 1615 1707 1707 1676 1615 1524 1402 1372 1341
316A Acap  195802152 1372 1402 1494 1554 1554 1524 1433 1311 1250 1158 1097 1067
316A Acap  195802161 1158 1250 1402 1494 1585 1646 1676 1646 1554 1463 1372 1341
316A Acap  195802162 1372 1341 1372 1402 1433 1433 1402 1372 1311 1250 1219 1219
316A Acap  195802171 1189 1219 1311 1402 1463 1554 1585 1615 1585 1524 1463 1433
316A Acap  195802172 1402 1402 1402 1402 1402 1463 1463 1463 1433 1402 1341 1280
316A Acap  195802181 1280 1250 1311 1372 1433 1463 1524 1585 1585 1585 1494 1433
316A Acap  195802182 1402 1341 1311 1280 1280 1341 1341 1372 1402 1402 1402 1372
316A Acap  195802191 1311 1311 1311 1311 1372 1402 1463 1494 1554 1554 1554 1554
316A Acap  195802192 1494 1433 1402 1372 1341 1372 1341 1372 1463 1494 1524 1524
316A Acap  195802201 1524 1494 1433 1372 1372 1372 1402 1433 1494 1554 1554 1554
316A Acap  195802202 1524 1494 1463 1372 1311 1311 1311 1372 1402 1433 1524 1524
316A Acap  195802211 1554 1554 1494 1433 1372 1372 1341 1372 1402 1463 1524 1554
316A Acap  195802212 1524 1524 1463 1402 1341 1280 1280 1280 1341 1463 1554 1585
316A Acap  195802221 1615 1646 1585 1494 1402 1341 1341 1311 1372 1433 1524 1585
316A Acap  195802222 1585 1585 1554 1463 1402 1311 1280 1311 1372 1463 1524 1646
316A Acap  195802231 1707 1707 1707 1585 1524 1402 1311 1311 1311 1372 1463 1554
316A Acap  195802232 1585 1585 1554 1494 1402 1311 1250 1250 1311 1372 1494 1615
316A Acap  195802241 1707 1737 1737 1676 1585 1463 1372 1280 1280 1311 1372 1494
316A Acap  195802242 1585 1615 1585 1494 1402 1280 1189 1158 1189 1280 1402 1585
316A Acap  195802251 1676 1798 1798 1737 1615 1494 1372 1250 1250 1280 1311 1402
316A Acap  195802252 1585 1615 1615 1524 1494 1372 1250 1158 1250 1219 1372 1524
316A Acap  195802261 1676 1798 1829 1798 1737 1585 1494 1341 1280 1280 1311 1402
316A Acap  195802262 1494 1554 1615 1585 1524 1402 1280 1189 1189 1189 1280 1433
316A Acap  195802271 1585 1707 1829 1829 1768 1676 1554 1463 1372 1311 1341 1402
316A Acap  195802272 1524 1585 1615 1615 1524 1402 1280 1189 1158 1189 1250 1372
316A Acap  195802281 1554 1676 1798 1859 1829 1737 1646 1494 1402 1341 1341 1372
316A Acap  195802282 1433 1524 1554 1554 1494 1402 1280 1158 1097 1128 1158 1280
316A Acap  195803011 1433 1554 1676 1737 1768 1737 1646 1554 1433 1372 1341 1372
316A Acap  195803012 1433 1524 1585 1615 1554 1494 1341 1219 1158 1097 1128 1219
316A Acap  195803021 1372 1494 1585 1707 1768 1737 1646 1585 1494 1402 1402 1372
316A Acap  195803022 1433 1494 1524 1585 1554 1494 1433 1311 1219 1128 1128 1189
316A Acap  195803031 1280 1433 1554 1646 1737 1768 1707 1615 1524 1433 1372 1372
316A Acap  195803032 1372 1433 1494 1554 1585 1585 1494 1402 1311 1250 1189 1189
316A Acap  195803041 1250 1341 1433 1554 1615 1676 1676 1646 1615 1494 1463 1402
316A Acap  195803042 1372 1433 1463 1524 1554 1585 1524 1463 1433 1341 1250 1219
316A Acap  195803051 1250 1280 1341 1463 1554 1615 1615 1615 1585 1494 1433 1341
316A Acap  195803052 1372 1341 1372 1433 1494 1524 1585 1585 1585 1524 1463 1402
316A Acap  195803061 1341 1311 1341 1341 1402 1463 1524 1554 1585 1554 1524 1433
316A Acap  195803062 1372 1341 1311 1311 1372 1433 1524 1585 1615 1676 1615 1524
316A Acap  195803071 1494 1372 1341 1341 1341 1402 1433 1494 1554 1585 1585 1524
316A Acap  195803072 1433 1341 1280 1219 1219 1280 1372 1494 1615 1676 1707 1707
316A Acap  195803081 1646 1524 1433 1311 1250 1280 1341 1402 1433 1524 1554 1524
316A Acap  195803082 1494 1402 1280 1189 1158 1189 1250 1372 1494 1615 1737 1768
316A Acap  195803091 1737 1676 1554 1433 1280 1219 1189 1219 1311 1463 1524 1585
316A Acap  195803092 1585 1524 1402 1250 1128 1067 1067 1189 1341 1524 1676 1829
316A Acap  195803101 1890 1859 1768 1615 1433 1280 1219 1189 1280 1372 1494 1615
316A Acap  195803102 1676 1615 1524 1341 1189 1067 1006 1036 1158 1341 1554 1737
316A Acap  195803111 1859 1951 1859 1737 1554 1372 1219 1128 1128 1250 1372 1494
316A Acap  195803112 1585 1615 1585 1494 1311 1158 1036  975 1067 1158 1372 1554
316A Acap  195803121 1768 1890 1890 1829 1646 1494 1280 1158 1097 1128 1219 1402
316A Acap  195803122 1524 1554 1615 1554 1433 1250 1097  975  945 1036 1189 1402
316A Acap  195803131 1585 1768 1859 1859 1768 1585 1402 1250 1158 1128 1189 1311
316A Acap  195803132 1433 1554 1615 1615 1494 1372 1219 1067 1006 1067 1158 1311
316A Acap  195803141 1463 1676 1798 1829 1798 1676 1554 1402 1250 1219 1189 1280
316A Acap  195803142 1433 1524 1585 1615 1615 1494 1402 1280 1158 1097 1158 1250
316A Acap  195803151 1433 1554 1676 1768 1798 1768 1646 1554 1433 1341 1341 1372
316A Acap  195803152 1402 1524 1615 1676 1676 1615 1494 1402 1311 1250 1219 1280
316A Acap  195803161 1402 1524 1615 1737 1768 1768 1737 1615 1524 1433 1372 1402
316A Acap  195803162 1402 1494 1585 1615 1646 1646 1554 1494 1372 1311 1280 1280
316A Acap  195803171 1311 1433 1524 1615 1646 1707 1676 1615 1554 1433 1372 1372
316A Acap  195803172 1372 1433 1494 1524 1585 1554 1494 1494 1433 1372 1341 1280
316A Acap  195803181 1341 1402 1402 1494 1585 1585 1615 1585 1554 1463 1402 1372
316A Acap  195803182 1372 1341 1433 1494 1494 1524 1494 1494 1463 1433 1402 1341
316A Acap  195803191 1372 1341 1372 1433 1463 1524 1524 1524 1524 1524 1494 1433
316A Acap  195803192 1402 1402 1372 1372 1433 1463 1463 1494 1494 1494 1463 1463
316A Acap  195803201 1433 1402 1372 1372 1402 1402 1433 1463 1463 1463 1433 1433
316A Acap  195803202 1433 1402 1372 1341 1341 1372 1402 1433 1524 1554 1554 1554
316A Acap  195803211 1524 1494 1433 1372 1311 1311 1341 1341 1341 1402 1463 1402
316A Acap  195803212 1402 1372 1311 1311 1280 1280 1341 1341 1402 1494 1585 1585
316A Acap  195803221 1585 1524 1433 1341 1311 1280 1250 1280 1311 1372 1402 1433
316A Acap  195803222 1463 1402 1341 1280 1219 1250 1250 1280 1341 1402 1494 1585
316A Acap  195803231 1615 1585 1494 1402 1311 1250 1219 1219 1280 1311 1372 1433
316A Acap  195803232 1463 1463 1402 1311 1250 1219 1219 1280 1311 1372 1524 1585
316A Acap  195803241 1676 1676 1585 1494 1372 1311 1219 1189 1189 1250 1311 1433
316A Acap  195803242 1463 1463 1433 1341 1250 1219 1189 1219 1280 1402 1494 1615
316A Acap  195803251 1707 1707 1676 1585 1433 1311 1219 1189 1158 1219 1280 1402
316A Acap  195803252 1433 1463 1433 1341 1250 1158 1097 1128 1158 1280 1433 1554
316A Acap  195803261 1646 1737 1646 1615 1494 1341 1219 1158 1128 1158 1219 1341
316A Acap  195803262 1402 1433 1433 1372 1250 1189 1128 1097 1128 1219 1372 1494
316A Acap  195803271 1676 1737 1737 1646 1554 1402 1280 1189 1158 1128 1219 1311
316A Acap  195803272 1402 1463 1463 1372 1311 1189 1097 1036 1067 1158 1280 1433
316A Acap  195803281 1585 1707 1768 1737 1646 1494 1341 1219 1128 1097 1158 1280
316A Acap  195803282 1372 1463 1463 1402 1341 1189 1067 1006  975 1036 1097 1280
316A Acap  195803291 1463 1585 1676 1707 1615 1524 1372 1250 1158 1097 1158 1219
316A Acap  195803292 1311 1433 1463 1433 1372 1280 1128 1036  945  945 1036 1158
316A Acap  195803301 1311 1494 1615 1676 1646 1524 1433 1280 1158 1128 1097 1158
316A Acap  195803302 1250 1341 1402 1463 1433 1341 1219 1097 1006  975 1006 1128
316A Acap  195803311 1250 1402 1554 1615 1676 1585 1463 1341 1219 1128 1097 1128
316A Acap  195803312 1189 1341 1402 1433 1494 1433 1280 1189 1067 1036 1006 1067
316A Acap  195804011 1158 1280 1433 1494 1524 1524 1433 1311 1189 1097 1067 1097
316A Acap  195804012 1189 1280 1372 1402 1463 1463 1402 1311 1189 1097 1067 1097
316A Acap  195804021 1128 1250 1341 1433 1463 1463 1463 1372 1250 1189 1097 1097
316A Acap  195804022 1128 1158 1250 1402 1463 1494 1494 1463 1341 1219 1158 1158
316A Acap  195804031 1128 1189 1250 1311 1372 1402 1402 1372 1280 1219 1158 1067
316A Acap  195804032 1036 1036 1158 1250 1341 1433 1494 1524 1463 1402 1311 1219
316A Acap  195804041 1189 1158 1189 1219 1280 1341 1341 1250 1311 1219 1158 1097
316A Acap  195804042 1036 1036 1036 1067 1189 1311 1433 1524 1554 1524 1494 1402
316A Acap  195804051 1311 1219 1158 1128 1158 1219 1250 1341 1341 1311 1250 1219
316A Acap  195804052 1128 1006  945  975 1036 1128 1280 1402 1494 1554 1615 1585
316A Acap  195804061 1463 1311 1219 1128 1097 1097 1097 1158 1250 1280 1311 1311
316A Acap  195804062 1219 1097 1006  914  945  945 1036 1250 1402 1524 1615 1646
316A Acap  195804071 1585 1494 1372 1219 1067 1006 1006 1067 1158 1250 1311 1341
316A Acap  195804072 1341 1250 1067  975  884  823  884 1067 1219 1372 1524 1646
316A Acap  195804081 1707 1646 1494 1341 1128 1006  975 1006 1067 1158 1280 1341
316A Acap  195804082 1372 1341 1250 1067  945  853  823  914 1036 1250 1463 1646
316A Acap  195804091 1707 1737 1646 1494 1280 1128 1006  975  975 1097 1219 1372
316A Acap  195804092 1433 1433 1372 1250 1097  975  884  853  945 1067 1280 1494
316A Acap  195804101 1646 1737 1676 1554 1402 1219 1036  945  945 1006 1128 1280
316A Acap  195804102 1372 1463 1463 1341 1250 1067  914  823  853  975 1128 1341
316A Acap  195804111 1524 1646 1707 1646 1554 1341 1158 1036  945  975 1036 1158
316A Acap  195804112 1311 1402 1433 1402 1280 1158 1036  884  853  914 1006 1219
316A Acap  195804121 1372 1524 1615 1615 1554 1402 1250 1097 1006  975 1006 1128
316A Acap  195804122 1250 1341 1463 1463 1433 1341 1189 1097 1006  975 1036 1158
316A Acap  195804131 1280 1402 1524 1585 1585 1463 1311 1189 1097 1006 1036 1067
316A Acap  195804132 1189 1311 1402 1494 1463 1372 1311 1219 1097 1036 1097 1128
316A Acap  195804141 1250 1372 1402 1494 1524 1463 1402 1250 1158 1097 1067 1097
316A Acap  195804142 1189 1250 1341 1402 1463 1433 1372 1280 1189 1128 1097 1097
316A Acap  195804151 1158 1280 1341 1402 1463 1433 1402 1311 1219 1158 1097 1097
316A Acap  195804152 1128 1250 1311 1372 1433 1463 1402 1372 1311 1250 1219 1189
316A Acap  195804161 1219 1280 1341 1372 1402 1402 1402 1341 1250 1189 1128 1128
316A Acap  195804162 1128 1158 1250 1250 1341 1372 1372 1372 1341 1341 1280 1250
316A Acap  195804171 1250 1250 1280 1311 1311 1341 1341 1280 1250 1219 1158 1158
316A Acap  195804172 1158 1189 1219 1280 1341 1402 1463 1463 1463 1433 1433 1402
316A Acap  195804181 1372 1341 1311 1311 1311 1311 1280 1311 1280 1250 1219 1189
316A Acap  195804182 1189 1189 1189 1250 1280 1372 1433 1494 1494 1494 1494 1524
316A Acap  195804191 1494 1433 1341 1311 1311 1311 1311 1311 1311 1311 1311 1311
316A Acap  195804192 1311 1280 1280 1280 1311 1372 1463 1494 1554 1585 1585 1554
316A Acap  195804201 1524 1494 1402 1311 1250 1250 1250 1280 1280 1311 1280 1280
316A Acap  195804202 1280 1250 1219 1189 1189 1219 1280 1402 1463 1585 1585 1615
316A Acap  195804211 1585 1554 1463 1341 1280 1219 1219 1219 1219 1250 1280 1311
316A Acap  195804212 1280 1280 1219 1158 1158 1189 1250 1311 1402 1494 1585 1615
316A Acap  195804221 1615 1585 1463 1372 1250 1189 1128 1128 1158 1219 1250 1311
316A Acap  195804222 1311 1311 1219 1189 1128 1128 1158 1250 1341 1463 1585 1646
316A Acap  195804231 1646 1646 1554 1433 1280 1189 1097 1128 1158 1189 1280 1341
316A Acap  195804232 1372 1341 1311 1219 1128 1097 1128 1158 1250 1402 1524 1676
316A Acap  195804241 1737 1737 1646 1554 1402 1250 1158 1128 1097 1158 1250 1341
316A Acap  195804242 1402 1402 1372 1280 1158 1097 1067 1067 1158 1311 1463 1615
316A Acap  195804251 1707 1737 1737 1646 1494 1341 1219 1158 1128 1158 1219 1311
316A Acap  195804252 1402 1433 1433 1372 1280 1189 1097 1097 1128 1219 1372 1524
316A Acap  195804261 1646 1768 1768 1676 1524 1372 1250 1128 1097 1158 1219 1311
316A Acap  195804262 1402 1494 1494 1463 1372 1250 1128 1097 1097 1189 1311 1463
316A Acap  195804271 1585 1707 1737 1707 1615 1463 1311 1189 1128 1128 1189 1280
316A Acap  195804272 1402 1524 1554 1554 1463 1341 1250 1128 1097 1128 1219 1372
316A Acap  195804281 1554 1676 1737 1707 1676 1524 1372 1280 1158 1128 1189 1250
316A Acap  195804282 1402 1494 1554 1585 1554 1463 1341 1250 1158 1158 1250 1372
316A Acap  195804291 1524 1646 1707 1768 1737 1615 1494 1311 1219 1128 1158 1219
316A Acap  195804292 1372 1494 1585 1676 1676 1615 1494 1372 1311 1219 1250 1341
316A Acap  195804301 1433 1554 1646 1676 1676 1615 1524 1372 1250 1128 1128 1189
316A Acap  195804302 1280 1433 1554 1676 1707 1676 1646 1554 1433 1311 1280 1311
316A Acap  195805011 1372 1463 1554 1646 1646 1585 1524 1402 1280 1219 1158 1189
316A Acap  195805012 1250 1341 1463 1615 1676 1707 1707 1646 1554 1433 1372 1341
316A Acap  195805021 1341 1402 1433 1494 1524 1554 1524 1433 1311 1219 1158 1128
316A Acap  195805022 1128 1189 1341 1433 1585 1707 1737 1737 1707 1585 1494 1433
316A Acap  195805031 1372 1341 1341 1433 1463 1463 1494 1463 1402 1311 1189 1097
316A Acap  195805032 1097 1097 1158 1250 1402 1554 1676 1768 1768 1737 1676 1554
316A Acap  195805041 1494 1402 1311 1341 1341 1402 1433 1433 1463 1402 1311 1250
316A Acap  195805042 1189 1097 1067 1128 1250 1402 1524 1676 1768 1798 1798 1676
316A Acap  195805051 1585 1463 1372 1280 1250 1280 1341 1372 1402 1402 1402 1341
316A Acap  195805052 1280 1158 1097 1097 1097 1219 1341 1524 1676 1798 1859 1859
316A Acap  195805061 1768 1646 1494 1311 1250 1219 1250 1311 1372 1433 1494 1494
316A Acap  195805062 1433 1341 1219 1158 1097 1158 1250 1372 1554 1768 1890 1920
316A Acap  195805071 1890 1768 1615 1463 1311 1250 1250 1219 1311 1433 1494 1524
316A Acap  195805072 1524 1494 1402 1311 1189 1158 1158 1250 1402 1554 1768 1859
316A Acap  195805081 1890 1829 1737 1585 1433 1311 1219 1219 1280 1372 1433 1554
316A Acap  195805082 1615 1585 1494 1372 1250 1189 1158 1189 1311 1463 1585 1798
316A Acap  195805091 1890 1920 1829 1676 1494 1341 1219 1189 1219 1280 1372 1524
316A Acap  195805092 1585 1615 1585 1463 1311 1219 1158 1128 1158 1311 1433 1615
316A Acap  195805101 1768 1859 1829 1707 1524 1341 1189 1097 1097 1189 1280 1402
316A Acap  195805102 1494 1585 1615 1585 1463 1341 1219 1158 1158 1250 1341 1463
316A Acap  195805111 1615 1676 1737 1707 1615 1463 1341 1219 1128 1128 1189 1311
316A Acap  195805112 1433 1524 1615 1615 1615 1524 1402 1280 1219 1250 1311 1402
316A Acap  195805121 1524 1615 1707 1707 1615 1524 1372 1280 1189 1158 1219 1311
316A Acap  195805122 1402 1524 1615 1615 1615 1524 1463 1341 1280 1280 1341 1402
316A Acap  195805131 1524 1646 1646 1676 1615 1554 1433 1311 1219 1158 1189 1250
316A Acap  195805132 1372 1463 1554 1646 1646 1646 1554 1463 1402 1341 1341 1372
316A Acap  195805141 1402 1494 1554 1585 1615 1585 1463 1372 1280 1219 1219 1250
316A Acap  195805142 1341 1372 1463 1554 1615 1646 1615 1524 1463 1402 1372 1402
316A Acap  195805151 1433 1463 1524 1554 1554 1494 1433 1402 1280 1219 1219 1250
316A Acap  195805152 1280 1341 1433 1554 1615 1646 1676 1646 1585 1524 1524 1494
316A Acap  195805161 1463 1463 1494 1494 1524 1494 1463 1402 1311 1280 1250 1250
316A Acap  195805162 1280 1341 1402 1463 1524 1585 1646 1615 1646 1615 1554 1494
316A Acap  195805171 1433 1463 1433 1433 1494 1463 1463 1402 1372 1341 1280 1280
316A Acap  195805172 1250 1280 1341 1402 1524 1615 1646 1707 1707 1707 1646 1585
316A Acap  195805181 1554 1494 1433 1433 1402 1433 1402 1402 1372 1341 1341 1280
316A Acap  195805182 1280 1311 1311 1372 1463 1524 1615 1676 1707 1737 1707 1707
316A Acap  195805191 1646 1585 1494 1433 1402 1402 1402 1402 1402 1402 1402 1372
316A Acap  195805192 1341 1311 1280 1311 1402 1402 1524 1585 1707 1768 1737 1737
316A Acap  195805201 1676 1585 1524 1402 1372 1341 1341 1372 1372 1402 1402 1402
316A Acap  195805202 1372 1311 1250 1219 1280 1341 1433 1554 1646 1707 1788 1829
316A Acap  195805211 1768 1646 1585 1494 1372 1311 1311 1341 1341 1341 1402 1433
316A Acap  195805212 1402 1341 1250 1219 1250 1250 1372 1463 1585 1707 1768 1829
316A Acap  195805221 1829 1737 1646 1494 1402 1311 1311 1250 1280 1372 1402 1433
316A Acap  195805222 1463 1402 1341 1250 1189 1189 1189 1250 1372 1554 1676 1768
316A Acap  195805231 1798 1798 1707 1554 1433 1311 1250 1250 1219 1311 1433 1494
316A Acap  195805232 1524 1463 1433 1311 1250 1189 1189 1219 1372 1463 1585 1676
316A Acap  195805241 1768 1768 1676 1585 1463 1341 1219 1158 1189 1280 1341 1463
316A Acap  195805242 1494 1494 1494 1402 1280 1219 1158 1158 1219 1311 1463 1615
316A Acap  195805251 1737 1768 1768 1707 1524 1402 1280 1189 1189 1189 1311 1433
316A Acap  195805252 1494 1554 1585 1524 1433 1311 1250 1189 1219 1280 1402 1524
316A Acap  195805261 1646 1737 1737 1676 1554 1402 1250 1128 1097 1097 1189 1311
316A Acap  195805262 1433 1554 1585 1554 1554 1402 1311 1189 1189 1250 1280 1402
316A Acap  195805271 1524 1646 1707 1676 1554 1433 1280 1158 1097 1097 1158 1219
316A Acap  195805272 1372 1524 1646 1646 1585 1524 1402 1280 1219 1189 1250 1311
316A Acap  195805281 1463 1554 1615 1646 1585 1463 1311 1158 1097 1067 1067 1189
316A Acap  195805282 1372 1494 1646 1707 1676 1585 1494 1402 1311 1219 1219 1250
316A Acap  195805291 1372 1494 1615 1615 1615 1494 1402 1250 1128 1067 1036 1128
316A Acap  195805292 1280 1433 1585 1676 1737 1768 1676 1554 1463 1341 1311 1311
316A Acap  195805301 1341 1433 1524 1615 1585 1524 1433 1311 1189 1128 1067 1067
316A Acap  195805302 1128 1311 1433 1585 1737 1798 1798 1707 1585 1494 1402 1372
316A Acap  195805311 1341 1341 1372 1463 1524 1494 1463 1372 1250 1158 1067 1006
316A Acap  195805312 1036 1128 1280 1433 1554 1707 1737 1768 1707 1585 1494 1402
316A Acap  195806011 1341 1280 1311 1341 1372 1433 1402 1372 1311 1250 1158 1128
316A Acap  195806012 1067 1067 1158 1280 1372 1554 1676 1768 1798 1707 1615 1494
316A Acap  195806021 1433 1341 1280 1250 1250 1341 1341 1372 1372 1280 1250 1189
316A Acap  195806022 1097 1067 1036 1128 1280 1372 1524 1737 1829 1829 1737 1646
316A Acap  195806031 1585 1433 1311 1280 1280 1280 1311 1372 1433 1433 1372 1311
316A Acap  195806032 1219 1158 1097 1067 1128 1280 1433 1554 1707 1798 1829 1798
316A Acap  195806041 1707 1585 1433 1341 1250 1280 1250 1311 1372 1433 1463 1402
316A Acap  195806042 1341 1280 1189 1128 1097 1158 1280 1433 1585 1737 1798 1829
316A Acap  195806051 1768 1707 1554 1433 1311 1219 1250 1219 1280 1372 1463 1524
316A Acap  195806052 1463 1433 1402 1250 1189 1189 1250 1402 1524 1646 1768 1829
316A Acap  195806061 1859 1798 1676 1524 1341 1280 1219 1219 1219 1341 1433 1585
316A Acap  195806062 1615 1615 1554 1463 1372 1280 1250 1280 1341 1494 1585 1768
316A Acap  195806071 1859 1829 1737 1646 1554 1402 1311 1280 1250 1341 1494 1615
316A Acap  195806072 1707 1707 1707 1646 1524 1402 1311 1311 1402 1494 1646 1768
316A Acap  195806081 1859 1920 1859 1798 1615 1433 1311 1250 1250 1311 1402 1524
316A Acap  195806082 1646 1707 1737 1676 1585 1494 1372 1311 1280 1311 1402 1554
316A Acap  195806091 1646 1737 1737 1707 1585 1494 1372 1250 1189 1219 1311 1372
316A Acap  195806092 1494 1615 1676 1707 1646 1554 1433 1341 1341 1341 1402 1494
316A Acap  195806101 1585 1646 1707 1676 1615 1494 1372 1250 1219 1189 1189 1311
316A Acap  195806102 1433 1585 1707 1707 1707 1676 1554 1463 1433 1372 1372 1402
316A Acap  195806111 1463 1554 1676 1676 1646 1524 1433 1311 1189 1189 1158 1250
316A Acap  195806112 1341 1433 1554 1646 1676 1676 1615 1524 1433 1341 1341 1402
316A Acap  195806121 1372 1433 1524 1554 1554 1463 1372 1280 1189 1128 1128 1158
316A Acap  195806122 1189 1341 1433 1585 1615 1615 1615 1554 1494 1402 1341 1341
316A Acap  195806131 1372 1372 1433 1433 1463 1463 1372 1280 1219 1128 1097 1067
316A Acap  195806132 1158 1280 1402 1524 1615 1646 1646 1524 1494 1433 1372 1311
316A Acap  195806141 1280 1280 1311 1341 1372 1372 1311 1250 1158 1128 1097 1097
316A Acap  195806142 1158 1219 1280 1402 1524 1554 1585 1585 1554 1463 1372 1341
316A Acap  195806151 1311 1311 1311 1311 1311 1311 1311 1280 1189 1067 1036 1036
316A Acap  195806152 1036 1097 1189 1311 1402 1524 1585 1646 1646 1585 1494 1463
316A Acap  195806161 1372 1372 1311 1341 1341 1341 1341 1311 1250 1158 1158 1097
316A Acap  195806162 1097 1128 1189 1311 1433 1524 1646 1676 1707 1676 1646 1554
316A Acap  195806171 1524 1433 1372 1311 1311 1311 1341 1311 1341 1250 1219 1189
316A Acap  195806172 1128 1097 1128 1189 1280 1402 1494 1585 1646 1676 1646 1646
316A Acap  195806181 1554 1463 1402 1341 1311 1311 1311 1372 1341 1341 1311 1280
316A Acap  195806182 1219 1189 1219 1250 1311 1402 1524 1646 1737 1798 1798 1768
316A Acap  195806191 1737 1646 1524 1463 1372 1341 1341 1372 1402 1433 1402 1402
316A Acap  195806192 1341 1280 1250 1189 1219 1311 1433 1524 1615 1707 1768 1798
316A Acap  195806201 1798 1676 1554 1433 1311 1280 1250 1280 1311 1341 1341 1372
316A Acap  195806202 1341 1280 1250 1189 1158 1219 1250 1372 1524 1585 1707 1768
316A Acap  195806211 1768 1707 1615 1463 1402 1280 1219 1250 1311 1402 1494 1524
316A Acap  195806212 1524 1494 1402 1311 1250 1219 1250 1311 1402 1554 1707 1798
316A Acap  195806221 1798 1768 1707 1585 1433 1280 1219 1189 1250 1341 1463 1554
316A Acap  195806222 1585 1615 1585 1524 1341 1250 1280 1280 1402 1494 1615 1707
316A Acap  195806231 1737 1798 1707 1615 1463 1311 1219 1219 1250 1311 1433 1554
316A Acap  195806232 1646 1707 1707 1615 1463 1372 1311 1280 1311 1433 1524 1646
316A Acap  195806241 1737 1768 1768 1646 1494 1341 1219 1158 1158 1250 1341 1433
316A Acap  195806242 1585 1646 1676 1646 1615 1463 1372 1341 1311 1341 1402 1494
316A Acap  195806251 1615 1676 1707 1646 1554 1433 1280 1189 1128 1158 1280 1402
316A Acap  195806252 1554 1707 1768 1768 1707 1615 1524 1402 1341 1341 1341 1433
316A Acap  195806261 1554 1615 1676 1676 1585 1494 1341 1189 1097 1097 1158 1311
316A Acap  195806262 1433 1585 1737 1798 1798 1737 1646 1554 1433 1372 1341 1402
316A Acap  195806271 1463 1524 1615 1615 1615 1494 1402 1250 1128 1036 1067 1158
316A Acap  195806272 1311 1494 1646 1798 1859 1829 1768 1676 1554 1463 1372 1372
316A Acap  195806281 1433 1494 1585 1615 1585 1554 1433 1372 1250 1158 1097 1097
316A Acap  195806282 1189 1341 1494 1707 1829 1890 1859 1768 1676 1585 1524 1463
316A Acap  195806291 1463 1463 1554 1554 1615 1585 1524 1433 1311 1158 1067 1036
316A Acap  195806292 1097 1189 1372 1585 1737 1829 1890 1859 1798 1676 1554 1494
316A Acap  195806301 1433 1433 1402 1463 1463 1494 1463 1433 1341 1219 1097 1036
316A Acap  195806302 1067 1158 1280 1402 1554 1676 1798 1829 1798 1768 1707 1585
316A Acap  195807011 1463 1433 1402 1433 1433 1463 1494 1433 1402 1341 1280 1189
316A Acap  195807012 1128 1128 1189 1250 1372 1524 1615 1737 1798 1768 1768 1646
316A Acap  195807021 1554 1433 1402 1341 1341 1402 1463 1433 1463 1494 1402 1341
316A Acap  195807022 1250 1219 1189 1189 1311 1433 1524 1585 1707 1798 1798 1768
316A Acap  195807031 1646 1554 1463 1402 1341 1341 1433 1402 1463 1494 1463 1402
316A Acap  195807032 1372 1341 1250 1219 1311 1311 1402 1524 1615 1707 1737 1798
316A Acap  195807041 1737 1585 1494 1372 1311 1280 1280 1280 1341 1433 1524 1554
316A Acap  195807042 1463 1433 1402 1341 1280 1280 1311 1433 1554 1646 1737 1737
316A Acap  195807051 1737 1676 1554 1402 1341 1311 1280 1311 1341 1433 1494 1524
316A Acap  195807052 1554 1494 1433 1372 1311 1280 1280 1341 1433 1524 1676 1737
316A Acap  195807061 1768 1737 1676 1524 1402 1311 1250 1250 1280 1341 1433 1554
316A Acap  195807062 1615 1646 1554 1494 1402 1341 1341 1341 1372 1433 1524 1646
316A Acap  195807071 1737 1707 1676 1554 1463 1311 1189 1219 1189 1250 1402 1554
316A Acap  195807072 1615 1646 1676 1646 1554 1463 1402 1372 1372 1433 1524 1585
316A Acap  195807081 1676 1707 1707 1676 1554 1463 1341 1250 1219 1280 1372 1463
316A Acap  195807082 1585 1707 1798 1798 1737 1646 1494 1402 1341 1372 1463 1524
316A Acap  195807091 1615 1676 1707 1707 1615 1494 1372 1280 1219 1219 1311 1402
316A Acap  195807092 1524 1646 1737 1768 1737 1646 1585 1433 1372 1372 1463 1494
316A Acap  195807101 1554 1615 1676 1646 1554 1463 1311 1219 1219 1189 1219 1311
316A Acap  195807102 1433 1615 1676 1707 1707 1646 1585 1463 1402 1372 1402 1402
316A Acap  195807111 1463 1554 1615 1615 1554 1463 1341 1219 1189 1128 1189 1280
316A Acap  195807112 1402 1585 1676 1737 1798 1737 1676 1585 1524 1402 1433 1463
316A Acap  195807121 1433 1524 1585 1554 1585 1494 1402 1311 1219 1128 1158 1219
316A Acap  195807122 1311 1433 1585 1707 1829 1829 1737 1676 1585 1524 1463 1433
316A Acap  195807131 1494 1524 1554 1554 1554 1494 1433 1311 1219 1128 1097 1128
316A Acap  195807132 1250 1341 1494 1646 1676 1737 1768 1707 1615 1554 1524 1463
316A Acap  195807141 1402 1494 1524 1524 1524 1524 1463 1402 1250 1189 1158 1128
316A Acap  195807142 1219 1311 1433 1554 1646 1768 1829 1798 1737 1676 1646 1585
316A Acap  195807151 1524 1494 1494 1554 1524 1494 1463 1402 1341 1280 1219 1189
316A Acap  195807152 1189 1280 1402 1494 1615 1737 1798 1859 1859 1768 1707 1615
316A Acap  195807161 1554 1494 1494 1524 1494 1524 1524 1463 1402 1372 1311 1280
316A Acap  195807162 1250 1280 1341 1402 1524 1615 1707 1737 1829 1768 1737 1676
316A Acap  195807171 1585 1494 1463 1463 1463 1433 1524 1494 1494 1463 1433 1402
316A Acap  195807172 1341 1280 1280 1341 1433 1524 1615 1768 1890 1829 1798 1707
316A Acap  195807181 1646 1554 1433 1402 1402 1433 1463 1463 1524 1463 1463 1402
316A Acap  195807182 1341 1341 1280 1280 1402 1402 1554 1646 1737 1859 1859 1768
316A Acap  195807191 1707 1554 1494 1402 1311 1311 1372 1433 1494 1524 1524 1524
316A Acap  195807192 1494 1433 1372 1311 1341 1372 1402 1494 1585 1707 1768 1768
316A Acap  195807201 1798 1615 1524 1433 1311 1280 1250 1341 1433 1524 1585 1585
316A Acap  195807202 1615 1615 1463 1402 1311 1311 1372 1463 1554 1615 1737 1829
316A Acap  195807211 1798 1737 1646 1463 1311 1250 1219 1280 1372 1463 1585 1676
316A Acap  195807212 1707 1676 1585 1524 1402 1311 1311 1341 1402 1524 1615 1737
316A Acap  195807221 1798 1768 1707 1585 1372 1250 1158 1158 1219 1341 1524 1646
316A Acap  195807222 1768 1859 1798 1707 1585 1494 1402 1311 1341 1433 1524 1646
316A Acap  195807231 1737 1737 1707 1554 1402 1250 1128 1097 1128 1219 1402 1554
316A Acap  195807232 1737 1859 1890 1798 1676 1494 1372 1311 1280 1311 1433 1524
316A Acap  195807241 1646 1707 1737 1676 1554 1372 1250 1097 1067 1097 1250 1433
316A Acap  195807242 1646 1798 1859 1859 1798 1646 1494 1372 1311 1311 1402 1463
316A Acap  195807251 1554 1676 1707 1646 1554 1433 1250 1097 1036 1006 1097 1250
316A Acap  195807252 1463 1646 1798 1890 1890 1798 1676 1524 1402 1372 1433 1463
316A Acap  195807261 1554 1615 1646 1676 1615 1524 1433 1280 1128 1067 1067 1250
316A Acap  195807262 1402 1554 1737 1829 1920 1890 1829 1737 1585 1524 1494 1554
316A Acap  195807271 1615 1646 1707 1768 1768 1707 1585 1433 1341 1219 1189 1280
316A Acap  195807272 1372 1524 1707 1829 1920 1951 1951 1859 1737 1676 1585 1554
316A Acap  195807281 1524 1585 1676 1707 1707 1707 1615 1554 1433 1341 1189 1189
316A Acap  195807282 1280 1372 1524 1676 1798 1890 1951 1920 1859 1707 1615 1554
316A Acap  195807291 1524 1524 1554 1554 1615 1585 1554 1524 1402 1341 1311 1280
316A Acap  195807292 1250 1280 1463 1554 1646 1707 1768 1859 1798 1737 1646 1585
316A Acap  195807301 1554 1494 1524 1524 1524 1615 1585 1554 1554 1494 1402 1372
316A Acap  195807302 1311 1311 1372 1463 1524 1615 1768 1798 1859 1829 1798 1737
316A Acap  195807311 1615 1554 1524 1494 1524 1524 1585 1585 1646 1585 1494 1433
316A Acap  195807312 1372 1372 1341 1372 1463 1554 1646 1707 1768 1768 1798 1737
316A Acap  195808011 1646 1585 1494 1463 1463 1433 1463 1494 1585 1585 1554 1524
316A Acap  195808012 1494 1433 1372 1372 1372 1463 1524 1585 1707 1737 1798 1768
316A Acap  195808021 1707 1646 1554 1433 1433 1402 1433 1402 1494 1615 1585 1585
316A Acap  195808022 1585 1524 1433 1372 1372 1402 1402 1494 1554 1676 1768 1798
316A Acap  195808031 1798 1737 1646 1524 1494 1402 1402 1463 1433 1615 1676 1737
316A Acap  195808032 1798 1707 1676 1585 1494 1463 1494 1494 1554 1707 1768 1859
316A Acap  195808041 1859 1798 1707 1554 1463 1341 1311 1341 1341 1433 1585 1707
316A Acap  195808042 1798 1798 1768 1646 1585 1494 1463 1494 1524 1585 1676 1737
316A Acap  195808051 1829 1798 1737 1646 1554 1433 1372 1341 1372 1463 1524 1646
316A Acap  195808052 1737 1829 1768 1737 1676 1524 1433 1341 1402 1433 1524 1615
316A Acap  195808061 1737 1737 1737 1646 1524 1433 1311 1219 1250 1311 1433 1585
316A Acap  195808062 1676 1768 1859 1829 1737 1585 1494 1433 1402 1463 1494 1585
316A Acap  195808071 1707 1707 1707 1707 1554 1463 1311 1280 1280 1341 1433 1585
316A Acap  195808072 1707 1829 1920 1951 1920 1768 1615 1494 1433 1463 1463 1554
316A Acap  195808081 1646 1646 1707 1676 1615 1494 1341 1280 1219 1250 1311 1433
316A Acap  195808082 1585 1707 1829 1859 1829 1737 1615 1524 1463 1433 1433 1494
316A Acap  195808091 1524 1615 1646 1646 1615 1494 1372 1219 1158 1128 1219 1372
316A Acap  195808092 1524 1646 1768 1829 1859 1768 1707 1615 1494 1402 1402 1494
316A Acap  195808101 1524 1615 1646 1646 1615 1463 1402 1280 1189 1189 1219 1341
316A Acap  195808102 1433 1585 1707 1798 1829 1798 1707 1646 1524 1463 1433 1463
316A Acap  195808111 1494 1554 1585 1615 1585 1494 1372 1219 1158 1097 1097 1158
316A Acap  195808112 1311 1463 1646 1707 1798 1798 1768 1676 1585 1494 1433 1433
316A Acap  195808121 1463 1524 1585 1585 1585 1554 1433 1341 1250 1158 1128 1158
316A Acap  195808122 1219 1372 1494 1676 1737 1798 1798 1798 1676 1585 1524 1494
316A Acap  195808131 1524 1554 1554 1615 1615 1615 1524 1433 1372 1250 1219 1219
316A Acap  195808132 1280 1341 1463 1585 1707 1768 1798 1768 1737 1646 1585 1524
316A Acap  195808141 1494 1494 1524 1585 1585 1585 1585 1524 1463 1372 1311 1250
316A Acap  195808142 1250 1311 1402 1494 1615 1707 1768 1768 1737 1707 1615 1494
316A Acap  195808151 1494 1463 1494 1494 1554 1585 1554 1615 1585 1494 1402 1311
316A Acap  195808152 1311 1311 1311 1402 1463 1585 1707 1707 1707 1676 1615 1585
316A Acap  195808161 1494 1463 1463 1402 1463 1494 1554 1585 1585 1554 1494 1433
316A Acap  195808162 1402 1280 1280 1341 1402 1463 1524 1585 1676 1707 1707 1646
316A Acap  195808171 1585 1494 1433 1372 1341 1372 1433 1494 1585 1585 1615 1585
316A Acap  195808172 1494 1463 1372 1341 1311 1341 1463 1554 1615 1676 1676 1676
316A Acap  195808181 1646 1524 1463 1341 1280 1341 1311 1433 1524 1615 1676 1676
316A Acap  195808182 1615 1554 1524 1402 1311 1311 1341 1402 1524 1615 1707 1707
316A Acap  195808191 1676 1585 1494 1372 1250 1250 1158 1250 1372 1494 1676 1737
316A Acap  195808192 1798 1768 1676 1524 1402 1311 1280 1280 1341 1463 1554 1646
316A Acap  195808201 1676 1585 1524 1433 1280 1189 1097 1189 1250 1372 1585 1707
316A Acap  195808202 1798 1829 1768 1646 1433 1341 1250 1219 1250 1341 1433 1554
316A Acap  195808211 1646 1646 1554 1402 1280 1158 1067 1067 1097 1250 1433 1646
316A Acap  195808212 1798 1920 1890 1798 1646 1494 1341 1250 1250 1341 1433 1554
316A Acap  195808221 1676 1676 1646 1554 1402 1280 1067  945 1006 1097 1250 1463
316A Acap  195808222 1676 1829 1920 1890 1798 1615 1463 1311 1250 1280 1372 1463
316A Acap  195808231 1615 1707 1737 1646 1494 1341 1158 1006  945  975 1097 1280
316A Acap  195808232 1494 1707 1829 1890 1829 1707 1554 1433 1311 1280 1311 1402
316A Acap  195808241 1524 1615 1676 1676 1554 1463 1341 1158 1006 1036 1067 1158
316A Acap  195808242 1372 1585 1768 1859 1890 1829 1646 1524 1372 1280 1250 1311
316A Acap  195808251 1433 1524 1585 1646 1646 1554 1402 1280 1158 1067 1036 1128
316A Acap  195808252 1250 1433 1585 1737 1829 1829 1737 1646 1524 1402 1341 1372
316A Acap  195808261 1402 1463 1554 1585 1646 1615 1524 1402 1219 1128 1097 1097
316A Acap  195808262 1189 1311 1463 1554 1676 1737 1737 1646 1585 1463 1402 1372
316A Acap  195808271 1372 1463 1524 1585 1615 1615 1615 1494 1372 1280 1219 1189
316A Acap  195808272 1189 1250 1433 1524 1585 1646 1676 1707 1615 1585 1494 1402
316A Acap  195808281 1402 1402 1463 1494 1494 1524 1494 1463 1433 1372 1341 1250
316A Acap  195808282 1219 1280 1341 1433 1524 1585 1646 1646 1646 1615 1585 1494
316A Acap  195808291 1463 1433 1402 1402 1433 1433 1494 1494 1494 1433 1433 1372
316A Acap  195808292 1311 1280 1341 1341 1372 1463 1494 1585 1585 1615 1585 1554
316A Acap  195808301 1524 1433 1372 1372 1372 1402 1433 1494 1524 1524 1494 1463
316A Acap  195808302 1402 1341 1280 1280 1280 1311 1402 1494 1554 1615 1585 1615
316A Acap  195808311 1554 1494 1433 1341 1311 1311 1341 1433 1463 1494 1554 1524
316A Acap  195808312 1524 1463 1402 1341 1280 1280 1372 1402 1494 1585 1585 1615
316A Acap  195809011 1585 1524 1463 1372 1280 1280 1311 1372 1463 1524 1585 1615
316A Acap  195809012 1615 1585 1524 1433 1341 1280 1311 1311 1372 1494 1524 1615
316A Acap  195809021 1615 1585 1554 1372 1280 1280 1250 1250 1341 1433 1585 1676
316A Acap  195809022 1737 1707 1615 1554 1463 1372 1311 1311 1372 1463 1554 1615
316A Acap  195809031 1646 1646 1585 1433 1341 1250 1219 1250 1311 1433 1585 1676
316A Acap  195809032 1737 1768 1737 1646 1463 1372 1311 1341 1280 1341 1463 1554
316A Acap  195809041 1615 1646 1615 1494 1372 1250 1219 1219 1250 1372 1494 1615
316A Acap  195809042 1737 1798 1768 1707 1554 1463 1341 1280 1280 1341 1433 1554
316A Acap  195809051 1615 1646 1615 1554 1433 1311 1219 1189 1189 1280 1433 1585
316A Acap  195809052 1707 1798 1829 1737 1676 1494 1372 1311 1280 1341 1372 1494
316A Acap  195809061 1585 1646 1646 1585 1463 1372 1280 1219 1189 1250 1341 1494
316A Acap  195809062 1646 1768 1829 1798 1737 1615 1463 1341 1311 1311 1341 1433
316A Acap  195809071 1524 1554 1615 1580 1494 1341 1219 1158 1128 1128 1250 1402
316A Acap  195809072 1554 1707 1768 1798 1768 1676 1554 1433 1341 1341 1341 1402
316A Acap  195809081 1494 1554 1615 1585 1524 1407 1280 1189 1097 1128 1189 1280
316A Acap  195809082 1433 1585 1707 1798 1798 1737 1646 1524 1433 1402 1402 1463
316A Acap  195809091 1524 1585 1615 1646 1585 1494 1463 1311 1219 1219 1280 1372
316A Acap  195809092 1494 1646 1768 1859 1859 1829 1737 1646 1524 1433 1433 1494
316A Acap  195809101 1494 1615 1676 1676 1646 1585 1494 1372 1280 1219 1219 1280
316A Acap  195809102 1402 1524 1676 1768 1829 1829 1768 1676 1585 1524 1433 1433
316A Acap  195809111 1494 1554 1646 1676 1707 1676 1585 1463 1341 1250 1219 1219
316A Acap  195809112 1341 1433 1585 1676 1737 1768 1768 1676 1585 1463 1494 1463
316A Acap  195809121 1433 1494 1554 1615 1615 1615 1615 1494 1402 1280 1250 1219
316A Acap  195809122 1280 1372 1463 1585 1646 1676 1707 1676 1615 1554 1433 1402
316A Acap  195809131 1372 1433 1494 1524 1585 1676 1646 1646 1585 1494 1433 1341
316A Acap  195809132 1341 1341 1402 1463 1554 1646 1676 1676 1646 1615 1554 1494
316A Acap  195809141 1433 1402 1402 1463 1494 1554 1615 1646 1707 1676 1585 1494
316A Acap  195809142 1433 1402 1463 1494 1524 1554 1585 1615 1676 1676 1585 1554
316A Acap  195809151 1463 1372 1372 1341 1402 1494 1524 1615 1676 1768 1737 1707
316A Acap  195809152 1646 1554 1494 1433 1463 1463 1524 1524 1585 1646 1676 1615
316A Acap  195809161 1524 1433 1341 1311 1341 1402 1463 1554 1737 1798 1859 1829
316A Acap  195809162 1768 1676 1554 1463 1402 1402 1433 1463 1554 1615 1676 1707
316A Acap  195809171 1646 1524 1433 1341 1280 1280 1341 1433 1554 1737 1829 1890
316A Acap  195809172 1890 1859 1737 1615 1463 1341 1341 1372 1433 1524 1646 1707
316A Acap  195809181 1707 1615 1554 1402 1250 1189 1158 1219 1372 1524 1707 1859
316A Acap  195809182 1951 1920 1829 1676 1554 1402 1341 1280 1341 1433 1554 1646
316A Acap  195809191 1707 1707 1585 1463 1311 1158 1097 1097 1189 1372 1554 1798
316A Acap  195809192 1890 1951 1951 1859 1676 1494 1372 1311 1280 1341 1463 1615
316A Acap  195809201 1676 1707 1707 1585 1463 1311 1184 1128 1128 1219 1341 1585
316A Acap  195809202 1768 1920 1951 1920 1798 1646 1524 1372 1341 1341 1402 1494
316A Acap  195809211 1646 1768 1768 1737 1615 1494 1341 1189 1158 1189 1280 1463
316A Acap  195809212 1676 1829 1951 1920 1859 1737 1554 1463 1402 1341 1372 1463
316A Acap  195809221 1585 1707 1768 1737 1676 1554 1433 1311 1219 1158 1250 1402
316A Acap  195809222 1494 1676 1798 1859 1859 1798 1676 1524 1433 1433 1402 1433
316A Acap  195809231 1524 1615 1768 1737 1707 1615 1494 1372 1280 1250 1280 1372
316A Acap  195809232 1463 1615 1737 1798 1829 1798 1676 1585 1463 1402 1372 1402
316A Acap  195809241 1494 1524 1615 1646 1676 1676 1585 1463 1402 1311 1280 1311
316A Acap  195809242 1372 1463 1585 1676 1768 1737 1676 1585 1524 1463 1463 1433
316A Acap  195809251 1463 1524 1615 1646 1646 1646 1615 1524 1433 1402 1372 1372
316A Acap  195809252 1402 1494 1585 1646 1707 1737 1707 1646 1554 1524 1433 1463
316A Acap  195809261 1463 1524 1554 1585 1615 1646 1585 1585 1524 1463 1433 1433
316A Acap  195809262 1402 1433 1463 1524 1585 1585 1585 1585 1554 1494 1494 1494
316A Acap  195809271 1494 1494 1463 1524 1585 1585 1585 1615 1585 1524 1494 1524
316A Acap  195809272 1524 1463 1463 1463 1524 1524 1494 1524 1463 1494 1524 1463
316A Acap  195809281 1433 1463 1433 1433 1494 1554 1585 1585 1615 1615 1585 1585
316A Acap  195809282 1524 1463 1463 1402 1433 1402 1433 1494 1494 1494 1524 1494
316A Acap  195809291 1463 1402 1433 1402 1402 1433 1524 1554 1585 1646 1646 1676
316A Acap  195809292 1676 1585 1524 1463 1402 1402 1402 1402 1494 1494 1524 1585
316A Acap  195809301 1524 1524 1524 1463 1433 1494 1554 1585 1707 1798 1890 1920
316A Acap  195809302 1920 1859 1768 1646 1585 1524 1463 1494 1524 1585 1615 1676
316A Acap  195810011 1676 1615 1524 1463 1372 1372 1402 1494 1554 1707 1798 1859
316A Acap  195810012 1920 1829 1768 1676 1524 1463 1402 1433 1463 1494 1615 1646
316A Acap  195810021 1676 1646 1585 1524 1402 1372 1341 1402 1494 1524 1676 1737
316A Acap  195810022 1798 1829 1768 1676 1524 1402 1341 1280 1311 1341 1433 1524
316A Acap  195810031 1585 1585 1554 1494 1402 1311 1250 1250 1311 1433 1554 1707
316A Acap  195810032 1798 1829 1768 1707 1554 1402 1311 1219 1219 1311 1372 1463
316A Acap  195810041 1524 1524 1524 1463 1341 1280 1219 1189 1219 1372 1494 1646
316A Acap  195810042 1798 1829 1859 1768 1646 1494 1372 1280 1250 1311 1372 1494
316A Acap  195810051 1585 1646 1646 1524 1433 1280 1189 1158 1158 1250 1372 1554
316A Acap  195810052 1676 1737 1768 1707 1585 1463 1311 1219 1219 1250 1311 1433
316A Acap  195810061 1524 1585 1554 1494 1402 1250 1189 1097 1128 1189 1311 1433
316A Acap  195810062 1585 1707 1768 1707 1615 1494 1372 1280 1219 1250 1280 1372
316A Acap  195810071 1433 1494 1524 1494 1433 1280 1189 1128 1097 1158 1189 1341
316A Acap  195810072 1524 1615 1646 1646 1646 1524 1372 1250 1189 1158 1219 1280
316A Acap  195810081 1402 1463 1494 1524 1463 1341 1189 1097 1036 1067 1128 1219
316A Acap  195810082 1341 1494 1615 1615 1554 1494 1402 1250 1189 1158 1189 1280
316A Acap  195810091 1341 1433 1524 1554 1494 1372 1280 1189 1097 1067 1097 1189
316A Acap  195810092 1311 1433 1554 1585 1585 1524 1433 1311 1219 1158 1158 1250
316A Acap  195810101 1341 1463 1524 1585 1615 1524 1433 1341 1219 1128 1097 1158
316A Acap  195810102 1250 1372 1494 1554 1585 1554 1524 1433 1341 1219 1189 1219
316A Acap  195810111 1250 1341 1433 1524 1554 1585 1524 1463 1372 1250 1189 1219
316A Acap  195810112 1250 1341 1433 1524 1585 1585 1524 1463 1341 1250 1158 1158
316A Acap  195810121 1219 1280 1402 1463 1524 1585 1646 1585 1524 1402 1311 1311
316A Acap  195810122 1311 1341 1372 1402 1463 1494 1494 1494 1433 1372 1280 1250
316A Acap  195810131 1280 1311 1372 1433 1554 1676 1737 1768 1768 1707 1676 1646
316A Acap  195810132 1554 1524 1463 1463 1494 1524 1554 1585 1585 1554 1494 1463
316A Acap  195810141 1341 1341 1311 1341 1402 1524 1615 1707 1798 1829 1798 1737
316A Acap  195810142 1646 1585 1494 1433 1433 1463 1524 1524 1585 1585 1554 1494
316A Acap  195810151 1433 1341 1280 1219 1250 1311 1433 1585 1737 1859 1890 1859
316A Acap  195810152 1798 1646 1494 1402 1311 1280 1311 1341 1433 1494 1524 1524
316A Acap  195810161 1433 1311 1219 1158 1128 1128 1219 1372 1554 1707 1829 1890
316A Acap  195810162 1859 1768 1615 1463 1341 1280 1250 1311 1372 1463 1554 1585
316A Acap  195810171 1585 1463 1341 1189 1097 1067 1097 1219 1372 1585 1768 1890
316A Acap  195810172 1920 1859 1707 1524 1402 1250 1158 1158 1219 1372 1494 1585
316A Acap  195810181 1615 1585 1494 1341 1189 1067 1006 1067 1158 1372 1554 1768
316A Acap  195810182 1890 1920 1829 1646 1433 1280 1128 1097 1097 1219 1341 1524
316A Acap  195810191 1585 1615 1524 1402 1250 1097 1006  975 1067 1219 1402 1585
316A Acap  195810192 1737 1829 1798 1676 1524 1341 1189 1128 1097 1128 1250 1402
316A Acap  195810201 1524 1615 1585 1524 1402 1250 1097 1036 1036 1097 1250 1402
316A Acap  195810202 1585 1707 1768 1737 1615 1463 1311 1189 1128 1128 1219 1341
316A Acap  195810211 1463 1585 1615 1615 1494 1372 1219 1097 1067 1067 1158 1311
316A Acap  195810212 1494 1615 1707 1707 1646 1524 1341 1189 1128 1097 1158 1219
316A Acap  195810221 1341 1494 1585 1615 1585 1463 1372 1250 1158 1128 1158 1250
316A Acap  195810222 1372 1494 1585 1615 1615 1554 1433 1311 1189 1158 1189 1250
316A Acap  195810231 1341 1463 1554 1615 1615 1585 1494 1341 1280 1219 1219 1250
316A Acap  195810232 1341 1463 1554 1585 1615 1585 1524 1402 1311 1250 1219 1250
316A Acap  195810241 1311 1402 1463 1554 1585 1585 1554 1494 1402 1341 1280 1311
316A Acap  195810242 1341 1372 1463 1494 1524 1524 1463 1372 1311 1250 1219 1250
316A Acap  195810251 1280 1341 1433 1494 1554 1554 1554 1554 1463 1402 1341 1280
316A Acap  195810252 1311 1311 1341 1372 1433 1463 1463 1402 1372 1311 1250 1250
316A Acap  195810261 1219 1250 1280 1341 1402 1463 1524 1554 1524 1494 1433 1372
316A Acap  195810262 1372 1341 1311 1311 1341 1341 1372 1402 1372 1341 1280 1250
316A Acap  195810271 1219 1250 1280 1341 1372 1433 1494 1494 1524 1494 1494 1433
316A Acap  195810272 1402 1341 1280 1250 1280 1280 1311 1311 1341 1341 1341 1311
316A Acap  195810281 1280 1219 1219 1250 1280 1341 1402 1463 1554 1585 1615 1524
316A Acap  195810282 1494 1463 1402 1341 1280 1280 1280 1280 1341 1341 1341 1341
316A Acap  195810291 1280 1250 1219 1219 1219 1280 1341 1463 1585 1646 1646 1646
316A Acap  195810292 1615 1524 1463 1372 1280 1250 1250 1280 1341 1402 1433 1433
316A Acap  195810301 1433 1372 1311 1250 1250 1280 1341 1433 1554 1646 1707 1737
316A Acap  195810302 1737 1646 1554 1433 1341 1280 1219 1219 1311 1372 1433 1433
316A Acap  195810311 1433 1402 1341 1280 1250 1189 1219 1280 1402 1554 1646 1737
316A Acap  195810312 1768 1707 1615 1494 1372 1280 1189 1189 1250 1311 1372 1463
316A Acap  195811011 1463 1433 1341 1250 1219 1189 1219 1280 1372 1494 1615 1768
316A Acap  195811012 1798 1768 1707 1554 1433 1341 1250 1189 1250 1341 1402 1463
316A Acap  195811021 1494 1494 1433 1341 1250 1189 1189 1219 1311 1433 1615 1707
316A Acap  195811022 1798 1798 1768 1646 1524 1372 1280 1250 1219 1280 1402 1463
316A Acap  195811031 1524 1524 1494 1402 1280 1219 1189 1189 1250 1341 1494 1646
316A Acap  195811032 1798 1829 1798 1707 1554 1402 1280 1189 1158 1219 1311 1433
316A Acap  195811041 1524 1585 1615 1524 1433 1341 1280 1219 1250 1341 1524 1615
316A Acap  195811042 1768 1890 1920 1859 1707 1554 1433 1311 1311 1280 1372 1524
316A Acap  195811051 1646 1707 1707 1676 1585 1463 1372 1280 1250 1311 1402 1524
316A Acap  195811052 1707 1798 1829 1798 1737 1585 1433 1341 1280 1250 1311 1433
316A Acap  195811061 1524 1646 1676 1707 1676 1554 1402 1341 1280 1311 1372 1494
316A Acap  195811062 1615 1707 1798 1768 1737 1615 1463 1372 1280 1280 1311 1372
316A Acap  195811071 1494 1585 1676 1737 1676 1615 1494 1402 1311 1280 1311 1372
316A Acap  195811072 1494 1646 1707 1676 1646 1585 1524 1372 1219 1219 1219 1280
316A Acap  195811081 1433 1494 1646 1707 1707 1707 1615 1524 1372 1341 1311 1341
316A Acap  195811082 1494 1554 1615 1646 1615 1585 1494 1402 1311 1250 1189 1250
316A Acap  195811091 1311 1433 1554 1615 1737 1737 1707 1646 1524 1433 1402 1372
316A Acap  195811092 1372 1463 1585 1585 1615 1585 1524 1433 1341 1250 1189 1219
316A Acap  195811101 1250 1311 1402 1554 1646 1737 1798 1768 1646 1585 1498 1433
316A Acap  195811102 1402 1402 1463 1494 1524 1554 1524 1494 1402 1280 1250 1189
316A Acap  195811111 1158 1189 1250 1372 1585 1676 1768 1798 1798 1737 1646 1524
316A Acap  195811112 1433 1372 1372 1372 1402 1433 1433 1463 1433 1372 1311 1219
316A Acap  195811121 1189 1158 1158 1250 1341 1494 1646 1737 1829 1798 1737 1676
316A Acap  195811122 1524 1433 1341 1311 1311 1341 1402 1433 1433 1433 1402 1311
316A Acap  195811131 1250 1158 1128 1128 1219 1341 1494 1646 1768 1859 1859 1829
316A Acap  195811132 1737 1585 1433 1311 1250 1219 1280 1372 1463 1463 1494 1463
316A Acap  195811141 1402 1311 1189 1096 1067 1158 1280 1433 1585 1768 1859 1859
316A Acap  195811142 1798 1676 1494 1372 1280 1219 1250 1280 1341 1433 1524 1524
316A Acap  195811151 1463 1372 1280 1158 1097 1097 1158 1280 1463 1615 1798 1859
316A Acap  195811152 1859 1798 1646 1494 1341 1250 1219 1219 1280 1402 1524 1615
316A Acap  195811161 1646 1585 1494 1341 1189 1158 1097 1128 1311 1463 1646 1768
316A Acap  195811162 1890 1890 1768 1585 1433 1250 1189 1128 1189 1311 1433 1554
316A Acap  195811171 1615 1615 1585 1494 1311 1219 1158 1128 1219 1372 1554 1676
316A Acap  195811172 1829 1829 1798 1707 1494 1341 1219 1158 1158 1250 1341 1494
316A Acap  195811181 1615 1707 1707 1585 1494 1341 1219 1158 1158 1219 1372 1554
316A Acap  195811182 1646 1768 1798 1737 1585 1433 1280 1189 1158 1250 1311 1433
316A Acap  195811191 1524 1646 1707 1707 1615 1494 1341 1250 1219 1280 1341 1463
316A Acap  195811192 1615 1707 1737 1707 1646 1494 1341 1250 1219 1219 1280 1372
316A Acap  195811201 1494 1585 1676 1676 1646 1554 1433 1341 1280 1280 1341 1402
316A Acap  195811202 1524 1615 1676 1676 1646 1524 1372 1280 1219 1189 1219 1311
316A Acap  195811211 1402 1524 1615 1646 1676 1615 1524 1433 1372 1341 1341 1402
316A Acap  195811212 1433 1524 1585 1615 1585 1524 1463 1341 1250 1250 1250 1311
316A Acap  195811221 1402 1494 1615 1676 1707 1707 1615 1524 1463 1433 1402 1402
316A Acap  195811222 1433 1494 1524 1554 1554 1524 1463 1402 1311 1280 1280 1280
316A Acap  195811231 1341 1463 1524 1615 1676 1707 1676 1646 1615 1554 1524 1494
316A Acap  195811232 1494 1524 1554 1524 1524 1524 1463 1402 1372 1311 1280 1250
316A Acap  195811241 1311 1372 1433 1524 1585 1646 1676 1646 1646 1585 1524 1494
316A Acap  195811242 1463 1433 1433 1433 1433 1433 1402 1372 1311 1250 1250 1219
316A Acap  195811251 1250 1311 1372 1463 1524 1615 1646 1676 1676 1646 1585 1554
316A Acap  195811252 1494 1433 1402 1372 1372 1372 1341 1341 1341 1311 1311 1280
316A Acap  195811261 1280 1311 1341 1402 1463 1524 1585 1646 1707 1707 1676 1646
316A Acap  195811262 1585 1524 1433 1402 1402 1372 1341 1372 1372 1341 1311 1341
316A Acap  195811271 1341 1280 1280 1341 1372 1463 1554 1615 1707 1768 1768 1707
316A Acap  195811272 1676 1585 1494 1372 1341 1280 1311 1311 1341 1372 1372 1341
316A Acap  195811281 1341 1311 1280 1250 1280 1341 1433 1524 1615 1707 1768 1737
316A Acap  195811282 1707 1646 1524 1433 1372 1280 1250 1311 1341 1341 1402 1402
316A Acap  195811291 1372 1341 1280 1250 1250 1250 1311 1433 1554 1676 1768 1768
316A Acap  195811292 1737 1676 1585 1463 1341 1280 1250 1250 1311 1372 1402 1433
316A Acap  195811301 1433 1372 1341 1280 1250 1219 1250 1341 1463 1585 1707 1768
316A Acap  195811302 1768 1737 1646 1524 1402 1311 1219 1219 1250 1341 1402 1433
316A Acap  195812011 1463 1494 1402 1341 1280 1250 1219 1280 1402 1524 1646 1707
316A Acap  195812012 1768 1768 1707 1554 1433 1311 1219 1219 1219 1280 1402 1524
316A Acap  195812021 1554 1554 1524 1463 1372 1280 1250 1280 1311 1433 1554 1676
316A Acap  195812022 1737 1768 1707 1615 1494 1341 1250 1189 1189 1280 1372 1463
316A Acap  195812031 1554 1585 1554 1494 1402 1280 1250 1189 1250 1341 1463 1615
316A Acap  195812032 1707 1768 1737 1646 1524 1372 1250 1189 1158 1219 1341 1463
316A Acap  195812041 1585 1615 1615 1615 1524 1402 1341 1280 1280 1341 1402 1554
316A Acap  195812042 1646 1707 1737 1676 1585 1463 1311 1189 1128 1189 1280 1402
316A Acap  195812051 1494 1615 1646 1676 1615 1524 1433 1311 1280 1311 1402 1463
316A Acap  195812052 1585 1646 1676 1615 1524 1402 1250 1158 1097 1097 1158 1250
316A Acap  195812061 1402 1554 1676 1707 1676 1646 1524 1433 1341 1280 1311 1372
316A Acap  195812062 1494 1585 1615 1615 1554 1433 1280 1189 1128 1097 1128 1189
316A Acap  195812071 1341 1494 1615 1707 1707 1707 1615 1494 1402 1341 1341 1341
316A Acap  195812072 1433 1524 1615 1646 1585 1524 1433 1311 1189 1128 1097 1128
316A Acap  195812081 1250 1433 1585 1737 1798 1829 1798 1707 1615 1524 1463 1433
316A Acap  195812082 1463 1524 1554 1615 1554 1554 1463 1372 1219 1128 1097 1097
316A Acap  195812091 1128 1280 1402 1585 1737 1798 1829 1768 1707 1615 1494 1463
316A Acap  195812092 1433 1433 1433 1463 1524 1524 1494 1402 1341 1189 1128 1097
316A Acap  195812101 1128 1189 1311 1433 1585 1707 1768 1829 1768 1676 1585 1524
316A Acap  195812102 1463 1402 1372 1372 1372 1402 1402 1372 1341 1280 1189 1097
316A Acap  195812111 1067 1067 1067 1219 1372 1494 1615 1707 1768 1768 1707 1646
316A Acap  195812112 1524 1402 1341 1311 1311 1311 1341 1402 1433 1402 1341 1250
316A Acap  195812121 1158 1097 1067 1097 1189 1341 1494 1615 1737 1798 1798 1737
316A Acap  195812122 1646 1494 1372 1280 1250 1250 1311 1372 1402 1433 1402 1372
316A Acap  195812131 1280 1158 1097 1067 1067 1189 1280 1433 1585 1646 1737 1737
316A Acap  195812132 1646 1554 1372 1250 1189 1158 1158 1189 1311 1402 1433 1433
316A Acap  195812141 1433 1341 1280 1158 1128 1158 1219 1341 1494 1646 1768 1768
316A Acap  195812142 1768 1646 1554 1311 1189 1097 1097 1158 1250 1372 1433 1524
316A Acap  195812151 1494 1402 1311 1219 1128 1097 1128 1189 1311 1463 1615 1737
316A Acap  195812152 1737 1707 1615 1463 1311 1158 1097 1067 1128 1219 1372 1494
316A Acap  195812161 1554 1524 1524 1433 1280 1158 1128 1158 1219 1372 1494 1615
316A Acap  195812162 1737 1737 1676 1585 1402 1219 1128 1097 1097 1158 1280 1433
316A Acap  195812171 1524 1585 1615 1554 1433 1311 1250 1189 1158 1250 1372 1494
316A Acap  195812172 1646 1707 1707 1646 1494 1372 1189 1097 1067 1128 1219 1341
316A Acap  195812181 1494 1615 1646 1676 1585 1494 1372 1280 1250 1250 1311 1433
316A Acap  195812182 1554 1676 1707 1646 1554 1402 1280 1158 1097 1097 1189 1311
316A Acap  195812191 1433 1585 1707 1737 1707 1646 1554 1433 1341 1280 1311 1372
316A Acap  195812192 1494 1615 1646 1646 1585 1463 1341 1219 1158 1128 1189 1311
316A Acap  195812201 1433 1585 1707 1768 1798 1737 1615 1494 1402 1341 1341 1402
316A Acap  195812202 1463 1524 1615 1646 1585 1524 1402 1280 1189 1128 1189 1250
316A Acap  195812211 1311 1494 1615 1676 1737 1707 1646 1554 1463 1372 1341 1372
316A Acap  195812212 1402 1463 1524 1585 1554 1494 1402 1311 1219 1189 1189 1219
316A Acap  195812221 1311 1402 1524 1646 1707 1737 1707 1646 1585 1494 1433 1372
316A Acap  195812222 1402 1463 1494 1524 1494 1494 1372 1311 1250 1219 1189 1219
316A Acap  195812231 1250 1372 1494 1585 1646 1707 1707 1646 1615 1524 1494 1463
316A Acap  195812232 1463 1494 1524 1494 1494 1494 1433 1372 1280 1189 1158 1158
316A Acap  195812241 1219 1280 1372 1463 1585 1615 1646 1676 1646 1615 1554 1524
316A Acap  195812242 1524 1463 1433 1433 1433 1402 1402 1372 1341 1280 1250 1250
316A Acap  195812251 1250 1311 1372 1433 1524 1615 1707 1737 1737 1737 1707 1615
316A Acap  195812252 1524 1463 1463 1433 1402 1402 1402 1402 1402 1402 1341 1311
316A Acap  195812261 1311 1311 1372 1433 1494 1585 1676 1737 1768 1768 1737 1707
316A Acap  195812262 1646 1585 1524 1463 1433 1433 1402 1433 1402 1433 1402 1341
316A Acap  195812271 1341 1311 1311 1341 1372 1433 1524 1615 1707 1737 1768 1737
316A Acap  195812272 1707 1646 1524 1463 1402 1341 1341 1341 1402 1402 1402 1402
316A Acap  195812281 1402 1341 1311 1341 1311 1372 1433 1524 1646 1707 1768 1768
316A Acap  195812282 1737 1676 1554 1463 1372 1280 1280 1311 1372 1433 1463 1463
316A Acap  195812291 1433 1433 1372 1311 1280 1280 1341 1433 1554 1646 1707 1798
316A Acap  195812292 1768 1707 1615 1463 1341 1250 1219 1250 1311 1402 1433 1494
316A Acap  195812301 1494 1463 1402 1341 1280 1250 1250 1341 1463 1554 1676 1737
316A Acap  195812302 1768 1707 1646 1524 1372 1250 1189 1158 1219 1311 1402 1494
316A Acap  195812311 1554 1524 1494 1433 1341 1250 1219 1219 1341 1402 1524 1646
316A Acap  195812312 1707 1707 1676 1524 1402 1219 1158 1128 1158 1219 1372 1463
