316A Acapulco           Mexico              1990 16504N 099547W 0000 3 00000R MM
316A Acap  199001011 1256 1287 1348 1409 1531 1592 9999 9999 9999 9999 9999 9999
316A Acap  199001012 9999 9999 9999 9999 9999 9999 9999 9999 9999 9999 9999 9999
316A Acap  199001021 9999 9999 9999 9999 9999 9999 9999 9999 9999 9999 9999 9999
316A Acap  199001022 9999 9999 9999 9999 9999 9999 9999 9999 9999 9999 9999 9999
316A Acap  199001031 9999 9999 9999 9999 9999 9999 9999 9999 9999 9999 9999 9999
316A Acap  199001032 9999 9999 9999 9999 9999 9999 9999 9999 9999 9999 9999 9999
316A Acap  199001041 9999 9999 9999 9999 9999 9999 9999 9999 9999 9999 9999 9999
316A Acap  199001042 9999 9999 9999 9999 9999 9999 9999 9999 9999 9999 9999 9999
316A Acap  199001051 9999 9999 9999 9999 9999 9999 9999 9999 9999 9999 9999 9999
316A Acap  199001052 9999 9999 9999 9999 9999 9999 9999 9999 9999 9999 9999 9999
316A Acap  199001061 9999 9999 9999 9999 9999 9999 9999 9999 9999 9999 9999 9999
316A Acap  199001062 9999 9999 9999 9999 9999 9999 9999 9999 9999 9999 9999 9999
316A Acap  199001071 9999 9999 9999 9999 9999 9999 9999 9999 9999 9999 9999 9999
316A Acap  199001072 9999 9999 9999 9999 9999 9999 9999 9999 9999 9999 9999 9999
316A Acap  199001081 9999 9999 9999 9999 9999 9999 9999 9999 9999 9999 9999 9999
316A Acap  199001082 9999 9999 9999 9999 9999 9999 9999 9999 9999 9999 9999 9999
316A Acap  199001091 9999 9999 9999 9999 9999 9999 9999 9999 9999 9999 9999 9999
316A Acap  199001092 9999 9999 9999 9999 9999 9999 9999 9999 9999 9999 9999 9999
316A Acap  199001101 9999 9999 9999 9999 9999 9999 9999 9999 9999 9999 9999 9999
316A Acap  199001102 9999 9999 9999 9999 9999 9999 9999 9999 9999 9999 9999 9999
316A Acap  199001111 9999 9999 9999 9999 9999 9999 9999 9999 9999 9999 9999 9999
316A Acap  199001112 9999 9999 9999 9999 9999 9999 9999 9999 9999 9999 9999 9999
316A Acap  199001121 9999 9999 9999 9999 9999 9999 9999 9999 9999 9999 9999 9999
316A Acap  199001122 9999 9999 9999 9999 9999 9999 9999 9999 9999 9999 9999 9999
316A Acap  199001131 9999 9999 9999 9999 9999 9999 9999 9999 9999 9999 9999 9999
316A Acap  199001132 9999 9999 9999 9999 9999 9999 9999 9999 9999 9999 9999 9999
316A Acap  199001141 9999 9999 9999 9999 9999 9999 9999 9999 9999 9999 9999 9999
316A Acap  199001142 9999 9999 9999 9999 9999 9999 9999 9999 9999 9999 9999 9999
316A Acap  199001151 9999 9999 9999 9999 9999 9999 9999 9999 9999 9999 9999 9999
316A Acap  199001152 9999 9999 9999 9999 9999 9999 9999 9999 9999 9999 9999 9999
316A Acap  199001161 9999 9999 9999 9999 9999 9999 9999 9999 9999 9999 9999 9999
316A Acap  199001162 9999 9999 9999 9999 9999 9999 9999 9999 9999 9999 9999 9999
316A Acap  199001171 9999 9999 9999 9999 9999 9999 9999 9999 9999 9999 9999 9999
316A Acap  199001172 9999 9999 9999 9999 9999 9999 9999 9999 9999 9999 9999 9999
316A Acap  199001181 9999 9999 9999 9999 9999 9999 9999 9999 9999 9999 9999 9999
316A Acap  199001182 9999 9999 9999 9999 9999 9999 9999 9999 9999 9999 9999 9999
316A Acap  199001191 9999 9999 9999 9999 9999 9999 9999 9999 9999 9999 9999 9999
316A Acap  199001192 9999 9999 9999 9999 9999 9999 9999 9999 9999 9999 9999 9999
316A Acap  199001201 9999 9999 9999 9999 9999 9999 9999 9999 9999 9999 9999 9999
316A Acap  199001202 9999 9999 9999 9999 9999 9999 9999 9999 9999 9999 9999 9999
316A Acap  199001211 9999 9999 9999 9999 9999 9999 9999 9999 9999 9999 9999 9999
316A Acap  199001212 9999 9999 9999 9999 9999 9999 9999 9999 9999 9999 9999 9999
316A Acap  199001221 9999 9999 9999 9999 9999 9999 9999 9999 9999 9999 9999 9999
316A Acap  199001222 9999 9999 9999 9999 9999 9999 9999 9999 9999 9999 9999 9999
316A Acap  199001231 9999 9999 9999 9999 9999 9999 9999 9999 9999 9999 9999 9999
316A Acap  199001232 9999 9999 9999 9999 9999 9999 9999 9999 9999 9999 9999 9999
316A Acap  199001241 9999 9999 9999 9999 9999 9999 9999 9999 9999 9999 9999 9999
316A Acap  199001242 9999 9999 9999 9999 9999 9999 9999 9999 9999 9999 9999 9999
316A Acap  199001251 9999 9999 9999 9999 9999 9999 9999 9999 9999 9999 9999 9999
316A Acap  199001252 9999 9999 9999 9999 9999 9999 9999 9999 9999 9999 9999 9999
316A Acap  199001261 9999 9999 9999 9999 9999 9999 9999 9999 9999 9999 9999 9999
316A Acap  199001262 9999 9999 9999 9999 9999 9999 9999 9999 9999 9999 9999 9999
316A Acap  199001271 9999 9999 9999 9999 9999 9999 9999 9999 9999 9999 9999 9999
316A Acap  199001272 9999 9999 9999 9999 9999 9999 9999 9999 9999 9999 9999 9999
316A Acap  199001281 9999 9999 9999 9999 9999 9999 9999 9999 9999 9999 9999 9999
316A Acap  199001282 9999 9999 9999 9999 9999 9999 9999 9999 9999 9999 9999 9999
316A Acap  199001291 9999 9999 9999 9999 9999 9999 9999 9999 9999 9999 9999 9999
316A Acap  199001292 9999 9999 9999 9999 9999 9999 9999 9999 9999 9999 9999 9999
316A Acap  199001301 9999 9999 9999 9999 9999 9999 9999 9999 9999 9999 9999 9999
316A Acap  199001302 9999 9999 9999 9999 9999 9999 9999 9999 9999 9999 9999 9999
316A Acap  199001311 9999 9999 9999 9999 9999 9999 9999 9999 9999 9999 9999 9999
316A Acap  199001312 9999 9999 9999 9999 9999 9999 9999 9999 9999 9999 9999 9999
316A Acap  199002011 9999 9999 9999 9999 9999 9999 1409 1439 1500 1592 1653 1744
316A Acap  199002012 1774 1744 1683 1592 1500 1378 1256 1226 1256 1256 1317 1378
316A Acap  199002021 1409 1409 1378 1409 1378 1317 1287 1256 1317 1378 1500 1622
316A Acap  199002022 1714 1744 1653 1561 1470 1348 1287 1226 1256 1287 1317 1348
316A Acap  199002031 1409 1470 1439 1439 1409 1348 1287 1256 1317 1348 1409 1500
316A Acap  199002032 1592 1683 1683 1622 1561 1409 1287 1226 1195 1195 1256 1348
316A Acap  199002041 1439 1531 1592 1561 1531 1439 1348 1256 1256 1256 1287 1378
316A Acap  199002042 1500 1561 1592 1592 1531 1409 1317 1195 1134 1104 1165 1226
316A Acap  199002051 1405 1595 1753 1847 1864 1806 1691 1550 1417 1321 1282 1298
316A Acap  199002052 1355 1430 1490 1504 1457 1350 1206 1055  929  860  891  982
316A Acap  199002061 1165 1348 1531 1653 1774 1774 1714 1622 1470 1409 1317 1287
316A Acap  199002062 1287 1317 1378 1409 1378 1348 1256 1134 1012  952  891  921
316A Acap  199002071  982 1165 1317 1500 1622 1714 1744 1744 1622 1531 1439 1348
316A Acap  199002072 1287 1317 1348 1348 1378 1378 1317 1195 1104  982  921  952
316A Acap  199002081 1043 1165 1317 1470 1622 1683 1774 1683 1622 1470 1378 1317
316A Acap  199002082 1287 1287 1317 1348 1348 1317 1226 1134 1043 1012 1012 1104
316A Acap  199002091 1195 1348 1470 1592 1683 1714 1714 1622 1531 1439 1378 1317
316A Acap  199002092 1256 1256 1317 1348 1348 1348 1317 1226 1165 1104 1073 1104
316A Acap  199002101 1165 1287 1378 1500 1653 1683 1683 1592 1531 1378 1287 1195
316A Acap  199002102 1165 1165 1226 1287 1378 1378 1378 1348 1287 1226 1165 1165
316A Acap  199002111 1226 1287 1470 1500 1592 1653 1683 1622 1561 1439 1378 1287
316A Acap  199002112 1195 1165 1226 1256 1287 1317 1348 1409 1439 1439 1409 1378
316A Acap  199002121 1287 1195 1134 1134 1195 1226 1348 1439 1561 1653 1683 1653
316A Acap  199002122 1531 1439 1348 1287 1195 1195 1256 1317 1409 1500 1531 1561
316A Acap  199002131 1561 1531 1439 1226 1134 1134 1165 1226 1256 1287 1439 1531
316A Acap  199002132 1622 1622 1500 1439 1287 1165 1104 1104 1165 1287 1470 1561
316A Acap  199002141 1683 1744 1714 1653 1561 1439 1378 1348 1348 1378 1470 1531
316A Acap  199002142 1622 1622 1561 1470 1317 1195 1104 1073 1165 1226 1317 1500
316A Acap  199002151 1653 1774 1774 1714 1683 1500 1378 1348 1287 1317 1378 1470
316A Acap  199002152 1531 1561 1561 1470 1409 1256 1165 1104 1134 1195 1287 1439
316A Acap  199002161 1592 1714 1774 1774 1714 1592 1500 1409 1378 1378 1409 1439
316A Acap  199002162 1500 1561 1531 1500 1409 1287 1195 1104 1073 1104 1226 1348
316A Acap  199002171 1470 1622 1714 1744 1744 1683 1561 1470 1409 1409 1409 1439
316A Acap  199002172 1531 1592 1592 1531 1470 1378 1226 1165 1104 1134 1195 1317
316A Acap  199002181 1470 1592 1714 1744 1774 1744 1622 1531 1470 1409 1409 1439
316A Acap  199002182 1439 1500 1500 1470 1409 1317 1226 1165 1104 1104 1134 1226
316A Acap  199002191 1348 1500 1653 1714 1744 1714 1653 1592 1500 1439 1409 1409
316A Acap  199002192 1439 1439 1470 1470 1409 1348 1256 1165 1104 1073 1104 1195
316A Acap  199002201 1317 1439 1592 1653 1714 1744 1714 1653 1561 1500 1439 1409
316A Acap  199002202 1439 1470 1470 1439 1348 1287 1226 1165 1104 1104 1165 1226
316A Acap  199002211 1348 1470 1592 1683 1744 1714 1653 1622 1531 1531 1500 1470
316A Acap  199002212 1470 1470 1500 1470 1409 1378 1317 1256 1165 1134 1134 1165
316A Acap  199002221 1226 1287 1378 1500 1592 1653 1683 1653 1622 1531 1500 1531
316A Acap  199002222 1470 1470 1470 1470 1439 1409 1378 1348 1287 1226 1195 1195
316A Acap  199002231 1226 1287 1348 1439 1531 1622 1683 1683 1683 1653 1653 1592
316A Acap  199002232 1561 1500 1500 1470 1439 1409 1409 1378 1348 1348 1317 1317
316A Acap  199002241 1287 1317 1378 1439 1500 1592 1653 1683 1714 1714 1683 1622
316A Acap  199002242 1592 1561 1500 1470 1470 1470 1470 1500 1500 1500 1470 1470
316A Acap  199002251 1409 1409 1409 1409 1470 1531 1592 1622 1653 1714 1744 1683
316A Acap  199002252 1653 1592 1500 1439 1409 1439 1470 1470 1531 1592 1622 1622
316A Acap  199002261 1592 1531 1500 1470 1500 1470 1500 1592 1653 1714 1744 1683
316A Acap  199002262 1592 1538 1488 1456 1449 1457 1468 1559 1651 1773 1803 1773
316A Acap  199002271 1712 1651 1529 1346 1285 1224 1163 1193 1254 1315 1376 1468
316A Acap  199002272 1498 1529 1498 1498 1468 1437 1468 1498 1559 1620 1651 1712
316A Acap  199002281 1712 1712 1651 1529 1407 1376 1285 1285 1285 1346 1376 1437
316A Acap  199002282 1498 1559 1559 1559 1529 1529 1498 1468 1468 1498 1529 1590
316A Acap  199003011 1620 1620 1620 1590 1498 1468 1376 1315 1285 1285 1315 1346
316A Acap  199003012 1416 1441 1430 1399 1369 1378 1287 1287 1439 1653 1798 1918
316A Acap  199003021 1988 1991 1927 1805 1622 1500 1378 1287 1287 1348 1439 1561
316A Acap  199003022 1622 1622 1531 1439 1287 1134 1073 1043 1134 1287 1500 1714
316A Acap  199003031 1866 1957 1957 1866 1714 1531 1348 1195 1195 1226 1317 1470
316A Acap  199003032 1561 1622 1622 1500 1348 1165 1043  952  982 1134 1317 1531
316A Acap  199003041 1744 1866 1927 1896 1774 1622 1439 1317 1195 1165 1226 1348
316A Acap  199003042 1470 1561 1592 1561 1470 1256 1104  982  952  982 1134 1348
316A Acap  199003051 1561 1805 1927 1957 1896 1774 1592 1409 1287 1226 1226 1348
316A Acap  199003052 1470 1561 1622 1622 1561 1409 1226 1073  982  952 1043 1256
316A Acap  199003061 1470 1683 1896 1957 1957 1835 1683 1500 1348 1287 1256 1287
316A Acap  199003062 1378 1500 1592 1653 1592 1500 1317 1165 1012  982 1012 1134
316A Acap  199003071 1348 1531 1714 1835 1896 1835 1744 1592 1439 1378 1317 1317
316A Acap  199003072 1378 1470 1561 1622 1622 1531 1409 1287 1165 1043 1043 1104
316A Acap  199003081 1226 1378 1500 1683 1774 1805 1744 1653 1531 1409 1317 1317
316A Acap  199003082 1317 1378 1470 1561 1592 1561 1531 1409 1287 1195 1134 1134
316A Acap  199003091 1195 1256 1378 1500 1592 1683 1683 1622 1561 1439 1378 1348
316A Acap  199003092 1348 1348 1409 1470 1500 1531 1500 1470 1378 1317 1256 1226
316A Acap  199003101 1226 1256 1317 1378 1470 1531 1561 1561 1531 1500 1439 1378
316A Acap  199003102 1348 1317 1348 1378 1439 1470 1470 1500 1470 1439 1378 1317
316A Acap  199003111 1287 1287 1287 1317 1348 1378 1439 1470 1470 1439 1409 1409
316A Acap  199003112 1378 1348 1317 1348 1348 1378 1409 1470 1500 1500 1500 1470
316A Acap  199003121 1439 1409 1378 1348 1348 1348 1378 1409 1439 1470 1470 1439
316A Acap  199003122 1409 1378 1348 1317 1317 1348 1348 1409 1500 1561 1592 1622
316A Acap  199003131 1561 1531 1470 1409 1348 1317 1317 1348 1378 1439 1500 1531
316A Acap  199003132 1500 1500 1439 1378 1317 1317 1317 1378 1470 1561 1622 1653
316A Acap  199003141 1683 1653 1561 1500 1409 1348 1317 1317 1348 1378 1470 1500
316A Acap  199003142 1500 1500 1439 1378 1317 1287 1287 1348 1439 1561 1653 1744
316A Acap  199003151 1805 1805 1744 1622 1500 1470 1409 1378 1409 1470 1531 1561
316A Acap  199003152 1561 1531 1470 1378 1287 1256 1287 1348 1439 1531 1653 1744
316A Acap  199003161 1805 1805 1744 1622 1531 1409 1378 1317 1317 1317 1348 1439
316A Acap  199003162 1470 1500 1470 1409 1348 1287 1256 1226 1317 1409 1531 1653
316A Acap  199003171 1774 1805 1774 1744 1622 1500 1409 1317 1287 1287 1348 1409
316A Acap  199003172 1470 1500 1470 1439 1348 1256 1226 1226 1226 1287 1378 1561
316A Acap  199003181 1683 1774 1805 1774 1714 1592 1439 1287 1195 1195 1226 1348
316A Acap  199003182 1439 1500 1500 1439 1378 1256 1195 1165 1195 1317 1439 1561
316A Acap  199003191 1714 1774 1805 1774 1683 1561 1378 1226 1134 1134 1165 1317
316A Acap  199003192 1409 1439 1470 1409 1317 1226 1165 1104 1104 1134 1287 1439
316A Acap  199003201 1592 1714 1774 1774 1714 1622 1500 1409 1287 1287 1317 1348
316A Acap  199003202 1409 1470 1470 1439 1378 1287 1165 1073 1073 1073 1165 1287
316A Acap  199003211 1470 1592 1683 1714 1683 1592 1500 1348 1256 1256 1256 1348
316A Acap  199003212 1409 1500 1500 1500 1439 1348 1226 1134 1165 1165 1226 1348
316A Acap  199003221 1470 1592 1714 1744 1744 1683 1592 1500 1439 1378 1348 1409
316A Acap  199003222 1470 1531 1561 1561 1500 1409 1317 1226 1165 1165 1195 1256
316A Acap  199003231 1348 1470 1592 1653 1622 1592 1531 1439 1378 1317 1317 1348
316A Acap  199003232 1378 1470 1561 1561 1561 1470 1378 1287 1226 1195 1226 1317
316A Acap  199003241 1378 1500 1592 1653 1683 1683 1653 1561 1470 1378 1348 1378
316A Acap  199003242 1439 1500 1561 1592 1592 1561 1500 1428 1348 1317 1317 1317
316A Acap  199003251 1378 1500 1561 1622 1592 1592 1592 1531 1439 1378 1378 1378
316A Acap  199003252 1409 1470 1531 1592 1592 1592 1561 1531 1470 1439 1409 1378
316A Acap  199003261 1378 1439 1470 1500 1531 1561 1500 1500 1470 1409 1409 1378
316A Acap  199003262 1348 1378 1409 1439 1500 1592 1622 1653 1622 1561 1470 1439
316A Acap  199003271 1409 1378 1378 1409 1439 1409 1439 1470 1439 1378 1348 1348
316A Acap  199003272 1317 1317 1317 1348 1409 1500 1592 1653 1714 1744 1744 1714
316A Acap  199003281 1653 1592 1500 1439 1409 1409 1439 1439 1470 1470 1439 1409
316A Acap  199003282 1348 1287 1226 1226 1256 1317 1409 1500 1622 1774 1835 1835
316A Acap  199003291 1805 1744 1592 1500 1378 1317 1317 1317 1378 1439 1500 1500
316A Acap  199003292 1500 1409 1348 1256 1195 1226 1256 1348 1500 1622 1774 1896
316A Acap  199003301 1957 1957 1896 1744 1622 1470 1348 1287 1287 1348 1439 1531
316A Acap  199003302 1592 1561 1500 1378 1256 1165 1134 1134 1195 1348 1531 1744
316A Acap  199003311 1927 1957 1835 1683 1561 1378 1287 1226 1256 1348 1470 1500
316A Acap  199003312 1561 1500 1409 1287 1134 1043 1012 1073 1195 1378 1622 1805
316A Acap  199004011 1896 1957 1927 1774 1592 1409 1275 1200 1197 1256 1315 1378
316A Acap  199004012 1409 1440 1398 1298 1173 1058  996 1012 1099 1255 1459 1672
316A Acap  199004021 1850 1957 1958 1868 1716 1536 1367 1245 1195 1226 1348 1470
316A Acap  199004022 1622 1683 1653 1531 1386 1226 1104 1043 1104 1226 1378 1622
316A Acap  199004031 1805 1927 1988 1896 1774 1592 1439 1317 1256 1287 1348 1439
316A Acap  199004032 1531 1622 1653 1622 1500 1317 1195 1104 1073 1134 1256 1439
316A Acap  199004041 1622 1774 1896 1896 1805 1714 1561 1409 1287 1256 1287 1378
316A Acap  199004042 1500 1592 1653 1653 1622 1500 1378 1226 1165 1134 1195 1287
316A Acap  199004051 1439 1592 1714 1774 1805 1714 1622 1470 1358 1287 1287 1287
316A Acap  199004052 1378 1470 1561 1622 1653 1592 1470 1378 1317 1195 1195 1256
316A Acap  199004061 1378 1500 1622 1683 1714 1683 1592 1500 1378 1287 1256 1256
316A Acap  199004062 1317 1409 1500 1561 1592 1592 1531 1439 1348 1287 1226 1226
316A Acap  199004071 1317 1409 1500 1592 1622 1592 1531 1439 1378 1287 1226 1256
316A Acap  199004072 1287 1348 1439 1500 1561 1561 1561 1500 1409 1348 1317 1317
316A Acap  199004081 1317 1348 1378 1439 1470 1500 1500 1439 1409 1348 1317 1287
316A Acap  199004082 1256 1287 1317 1409 1500 1531 1592 1561 1531 1500 1470 1409
316A Acap  199004091 1378 1378 1378 1409 1439 1439 1439 1439 1409 1378 1348 1317
316A Acap  199004092 1287 1287 1317 1378 1439 1500 1531 1592 1592 1592 1561 1531
316A Acap  199004101 1470 1409 1378 1348 1348 1317 1348 1348 1378 1378 1378 1348
316A Acap  199004102 1317 1317 1287 1317 1348 1409 1470 1531 1561 1622 1653 1653
316A Acap  199004111 1622 1561 1500 1409 1348 1317 1287 1256 1287 1317 1348 1378
316A Acap  199004112 1378 1378 1348 1317 1317 1348 1378 1470 1531 1653 1714 1744
316A Acap  199004121 1744 1683 1592 1500 1409 1317 1287 1256 1287 1287 1348 1378
316A Acap  199004122 1409 1409 1378 1317 1287 1287 1317 1409 1500 1592 1683 1744
316A Acap  199004131 1744 1683 1592 1470 1409 1317 1256 1226 1226 1287 1348 1409
316A Acap  199004132 1409 1348 1317 1256 1226 1195 1226 1287 1348 1439 1561 1683
316A Acap  199004141 1774 1774 1683 1561 1439 1287 1226 1165 1165 1226 1287 1317
316A Acap  199004142 1348 1348 1317 1256 1195 1165 1165 1195 1287 1409 1561 1653
316A Acap  199004151 1744 1744 1653 1561 1409 1287 1195 1134 1134 1195 1226 1317
316A Acap  199004152 1378 1378 1348 1256 1165 1134 1104 1165 1256 1378 1531 1653
316A Acap  199004161 1774 1774 1683 1592 1470 1348 1256 1195 1195 1226 1256 1348
316A Acap  199004162 1378 1378 1378 1287 1195 1134 1104 1134 1256 1348 1470 1622
316A Acap  199004171 1714 1774 1744 1653 1500 1378 1256 1195 1165 1226 1256 1348
316A Acap  199004172 1378 1409 1378 1317 1226 1134 1104 1104 1165 1256 1409 1561
316A Acap  199004181 1683 1744 1714 1653 1531 1378 1287 1226 1226 1226 1287 1378
316A Acap  199004182 1439 1439 1439 1378 1317 1226 1165 1104 1134 1165 1287 1409
316A Acap  199004191 1531 1622 1714 1683 1622 1500 1348 1256 1226 1256 1287 1378
316A Acap  199004192 1439 1470 1500 1500 1439 1348 1256 1165 1104 1134 1195 1287
316A Acap  199004201 1409 1531 1622 1683 1653 1561 1500 1409 1317 1256 1256 1317
316A Acap  199004202 1409 1500 1531 1500 1409 1317 1226 1165 1134 1165 1195 1317
316A Acap  199004211 1409 1531 1592 1622 1592 1500 1378 1287 1226 1195 1226 1296
316A Acap  199004212 1396 1500 1531 1500 1470 1348 1287 1195 1226 1287 1348 1409
316A Acap  199004221 1470 1531 1561 1531 1500 1439 1348 1256 1226 1195 1226 1287
316A Acap  199004222 1378 1439 1531 1561 1561 1531 1500 1409 1378 1348 1317 1317
316A Acap  199004231 1378 1409 1470 1500 1500 1439 1378 1287 1195 1165 1195 1256
316A Acap  199004232 1317 1409 1470 1561 1592 1622 1592 1561 1500 1439 1378 1378
316A Acap  199004241 1348 1348 1378 1409 1409 1409 1378 1348 1256 1195 1134 1104
316A Acap  199004242 1134 1165 1226 1317 1439 1531 1592 1653 1653 1592 1561 1500
316A Acap  199004251 1409 1348 1317 1348 1348 1348 1317 1317 1287 1256 1195 1165
316A Acap  199004252 1134 1104 1134 1226 1287 1409 1531 1653 1744 1744 1744 1683
316A Acap  199004261 1592 1500 1409 1317 1287 1287 1287 1317 1348 1348 1317 1256
316A Acap  199004262 1195 1104 1073 1073 1134 1226 1348 1500 1653 1774 1835 1835
316A Acap  199004271 1774 1683 1561 1409 1287 1256 1256 1287 1317 1348 1348 1287
316A Acap  199004272 1195 1043  982  982 1043 1104 1226 1348 1500 1622 1744 1805
316A Acap  199004281 1774 1683 1531 1378 1195 1134 1073 1104 1195 1287 1348 1348
316A Acap  199004282 1287 1134 1012  921  891  921  982 1104 1275 1449 1592 1683
316A Acap  199004291 1714 1622 1500 1348 1165 1043  952  952 1012 1104 1226 1287
316A Acap  199004292 1287 1195 1104  952  860  799  799  860  982 1165 1409 1622
316A Acap  199004301 1714 1744 1653 1500 1317 1195 1043  952  952 1073 1165 1256
316A Acap  199004302 1348 1378 1317 1226 1043  891  830  860  952 1134 1317 1500
316A Acap  199005011 1622 1714 1714 1622 1439 1291 1165 1104 1104 1165 1287 1439
316A Acap  199005012 1531 1592 1531 1439 1317 1165 1073 1043 1073 1165 1317 1470
316A Acap  199005021 1653 1774 1835 1774 1653 1470 1317 1195 1134 1165 1226 1378
316A Acap  199005022 1470 1592 1622 1561 1439 1348 1195 1134 1104 1165 1256 1439
316A Acap  199005031 1531 1653 1774 1774 1714 1561 1439 1317 1165 1104 1104 1134
316A Acap  199005032 1256 1378 1470 1561 1592 1561 1531 1378 1287 1195 1134 1165
316A Acap  199005041 1287 1439 1561 1653 1653 1622 1470 1348 1195 1134 1104 1165
316A Acap  199005042 1287 1409 1531 1622 1622 1561 1470 1378 1256 1226 1256 1317
316A Acap  199005051 1409 1531 1592 1622 1592 1531 1439 1317 1226 1165 1195 1256
316A Acap  199005052 1317 1470 1531 1592 1592 1622 1561 1470 1409 1348 1348 1378
316A Acap  199005061 1439 1500 1561 1561 1561 1531 1470 1409 1317 1256 1287 1287
316A Acap  199005062 1348 1409 1500 1592 1653 1683 1683 1653 1592 1531 1500 1470
316A Acap  199005071 1439 1439 1470 1500 1500 1470 1439 1409 1348 1287 1256 1287
316A Acap  199005072 1317 1409 1470 1531 1622 1653 1714 1683 1653 1622 1592 1561
316A Acap  199005081 1531 1531 1500 1500 1500 1470 1470 1439 1409 1378 1348 1348
316A Acap  199005082 1378 1409 1439 1500 1561 1622 1683 1744 1744 1714 1714 1683
316A Acap  199005091 1653 1592 1561 1531 1500 1500 1470 1439 1409 1378 1378 1317
316A Acap  199005092 1317 1348 1378 1439 1531 1592 1622 1683 1744 1805 1774 1744
316A Acap  199005101 1683 1592 1531 1470 1439 1409 1409 1409 1409 1409 1409 1409
316A Acap  199005102 1409 1378 1409 1470 1500 1561 1622 1714 1774 1835 1835 1805
316A Acap  199005111 1744 1653 1561 1470 1439 1409 1378 1378 1378 1409 1409 1409
316A Acap  199005112 1409 1378 1378 1378 1409 1439 1500 1561 1653 1744 1835 1835
316A Acap  199005121 1835 1805 1714 1592 1531 1439 1378 1348 1348 1378 1409 1409
316A Acap  199005122 1409 1378 1348 1317 1348 1378 1439 1531 1622 1744 1805 1835
316A Acap  199005131 1835 1744 1658 1548 1439 1348 1317 1287 1348 1378 1409 1439
316A Acap  199005132 1409 1348 1317 1317 1287 1348 1409 1470 1561 1683 1744 1805
316A Acap  199005141 1835 1835 1744 1653 1531 1439 1378 1348 1348 1378 1409 1439
316A Acap  199005142 1439 1439 1409 1378 1348 1317 1348 1378 1470 1592 1683 1774
316A Acap  199005151 1835 1835 1774 1683 1592 1470 1378 1348 1348 1348 1409 1470
316A Acap  199005152 1500 1470 1470 1409 1348 1317 1287 1348 1405 1500 1622 1714
316A Acap  199005161 1774 1805 1835 1805 1714 1561 1378 1348 1317 1317 1348 1409
316A Acap  199005162 1470 1470 1500 1470 1439 1348 1287 1287 1287 1378 1500 1622
316A Acap  199005171 1744 1805 1835 1774 1653 1531 1439 1378 1317 1317 1378 1439
316A Acap  199005172 1531 1561 1531 1500 1439 1348 1348 1348 1378 1439 1531 1653
316A Acap  199005181 1744 1805 1805 1714 1622 1515 1409 1317 1287 1348 1409 1500
316A Acap  199005182 1561 1622 1622 1592 1561 1470 1378 1348 1378 1439 1500 1622
316A Acap  199005191 1683 1744 1744 1653 1561 1470 1378 1317 1287 1348 1439 1500
316A Acap  199005192 1592 1683 1714 1683 1653 1561 1500 1439 1378 1439 1500 1592
316A Acap  199005201 1683 1714 1744 1714 1653 1531 1439 1348 1287 1287 1317 1409
316A Acap  199005202 1531 1622 1683 1774 1774 1714 1653 1561 1531 1470 1470 1531
316A Acap  199005211 1592 1653 1714 1714 1653 1531 1439 1317 1256 1226 1256 1348
316A Acap  199005212 1470 1561 1683 1774 1805 1805 1774 1714 1653 1561 1531 1531
316A Acap  199005221 1561 1592 1653 1653 1653 1592 1531 1409 1317 1256 1195 1226
316A Acap  199005222 1287 1439 1561 1683 1805 1896 1927 1896 1835 1714 1653 1561
316A Acap  199005231 1531 1531 1561 1561 1592 1592 1561 1500 1409 1287 1226 1195
316A Acap  199005232 1195 1287 1439 1531 1714 1835 1927 1957 1927 1835 1744 1622
316A Acap  199005241 1561 1531 1500 1500 1531 1531 1500 1470 1409 1317 1195 1165
316A Acap  199005242 1134 1165 1256 1378 1531 1653 1805 1896 1957 1927 1896 1774
316A Acap  199005251 1653 1531 1439 1409 1409 1439 1439 1470 1439 1378 1317 1226
316A Acap  199005252 1165 1134 1134 1195 1348 1500 1653 1774 1866 1957 1927 1866
316A Acap  199005261 1774 1653 1531 1470 1378 1409 1439 1439 1531 1531 1470 1378
316A Acap  199005262 1317 1226 1165 1134 1165 1287 1409 1561 1744 1866 1957 1957
316A Acap  199005271 1896 1805 1653 1531 1409 1348 1348 1378 1439 1470 1500 1531
316A Acap  199005272 1470 1409 1287 1195 1165 1165 1226 1348 1500 1683 1927 1988
316A Acap  199005281 1957 1835 1653 1531 1378 1287 1256 1317 1378 1470 1561 1592
316A Acap  199005282 1561 1500 1378 1256 1165 1134 1195 1317 1470 1592 1714 1866
316A Acap  199005291 1927 1896 1805 1653 1500 1317 1226 1195 1226 1348 1439 1531
316A Acap  199005292 1592 1592 1531 1439 1317 1226 1165 1226 1348 1470 1592 1744
316A Acap  199005301 1866 1866 1805 1684 1531 1348 1226 1165 1195 1256 1378 1531
316A Acap  199005302 1622 1653 1653 1561 1470 1348 1287 1256 1256 1348 1500 1622
316A Acap  199005311 1744 1835 1835 1744 1592 1439 1287 1195 1165 1226 1317 1470
316A Acap  199005312 1561 1653 1683 1653 1561 1439 1348 1287 1256 1317 1409 1531
316A Acap  199006011 1653 1744 1774 1744 1622 1500 1348 1256 1195 1165 1256 1348
316A Acap  199006012 1470 1592 1653 1714 1683 1592 1500 1348 1287 1287 1317 1409
316A Acap  199006021 1531 1622 1683 1653 1622 1531 1409 1256 1165 1165 1226 1348
316A Acap  199006022 1470 1622 1714 1774 1714 1683 1592 1470 1409 1439 1409 1470
316A Acap  199006031 1535 1614 1683 1683 1622 1561 1470 1378 1287 1256 1348 1439
316A Acap  199006032 1592 1714 1774 1835 1835 1805 1714 1653 1561 1531 1500 1561
316A Acap  199006041 1592 1653 1653 1653 1653 1653 1561 1470 1348 1348 1317 1378
316A Acap  199006042 1409 1500 1653 1744 1805 1835 1866 1805 1714 1653 1592 1561
316A Acap  199006051 1561 1561 1592 1622 1592 1592 1531 1439 1378 1317 1287 1287
316A Acap  199006052 1348 1409 1531 1622 1744 1805 1835 1805 1744 1683 1653 1592
316A Acap  199006061 1561 1561 1561 1561 1531 1531 1470 1409 1348 1317 1287 1256
316A Acap  199006062 1317 1348 1439 1561 1683 1714 1805 1805 1805 1774 1744 1683
316A Acap  199006071 1592 1531 1500 1500 1500 1470 1439 1409 1378 1348 1317 1348
316A Acap  199006072 1317 1317 1348 1439 1531 1622 1714 1774 1805 1774 1744 1683
316A Acap  199006081 1622 1561 1531 1500 1470 1439 1409 1409 1348 1317 1256 1256
316A Acap  199006082 1256 1256 1287 1317 1409 1500 1592 1653 1744 1774 1774 1744
316A Acap  199006091 1683 1592 1500 1470 1409 1378 1378 1378 1409 1348 1317 1287
316A Acap  199006092 1226 1256 1226 1287 1348 1409 1500 1622 1744 1774 1805 1774
316A Acap  199006101 1744 1683 1561 1470 1409 1378 1348 1378 1378 1378 1348 1317
316A Acap  199006102 1317 1287 1256 1256 1256 1378 1470 1561 1683 1744 1805 1805
316A Acap  199006111 1774 1744 1653 1531 1409 1378 1348 1348 1348 1378 1439 1378
316A Acap  199006112 1348 1287 1256 1256 1348 1409 1470 1561 1683 1805 1835 1835
316A Acap  199006121 1774 1683 1561 1470 1378 1378 1348 1317 1317 1378 1409 1439
316A Acap  199006122 1439 1439 1378 1317 1287 1256 1287 1317 1409 1531 1683 1774
316A Acap  199006131 1805 1774 1714 1592 1470 1378 1287 1287 1287 1348 1409 1439
316A Acap  199006132 1470 1500 1470 1409 1317 1287 1256 1317 1378 1531 1622 1714
316A Acap  199006141 1774 1774 1683 1561 1439 1348 1287 1256 1256 1317 1409 1470
316A Acap  199006142 1531 1561 1531 1439 1378 1287 1256 1256 1317 1378 1439 1561
316A Acap  199006151 1653 1714 1714 1622 1531 1378 1287 1195 1226 1256 1378 1439
316A Acap  199006152 1561 1592 1622 1592 1500 1439 1348 1317 1317 1378 1470 1561
316A Acap  199006161 1653 1744 1744 1653 1561 1439 1348 1256 1226 1256 1378 1500
316A Acap  199006162 1622 1714 1774 1774 1744 1622 1531 1439 1378 1409 1470 1531
316A Acap  199006171 1622 1714 1744 1714 1622 1531 1378 1256 1195 1226 1287 1409
316A Acap  199006172 1561 1714 1744 1805 1835 1774 1653 1561 1439 1439 1470 1531
316A Acap  199006181 1561 1653 1714 1683 1622 1500 1378 1256 1195 1195 1226 1348
316A Acap  199006182 1470 1622 1805 1896 1896 1866 1805 1622 1531 1470 1409 1439
316A Acap  199006191 1531 1531 1622 1622 1622 1592 1470 1317 1256 1226 1165 1226
316A Acap  199006192 1378 1531 1683 1805 1896 1957 1927 1866 1774 1653 1592 1531
316A Acap  199006201 1531 1561 1622 1683 1683 1653 1592 1470 1378 1260 1195 1195
316A Acap  199006202 1317 1500 1653 1835 1988 2079 2079 2018 1896 1774 1653 1561
316A Acap  199006211 1531 1531 1561 1592 1622 1592 1531 1470 1317 1226 1165 1134
316A Acap  199006212 1256 1378 1531 1744 1896 2018 2018 2049 1927 1835 1683 1592
316A Acap  199006221 1500 1500 1531 1531 1561 1592 1561 1500 1378 1287 1165 1134
316A Acap  199006222 1134 1165 1287 1470 1622 1835 1957 1988 2018 1927 1866 1744
316A Acap  199006231 1592 1531 1470 1470 1500 1500 1531 1531 1500 1439 1317 1226
316A Acap  199006232 1165 1195 1195 1317 1470 1622 1744 1866 1988 1988 1957 1835
316A Acap  199006241 1714 1592 1470 1439 1409 1439 1500 1531 1561 1531 1470 1348
316A Acap  199006242 1317 1226 1195 1195 1256 1378 1531 1744 1927 2018 2018 2018
316A Acap  199006251 1896 1683 1561 1470 1348 1348 1378 1439 1531 1592 1622 1592
316A Acap  199006252 1470 1348 1317 1256 1226 1317 1470 1622 1774 1896 1957 1988
316A Acap  199006261 1957 1866 1683 1561 1439 1378 1378 1439 1500 1561 1653 1714
316A Acap  199006262 1683 1592 1470 1409 1378 1348 1409 1500 1622 1774 1896 1988
316A Acap  199006271 1988 1896 1774 1653 1470 1378 1317 1348 1378 1531 1622 1683
316A Acap  199006272 1774 1774 1714 1622 1470 1378 1409 1439 1500 1653 1774 1927
316A Acap  199006281 1988 1927 1866 1744 1561 1409 1317 1287 1317 1409 1561 1653
316A Acap  199006282 1774 1835 1774 1683 1561 1470 1409 1409 1439 1531 1592 1744
316A Acap  199006291 1866 1866 1835 1744 1622 1439 1348 1256 1226 1287 1439 1622
316A Acap  199006292 1744 1866 1896 1835 1774 1653 1500 1439 1378 1439 1500 1592
316A Acap  199006301 1714 1805 1805 1774 1683 1561 1409 1287 1226 1226 1317 1470
316A Acap  199006302 1592 1774 1866 1896 1896 1835 1714 1592 1470 1470 1439 1500
316A Acap  199007011 1592 1683 1744 1774 1683 1592 1470 1378 1317 1287 1348 1500
316A Acap  199007012 1648 1805 1896 1927 1957 1896 1805 1653 1500 1470 1470 1531
316A Acap  199007021 1622 1683 1744 1744 1683 1592 1470 1378 1287 1256 1317 1378
316A Acap  199007022 1531 1714 1835 1927 1957 1927 1866 1744 1622 1561 1500 1500
316A Acap  199007031 1561 1622 1622 1653 1622 1622 1622 1561 1439 1348 1287 1256
316A Acap  199007032 1317 1470 1561 1714 1835 1866 1866 1866 1774 1653 1653 1592
316A Acap  199007041 1592 1592 1592 1653 1622 1622 1561 1470 1378 1287 1256 1256
316A Acap  199007042 1345 1470 1622 1714 1866 1896 1927 1866 1805 1744 1653 1592
316A Acap  199007051 1592 1592 1592 1622 1561 1561 1531 1470 1378 1317 1287 1317
316A Acap  199007052 1378 1456 1561 1683 1774 1866 1957 1957 1896 1866 1805 1744
316A Acap  199007061 1714 1653 1653 1653 1714 1683 1653 1592 1500 1439 1409 1378
316A Acap  199007062 1378 1439 1561 1714 1835 1896 1957 1988 1988 1896 1835 1805
316A Acap  199007071 1774 1714 1683 1683 1653 1653 1653 1561 1531 1470 1409 1378
316A Acap  199007072 1378 1378 1470 1561 1683 1744 1835 1866 1896 1866 1866 1805
316A Acap  199007081 1744 1653 1653 1622 1592 1561 1561 1531 1500 1470 1409 1409
316A Acap  199007082 1378 1409 1439 1470 1561 1653 1744 1744 1835 1896 1866 1835
316A Acap  199007091 1805 1744 1683 1622 1592 1561 1561 1531 1531 1500 1470 1439
316A Acap  199007092 1439 1417 1409 1439 1500 1561 1622 1744 1774 1835 1866 1805
316A Acap  199007101 1774 1714 1653 1592 1561 1531 1531 1531 1470 1531 1531 1500
316A Acap  199007102 1531 1500 1439 1470 1470 1500 1561 1653 1714 1774 1835 1866
316A Acap  199007111 1805 1805 1683 1592 1531 1470 1470 1470 1512 1561 1622 1592
316A Acap  199007112 1622 1622 1561 1531 1470 1500 1500 1561 1622 1714 1774 1835
316A Acap  199007121 1866 1805 1744 1653 1561 1470 1470 1470 1500 1561 1592 1653
316A Acap  199007122 1714 1714 1683 1653 1592 1561 1561 1561 1653 1653 1774 1805
316A Acap  199007131 1866 1774 1744 1653 1561 1470 1409 1378 1409 1500 1622 1683
316A Acap  199007132 1744 1774 1744 1744 1683 1622 1531 1500 1531 1599 1683 1744
316A Acap  199007141 1774 1774 1744 1683 1622 1500 1348 1317 1348 1409 1500 1653
316A Acap  199007142 1774 1835 1866 1774 1714 1622 1531 1439 1439 1470 1592 1653
316A Acap  199007151 1744 1714 1653 1592 1470 1409 1287 1287 1317 1378 1470 1653
316A Acap  199007152 1774 1896 1896 1896 1866 1744 1653 1531 1470 1439 1470 1561
316A Acap  199007161 1683 1683 1683 1683 1622 1465 1317 1195 1195 1256 1348 1470
316A Acap  199007162 1622 1835 1957 2018 1988 1866 1653 1561 1470 1439 1409 1470
316A Acap  199007171 1561 1622 1683 1646 1561 1470 1348 1226 1165 1165 1226 1378
316A Acap  199007172 1592 1774 1893 1956 1957 1866 1744 1592 1500 1470 1470 1531
316A Acap  199007181 1622 1678 1714 1653 1599 1500 1409 1256 1195 1134 1195 1287
316A Acap  199007182 1409 1592 1805 1943 2018 2018 1927 1835 1653 1531 1439 1470
316A Acap  199007191 1470 1531 1592 1653 1653 1561 1470 1317 1195 1134 1104 1134
316A Acap  199007192 1268 1439 1622 1805 1927 1988 1957 1896 1774 1653 1531 1500
316A Acap  199007201 1470 1470 1531 1653 1653 1592 1500 1368 1226 1134 1073 1073
316A Acap  199007202 1195 1378 1531 1744 1896 1988 1988 1927 1835 1683 1592 1531
316A Acap  199007211 1470 1500 1531 1592 1622 1592 1561 1470 1317 1195 1104 1043
316A Acap  199007212 1073 1165 1317 1500 1683 1805 1927 1940 1896 1774 1714 1631
316A Acap  199007221 1561 1500 1500 1531 1531 1592 1653 1622 1561 1470 1378 1287
316A Acap  199007222 1226 1226 1317 1409 1561 1714 1866 1988 2049 2018 1957 1805
316A Acap  199007231 1714 1622 1561 1531 1561 1592 1622 1653 1653 1561 1470 1378
316A Acap  199007232 1317 1256 1287 1287 1409 1500 1622 1774 1835 1896 1866 1805
316A Acap  199007241 1744 1622 1531 1470 1409 1439 1470 1561 1592 1653 1622 1592
316A Acap  199007242 1531 1439 1348 1317 1348 1378 1470 1592 1714 1774 1866 1835
316A Acap  199007251 1744 1653 1539 1427 1348 1378 1378 1439 1500 1592 1683 1744
316A Acap  199007252 1714 1622 1531 1409 1348 1348 1439 1531 1622 1744 1805 1835
316A Acap  199007261 1835 1744 1653 1531 1439 1348 1287 1317 1378 1500 1622 1744
316A Acap  199007262 1805 1805 1714 1622 1531 1465 1439 1470 1500 1592 1683 1774
316A Acap  199007271 1835 1774 1683 1561 1378 1256 1226 1256 1317 1439 1563 1683
316A Acap  199007272 1744 1835 1774 1714 1561 1470 1409 1409 1439 1500 1592 1653
316A Acap  199007281 1774 1774 1744 1622 1531 1409 1317 1287 1348 1348 1531 1683
316A Acap  199007282 1805 1896 1957 1896 1835 1683 1531 1470 1439 1470 1531 1592
316A Acap  199007291 1714 1744 1774 1714 1653 1500 1348 1256 1256 1317 1439 1592
316A Acap  199007292 1774 1866 1927 1927 1835 1683 1561 1439 1409 1470 1500 1561
316A Acap  199007301 1622 1714 1714 1653 1561 1439 1348 1260 1226 1256 1317 1470
316A Acap  199007302 1622 1774 1866 1896 1866 1835 1714 1592 1500 1439 1470 1500
316A Acap  199007311 1561 1622 1653 1653 1592 1470 1409 1287 1195 1226 1256 1409
316A Acap  199007312 1531 1714 1835 1866 1896 1866 1744 1622 1561 1500 1470 1531
316A Acap  199008011 1592 1653 1683 1683 1647 1567 1460 1348 1255 1213 1233 1311
316A Acap  199008012 1433 1581 1721 1824 1872 1861 1794 1696 1593 1513 1470 1470
316A Acap  199008021 1500 1531 1561 1592 1531 1500 1439 1348 1287 1226 1195 1226
316A Acap  199008022 1287 1439 1561 1714 1805 1835 1805 1744 1653 1592 1531 1500
316A Acap  199008031 1531 1592 1592 1653 1561 1500 1409 1287 1195 1134 1134 1165
316A Acap  199008032 1226 1348 1500 1622 1714 1744 1774 1774 1683 1592 1561 1500
316A Acap  199008041 1500 1531 1561 1561 1561 1531 1439 1378 1256 1195 1165 1165
316A Acap  199008042 1226 1348 1470 1592 1714 1744 1774 1774 1744 1683 1622 1592
316A Acap  199008051 1561 1561 1622 1622 1592 1592 1531 1439 1378 1287 1256 1226
316A Acap  199008052 1226 1287 1378 1500 1622 1683 1714 1774 1744 1718 1683 1622
316A Acap  199008061 1592 1561 1531 1561 1592 1561 1531 1470 1409 1348 1317 1317
316A Acap  199008062 1287 1317 1378 1470 1561 1653 1683 1714 1683 1683 1653 1622
316A Acap  199008071 1592 1561 1531 1500 1561 1561 1531 1500 1439 1470 1409 1378
316A Acap  199008072 1378 1378 1409 1439 1531 1561 1622 1653 1683 1714 1714 1683
316A Acap  199008081 1622 1561 1500 1500 1439 1500 1498 1500 1561 1561 1561 1531
316A Acap  199008082 1500 1470 1439 1470 1500 1531 1592 1622 1653 1714 1714 1714
316A Acap  199008091 1683 1592 1531 1470 1470 1439 1470 1531 1592 1622 1622 1653
316A Acap  199008092 1592 1592 1531 1500 1470 1500 1531 1561 1622 1683 1714 1714
316A Acap  199008101 1653 1592 1531 1439 1409 1409 1409 1439 1500 1592 1653 1744
316A Acap  199008102 1744 1744 1683 1622 1561 1531 1531 1531 1561 1622 1714 1714
316A Acap  199008111 1683 1653 1561 1470 1378 1317 1317 1348 1439 1561 1683 1774
316A Acap  199008112 1805 1835 1774 1683 1592 1500 1439 1439 1439 1531 1592 1683
316A Acap  199008121 1683 1683 1622 1500 1378 1287 1226 1256 1317 1470 1592 1744
316A Acap  199008122 1835 1896 1866 1744 1622 1500 1409 1348 1348 1409 1500 1561
316A Acap  199008131 1622 1628 1580 1488 1377 1269 1194 1181 1234 1341 1485 1645
316A Acap  199008132 1783 1872 1896 1805 1683 1561 1439 1348 1317 1348 1439 1500
316A Acap  199008141 1592 1622 1622 1531 1409 1256 1134 1073 1073 1134 1256 1409
316A Acap  199008142 1592 1805 1866 1927 1859 1749 1622 1470 1389 1362 1384 1439
316A Acap  199008151 1531 1622 1683 1653 1561 1409 1256 1134 1073 1073 1165 1348
316A Acap  199008152 1561 1805 1957 2049 1988 1866 1744 1622 1500 1409 1409 1470
316A Acap  199008161 1592 1653 1683 1683 1592 1470 1317 1195 1104 1073 1134 1256
316A Acap  199008162 1470 1653 1805 1927 1988 1988 1896 1744 1622 1500 1470 1470
316A Acap  199008171 1500 1622 1683 1714 1683 1592 1439 1287 1165 1104 1134 1195
316A Acap  199008172 1348 1561 1744 1896 1988 2018 1957 1866 1744 1653 1592 1531
316A Acap  199008181 1531 1561 1653 1714 1714 1622 1470 1378 1256 1195 1134 1226
316A Acap  199008182 1348 1500 1714 1866 1927 1957 1927 1866 1774 1683 1592 1561
316A Acap  199008191 1531 1561 1622 1683 1714 1683 1622 1500 1378 1287 1195 1195
316A Acap  199008192 1226 1317 1470 1592 1744 1835 1896 1896 1835 1744 1683 1592
316A Acap  199008201 1531 1531 1561 1561 1653 1653 1683 1653 1561 1500 1409 1348
316A Acap  199008202 1317 1348 1409 1531 1653 1744 1835 1866 1866 1805 1744 1653
316A Acap  199008211 1592 1561 1500 1531 1561 1592 1622 1653 1653 1592 1531 1470
316A Acap  199008212 1409 1378 1378 1409 1500 1561 1622 1683 1744 1744 1714 1653
316A Acap  199008221 1592 1531 1470 1409 1378 1439 1500 1531 1622 1653 1653 1653
316A Acap  199008222 1592 1531 1470 1439 1439 1470 1531 1622 1683 1714 1714 1714
316A Acap  199008231 1622 1592 1500 1439 1409 1378 1409 1500 1561 1653 1714 1744
316A Acap  199008232 1714 1683 1622 1531 1470 1439 1439 1500 1531 1622 1683 1683
316A Acap  199008241 1683 1653 1561 1470 1409 1348 1348 1409 1500 1622 1744 1744
316A Acap  199008242 1805 1805 1744 1622 1531 1470 1409 1378 1439 1531 1622 1714
316A Acap  199008251 1774 1744 1683 1622 1500 1439 1409 1439 1531 1683 1805 1927
316A Acap  199008252 1957 1957 1896 1805 1653 1561 1500 1470 1500 1592 1683 1744
316A Acap  199008261 1805 1774 1714 1592 1500 1409 1378 1378 1439 1561 1714 1866
316A Acap  199008262 1957 2018 1957 1866 1744 1622 1531 1470 1470 1500 1592 1653
316A Acap  199008271 1744 1774 1774 1683 1592 1470 1378 1317 1348 1470 1622 1774
316A Acap  199008272 1896 1988 2018 1988 1896 1744 1622 1500 1470 1470 1500 1592
316A Acap  199008281 1653 1714 1714 1683 1592 1470 1348 1256 1256 1317 1409 1561
316A Acap  199008282 1744 1866 1957 1988 1927 1805 1683 1561 1531 1470 1470 1531
316A Acap  199008291 1592 1653 1683 1653 1561 1439 1317 1256 1226 1226 1317 1470
316A Acap  199008292 1622 1805 1927 1988 1896 1805 1714 1622 1531 1500 1500 1561
316A Acap  199008301 1622 1683 1683 1683 1592 1500 1378 1287 1226 1256 1348 1500
316A Acap  199008302 1653 1774 1866 1957 1927 1866 1774 1714 1622 1561 1531 1561
316A Acap  199008311 1622 1653 1714 1714 1653 1531 1409 1317 1226 1195 1256 1378
316A Acap  199008312 1500 1653 1805 1927 1988 1927 1866 1744 1683 1622 1561 1561
316A Acap  199009011 1622 1683 1744 1744 1683 1561 1470 1378 1287 1256 1256 1348
316A Acap  199009012 1439 1561 1683 1744 1774 1805 1805 1714 1653 1592 1561 1531
316A Acap  199009021 1531 1561 1622 1653 1656 1622 1531 1378 1317 1287 1317 1378
316A Acap  199009022 1470 1592 1714 1774 1744 1744 1744 1683 1653 1622 1561 1592
316A Acap  199009031 1622 1653 1714 1714 1683 1653 1592 1531 1439 1409 1409 1409
316A Acap  199009032 1470 1561 1653 1714 1774 1805 1835 1805 1774 1714 1683 1683
316A Acap  199009041 1622 1622 1683 1714 1744 1744 1683 1653 1561 1500 1470 1470
316A Acap  199009042 1470 1500 1561 1622 1683 1714 1744 1744 1744 1714 1683 1653
316A Acap  199009051 1622 1592 1622 1622 1653 1653 1683 1683 1683 1653 1622 1592
316A Acap  199009052 1561 1531 1531 1561 1622 1622 1683 1714 1714 1714 1683 1653
316A Acap  199009061 1592 1561 1500 1531 1561 1592 1622 1653 1683 1683 1683 1683
316A Acap  199009062 1653 1592 1561 1531 1500 1531 1561 1592 1622 1653 1653 1622
316A Acap  199009071 1592 1561 1500 1470 1439 1470 1531 1592 1653 1744 1805 1805
316A Acap  199009072 1805 1744 1622 1531 1470 1470 1470 1470 1531 1592 1622 1653
316A Acap  199009081 1622 1561 1470 1378 1348 1348 1378 1470 1622 1744 1805 1866
316A Acap  199009082 1866 1805 1714 1592 1470 1439 1409 1378 1439 1500 1592 1622
316A Acap  199009091 1653 1592 1500 1409 1317 1287 1287 1317 1409 1561 1744 1896
316A Acap  199009092 1957 1957 1896 1774 1653 1500 1409 1348 1348 1439 1561 1653
316A Acap  199009101 1714 1714 1653 1531 1378 1256 1195 1195 1317 1439 1653 1835
316A Acap  199009102 1988 2049 2049 1927 1744 1561 1409 1317 1287 1348 1439 1561
316A Acap  199009111 1683 1714 1653 1531 1409 1256 1165 1104 1165 1287 1439 1683
316A Acap  199009112 1866 1988 2018 1957 1805 1653 1500 1348 1287 1317 1409 1561
316A Acap  199009121 1653 1683 1683 1622 1470 1317 1165 1073 1073 1195 1348 1592
316A Acap  199009122 1805 1988 2049 2049 1927 1774 1561 1409 1317 1317 1378 1500
316A Acap  199009131 1622 1714 1744 1683 1561 1348 1195 1104 1073 1104 1256 1470
316A Acap  199009132 1683 1866 2018 2018 1927 1835 1683 1531 1409 1378 1409 1470
316A Acap  199009141 1592 1683 1744 1714 1622 1470 1317 1165 1073 1073 1134 1287
316A Acap  199009142 1500 1683 1805 1896 1896 1835 1744 1622 1500 1439 1409 1439
316A Acap  199009151 1500 1592 1653 1683 1683 1592 1470 1256 1104 1104 1195 1317
316A Acap  199009152 1470 1653 1774 1835 1835 1774 1653 1531 1470 1409 1409 1470
316A Acap  199009161 1531 1622 1714 1744 1714 1714 1622 1500 1348 1226 1195 1232
316A Acap  199009162 1317 1439 1561 1714 1805 1805 1805 1714 1622 1500 1439 1409
316A Acap  199009171 1439 1500 1561 1653 1683 1714 1683 1622 1531 1439 1348 1317
316A Acap  199009172 1348 1409 1470 1592 1653 1714 1744 1714 1683 1592 1531 1470
316A Acap  199009181 1439 1439 1500 1531 1592 1653 1683 1653 1622 1560 1500 1439
316A Acap  199009182 1439 1409 1439 1500 1592 1622 1653 1683 1653 1622 1592 1561
316A Acap  199009191 1531 1500 1500 1500 1561 1622 1653 1683 1714 1714 1653 1622
316A Acap  199009192 1592 1561 1531 1531 1561 1592 1592 1622 1683 1653 1653 1622
316A Acap  199009201 1592 1561 1531 1500 1531 1592 1622 1714 1744 1774 1774 1744
316A Acap  199009202 1683 1653 1592 1531 1500 1531 1561 1592 1622 1653 1666 1653
316A Acap  199009211 1592 1531 1470 1439 1470 1500 1592 1653 1744 1805 1835 1805
316A Acap  199009212 1744 1653 1561 1470 1439 1409 1439 1470 1531 1592 1622 1592
316A Acap  199009221 1592 1531 1439 1409 1409 1409 1439 1592 1714 1805 1866 1866
316A Acap  199009222 1835 1744 1622 1531 1439 1378 1348 1439 1500 1561 1622 1653
316A Acap  199009231 1622 1561 1470 1409 1348 1317 1378 1500 1653 1774 1866 1896
316A Acap  199009232 1866 1805 1683 1531 1439 1378 1348 1378 1470 1531 1592 1653
316A Acap  199009241 1622 1561 1439 1378 1287 1287 1348 1439 1592 1744 1866 1927
316A Acap  199009242 1927 1866 1744 1592 1439 1348 1317 1317 1409 1470 1531 1592
316A Acap  199009251 1622 1592 1531 1439 1317 1256 1226 1287 1348 1500 1653 1774
316A Acap  199009252 1896 1927 1927 1866 1744 1592 1439 1317 1287 1348 1439 1561
316A Acap  199009261 1622 1653 1622 1531 1409 1317 1287 1226 1287 1378 1500 1683
316A Acap  199009262 1805 1896 1957 1957 1866 1744 1622 1500 1409 1378 1409 1500
316A Acap  199009271 1592 1653 1683 1622 1531 1409 1287 1226 1226 1317 1439 1561
316A Acap  199009272 1683 1835 1927 1957 1835 1744 1592 1500 1409 1409 1470 1561
316A Acap  199009281 1622 1683 1683 1683 1622 1500 1348 1317 1317 1348 1439 1561
316A Acap  199009282 1714 1835 1927 1957 1927 1835 1744 1622 1500 1470 1500 1561
316A Acap  199009291 1622 1714 1714 1714 1653 1561 1470 1378 1317 1287 1348 1500
316A Acap  199009292 1622 1774 1866 1927 1896 1835 1744 1622 1531 1470 1470 1500
316A Acap  199009301 1561 1653 1683 1683 1653 1561 1439 1317 1256 1256 1287 1409
316A Acap  199009302 1500 1653 1744 1805 1805 1744 1653 1561 1500 1470 1470 1500
316A Acap  199010011 1561 1622 1683 1714 1683 1622 1500 1409 1348 1317 1348 1409
316A Acap  199010012 1500 1592 1683 1744 1714 1683 1622 1531 1470 1470 1470 1531
316A Acap  199010021 1592 1653 1683 1714 1683 1592 1500 1409 1378 1378 1409 1470
316A Acap  199010022 1561 1622 1683 1683 1622 1592 1561 1500 1470 1439 1500 1531
316A Acap  199010031 1622 1683 1714 1744 1744 1714 1500 1409 1378 1378 1409 1470
316A Acap  199010032 1561 1622 1683 1683 1622 1592 1561 1500 1470 1439 1500 1531
316A Acap  199010041 1622 1683 1714 1744 1744 1714 1683 1622 1561 1561 1531 1531
316A Acap  199010042 1592 1622 1683 1714 1714 1714 1683 1622 1592 1561 1500 1500
316A Acap  199010051 1500 1531 1592 1653 1714 1744 1774 1744 1744 1714 1683 1653
316A Acap  199010052 1622 1622 1622 1622 1592 1592 1561 1561 1500 1470 1439 1409
316A Acap  199010061 1409 1439 1470 1500 1561 1622 1683 1744 1774 1805 1774 1714
316A Acap  199010062 1683 1622 1622 1592 1592 1561 1561 1531 1531 1470 1439 1409
316A Acap  199010071 1378 1348 1317 1348 1409 1470 1378 1470 1592 1683 1805 1835
316A Acap  199010072 1774 1714 1622 1531 1470 1409 1348 1378 1409 1470 1531 1561
316A Acap  199010081 1500 1409 1348 1226 1165 1165 1226 1348 1470 1592 1714 1805
316A Acap  199010082 1866 1805 1683 1561 1470 1378 1317 1317 1378 1439 1500 1561
316A Acap  199010091 1561 1470 1348 1256 1134 1043 1073 1134 1287 1409 1561 1744
316A Acap  199010092 1835 1835 1744 1592 1409 1287 1134 1104 1134 1226 1348 1470
316A Acap  199010101 1531 1561 1500 1348 1134 1012  952 1012 1104 1287 1531 1714
316A Acap  199010102 1866 1866 1774 1653 1500 1378 1256 1165 1134 1165 1287 1409
316A Acap  199010111 1500 1561 1470 1348 1195 1073  982  952  982 1104 1317 1561
316A Acap  199010112 1744 1835 1835 1774 1653 1470 1317 1165 1104 1134 1195 1348
316A Acap  199010121 1470 1561 1592 1531 1439 1287 1134 1012  982 1043 1165 1317
316A Acap  199010122 1531 1683 1774 1805 1714 1561 1378 1256 1165 1134 1195 1287
316A Acap  199010131 1439 1561 1653 1622 1531 1378 1226 1104 1043 1043 1134 1287
316A Acap  199010132 1470 1622 1714 1774 1714 1653 1500 1378 1287 1226 1195 1195
316A Acap  199010141 1287 1409 1561 1622 1653 1592 1470 1317 1195 1134 1134 1226
316A Acap  199010142 1317 1470 1592 1683 1714 1622 1531 1409 1317 1256 1226 1256
316A Acap  199010151 1348 1439 1592 1653 1683 1653 1561 1409 1348 1287 1226 1256
316A Acap  199010152 1348 1439 1592 1653 1653 1622 1561 1470 1348 1256 1226 1195
316A Acap  199010161 1226 1309 1409 1531 1592 1622 1622 1561 1470 1348 1287 1287
316A Acap  199010162 1287 1317 1378 1439 1500 1500 1500 1470 1409 1317 1287 1256
316A Acap  199010171 1287 1317 1378 1470 1561 1622 1622 1592 1561 1500 1439 1409
316A Acap  199010172 1348 1317 1317 1348 1378 1409 1439 1439 1409 1409 1348 1348
316A Acap  199010181 1348 1317 1348 1409 1470 1531 1592 1653 1714 1683 1622 1561
316A Acap  199010182 1500 1470 1409 1378 1378 1378 1439 1470 1439 1378 1348 1348
316A Acap  199010191 1317 1317 1317 1348 1409 1500 1561 1622 1714 1714 1683 1653
316A Acap  199010192 1592 1531 1470 1409 1378 1348 1348 1378 1409 1409 1409 1409
316A Acap  199010201 1378 1348 1317 1317 1348 1439 1500 1592 1683 1714 1744 1744
316A Acap  199010202 1683 1592 1500 1409 1348 1317 1287 1317 1378 1409 1409 1439
316A Acap  199010211 1409 1348 1317 1287 1256 1287 1317 1409 1500 1622 1744 1774
316A Acap  199010212 1774 1744 1653 1531 1409 1348 1287 1256 1287 1348 1409 1470
316A Acap  199010221 1470 1439 1378 1287 1256 1256 1317 1409 1500 1622 1744 1835
316A Acap  199010222 1835 1835 1744 1622 1500 1409 1348 1348 1348 1378 1439 1500
316A Acap  199010231 1531 1531 1470 1378 1317 1256 1317 1378 1439 1561 1714 1835
316A Acap  199010232 1896 1927 1805 1683 1561 1439 1317 1287 1287 1348 1470 1500
316A Acap  199010241 1531 1561 1500 1439 1348 1317 1317 1317 1409 1561 1714 1835
316A Acap  199010242 1896 1927 1835 1744 1622 1500 1378 1317 1287 1348 1409 1470
316A Acap  199010251 1561 1561 1531 1470 1348 1287 1256 1256 1287 1378 1531 1653
316A Acap  199010252 1774 1835 1835 1774 1653 1531 1409 1317 1317 1317 1378 1470
316A Acap  199010261 1561 1592 1561 1500 1378 1287 1226 1165 1226 1317 1470 1622
316A Acap  199010262 1774 1835 1835 1774 1683 1531 1378 1317 1287 1317 1348 1439
316A Acap  199010271 1531 1561 1592 1531 1470 1378 1287 1226 1226 1317 1409 1531
316A Acap  199010272 1653 1774 1805 1774 1653 1531 1439 1348 1256 1226 1256 1348
316A Acap  199010281 1409 1500 1561 1592 1531 1439 1348 1256 1195 1195 1256 1378
316A Acap  199010282 1500 1653 1744 1744 1683 1592 1470 1348 1287 1256 1287 1348
316A Acap  199010291 1439 1531 1561 1561 1531 1439 1348 1256 1226 1195 1256 1378
316A Acap  199010292 1470 1622 1683 1683 1653 1561 1409 1317 1256 1256 1317 1409
316A Acap  199010301 1500 1592 1653 1683 1653 1531 1470 1409 1348 1348 1378 1439
316A Acap  199010302 1500 1592 1592 1592 1592 1500 1409 1317 1287 1287 1287 1378
316A Acap  199010311 1470 1561 1653 1683 1683 1653 1592 1531 1470 1409 1378 1409
316A Acap  199010312 1439 1500 1531 1561 1531 1470 1409 1348 1287 1226 1226 1287
316A Acap  199011011 1439 1561 1653 1714 1774 1805 1774 1714 1653 1622 1561 1531
316A Acap  199011012 1531 1531 1531 1561 1561 1531 1500 1470 1409 1348 1317 1287
316A Acap  199011021 1317 1409 1500 1592 1714 1774 1835 1866 1835 1805 1744 1653
316A Acap  199011022 1592 1531 1500 1500 1500 1500 1500 1470 1409 1348 1317 1287
316A Acap  199011031 1287 1317 1378 1500 1592 1592 1714 1774 1835 1835 1805 1774
316A Acap  199011032 1714 1622 1561 1470 1439 1439 1439 1470 1470 1470 1439 1409
316A Acap  199011041 1348 1287 1256 1226 1256 1378 1500 1622 1744 1866 1896 1866
316A Acap  199011042 1774 1653 1500 1409 1378 1348 1378 1439 1470 1470 1439 1378
316A Acap  199011051 1287 1226 1165 1165 1165 1287 1409 1592 1744 1866 1927 1896
316A Acap  199011052 1805 1653 1500 1378 1287 1256 1287 1317 1409 1470 1470 1439
316A Acap  199011061 1378 1287 1165 1073 1077 1146 1272 1439 1653 1805 1896 1927
316A Acap  199011062 1866 1744 1531 1378 1256 1165 1165 1226 1317 1409 1500 1500
316A Acap  199011071 1470 1378 1226 1104 1012  982 1012 1104 1250 1419 1574 1683
316A Acap  199011072 1835 1835 1683 1500 1317 1165 1104 1104 1195 1317 1439 1531
316A Acap  199011081 1592 1531 1409 1287 1134 1012  982 1012 1134 1348 1531 1714
316A Acap  199011082 1805 1866 1866 1744 1561 1287 1134 1073 1134 1226 1348 1500
316A Acap  199011091 1622 1653 1592 1470 1287 1134 1043  982 1043 1165 1378 1592
316A Acap  199011092 1774 1866 1835 1744 1561 1348 1195 1104 1073 1134 1256 1410
316A Acap  199011101 1561 1653 1653 1561 1439 1287 1134 1043 1043 1165 1287 1470
316A Acap  199011102 1622 1714 1774 1744 1653 1531 1378 1226 1104 1073 1165 1287
316A Acap  199011111 1409 1531 1622 1653 1561 1409 1287 1165 1104 1104 1195 1317
316A Acap  199011112 1470 1622 1683 1683 1622 1500 1348 1226 1165 1104 1165 1287
316A Acap  199011121 1439 1561 1653 1683 1683 1592 1470 1348 1287 1256 1317 1378
316A Acap  199011122 1470 1592 1622 1653 1592 1500 1348 1256 1195 1165 1195 1256
316A Acap  199011131 1378 1500 1622 1683 1683 1653 1561 1439 1378 1317 1287 1287
316A Acap  199011132 1348 1409 1470 1531 1500 1470 1409 1317 1256 1195 1165 1165
316A Acap  199011141 1226 1348 1439 1561 1653 1714 1714 1622 1561 1470 1378 1409
316A Acap  199011142 1439 1439 1500 1531 1561 1531 1470 1409 1348 1287 1256 1256
316A Acap  199011151 1317 1409 1470 1561 1653 1683 1714 1683 1622 1561 1500 1439
316A Acap  199011152 1439 1409 1439 1439 1439 1409 1378 1348 1287 1256 1226 1195
316A Acap  199011161 1256 1287 1348 1439 1500 1592 1653 1687 1683 1653 1622 1561
316A Acap  199011162 1500 1439 1409 1378 1378 1378 1348 1348 1348 1317 1287 1256
316A Acap  199011171 1226 1226 1256 1348 1439 1500 1622 1683 1683 1683 1653 1592
316A Acap  199011172 1500 1439 1378 1348 1348 1287 1256 1256 1256 1256 1256 1256
316A Acap  199011181 1226 1226 1195 1195 1226 1287 1439 1531 1622 1683 1683 1653
316A Acap  199011182 1622 1531 1439 1348 1287 1226 1195 1226 1256 1256 1287 1287
316A Acap  199011191 1256 1226 1195 1226 1287 1348 1439 1500 1592 1653 1683 1714
316A Acap  199011192 1683 1653 1561 1470 1378 1287 1256 1256 1287 1317 1348 1348
316A Acap  199011201 1348 1317 1256 1226 1226 1256 1317 1378 1500 1622 1683 1744
316A Acap  199011202 1714 1653 1561 1439 1317 1226 1195 1195 1226 1226 1287 1317
316A Acap  199011211 1317 1287 1256 1195 1165 1134 1195 1287 1409 1531 1653 1714
316A Acap  199011212 1744 1714 1653 1531 1409 1317 1226 1195 1195 1226 1287 1348
316A Acap  199011221 1378 1378 1348 1287 1256 1226 1226 1287 1378 1500 1622 1744
316A Acap  199011222 1744 1744 1653 1531 1409 1287 1226 1195 1226 1287 1348 1378
316A Acap  199011231 1409 1409 1378 1317 1256 1195 1226 1256 1348 1439 1561 1653
316A Acap  199011232 1714 1714 1653 1561 1439 1317 1256 1226 1226 1287 1348 1439
316A Acap  199011241 1470 1500 1470 1409 1317 1256 1226 1287 1317 1409 1531 1653
316A Acap  199011242 1714 1714 1683 1598 1470 1378 1256 1226 1226 1287 1348 1409
316A Acap  199011251 1470 1500 1500 1470 1378 1317 1256 1226 1226 1317 1378 1500
316A Acap  199011252 1592 1653 1683 1622 1531 1409 1317 1226 1226 1226 1287 1378
316A Acap  199011261 1470 1561 1592 1592 1531 1470 1409 1348 1348 1348 1378 1439
316A Acap  199011262 1561 1653 1683 1683 1592 1500 1378 1287 1256 1256 1287 1378
316A Acap  199011271 1500 1622 1683 1683 1653 1592 1500 1439 1378 1378 1378 1439
316A Acap  199011272 1531 1592 1653 1653 1561 1500 1378 1256 1195 1165 1195 1287
316A Acap  199011281 1378 1531 1653 1714 1744 1714 1622 1500 1439 1378 1378 1439
316A Acap  199011282 1500 1561 1592 1592 1531 1439 1348 1226 1134 1104 1104 1165
316A Acap  199011291 1317 1470 1622 1683 1744 1744 1683 1592 1500 1439 1409 1409
316A Acap  199011292 1439 1500 1531 1500 1470 1439 1348 1256 1165 1104 1104 1165
316A Acap  199011301 1287 1409 1531 1653 1744 1774 1714 1653 1622 1592 1592 1561
316A Acap  199011302 1561 1561 1531 1531 1500 1470 1409 1317 1195 1165 1104 1134
316A Acap  199012011 1165 1287 1439 1592 1744 1896 1927 1927 1866 1805 1714 1653
316A Acap  199012012 1622 1592 1561 1561 1531 1561 1561 1531 1470 1409 1317 1226
316A Acap  199012021 1165 1165 1195 1287 1439 1561 1714 1835 1896 1927 1866 1805
316A Acap  199012022 1714 1622 1500 1409 1348 1348 1348 1348 1317 1287 1226 1165
316A Acap  199012031 1073 1043 1012 1043 1134 1226 1378 1592 1714 1866 1927 1866
316A Acap  199012032 1774 1683 1561 1439 1378 1378 1409 1409 1439 1409 1348 1287
316A Acap  199012041 1226 1134 1073 1073 1104 1256 1378 1561 1683 1835 1927 1896
316A Acap  199012042 1805 1683 1531 1409 1287 1226 1287 1348 1439 1500 1439 1348
316A Acap  199012051 1256 1165 1043  982  952 1012 1195 1409 1561 1714 1835 1927
316A Acap  199012052 1896 1774 1592 1439 1256 1134 1134 1195 1317 1378 1439 1439
316A Acap  199012061 1378 1256 1134 1043  982 1073 1165 1317 1500 1683 1835 1927
316A Acap  199012062 1927 1774 1592 1439 1287 1195 1104 1073 1165 1287 1409 1500
316A Acap  199012071 1561 1531 1439 1317 1195 1073 1073 1134 1256 1378 1561 1714
316A Acap  199012072 1835 1896 1805 1622 1317 1165 1043 1043 1104 1226 1348 1470
316A Acap  199012081 1592 1622 1561 1439 1287 1165 1104 1104 1195 1348 1470 1592
316A Acap  199012082 1714 1805 1805 1714 1561 1378 1226 1073 1043 1134 1256 1379
316A Acap  199012091 1500 1622 1653 1592 1500 1348 1256 1165 1134 1195 1348 1470
316A Acap  199012092 1592 1653 1653 1622 1500 1348 1165 1073 1012 1043 1134 1287
316A Acap  199012101 1439 1561 1653 1683 1622 1500 1409 1287 1226 1226 1287 1378
316A Acap  199012102 1470 1592 1622 1622 1531 1409 1256 1134 1073 1073 1134 1256
316A Acap  199012111 1378 1531 1622 1714 1744 1622 1531 1439 1348 1287 1287 1348
316A Acap  199012112 1439 1500 1531 1561 1561 1470 1378 1256 1134 1073 1104 1195
316A Acap  199012121 1348 1470 1622 1683 1744 1744 1714 1622 1500 1409 1378 1378
316A Acap  199012122 1439 1500 1531 1561 1531 1500 1409 1287 1195 1134 1134 1195
316A Acap  199012131 1287 1378 1500 1592 1683 1714 1683 1653 1561 1470 1439 1409
316A Acap  199012132 1409 1439 1470 1500 1470 1439 1378 1317 1256 1195 1165 1195
316A Acap  199012141 1226 1317 1439 1531 1622 1683 1714 1683 1683 1622 1531 1500
316A Acap  199012142 1470 1470 1470 1470 1470 1439 1409 1378 1348 1256 1226 1195
316A Acap  199012151 1195 1226 1256 1348 1439 1531 1592 1683 1683 1683 1622 1561
316A Acap  199012152 1531 1470 1439 1409 1409 1378 1348 1317 1287 1287 1226 1195
316A Acap  199012161 1165 1195 1226 1317 1409 1500 1592 1653 1683 1653 1622 1561
316A Acap  199012162 1500 1439 1378 1348 1317 1287 1287 1256 1256 1256 1226 1195
316A Acap  199012171 1195 1195 1226 1256 1348 1409 1500 1592 1653 1653 1653 1622
316A Acap  199012172 1561 1500 1439 1378 1348 1317 1287 1287 1287 1287 1256 1256
316A Acap  199012181 1256 1226 1226 1256 1317 1378 1439 1561 1622 1714 1744 1714
316A Acap  199012182 1683 1592 1531 1439 1378 1317 1317 1287 1287 1287 1287 1256
316A Acap  199012191 1256 1256 1226 1226 1256 1317 1409 1470 1561 1622 1683 1714
316A Acap  199012192 1653 1622 1531 1439 1348 1317 1256 1256 1256 1256 1256 1287
316A Acap  199012201 1256 1226 1226 1195 1165 1195 1256 1348 1470 1561 1622 1653
316A Acap  199012202 1653 1622 1561 1439 1317 1226 1165 1195 1226 1256 1287 1317
316A Acap  199012211 1317 1317 1287 1256 1226 1195 1226 1287 1348 1470 1561 1622
316A Acap  199012212 1653 1622 1531 1439 1317 1226 1165 1134 1134 1226 1287 1317
316A Acap  199012221 1378 1378 1348 1287 1226 1195 1195 1226 1287 1378 1470 1561
316A Acap  199012222 1622 1622 1561 1500 1378 1256 1195 1165 1165 1226 1287 1348
316A Acap  199012231 1409 1470 1439 1409 1348 1287 1256 1256 1287 1348 1439 1531
316A Acap  199012232 1592 1622 1592 1531 1409 1256 1165 1134 1134 1165 1226 1348
316A Acap  199012241 1439 1500 1500 1500 1439 1348 1287 1256 1226 1256 1348 1409
316A Acap  199012242 1500 1561 1592 1531 1409 1287 1165 1073 1073 1104 1195 1287
316A Acap  199012251 1409 1531 1592 1592 1531 1439 1317 1256 1226 1238 1287 1348
316A Acap  199012252 1439 1500 1531 1470 1409 1287 1134 1043 1012 1043 1134 1226
316A Acap  199012261 1348 1500 1622 1653 1622 1531 1439 1348 1256 1226 1256 1378
316A Acap  199012262 1470 1531 1531 1470 1378 1287 1134 1043 1012 1043 1134 1256
316A Acap  199012271 1439 1561 1683 1744 1714 1653 1561 1439 1348 1287 1287 1317
316A Acap  199012272 1378 1439 1500 1470 1439 1348 1195 1073 1012  982 1012 1073
316A Acap  199012281 1226 1378 1561 1683 1744 1774 1744 1622 1500 1409 1378 1348
316A Acap  199012282 1378 1409 1470 1470 1439 1348 1226 1104 1012  952  952 1012
316A Acap  199012291 1134 1317 1470 1653 1744 1805 1805 1714 1592 1470 1348 1317
316A Acap  199012292 1317 1348 1378 1409 1409 1348 1256 1165 1043  952  891  891
316A Acap  199012301  952 1104 1287 1439 1592 1714 1805 1774 1714 1592 1470 1378
316A Acap  199012302 1317 1287 1317 1317 1348 1348 1287 1226 1104 1012  952  891
316A Acap  199012311  860  891  982 1165 1348 1531 1714 1774 1744 1653 1561 1470
316A Acap  199012312 1378 1317 1256 1256 1287 1317 1256 1195 1134 1043  982  891
