316A Acapulco           Mexico              1965 16504N 099547W 0000 3 00000R MM
316A Acap  196501011 1104 1134 1226 1348 1470 1531 1592 1622 1622 1592 1531 1470
316A Acap  196501012 1378 1348 1317 1287 1287 1256 1226 1226 1195 1134 1134 1134
316A Acap  196501021 1073 1104 1165 1226 1348 1439 1561 1622 1622 1653 1622 1531
316A Acap  196501022 1500 1409 1348 1317 1256 1226 1226 1226 1256 1195 1165 1165
316A Acap  196501031 1134 1104 1165 1195 1256 1378 1470 1561 1622 1683 1683 1622
316A Acap  196501032 1592 1500 1409 1348 1256 1226 1226 1226 1256 1287 1287 1195
316A Acap  196501041 1195 1165 1134 1134 1195 1256 1348 1470 1561 1622 1653 1622
316A Acap  196501042 1592 1500 1409 1317 1256 1195 1165 1195 1226 1256 1256 1256
316A Acap  196501051 1226 1226 1165 1134 1165 1195 1287 1409 1500 1592 1683 1683
316A Acap  196501052 1683 1592 1500 1409 1287 1195 1195 1195 1226 1256 1256 1317
316A Acap  196501061 1317 1256 1226 1165 1165 1165 1195 1287 1378 1500 1561 1622
316A Acap  196501062 1653 1592 1531 1409 1317 1226 1165 1165 1165 1195 1287 1317
316A Acap  196501071 1348 1317 1287 1226 1195 1165 1165 1256 1317 1409 1531 1622
316A Acap  196501072 1653 1622 1561 1439 1348 1226 1165 1134 1165 1226 1317 1378
316A Acap  196501081 1439 1439 1439 1409 1287 1256 1226 1256 1317 1409 1561 1622
316A Acap  196501082 1683 1683 1622 1561 1439 1287 1195 1165 1165 1256 1348 1409
316A Acap  196501091 1470 1531 1531 1500 1378 1287 1256 1256 1256 1317 1439 1561
316A Acap  196501092 1622 1653 1653 1561 1439 1256 1165 1134 1134 1165 1256 1378
316A Acap  196501101 1470 1531 1561 1531 1439 1348 1256 1226 1226 1287 1348 1470
316A Acap  196501102 1592 1622 1592 1531 1439 1317 1195 1104 1134 1134 1226 1348
316A Acap  196501111 1470 1561 1592 1592 1592 1439 1348 1256 1195 1226 1287 1378
316A Acap  196501112 1500 1561 1561 1531 1439 1317 1195 1104 1043 1043 1134 1256
316A Acap  196501121 1409 1531 1653 1683 1653 1592 1470 1348 1256 1226 1256 1317
316A Acap  196501122 1409 1500 1500 1500 1439 1317 1165 1073  982  952 1012 1134
316A Acap  196501131 1317 1439 1592 1683 1744 1683 1561 1439 1378 1287 1256 1256
316A Acap  196501132 1317 1378 1439 1439 1378 1287 1195 1043  921  891  891 1012
316A Acap  196501141 1134 1348 1500 1653 1744 1744 1653 1561 1439 1348 1287 1287
316A Acap  196501142 1348 1409 1439 1470 1439 1378 1256 1134 1043  952  952 1012
316A Acap  196501151 1104 1287 1470 1622 1714 1774 1774 1744 1592 1470 1378 1317
316A Acap  196501152 1317 1317 1378 1439 1439 1409 1317 1195 1104  952  891  891
316A Acap  196501161  982 1104 1287 1470 1622 1714 1805 1774 1714 1592 1500 1409
316A Acap  196501162 1348 1317 1348 1378 1409 1409 1348 1287 1195 1073  982  921
316A Acap  196501171  952  982 1104 1287 1439 1592 1744 1805 1774 1683 1592 1500
316A Acap  196501172 1470 1348 1317 1348 1348 1409 1409 1409 1348 1256 1134 1073
316A Acap  196501181  982  982 1012 1134 1287 1470 1622 1744 1805 1805 1744 1653
316A Acap  196501182 1561 1439 1317 1256 1287 1317 1378 1409 1409 1409 1317 1256
316A Acap  196501191 1134 1104 1073 1104 1195 1317 1439 1592 1714 1774 1805 1714
316A Acap  196501192 1622 1531 1378 1287 1226 1226 1287 1348 1409 1470 1470 1409
316A Acap  196501201 1317 1226 1134 1073 1073 1134 1256 1378 1531 1653 1774 1744
316A Acap  196501202 1683 1622 1470 1317 1195 1165 1195 1256 1317 1439 1500 1531
316A Acap  196501211 1531 1470 1378 1256 1195 1165 1226 1287 1409 1561 1683 1774
316A Acap  196501212 1774 1744 1592 1439 1287 1165 1104 1134 1195 1317 1439 1561
316A Acap  196501221 1622 1592 1500 1409 1256 1165 1104 1134 1226 1348 1531 1622
316A Acap  196501222 1683 1714 1622 1500 1287 1073  982  921  982 1134 1256 1439
316A Acap  196501231 1561 1592 1561 1531 1348 1226 1165 1134 1134 1226 1348 1470
316A Acap  196501232 1561 1622 1622 1500 1348 1165 1012  921  952 1043 1165 1317
316A Acap  196501241 1500 1653 1714 1622 1561 1409 1256 1134 1104 1134 1195 1287
316A Acap  196501242 1439 1500 1531 1500 1378 1226 1043  921  830  891 1012 1195
316A Acap  196501251 1348 1500 1622 1622 1622 1500 1348 1226 1134 1134 1165 1195
316A Acap  196501252 1348 1439 1500 1500 1470 1317 1165 1012  952  891  952 1073
316A Acap  196501261 1256 1409 1531 1653 1653 1592 1470 1348 1226 1165 1134 1165
316A Acap  196501262 1256 1348 1439 1439 1409 1287 1165 1073  982  921  921 1012
316A Acap  196501271 1165 1317 1470 1592 1622 1622 1561 1439 1348 1226 1195 1195
316A Acap  196501272 1226 1287 1317 1378 1378 1317 1226 1104  982  952  952 1012
316A Acap  196501281 1134 1287 1409 1531 1592 1622 1592 1500 1439 1348 1256 1256
316A Acap  196501282 1226 1287 1348 1378 1348 1317 1256 1165 1043 1012 1012 1043
316A Acap  196501291 1104 1226 1378 1500 1561 1592 1622 1561 1500 1409 1317 1287
316A Acap  196501292 1317 1287 1317 1348 1317 1287 1226 1195 1134 1043  982  982
316A Acap  196501301 1043 1104 1226 1378 1470 1531 1561 1561 1500 1439 1409 1378
316A Acap  196501302 1317 1317 1287 1317 1317 1287 1256 1195 1165 1073 1043 1012
316A Acap  196501311 1043 1104 1195 1256 1348 1439 1500 1531 1500 1470 1439 1378
316A Acap  196501312 1378 1348 1287 1256 1256 1195 1195 1195 1165 1104 1073 1073
316A Acap  196502011 1073 1073 1073 1165 1256 1348 1348 1470 1439 1439 1470 1439
316A Acap  196502012 1378 1256 1195 1134 1165 1195 1104 1134 1104 1104 1073 1134
316A Acap  196502021 1165 1012 1043 1043 1165 1195 1287 1348 1409 1409 1409 1409
316A Acap  196502022 1348 1317 1256 1226 1195 1134 1104 1104 1134 1104 1134 1134
316A Acap  196502031 1104 1104 1104 1073 1073 1165 1195 1256 1348 1409 1439 1439
316A Acap  196502032 1439 1348 1195 1165 1134 1104 1134 1104 1104 1165 1226 1226
316A Acap  196502041 1226 1195 1195 1134 1104 1134 1165 1226 1287 1348 1409 1470
316A Acap  196502042 1470 1439 1348 1226 1195 1104 1104 1043 1073 1195 1287 1317
316A Acap  196502051 1317 1348 1226 1256 1226 1073 1195 1287 1256 1378 1439 1500
316A Acap  196502052 1500 1439 1378 1287 1134 1104 1043 1104 1104 1195 1348 1378
316A Acap  196502061 1470 1470 1439 1378 1287 1195 1226 1195 1226 1226 1378 1470
316A Acap  196502062 1500 1470 1378 1348 1226 1134 1104 1073 1104 1165 1317 1439
316A Acap  196502071 1500 1531 1561 1500 1409 1317 1256 1195 1226 1287 1317 1409
316A Acap  196502072 1470 1531 1500 1439 1287 1165 1104 1073 1134 1165 1256 1378
316A Acap  196502081 1500 1561 1592 1531 1439 1317 1226 1165 1165 1195 1256 1317
316A Acap  196502082 1409 1439 1500 1409 1287 1195 1073 1012 1043 1073 1195 1348
316A Acap  196502091 1500 1622 1653 1683 1592 1470 1348 1226 1195 1165 1195 1287
316A Acap  196502092 1378 1439 1470 1439 1348 1195 1073  982  952 1012 1104 1256
316A Acap  196502101 1439 1622 1714 1744 1683 1622 1439 1317 1226 1165 1165 1256
316A Acap  196502102 1348 1409 1409 1439 1348 1256 1073  952  891  891  982 1104
316A Acap  196502111 1287 1470 1622 1653 1683 1622 1470 1287 1195 1134 1073 1134
316A Acap  196502112 1226 1317 1317 1378 1317 1226 1073  952  860  799  799  952
316A Acap  196502121 1043 1256 1470 1592 1653 1622 1561 1439 1287 1165 1134 1104
316A Acap  196502122 1165 1287 1317 1378 1348 1226 1165  982  830  769  708  799
316A Acap  196502131  952 1165 1348 1470 1622 1653 1592 1531 1378 1226 1165 1134
316A Acap  196502132 1165 1195 1287 1317 1348 1287 1195 1073  952  799  708  769
316A Acap  196502141  830  982 1165 1348 1500 1561 1622 1561 1470 1378 1287 1195
316A Acap  196502142 1165 1134 1195 1256 1348 1348 1226 1226 1073  982  891  830
316A Acap  196502151  860  921 1043 1226 1378 1531 1592 1561 1592 1500 1409 1317
316A Acap  196502152 1256 1195 1195 1226 1226 1287 1287 1256 1195 1104 1012  952
316A Acap  196502161  921  891  952 1043 1195 1317 1409 1531 1592 1531 1470 1378
316A Acap  196502162 1256 1165 1104 1073 1134 1226 1256 1256 1287 1287 1226 1104
316A Acap  196502171 1043  982  952 1012 1104 1226 1348 1409 1500 1531 1561 1439
316A Acap  196502172 1409 1287 1226 1134 1104 1134 1195 1256 1348 1409 1378 1348
316A Acap  196502181 1287 1195 1073 1012 1012 1104 1195 1287 1409 1500 1531 1500
316A Acap  196502182 1470 1378 1256 1165 1104 1043 1104 1165 1287 1378 1470 1500
316A Acap  196502191 1470 1439 1317 1256 1165 1104 1134 1226 1287 1378 1470 1531
316A Acap  196502192 1500 1439 1348 1226 1104 1012 1012 1043 1195 1317 1439 1531
316A Acap  196502201 1561 1531 1470 1348 1195 1104 1073 1104 1165 1226 1348 1439
316A Acap  196502202 1470 1500 1409 1287 1134  982  921  952 1043 1165 1348 1500
316A Acap  196502211 1622 1653 1653 1531 1378 1256 1165 1104 1104 1165 1287 1409
316A Acap  196502212 1470 1500 1470 1378 1256 1104 1012  921  952 1073 1226 1409
316A Acap  196502221 1561 1653 1683 1592 1500 1348 1195 1073 1073 1073 1134 1287
316A Acap  196502222 1378 1439 1439 1378 1256 1104  921  860  830  830 1043 1226
316A Acap  196502231 1317 1470 1592 1561 1500 1378 1226 1134 1043 1104 1104 1226
316A Acap  196502232 1378 1470 1531 1500 1348 1256 1195 1073 1012 1012 1073 1287
316A Acap  196502241 1439 1622 1774 1774 1744 1683 1531 1348 1195 1195 1165 1165
316A Acap  196502242 1256 1439 1439 1409 1378 1317 1134 1073 1012  921  952 1104
316A Acap  196502251 1256 1439 1622 1683 1714 1653 1500 1317 1256 1195 1104 1226
316A Acap  196502252 1287 1317 1348 1409 1409 1317 1195 1104  982  952  982 1073
316A Acap  196502261 1226 1409 1561 1622 1683 1683 1592 1470 1287 1226 1195 1226
316A Acap  196502262 1226 1317 1409 1439 1409 1348 1256 1134 1012 1012 1012 1043
316A Acap  196502271 1195 1317 1470 1592 1622 1622 1531 1531 1439 1348 1317 1317
316A Acap  196502272 1317 1348 1439 1470 1439 1409 1317 1287 1165 1104 1104 1165
316A Acap  196502281 1226 1317 1439 1561 1622 1653 1653 1561 1500 1439 1409 1317
316A Acap  196502282 1317 1409 1409 1439 1470 1409 1378 1287 1256 1165 1165 1165
316A Acap  196503011 1256 1317 1409 1500 1561 1622 1622 1561 1531 1470 1439 1439
316A Acap  196503012 1439 1470 1500 1470 1470 1439 1409 1378 1348 1287 1226 1226
316A Acap  196503021 1226 1287 1348 1409 1470 1561 1592 1592 1592 1561 1531 1500
316A Acap  196503022 1470 1439 1439 1439 1409 1378 1378 1409 1348 1317 1287 1287
316A Acap  196503031 1226 1287 1287 1317 1378 1439 1470 1561 1500 1500 1470 1470
316A Acap  196503032 1409 1378 1348 1317 1317 1348 1378 1348 1348 1348 1348 1348
316A Acap  196503041 1317 1317 1317 1317 1287 1317 1378 1409 1439 1470 1470 1470
316A Acap  196503042 1439 1409 1378 1348 1317 1317 1287 1287 1317 1348 1409 1409
316A Acap  196503051 1409 1409 1348 1348 1317 1317 1348 1348 1378 1439 1470 1500
316A Acap  196503052 1500 1439 1409 1348 1287 1287 1287 1317 1348 1409 1470 1531
316A Acap  196503061 1531 1531 1470 1409 1409 1348 1348 1348 1348 1439 1470 1500
316A Acap  196503062 1470 1470 1439 1348 1287 1256 1256 1287 1317 1409 1531 1592
316A Acap  196503071 1622 1622 1561 1500 1378 1317 1287 1256 1317 1317 1409 1409
316A Acap  196503072 1439 1439 1409 1317 1226 1165 1134 1165 1226 1348 1470 1561
316A Acap  196503081 1653 1683 1622 1561 1439 1317 1226 1165 1195 1256 1317 1409
316A Acap  196503082 1500 1470 1439 1378 1256 1165 1104 1073 1134 1287 1439 1592
316A Acap  196503091 1714 1774 1805 1714 1561 1439 1317 1256 1195 1226 1287 1409
316A Acap  196503092 1470 1531 1500 1439 1317 1195 1104 1073 1104 1165 1348 1500
316A Acap  196503101 1653 1805 1835 1805 1653 1500 1348 1195 1134 1134 1195 1287
316A Acap  196503102 1378 1439 1439 1378 1287 1134  982  921  952 1012 1195 1378
316A Acap  196503111 1561 1714 1805 1835 1744 1622 1470 1287 1195 1134 1165 1256
316A Acap  196503112 1348 1470 1500 1470 1378 1226 1073  952  891  952 1043 1226
316A Acap  196503121 1439 1622 1774 1835 1774 1683 1531 1378 1256 1165 1195 1226
316A Acap  196503122 1317 1439 1470 1470 1409 1287 1134  952  860  891  952 1043
316A Acap  196503131 1256 1470 1622 1714 1774 1714 1561 1470 1287 1195 1134 1165
316A Acap  196503132 1226 1348 1409 1439 1439 1348 1195 1012  891  830  830  952
316A Acap  196503141 1073 1287 1439 1653 1653 1683 1653 1500 1378 1226 1165 1134
316A Acap  196503142 1195 1287 1378 1439 1439 1409 1317 1165  982  921  891  921
316A Acap  196503151 1012 1134 1317 1470 1531 1622 1592 1500 1409 1256 1165 1134
316A Acap  196503152 1134 1195 1256 1378 1439 1439 1409 1348 1226 1104 1012 1012
316A Acap  196503161 1012 1134 1226 1348 1500 1531 1592 1531 1470 1409 1287 1226
316A Acap  196503162 1165 1195 1226 1348 1439 1409 1500 1439 1409 1287 1226 1165
316A Acap  196503171 1165 1165 1226 1317 1378 1500 1561 1561 1531 1500 1439 1348
316A Acap  196503172 1287 1287 1256 1317 1348 1409 1409 1470 1531 1470 1470 1348
316A Acap  196503181 1287 1317 1256 1317 1348 1409 1470 1500 1500 1561 1561 1470
316A Acap  196503182 1439 1378 1287 1256 1317 1348 1409 1470 1561 1622 1592 1531
316A Acap  196503191 1531 1439 1317 1287 1287 1287 1348 1409 1439 1470 1470 1470
316A Acap  196503192 1409 1317 1287 1195 1134 1226 1256 1348 1470 1531 1622 1653
316A Acap  196503201 1592 1531 1378 1287 1226 1195 1165 1256 1287 1409 1439 1500
316A Acap  196503202 1439 1348 1348 1226 1165 1104 1134 1195 1317 1439 1561 1653
316A Acap  196503211 1683 1653 1592 1409 1287 1165 1134 1134 1195 1256 1378 1439
316A Acap  196503212 1470 1439 1348 1256 1134 1073 1012 1043 1165 1317 1470 1653
316A Acap  196503221 1714 1744 1714 1531 1409 1226 1165 1134 1104 1165 1287 1409
316A Acap  196503222 1470 1531 1470 1378 1226 1165 1073 1073 1165 1226 1470 1653
316A Acap  196503231 1805 1866 1774 1683 1561 1409 1287 1165 1165 1195 1287 1439
316A Acap  196503232 1500 1561 1561 1500 1378 1287 1134 1073 1104 1256 1378 1531
316A Acap  196503241 1683 1805 1866 1835 1714 1592 1409 1256 1195 1165 1256 1317
316A Acap  196503242 1439 1531 1592 1500 1470 1348 1226 1104 1104 1165 1287 1409
316A Acap  196503251 1622 1774 1866 1866 1774 1622 1531 1348 1256 1195 1226 1317
316A Acap  196503252 1409 1531 1622 1561 1470 1348 1256 1165 1104 1134 1226 1348
316A Acap  196503261 1561 1653 1835 1835 1805 1683 1531 1409 1287 1226 1256 1317
316A Acap  196503262 1378 1531 1531 1561 1500 1409 1256 1165 1104 1104 1165 1287
316A Acap  196503271 1439 1592 1653 1774 1744 1683 1592 1439 1317 1256 1226 1317
316A Acap  196503272 1409 1439 1531 1531 1500 1409 1378 1256 1134 1104 1165 1195
316A Acap  196503281 1378 1470 1622 1683 1744 1744 1622 1531 1409 1348 1287 1317
316A Acap  196503282 1348 1409 1500 1561 1531 1470 1378 1287 1195 1134 1134 1165
316A Acap  196503291 1287 1439 1531 1653 1683 1683 1561 1531 1439 1378 1287 1348
316A Acap  196503292 1378 1439 1500 1561 1531 1470 1439 1378 1287 1226 1226 1287
316A Acap  196503301 1348 1409 1500 1531 1561 1622 1531 1500 1470 1378 1348 1317
316A Acap  196503302 1348 1378 1439 1500 1531 1500 1409 1378 1348 1287 1287 1317
316A Acap  196503311 1287 1348 1439 1531 1531 1531 1500 1500 1439 1378 1348 1317
316A Acap  196503312 1348 1378 1409 1439 1470 1439 1439 1470 1409 1409 1378 1378
316A Acap  196504011 1378 1378 1409 1439 1500 1500 1500 1470 1470 1409 1378 1348
316A Acap  196504012 1348 1317 1317 1378 1409 1439 1470 1470 1531 1500 1500 1500
316A Acap  196504021 1470 1439 1470 1470 1500 1561 1470 1531 1500 1439 1439 1409
316A Acap  196504022 1409 1378 1378 1409 1470 1470 1500 1531 1592 1592 1592 1592
316A Acap  196504031 1592 1531 1470 1439 1439 1409 1378 1439 1439 1409 1439 1409
316A Acap  196504032 1439 1378 1348 1348 1378 1378 1439 1500 1592 1653 1714 1774
316A Acap  196504041 1744 1683 1592 1561 1439 1439 1409 1348 1378 1409 1439 1500
316A Acap  196504042 1470 1439 1378 1378 1348 1348 1439 1439 1592 1714 1774 1866
316A Acap  196504051 1866 1835 1744 1622 1531 1409 1317 1317 1348 1378 1439 1500
316A Acap  196504052 1500 1500 1409 1378 1287 1256 1287 1317 1439 1592 1714 1835
316A Acap  196504061 1896 1927 1835 1683 1500 1409 1317 1256 1256 1317 1409 1439
316A Acap  196504062 1531 1500 1439 1348 1256 1165 1134 1195 1287 1439 1653 1805
316A Acap  196504071 1927 1988 1927 1805 1592 1409 1287 1165 1134 1195 1317 1439
316A Acap  196504072 1500 1561 1500 1348 1256 1104 1043 1012 1134 1256 1439 1653
316A Acap  196504081 1835 1896 1927 1835 1683 1531 1348 1195 1134 1165 1256 1378
316A Acap  196504082 1500 1531 1531 1439 1348 1165 1043 1012 1012 1104 1317 1531
316A Acap  196504091 1714 1866 1957 1927 1805 1622 1439 1317 1195 1134 1226 1317
316A Acap  196504092 1470 1561 1561 1531 1439 1317 1134 1012 1012 1043 1195 1378
316A Acap  196504101 1622 1774 1927 1927 1866 1683 1531 1348 1195 1165 1165 1226
316A Acap  196504102 1409 1500 1592 1561 1500 1378 1226 1043  982  952 1043 1226
316A Acap  196504111 1439 1653 1744 1866 1835 1744 1622 1439 1287 1195 1195 1226
316A Acap  196504112 1287 1439 1531 1561 1531 1439 1317 1165 1073 1012 1043 1134
316A Acap  196504121 1287 1439 1622 1683 1714 1622 1561 1439 1287 1195 1165 1165
316A Acap  196504122 1195 1317 1439 1531 1561 1531 1439 1317 1195 1073 1043 1104
316A Acap  196504131 1195 1317 1470 1592 1622 1622 1531 1439 1317 1226 1104 1104
316A Acap  196504132 1195 1287 1378 1500 1531 1531 1500 1439 1287 1195 1165 1165
316A Acap  196504141 1195 1287 1348 1439 1531 1531 1531 1470 1409 1317 1226 1195
316A Acap  196504142 1195 1226 1317 1348 1409 1500 1531 1531 1500 1409 1378 1317
316A Acap  196504151 1317 1317 1348 1378 1439 1439 1470 1439 1409 1378 1287 1256
316A Acap  196504152 1165 1195 1226 1256 1378 1439 1500 1531 1561 1531 1500 1439
316A Acap  196504161 1409 1348 1287 1317 1317 1317 1348 1348 1378 1348 1317 1287
316A Acap  196504162 1256 1226 1195 1195 1256 1317 1409 1470 1561 1592 1592 1531
316A Acap  196504171 1470 1378 1287 1256 1226 1195 1195 1256 1256 1287 1317 1256
316A Acap  196504172 1226 1195 1104 1104 1104 1165 1226 1378 1439 1561 1592 1653
316A Acap  196504181 1561 1500 1378 1256 1226 1134 1134 1134 1165 1256 1287 1287
316A Acap  196504182 1317 1226 1165 1104 1073 1073 1104 1256 1378 1500 1622 1683
316A Acap  196504191 1653 1592 1500 1348 1226 1134 1073 1012 1104 1134 1256 1317
316A Acap  196504192 1317 1287 1226 1134 1043 1043 1043 1104 1226 1378 1531 1683
316A Acap  196504201 1714 1683 1592 1470 1287 1134 1043 1043 1043 1104 1195 1287
316A Acap  196504202 1317 1348 1317 1195 1104 1043 1012 1073 1134 1256 1409 1561
316A Acap  196504211 1622 1653 1622 1500 1378 1226 1073 1012 1043 1043 1134 1256
316A Acap  196504212 1317 1317 1287 1226 1134 1043  982  982 1012 1165 1317 1531
316A Acap  196504221 1622 1714 1714 1622 1500 1348 1195 1073 1043 1043 1104 1165
316A Acap  196504222 1287 1317 1317 1317 1195 1104 1043 1012 1043 1104 1256 1409
316A Acap  196504231 1531 1622 1653 1653 1500 1378 1256 1134 1043 1043 1073 1165
316A Acap  196504232 1287 1317 1317 1287 1226 1134  982  952  982  982 1104 1287
316A Acap  196504241 1439 1561 1622 1622 1531 1378 1256 1165 1134 1012 1104 1165
316A Acap  196504242 1226 1317 1317 1317 1287 1195 1104 1043 1012 1012 1134 1226
316A Acap  196504251 1348 1470 1561 1622 1561 1439 1348 1256 1134 1073 1134 1195
316A Acap  196504252 1256 1287 1378 1409 1378 1317 1195 1134 1073 1043 1104 1165
316A Acap  196504261 1348 1409 1470 1531 1561 1470 1409 1287 1195 1134 1104 1134
316A Acap  196504262 1256 1287 1378 1409 1409 1348 1287 1195 1104 1073 1073 1165
316A Acap  196504271 1256 1348 1439 1470 1500 1500 1409 1287 1195 1165 1165 1134
316A Acap  196504272 1165 1256 1317 1378 1378 1378 1348 1256 1195 1165 1134 1165
316A Acap  196504281 1256 1317 1409 1470 1500 1500 1409 1287 1195 1134 1104 1165
316A Acap  196504282 1226 1287 1348 1409 1470 1439 1439 1378 1348 1256 1226 1226
316A Acap  196504291 1256 1348 1348 1409 1439 1409 1378 1378 1226 1195 1195 1165
316A Acap  196504292 1195 1226 1317 1378 1439 1470 1439 1439 1378 1317 1317 1348
316A Acap  196504301 1348 1317 1317 1348 1287 1317 1317 1287 1287 1195 1165 1134
316A Acap  196504302 1165 1226 1256 1348 1409 1470 1470 1500 1470 1470 1439 1409
316A Acap  196505011 1317 1256 1348 1348 1317 1287 1287 1256 1195 1195 1165 1195
316A Acap  196505012 1134 1134 1134 1226 1317 1409 1378 1500 1592 1561 1531 1470
316A Acap  196505021 1470 1348 1317 1226 1165 1195 1165 1134 1134 1134 1104 1104
316A Acap  196505022 1104 1043 1043 1073 1165 1226 1348 1409 1531 1531 1622 1622
316A Acap  196505031 1561 1470 1348 1287 1226 1134 1104 1165 1165 1226 1226 1226
316A Acap  196505032 1165 1073 1043 1012 1104 1165 1195 1317 1439 1561 1653 1683
316A Acap  196505041 1683 1592 1470 1317 1195 1165 1104 1104 1165 1195 1256 1256
316A Acap  196505042 1226 1165 1134 1104 1043 1043 1134 1226 1378 1500 1653 1774
316A Acap  196505051 1744 1714 1592 1470 1287 1226 1073 1043 1073 1195 1195 1256
316A Acap  196505052 1348 1317 1165 1012  952  982  982 1104 1226 1378 1531 1744
316A Acap  196505061 1774 1835 1744 1592 1378 1195 1073 1073 1134 1226 1287 1378
316A Acap  196505062 1439 1409 1348 1195 1012  982  952 1043 1134 1287 1470 1653
316A Acap  196505071 1744 1805 1805 1622 1531 1348 1165 1104 1043 1073 1226 1256
316A Acap  196505072 1409 1409 1409 1287 1134 1012  952  921 1012 1134 1256 1531
316A Acap  196505081 1683 1774 1774 1683 1531 1317 1256 1134 1043 1073 1134 1256
316A Acap  196505082 1409 1500 1500 1348 1348 1195 1073 1012  982 1012 1226 1378
316A Acap  196505091 1500 1683 1774 1774 1653 1439 1317 1195 1043 1073 1134 1226
316A Acap  196505092 1348 1470 1531 1500 1378 1256 1165 1073 1043 1012 1134 1256
316A Acap  196505101 1439 1622 1683 1683 1683 1561 1439 1195 1073 1073 1104 1134
316A Acap  196505102 1287 1439 1500 1561 1561 1500 1409 1287 1165 1104 1104 1256
316A Acap  196505111 1348 1470 1592 1592 1561 1561 1531 1378 1256 1134 1195 1226
316A Acap  196505112 1287 1348 1531 1561 1622 1622 1531 1470 1317 1256 1226 1165
316A Acap  196505121 1226 1317 1500 1500 1561 1531 1470 1378 1287 1195 1073 1104
316A Acap  196505122 1195 1287 1409 1500 1622 1653 1622 1500 1409 1317 1287 1287
316A Acap  196505131 1287 1378 1439 1470 1561 1561 1500 1348 1256 1165 1134 1134
316A Acap  196505132 1073 1165 1287 1409 1500 1622 1683 1622 1622 1500 1470 1348
316A Acap  196505141 1378 1317 1317 1348 1439 1470 1409 1409 1317 1287 1134 1073
316A Acap  196505142 1134 1134 1195 1348 1409 1531 1622 1653 1653 1622 1561 1500
316A Acap  196505151 1439 1409 1348 1317 1348 1348 1348 1317 1378 1317 1226 1226
316A Acap  196505152 1165 1195 1165 1195 1287 1378 1500 1561 1683 1714 1622 1592
316A Acap  196505161 1531 1439 1348 1287 1226 1195 1195 1195 1226 1317 1256 1226
316A Acap  196505162 1195 1134 1073 1104 1195 1287 1378 1500 1561 1653 1653 1622
316A Acap  196505171 1622 1500 1439 1348 1226 1195 1226 1226 1195 1226 1287 1287
316A Acap  196505172 1226 1165 1104 1043 1073 1134 1256 1317 1439 1592 1683 1714
316A Acap  196505181 1683 1622 1470 1348 1256 1165 1134 1073 1134 1226 1287 1287
316A Acap  196505182 1287 1256 1165 1104 1073 1134 1165 1256 1409 1500 1683 1744
316A Acap  196505191 1744 1714 1622 1500 1317 1226 1195 1134 1165 1226 1287 1348
316A Acap  196505192 1348 1317 1256 1195 1104 1134 1134 1165 1256 1409 1592 1714
316A Acap  196505201 1744 1805 1683 1531 1409 1287 1195 1073 1104 1134 1256 1317
316A Acap  196505202 1378 1348 1348 1256 1134 1073 1104 1134 1226 1287 1439 1622
316A Acap  196505211 1683 1714 1714 1531 1439 1317 1195 1134 1104 1134 1226 1287
316A Acap  196505212 1348 1348 1348 1317 1195 1134 1104 1104 1134 1226 1348 1500
316A Acap  196505221 1622 1683 1653 1592 1439 1317 1134 1104 1073 1073 1165 1226
316A Acap  196505222 1348 1348 1409 1348 1287 1195 1073 1104 1134 1195 1317 1439
316A Acap  196505231 1531 1622 1653 1622 1500 1378 1256 1104 1104 1073 1165 1226
316A Acap  196505232 1317 1409 1439 1378 1287 1226 1134 1134 1073 1134 1226 1317
316A Acap  196505241 1500 1561 1592 1592 1470 1409 1226 1134 1104 1104 1134 1195
316A Acap  196505242 1287 1348 1378 1439 1317 1317 1226 1165 1134 1134 1195 1317
316A Acap  196505251 1378 1470 1500 1500 1470 1409 1287 1134 1043 1073 1104 1165
316A Acap  196505252 1226 1317 1378 1439 1439 1348 1287 1256 1134 1165 1195 1256
316A Acap  196505261 1317 1409 1500 1439 1500 1348 1348 1226 1165 1073 1104 1165
316A Acap  196505262 1226 1287 1470 1500 1531 1500 1439 1348 1287 1256 1256 1256
316A Acap  196505271 1348 1409 1439 1470 1470 1409 1348 1226 1165 1104 1012 1134
316A Acap  196505272 1226 1256 1378 1439 1531 1531 1500 1470 1409 1348 1317 1287
316A Acap  196505281 1317 1348 1378 1409 1409 1378 1226 1226 1134 1073  982  982
316A Acap  196505282 1104 1104 1348 1439 1439 1561 1500 1500 1439 1439 1378 1226
316A Acap  196505291 1195 1256 1287 1317 1287 1287 1317 1195 1134 1073 1012 1012
316A Acap  196505292 1073 1104 1256 1317 1439 1500 1592 1561 1531 1531 1470 1409
316A Acap  196505301 1317 1226 1256 1256 1256 1256 1256 1226 1195 1104 1043  982
316A Acap  196505302  952 1043 1073 1256 1317 1439 1500 1592 1653 1622 1561 1500
316A Acap  196505311 1439 1348 1317 1226 1226 1226 1226 1165 1195 1165 1104 1104
316A Acap  196505312 1073 1043 1073 1104 1195 1317 1470 1622 1714 1774 1774 1714
316A Acap  196506011 1622 1500 1287 1256 1195 1226 1195 1256 1287 1287 1256 1226
316A Acap  196506012 1134 1073 1043 1043 1104 1226 1409 1592 1744 1835 1896 1896
316A Acap  196506021 1835 1683 1500 1378 1287 1287 1256 1256 1317 1378 1378 1348
316A Acap  196506022 1287 1195 1104 1043 1043 1104 1226 1378 1561 1744 1866 1927
316A Acap  196506031 1896 1774 1622 1470 1317 1226 1195 1195 1287 1378 1470 1470
316A Acap  196506032 1439 1348 1256 1134 1012 1043 1104 1256 1409 1622 1805 1957
316A Acap  196506041 1988 1927 1805 1622 1439 1317 1226 1226 1287 1378 1500 1561
316A Acap  196506042 1592 1531 1439 1317 1165 1104 1104 1195 1348 1531 1683 1866
316A Acap  196506051 1988 1988 1896 1714 1531 1348 1226 1165 1195 1287 1409 1561
316A Acap  196506052 1653 1653 1592 1500 1317 1195 1104 1104 1195 1348 1500 1683
316A Acap  196506061 1835 1927 1896 1774 1622 1439 1226 1134 1104 1134 1287 1439
316A Acap  196506062 1561 1653 1653 1622 1470 1317 1165 1134 1104 1165 1348 1500
316A Acap  196506071 1653 1774 1774 1744 1622 1439 1287 1134 1043 1073 1165 1287
316A Acap  196506072 1470 1592 1653 1683 1592 1500 1378 1256 1195 1195 1287 1409
316A Acap  196506081 1531 1622 1744 1714 1622 1500 1348 1195 1104 1043 1134 1226
316A Acap  196506082 1348 1531 1653 1744 1744 1653 1531 1439 1317 1256 1287 1348
316A Acap  196506091 1439 1531 1622 1683 1653 1561 1409 1287 1165 1073 1043 1073
316A Acap  196506092 1195 1317 1439 1622 1714 1683 1592 1531 1439 1348 1317 1348
316A Acap  196506101 1348 1409 1500 1500 1561 1531 1409 1317 1165 1134 1073 1073
316A Acap  196506102 1165 1317 1470 1592 1653 1714 1744 1683 1592 1470 1409 1348
316A Acap  196506111 1409 1409 1439 1470 1500 1531 1500 1409 1317 1195 1104 1134
316A Acap  196506112 1104 1195 1317 1470 1592 1653 1683 1683 1622 1561 1439 1378
316A Acap  196506121 1317 1317 1409 1439 1439 1409 1439 1378 1378 1256 1195 1165
316A Acap  196506122 1134 1256 1287 1439 1531 1653 1774 1805 1744 1744 1622 1592
316A Acap  196506131 1470 1439 1439 1378 1378 1378 1409 1409 1378 1317 1256 1195
316A Acap  196506132 1195 1256 1317 1348 1500 1622 1653 1744 1774 1805 1774 1714
316A Acap  196506141 1653 1531 1470 1378 1378 1378 1409 1409 1378 1348 1317 1287
316A Acap  196506142 1256 1226 1256 1317 1348 1470 1561 1683 1744 1805 1805 1805
316A Acap  196506151 1744 1592 1531 1439 1378 1378 1378 1378 1348 1409 1378 1378
316A Acap  196506152 1409 1348 1256 1256 1287 1317 1409 1531 1683 1744 1835 1805
316A Acap  196506161 1805 1714 1561 1439 1378 1348 1287 1287 1317 1378 1409 1409
316A Acap  196506162 1378 1348 1317 1317 1348 1409 1439 1592 1653 1774 1866 1896
316A Acap  196506171 1866 1744 1683 1622 1500 1409 1378 1317 1378 1500 1500 1470
316A Acap  196506172 1531 1531 1439 1439 1409 1378 1470 1531 1592 1774 1866 1927
316A Acap  196506181 1957 1896 1835 1714 1592 1470 1439 1409 1409 1439 1500 1561
316A Acap  196506182 1561 1561 1531 1500 1409 1378 1378 1439 1531 1653 1774 1866
316A Acap  196506191 1927 1927 1835 1714 1592 1470 1378 1317 1317 1348 1409 1470
316A Acap  196506192 1531 1561 1561 1500 1439 1378 1317 1348 1409 1531 1653 1744
316A Acap  196506201 1835 1835 1805 1714 1592 1470 1378 1317 1287 1317 1409 1470
316A Acap  196506202 1531 1561 1561 1531 1470 1378 1317 1317 1348 1409 1500 1653
316A Acap  196506211 1744 1805 1774 1683 1592 1470 1378 1287 1226 1256 1317 1409
316A Acap  196506212 1500 1561 1622 1561 1500 1470 1378 1317 1317 1348 1439 1561
316A Acap  196506221 1622 1683 1744 1683 1592 1500 1378 1287 1287 1256 1317 1409
316A Acap  196506222 1531 1592 1622 1653 1622 1531 1439 1409 1348 1348 1409 1500
316A Acap  196506231 1592 1683 1714 1653 1592 1500 1409 1317 1256 1256 1317 1378
316A Acap  196506232 1470 1592 1653 1683 1714 1683 1592 1531 1470 1470 1470 1531
316A Acap  196506241 1592 1622 1653 1653 1622 1531 1439 1317 1226 1195 1226 1317
316A Acap  196506242 1470 1592 1683 1774 1774 1744 1683 1592 1531 1470 1439 1439
316A Acap  196506251 1531 1561 1592 1592 1561 1500 1439 1317 1287 1195 1195 1226
316A Acap  196506252 1348 1470 1561 1683 1744 1774 1744 1653 1592 1531 1470 1439
316A Acap  196506261 1439 1470 1500 1531 1531 1500 1439 1348 1256 1165 1134 1195
316A Acap  196506262 1256 1409 1561 1653 1744 1805 1835 1805 1714 1653 1561 1531
316A Acap  196506271 1470 1470 1500 1500 1531 1500 1470 1409 1317 1195 1165 1165
316A Acap  196506272 1195 1317 1470 1622 1714 1866 1927 1927 1927 1866 1774 1653
316A Acap  196506281 1561 1561 1531 1531 1561 1531 1531 1470 1409 1317 1195 1134
316A Acap  196506282 1104 1165 1287 1470 1622 1744 1896 1957 1957 1896 1805 1683
316A Acap  196506291 1592 1500 1439 1439 1439 1470 1470 1470 1409 1348 1256 1134
316A Acap  196506292 1104 1073 1134 1256 1378 1561 1714 1866 1927 1957 1896 1835
316A Acap  196506301 1683 1561 1439 1378 1378 1378 1409 1470 1470 1439 1378 1287
316A Acap  196506302 1195 1134 1134 1134 1256 1409 1592 1714 1866 1927 1957 1896
316A Acap  196507011 1805 1683 1561 1439 1378 1348 1409 1439 1531 1561 1561 1500
316A Acap  196507012 1409 1348 1256 1226 1226 1317 1470 1653 1805 1957 2049 2079
316A Acap  196507021 2018 1866 1714 1531 1439 1378 1409 1500 1561 1622 1683 1683
316A Acap  196507022 1622 1561 1409 1348 1256 1287 1348 1470 1683 1866 1988 2018
316A Acap  196507031 2018 1927 1805 1622 1500 1409 1317 1317 1409 1531 1683 1774
316A Acap  196507032 1774 1683 1592 1500 1378 1317 1348 1409 1531 1683 1866 1988
316A Acap  196507041 2018 2018 1896 1774 1622 1470 1348 1287 1348 1470 1622 1744
316A Acap  196507042 1805 1835 1774 1653 1500 1378 1348 1317 1378 1531 1653 1774
316A Acap  196507051 1896 1957 1957 1835 1653 1531 1409 1287 1226 1256 1348 1531
316A Acap  196507052 1714 1835 1866 1805 1653 1500 1409 1348 1348 1378 1500 1622
316A Acap  196507061 1744 1835 1866 1774 1653 1500 1348 1195 1134 1165 1226 1439
316A Acap  196507062 1622 1774 1835 1866 1805 1653 1531 1439 1378 1378 1409 1470
316A Acap  196507071 1592 1683 1714 1683 1592 1470 1317 1165 1073 1104 1165 1287
316A Acap  196507072 1439 1622 1774 1835 1805 1744 1622 1500 1409 1348 1348 1409
316A Acap  196507081 1500 1592 1683 1683 1592 1531 1409 1256 1134 1073 1104 1195
316A Acap  196507082 1378 1500 1683 1774 1835 1805 1714 1592 1500 1409 1348 1348
316A Acap  196507091 1409 1470 1531 1592 1592 1500 1439 1287 1195 1104 1073 1104
316A Acap  196507092 1195 1317 1500 1653 1744 1774 1774 1714 1622 1500 1470 1409
316A Acap  196507101 1378 1378 1439 1500 1500 1470 1348 1287 1195 1134 1073 1073
316A Acap  196507102 1165 1287 1439 1561 1683 1744 1805 1774 1683 1592 1500 1439
316A Acap  196507111 1439 1439 1470 1470 1470 1500 1439 1378 1317 1226 1165 1134
316A Acap  196507112 1165 1226 1348 1470 1592 1714 1744 1774 1744 1683 1622 1561
316A Acap  196507121 1500 1470 1470 1500 1500 1500 1500 1439 1378 1317 1226 1165
316A Acap  196507122 1165 1195 1287 1409 1500 1622 1714 1774 1805 1744 1714 1653
316A Acap  196507131 1592 1531 1470 1439 1439 1439 1439 1409 1378 1317 1287 1226
316A Acap  196507132 1195 1195 1226 1317 1409 1500 1592 1714 1744 1774 1744 1653
316A Acap  196507141 1592 1500 1439 1409 1378 1348 1317 1317 1348 1287 1256 1226
316A Acap  196507142 1226 1226 1226 1256 1348 1439 1500 1592 1653 1744 1744 1683
316A Acap  196507151 1653 1622 1531 1439 1378 1378 1348 1317 1378 1348 1348 1348
316A Acap  196507152 1287 1256 1256 1256 1287 1348 1439 1531 1592 1683 1714 1744
316A Acap  196507161 1683 1592 1500 1409 1378 1317 1317 1317 1378 1409 1409 1409
316A Acap  196507162 1409 1378 1348 1317 1317 1317 1378 1439 1531 1622 1683 1714
316A Acap  196507171 1714 1653 1561 1500 1409 1348 1317 1287 1287 1348 1409 1439
316A Acap  196507172 1470 1439 1409 1378 1348 1348 1378 1409 1470 1592 1653 1714
316A Acap  196507181 1744 1714 1683 1592 1470 1378 1317 1287 1317 1378 1439 1500
316A Acap  196507182 1531 1561 1561 1500 1439 1409 1409 1409 1470 1500 1592 1683
316A Acap  196507191 1744 1744 1714 1622 1500 1409 1348 1317 1317 1348 1409 1500
316A Acap  196507192 1561 1592 1622 1592 1500 1470 1409 1409 1439 1470 1561 1653
316A Acap  196507201 1714 1744 1683 1653 1531 1409 1317 1256 1256 1317 1409 1470
316A Acap  196507202 1561 1653 1683 1653 1592 1531 1470 1439 1435 1466 1528 1606
316A Acap  196507211 1678 1719 1714 1653 1561 1439 1348 1256 1226 1256 1348 1439
316A Acap  196507212 1561 1683 1744 1714 1683 1592 1531 1439 1378 1378 1409 1500
316A Acap  196507221 1592 1683 1653 1622 1531 1439 1378 1226 1195 1226 1317 1409
316A Acap  196507222 1531 1683 1774 1774 1774 1683 1622 1500 1470 1409 1409 1470
316A Acap  196507231 1531 1561 1622 1561 1500 1439 1348 1226 1165 1165 1226 1348
316A Acap  196507232 1500 1622 1714 1805 1805 1774 1714 1592 1500 1470 1439 1439
316A Acap  196507241 1500 1531 1561 1561 1531 1470 1348 1256 1165 1134 1195 1256
316A Acap  196507242 1409 1561 1714 1807 1848 1839 1786 1706 1622 1531 1470 1439
316A Acap  196507251 1470 1531 1561 1592 1561 1531 1378 1256 1165 1104 1104 1134
316A Acap  196507252 1256 1409 1592 1714 1835 1896 1896 1835 1744 1622 1561 1500
316A Acap  196507261 1470 1470 1500 1531 1531 1500 1439 1322 1204 1111 1065 1082
316A Acap  196507262 1165 1287 1470 1653 1774 1866 1957 1896 1835 1744 1622 1531
316A Acap  196507271 1470 1439 1470 1500 1531 1531 1500 1409 1348 1195 1104 1073
316A Acap  196507272 1104 1195 1378 1561 1714 1835 1927 1957 1927 1866 1774 1653
316A Acap  196507281 1561 1500 1500 1500 1531 1561 1561 1531 1439 1317 1226 1165
316A Acap  196507282 1134 1134 1226 1348 1500 1653 1835 1927 1927 1896 1835 1744
316A Acap  196507291 1622 1531 1470 1500 1531 1561 1592 1592 1561 1500 1409 1256
316A Acap  196507292 1165 1134 1165 1226 1348 1500 1683 1774 1866 1866 1841 1774
316A Acap  196507301 1653 1531 1439 1409 1378 1409 1439 1470 1500 1500 1470 1409
316A Acap  196507302 1348 1287 1226 1195 1226 1317 1470 1592 1683 1805 1835 1812
316A Acap  196507311 1744 1622 1500 1378 1317 1287 1348 1409 1500 1561 1592 1561
316A Acap  196507312 1500 1409 1317 1256 1195 1226 1317 1439 1561 1683 1774 1805
316A Acap  196508011 1774 1653 1500 1378 1287 1226 1226 1287 1409 1531 1653 1714
316A Acap  196508012 1683 1622 1531 1439 1317 1256 1256 1317 1409 1531 1714 1774
316A Acap  196508021 1744 1714 1622 1470 1348 1226 1195 1226 1317 1439 1592 1683
316A Acap  196508022 1774 1774 1714 1622 1500 1378 1317 1348 1378 1470 1561 1683
316A Acap  196508031 1774 1805 1744 1653 1500 1348 1256 1195 1226 1348 1500 1653
316A Acap  196508032 1774 1866 1866 1835 1714 1622 1500 1378 1378 1439 1561 1622
316A Acap  196508041 1714 1774 1805 1683 1561 1409 1287 1195 1195 1226 1378 1531
316A Acap  196508042 1714 1805 1866 1896 1835 1714 1592 1470 1378 1378 1439 1531
316A Acap  196508051 1653 1683 1744 1714 1622 1500 1378 1256 1195 1195 1256 1378
316A Acap  196508052 1561 1744 1835 1896 1896 1774 1683 1561 1439 1378 1378 1439
316A Acap  196508061 1531 1622 1653 1653 1592 1500 1409 1287 1195 1165 1195 1317
316A Acap  196508062 1470 1622 1774 1896 1927 1866 1774 1653 1561 1470 1409 1439
316A Acap  196508071 1470 1561 1622 1653 1622 1561 1470 1317 1226 1165 1134 1226
316A Acap  196508072 1348 1531 1653 1805 1835 1835 1774 1683 1592 1500 1439 1409
316A Acap  196508081 1439 1531 1561 1592 1592 1531 1470 1378 1256 1195 1165 1195
316A Acap  196508082 1287 1439 1561 1683 1774 1835 1805 1744 1622 1561 1500 1470
316A Acap  196508091 1500 1531 1531 1531 1531 1531 1470 1378 1256 1195 1165 1195
316A Acap  196508092 1226 1348 1439 1592 1744 1774 1805 1744 1683 1592 1531 1500
316A Acap  196508101 1470 1500 1470 1531 1561 1531 1470 1378 1317 1256 1195 1165
316A Acap  196508102 1195 1287 1378 1470 1561 1683 1714 1744 1683 1653 1592 1561
316A Acap  196508111 1500 1500 1500 1500 1500 1531 1500 1439 1378 1317 1287 1256
316A Acap  196508112 1256 1317 1378 1470 1592 1653 1744 1744 1744 1714 1683 1653
316A Acap  196508121 1622 1592 1561 1531 1531 1500 1500 1439 1409 1378 1378 1348
316A Acap  196508122 1317 1348 1348 1378 1470 1500 1561 1653 1653 1714 1714 1683
316A Acap  196508131 1653 1622 1561 1561 1531 1500 1500 1500 1470 1470 1439 1439
316A Acap  196508132 1378 1409 1409 1439 1470 1500 1531 1653 1683 1744 1774 1774
316A Acap  196508141 1714 1683 1622 1561 1500 1500 1470 1470 1470 1500 1500 1470
316A Acap  196508142 1470 1409 1439 1409 1439 1439 1470 1561 1653 1714 1744 1744
316A Acap  196508151 1744 1683 1622 1561 1470 1439 1439 1409 1470 1561 1561 1561
316A Acap  196508152 1561 1561 1531 1500 1500 1439 1439 1500 1561 1653 1683 1744
316A Acap  196508161 1744 1683 1653 1561 1470 1409 1409 1378 1409 1470 1500 1531
316A Acap  196508162 1561 1592 1561 1531 1439 1409 1409 1439 1470 1561 1653 1683
316A Acap  196508171 1683 1683 1622 1531 1470 1409 1348 1348 1378 1470 1531 1622
316A Acap  196508172 1653 1683 1653 1622 1531 1439 1409 1378 1378 1439 1531 1592
316A Acap  196508181 1653 1714 1622 1531 1439 1348 1256 1256 1317 1378 1500 1622
316A Acap  196508182 1683 1714 1714 1683 1622 1500 1439 1409 1378 1409 1470 1561
316A Acap  196508191 1622 1622 1622 1592 1500 1348 1256 1226 1256 1317 1439 1561
316A Acap  196508192 1653 1774 1805 1774 1714 1622 1470 1378 1348 1348 1378 1470
316A Acap  196508201 1561 1592 1622 1592 1500 1378 1256 1195 1165 1226 1317 1500
316A Acap  196508202 1622 1774 1866 1835 1774 1653 1561 1439 1348 1317 1348 1409
316A Acap  196508211 1500 1561 1561 1531 1439 1348 1195 1134 1104 1104 1195 1348
316A Acap  196508212 1531 1683 1805 1835 1805 1714 1622 1500 1378 1317 1287 1348
316A Acap  196508221 1409 1500 1531 1531 1439 1378 1256 1104 1043 1012 1073 1195
316A Acap  196508222 1378 1592 1744 1805 1866 1805 1714 1622 1470 1378 1348 1378
316A Acap  196508231 1470 1531 1561 1592 1531 1439 1317 1165 1043  982 1012 1104
316A Acap  196508232 1287 1500 1683 1805 1866 1896 1866 1774 1592 1500 1439 1439
316A Acap  196508241 1439 1500 1561 1561 1561 1561 1439 1317 1195 1104 1073 1104
316A Acap  196508242 1226 1439 1622 1744 1866 1927 1927 1835 1714 1592 1531 1439
316A Acap  196508251 1439 1531 1592 1653 1683 1653 1592 1439 1317 1165 1073 1043
316A Acap  196508252 1134 1256 1409 1592 1744 1896 1927 1896 1835 1714 1622 1531
316A Acap  196508261 1500 1500 1500 1561 1622 1653 1622 1561 1470 1348 1256 1165
316A Acap  196508262 1104 1195 1348 1500 1622 1744 1805 1866 1866 1805 1683 1622
316A Acap  196508271 1500 1439 1439 1470 1531 1561 1592 1561 1531 1470 1409 1317
316A Acap  196508272 1226 1195 1226 1317 1409 1531 1653 1683 1714 1714 1653 1592
316A Acap  196508281 1531 1439 1378 1409 1409 1470 1561 1561 1622 1653 1592 1531
316A Acap  196508282 1439 1348 1287 1287 1317 1409 1500 1592 1683 1714 1744 1683
316A Acap  196508291 1531 1531 1409 1348 1317 1348 1409 1500 1561 1653 1683 1683
316A Acap  196508292 1622 1531 1439 1378 1317 1317 1348 1439 1531 1653 1744 1744
316A Acap  196508301 1714 1592 1500 1378 1317 1287 1287 1348 1470 1592 1714 1744
316A Acap  196508302 1714 1683 1592 1439 1378 1348 1317 1348 1409 1500 1622 1653
316A Acap  196508311 1683 1622 1561 1439 1317 1226 1195 1226 1348 1531 1683 1805
316A Acap  196508312 1866 1835 1774 1683 1561 1409 1317 1287 1348 1439 1531 1653
316A Acap  196509011 1714 1683 1592 1531 1378 1256 1195 1195 1256 1378 1561 1744
316A Acap  196509012 1866 1896 1896 1805 1622 1500 1378 1317 1317 1348 1439 1592
316A Acap  196509021 1683 1714 1714 1622 1470 1348 1256 1195 1195 1256 1439 1592
316A Acap  196509022 1774 1896 1927 1927 1805 1683 1500 1378 1317 1317 1378 1470
316A Acap  196509031 1561 1653 1653 1592 1500 1348 1226 1134 1134 1195 1348 1531
316A Acap  196509032 1714 1835 1896 1927 1866 1683 1561 1439 1348 1317 1348 1439
316A Acap  196509041 1531 1592 1622 1622 1561 1439 1287 1195 1134 1134 1226 1348
316A Acap  196509042 1531 1653 1774 1835 1835 1744 1622 1470 1409 1348 1348 1378
316A Acap  196509051 1470 1561 1622 1592 1531 1470 1317 1195 1134 1104 1134 1256
316A Acap  196509052 1409 1561 1714 1774 1805 1744 1653 1531 1409 1348 1317 1348
316A Acap  196509061 1409 1500 1561 1561 1561 1500 1378 1287 1195 1165 1134 1195
316A Acap  196509062 1317 1470 1622 1744 1805 1805 1714 1622 1531 1439 1409 1409
316A Acap  196509071 1439 1500 1561 1622 1622 1561 1409 1317 1226 1134 1104 1134
316A Acap  196509072 1256 1378 1531 1622 1683 1714 1683 1622 1561 1500 1470 1439
316A Acap  196509081 1439 1470 1531 1561 1592 1561 1500 1439 1348 1287 1256 1256
316A Acap  196509082 1317 1378 1500 1592 1653 1683 1683 1683 1622 1561 1531 1500
316A Acap  196509091 1500 1500 1531 1561 1561 1561 1531 1470 1409 1378 1348 1348
316A Acap  196509092 1348 1378 1439 1531 1622 1653 1683 1653 1653 1622 1561 1531
316A Acap  196509101 1531 1500 1531 1561 1561 1531 1531 1531 1500 1439 1409 1378
316A Acap  196509102 1409 1439 1470 1531 1592 1653 1653 1653 1683 1653 1653 1622
316A Acap  196509111 1592 1561 1531 1531 1561 1561 1531 1531 1531 1531 1531 1531
316A Acap  196509112 1561 1531 1500 1531 1561 1561 1592 1622 1653 1653 1653 1653
316A Acap  196509121 1622 1622 1561 1531 1531 1531 1531 1561 1561 1592 1622 1653
316A Acap  196509122 1653 1653 1622 1561 1531 1531 1531 1531 1592 1622 1683 1683
316A Acap  196509131 1683 1653 1592 1561 1531 1500 1500 1561 1592 1622 1683 1683
316A Acap  196509132 1714 1683 1622 1561 1500 1470 1500 1500 1531 1592 1653 1683
316A Acap  196509141 1683 1653 1592 1531 1500 1470 1470 1500 1561 1653 1714 1774
316A Acap  196509142 1805 1805 1774 1714 1592 1500 1439 1470 1500 1561 1622 1683
316A Acap  196509151 1714 1714 1683 1592 1500 1439 1439 1470 1500 1622 1736 1835
316A Acap  196509152 1896 1927 1896 1774 1653 1500 1439 1409 1409 1500 1592 1683
316A Acap  196509161 1744 1714 1653 1561 1470 1409 1378 1378 1470 1561 1744 1866
316A Acap  196509162 1957 1988 1957 1866 1744 1592 1470 1409 1409 1470 1531 1653
316A Acap  196509171 1683 1683 1683 1592 1470 1378 1256 1256 1317 1439 1561 1744
316A Acap  196509172 1866 1927 1988 1957 1866 1744 1561 1470 1409 1409 1500 1592
316A Acap  196509181 1683 1714 1683 1622 1531 1409 1287 1226 1226 1317 1439 1653
316A Acap  196509182 1835 1957 2018 1988 1927 1805 1622 1500 1409 1378 1409 1500
316A Acap  196509191 1622 1683 1683 1622 1561 1378 1256 1165 1165 1195 1317 1500
316A Acap  196509192 1714 1866 1957 2018 1988 1835 1683 1561 1439 1378 1378 1470
316A Acap  196509201 1561 1622 1683 1653 1622 1439 1287 1195 1104 1134 1195 1348
316A Acap  196509202 1531 1744 1896 1988 1988 1896 1774 1653 1561 1512 1519 1571
316A Acap  196509211 1648 1725 1774 1805 1744 1592 1439 1317 1226 1165 1226 1348
316A Acap  196509212 1500 1683 1866 1988 2018 1988 1896 1744 1622 1561 1500 1531
316A Acap  196509221 1592 1683 1744 1805 1805 1744 1653 1500 1348 1256 1256 1287
316A Acap  196509222 1426 1592 1744 1896 1988 2018 1957 1835 1714 1622 1531 1500
316A Acap  196509231 1561 1653 1714 1744 1774 1774 1714 1622 1500 1378 1256 1256
316A Acap  196509232 1348 1439 1561 1714 1774 1866 1866 1805 1744 1653 1561 1531
316A Acap  196509241 1500 1561 1592 1683 1744 1774 1744 1714 1653 1531 1439 1378
316A Acap  196509242 1348 1409 1470 1592 1683 1744 1774 1774 1744 1683 1592 1500
316A Acap  196509251 1439 1439 1439 1470 1592 1653 1714 1744 1744 1683 1592 1500
316A Acap  196509252 1439 1378 1409 1439 1500 1592 1653 1714 1714 1714 1653 1561
316A Acap  196509261 1470 1409 1348 1378 1439 1531 1622 1714 1774 1774 1744 1683
316A Acap  196509262 1561 1470 1409 1378 1378 1409 1500 1531 1592 1653 1653 1592
316A Acap  196509271 1531 1439 1348 1287 1317 1348 1439 1561 1653 1744 1774 1774
316A Acap  196509272 1714 1622 1500 1378 1287 1287 1317 1409 1470 1531 1592 1592
316A Acap  196509281 1531 1470 1348 1256 1195 1226 1256 1378 1500 1653 1774 1805
316A Acap  196509282 1805 1744 1592 1470 1348 1256 1226 1256 1334 1439 1531 1561
316A Acap  196509291 1561 1500 1409 1317 1195 1134 1165 1256 1407 1592 1744 1835
316A Acap  196509292 1866 1835 1744 1592 1439 1287 1195 1165 1195 1287 1409 1500
316A Acap  196509301 1531 1561 1500 1378 1256 1134 1104 1134 1226 1378 1561 1744
316A Acap  196509302 1866 1896 1866 1774 1561 1378 1256 1195 1195 1287 1378 1500
316A Acap  196510011 1561 1592 1561 1439 1348 1226 1104 1104 1165 1287 1439 1653
316A Acap  196510012 1805 1896 1927 1835 1683 1500 1378 1256 1226 1256 1317 1439
316A Acap  196510021 1561 1592 1592 1531 1409 1287 1165 1134 1134 1226 1348 1531
316A Acap  196510022 1683 1805 1866 1835 1774 1622 1470 1378 1287 1287 1317 1439
316A Acap  196510031 1531 1592 1622 1561 1500 1348 1256 1165 1165 1195 1287 1439
316A Acap  196510032 1622 1744 1835 1866 1835 1714 1592 1470 1378 1348 1378 1439
316A Acap  196510041 1531 1592 1622 1622 1531 1409 1287 1165 1134 1134 1226 1348
316A Acap  196510042 1500 1683 1774 1805 1805 1744 1622 1500 1409 1317 1348 1378
316A Acap  196510051 1470 1531 1592 1622 1561 1500 1378 1287 1226 1195 1226 1317
316A Acap  196510052 1470 1592 1714 1774 1805 1744 1653 1531 1439 1378 1378 1378
316A Acap  196510061 1439 1531 1592 1622 1561 1531 1439 1348 1256 1226 1226 1287
316A Acap  196510062 1409 1500 1622 1683 1714 1683 1622 1561 1439 1409 1378 1378
316A Acap  196510071 1409 1500 1531 1561 1561 1531 1500 1439 1348 1287 1287 1317
316A Acap  196510072 1409 1470 1561 1622 1653 1653 1622 1561 1500 1439 1409 1409
316A Acap  196510081 1439 1470 1531 1592 1561 1561 1531 1500 1439 1409 1378 1378
316A Acap  196510082 1439 1470 1500 1561 1592 1561 1531 1531 1500 1470 1439 1439
316A Acap  196510091 1439 1439 1500 1500 1531 1531 1531 1500 1470 1439 1409 1409
316A Acap  196510092 1378 1439 1470 1500 1531 1500 1470 1470 1439 1439 1409 1378
316A Acap  196510101 1409 1409 1439 1470 1470 1500 1531 1531 1531 1500 1470 1470
316A Acap  196510102 1439 1439 1409 1409 1439 1409 1409 1409 1439 1439 1439 1378
316A Acap  196510111 1409 1378 1378 1378 1409 1439 1470 1500 1561 1561 1592 1561
316A Acap  196510112 1531 1470 1409 1348 1317 1317 1317 1348 1378 1409 1409 1439
316A Acap  196510121 1439 1378 1348 1348 1348 1378 1439 1500 1561 1653 1653 1683
316A Acap  196510122 1653 1622 1531 1439 1348 1317 1287 1317 1348 1378 1439 1439
316A Acap  196510131 1439 1409 1348 1287 1256 1287 1348 1439 1531 1653 1774 1805
316A Acap  196510132 1805 1714 1622 1500 1378 1287 1256 1256 1317 1409 1439 1500
316A Acap  196510141 1470 1439 1348 1256 1226 1226 1256 1348 1470 1622 1744 1835
316A Acap  196510142 1835 1805 1714 1561 1409 1317 1226 1226 1287 1348 1470 1531
316A Acap  196510151 1531 1470 1439 1317 1226 1165 1195 1256 1348 1531 1683 1835
316A Acap  196510152 1927 1927 1835 1683 1561 1378 1287 1226 1226 1317 1409 1470
316A Acap  196510161 1531 1531 1439 1348 1256 1165 1104 1165 1256 1439 1622 1805
316A Acap  196510162 1896 1957 1896 1774 1622 1470 1317 1226 1195 1256 1348 1500
316A Acap  196510171 1561 1592 1561 1470 1317 1165 1104 1073 1134 1256 1439 1622
316A Acap  196510172 1835 1957 1927 1896 1744 1561 1378 1226 1226 1226 1317 1439
316A Acap  196510181 1531 1561 1561 1500 1378 1256 1134 1073 1073 1165 1317 1500
316A Acap  196510182 1714 1866 1927 1896 1805 1653 1500 1378 1317 1287 1348 1439
316A Acap  196510191 1561 1653 1683 1622 1531 1348 1195 1104 1073 1104 1226 1409
316A Acap  196510192 1592 1774 1866 1896 1835 1714 1592 1439 1348 1287 1317 1409
316A Acap  196510201 1500 1592 1683 1714 1653 1531 1378 1226 1165 1134 1226 1348
316A Acap  196510202 1531 1683 1835 1896 1866 1774 1653 1531 1409 1348 1348 1378
316A Acap  196510211 1500 1592 1683 1714 1714 1653 1561 1409 1287 1226 1256 1317
316A Acap  196510212 1439 1561 1714 1805 1835 1774 1714 1592 1470 1378 1348 1348
316A Acap  196510221 1409 1500 1592 1683 1744 1714 1683 1561 1470 1378 1317 1317
316A Acap  196510222 1348 1470 1561 1653 1683 1653 1653 1622 1470 1378 1317 1317
316A Acap  196510231 1378 1439 1531 1653 1683 1714 1714 1683 1592 1500 1439 1378
316A Acap  196510232 1348 1409 1470 1500 1531 1561 1561 1500 1470 1409 1348 1317
316A Acap  196510241 1317 1348 1409 1470 1561 1653 1683 1714 1683 1653 1561 1500
316A Acap  196510242 1470 1409 1409 1409 1439 1470 1439 1470 1470 1409 1378 1378
316A Acap  196510251 1317 1287 1287 1317 1378 1470 1592 1683 1714 1744 1714 1653
316A Acap  196510252 1592 1500 1439 1378 1348 1378 1378 1439 1439 1470 1439 1409
316A Acap  196510261 1348 1287 1256 1256 1287 1348 1439 1561 1683 1744 1774 1714
316A Acap  196510262 1653 1561 1439 1348 1287 1256 1256 1287 1348 1409 1439 1409
316A Acap  196510271 1378 1348 1287 1195 1195 1226 1317 1439 1592 1744 1805 1805
316A Acap  196510272 1774 1683 1592 1439 1317 1256 1226 1226 1287 1378 1439 1470
316A Acap  196510281 1439 1378 1287 1226 1165 1165 1195 1287 1439 1592 1744 1805
316A Acap  196510282 1774 1744 1622 1439 1317 1226 1165 1134 1195 1287 1348 1409
316A Acap  196510291 1439 1409 1348 1256 1165 1134 1104 1165 1317 1500 1622 1744
316A Acap  196510292 1835 1805 1744 1622 1470 1287 1195 1165 1165 1226 1317 1409
316A Acap  196510301 1500 1500 1439 1348 1256 1134 1104 1104 1195 1317 1470 1653
316A Acap  196510302 1774 1805 1744 1653 1531 1348 1256 1195 1134 1195 1256 1378
316A Acap  196510311 1439 1470 1439 1378 1287 1165 1104 1073 1134 1226 1378 1561
316A Acap  196510312 1714 1805 1805 1744 1622 1470 1317 1195 1165 1195 1256 1378
316A Acap  196511011 1470 1531 1531 1470 1409 1287 1195 1134 1134 1195 1317 1470
316A Acap  196511012 1653 1744 1805 1774 1683 1531 1409 1287 1256 1226 1317 1378
316A Acap  196511021 1439 1531 1592 1531 1439 1348 1256 1195 1165 1195 1317 1439
316A Acap  196511022 1592 1714 1774 1744 1714 1622 1500 1378 1317 1287 1317 1409
316A Acap  196511031 1500 1561 1622 1622 1592 1470 1378 1287 1256 1256 1317 1439
316A Acap  196511032 1531 1653 1714 1774 1744 1683 1561 1439 1348 1348 1348 1439
316A Acap  196511041 1500 1592 1653 1653 1653 1561 1500 1409 1378 1348 1378 1439
316A Acap  196511042 1561 1653 1714 1744 1714 1683 1592 1531 1439 1409 1439 1470
316A Acap  196511051 1561 1622 1683 1683 1683 1653 1592 1531 1439 1439 1439 1439
316A Acap  196511052 1531 1622 1683 1714 1714 1653 1592 1531 1470 1409 1409 1439
316A Acap  196511061 1500 1592 1653 1714 1714 1683 1653 1622 1561 1531 1500 1500
316A Acap  196511062 1531 1561 1592 1622 1592 1561 1531 1439 1409 1378 1348 1409
316A Acap  196511071 1439 1500 1592 1622 1683 1683 1653 1622 1592 1561 1561 1531
316A Acap  196511072 1531 1500 1500 1500 1500 1470 1439 1409 1409 1378 1348 1378
316A Acap  196511081 1378 1409 1470 1531 1592 1622 1622 1653 1653 1653 1653 1622
316A Acap  196511082 1561 1531 1500 1470 1439 1409 1409 1409 1409 1378 1378 1348
316A Acap  196511091 1378 1378 1378 1439 1500 1561 1622 1683 1714 1744 1714 1683
316A Acap  196511092 1622 1561 1500 1439 1409 1378 1378 1409 1378 1378 1378 1348
316A Acap  196511101 1378 1348 1348 1348 1409 1439 1531 1622 1714 1774 1805 1774
316A Acap  196511102 1744 1653 1561 1439 1378 1348 1287 1317 1378 1378 1409 1409
316A Acap  196511111 1348 1317 1256 1256 1317 1378 1439 1592 1714 1805 1866 1866
316A Acap  196511112 1835 1744 1622 1500 1409 1317 1256 1256 1317 1378 1409 1409
316A Acap  196511121 1378 1348 1287 1226 1195 1226 1317 1470 1622 1774 1866 1927
316A Acap  196511122 1896 1805 1683 1531 1378 1317 1256 1256 1317 1409 1439 1470
316A Acap  196511131 1439 1378 1287 1195 1104 1134 1195 1317 1470 1622 1805 1927
316A Acap  196511132 1957 1927 1805 1653 1470 1317 1226 1195 1256 1348 1439 1500
316A Acap  196511141 1531 1500 1409 1287 1195 1104 1104 1165 1287 1470 1653 1835
316A Acap  196511142 1927 1957 1866 1744 1592 1378 1256 1195 1226 1287 1378 1500
316A Acap  196511151 1561 1561 1500 1378 1226 1134 1043 1043 1134 1287 1500 1714
316A Acap  196511152 1866 1896 1896 1774 1622 1439 1287 1165 1104 1195 1348 1470
316A Acap  196511161 1592 1622 1622 1500 1378 1226 1104 1043 1073 1195 1348 1561
316A Acap  196511162 1714 1835 1835 1774 1653 1470 1317 1226 1165 1165 1256 1409
316A Acap  196511171 1531 1592 1622 1561 1470 1348 1195 1104 1104 1165 1256 1439
316A Acap  196511172 1592 1744 1774 1774 1714 1592 1409 1256 1134 1134 1195 1287
316A Acap  196511181 1439 1561 1622 1622 1561 1500 1348 1256 1134 1134 1195 1317
316A Acap  196511182 1439 1592 1653 1683 1653 1561 1439 1287 1165 1134 1134 1226
316A Acap  196511191 1348 1500 1622 1683 1683 1622 1561 1439 1317 1287 1287 1348
316A Acap  196511192 1439 1561 1592 1622 1622 1561 1470 1378 1256 1226 1195 1256
316A Acap  196511201 1317 1439 1592 1683 1744 1744 1683 1592 1500 1409 1378 1378
316A Acap  196511202 1409 1470 1561 1592 1592 1561 1500 1439 1317 1226 1195 1195
316A Acap  196511211 1256 1378 1470 1592 1714 1774 1774 1744 1622 1561 1500 1439
316A Acap  196511212 1439 1409 1439 1531 1531 1500 1500 1439 1378 1317 1256 1226
316A Acap  196511221 1256 1287 1378 1470 1592 1714 1774 1805 1774 1714 1622 1561
316A Acap  196511222 1470 1439 1409 1409 1409 1409 1409 1378 1378 1348 1287 1256
316A Acap  196511231 1226 1226 1287 1348 1439 1561 1653 1714 1744 1774 1744 1653
316A Acap  196511232 1561 1470 1409 1348 1317 1317 1317 1348 1348 1348 1317 1287
316A Acap  196511241 1256 1195 1195 1226 1287 1378 1500 1592 1714 1774 1774 1744
316A Acap  196511242 1653 1531 1439 1348 1287 1256 1256 1317 1317 1348 1348 1317
316A Acap  196511251 1256 1226 1165 1165 1195 1287 1409 1500 1653 1744 1805 1805
316A Acap  196511252 1744 1622 1500 1348 1256 1195 1165 1165 1256 1317 1348 1378
316A Acap  196511261 1317 1287 1226 1134 1165 1195 1256 1378 1500 1653 1714 1774
316A Acap  196511262 1744 1683 1531 1409 1287 1195 1165 1165 1226 1317 1378 1378
316A Acap  196511271 1378 1317 1256 1195 1134 1104 1165 1256 1378 1531 1653 1744
316A Acap  196511272 1805 1774 1683 1500 1378 1256 1165 1134 1165 1256 1348 1378
316A Acap  196511281 1409 1409 1348 1287 1226 1195 1195 1256 1348 1500 1653 1714
316A Acap  196511282 1805 1805 1714 1622 1470 1317 1226 1165 1165 1256 1317 1378
316A Acap  196511291 1409 1470 1439 1378 1317 1226 1195 1195 1256 1378 1500 1622
316A Acap  196511292 1714 1774 1714 1653 1531 1378 1226 1165 1165 1195 1256 1348
316A Acap  196511301 1439 1500 1470 1439 1348 1226 1165 1165 1165 1256 1348 1500
316A Acap  196511302 1622 1683 1683 1622 1500 1348 1226 1134 1134 1134 1195 1317
316A Acap  196512011 1378 1439 1470 1439 1378 1287 1195 1134 1134 1195 1287 1378
316A Acap  196512012 1500 1592 1622 1592 1500 1409 1317 1226 1165 1165 1226 1317
316A Acap  196512021 1409 1470 1500 1470 1439 1348 1256 1195 1195 1195 1256 1348
316A Acap  196512022 1470 1561 1592 1561 1500 1378 1287 1195 1134 1134 1195 1317
316A Acap  196512031 1378 1470 1531 1561 1531 1470 1378 1287 1226 1226 1226 1317
316A Acap  196512032 1439 1500 1531 1561 1500 1409 1317 1226 1165 1134 1134 1226
316A Acap  196512041 1348 1439 1531 1592 1592 1561 1500 1439 1378 1348 1348 1378
316A Acap  196512042 1439 1531 1561 1561 1531 1470 1378 1317 1256 1195 1226 1256
316A Acap  196512051 1317 1439 1531 1592 1622 1622 1592 1561 1470 1409 1409 1409
316A Acap  196512052 1409 1470 1500 1500 1470 1409 1348 1287 1195 1165 1165 1195
316A Acap  196512061 1256 1348 1439 1531 1592 1653 1653 1622 1561 1531 1470 1439
316A Acap  196512062 1439 1439 1439 1439 1439 1378 1348 1287 1226 1195 1165 1165
316A Acap  196512071 1195 1287 1378 1500 1561 1622 1683 1714 1683 1622 1561 1531
316A Acap  196512072 1439 1409 1409 1348 1348 1348 1317 1317 1256 1226 1195 1195
316A Acap  196512081 1165 1195 1256 1409 1531 1622 1714 1774 1805 1774 1744 1683
316A Acap  196512082 1592 1500 1470 1470 1439 1439 1439 1409 1378 1348 1287 1256
316A Acap  196512091 1195 1226 1287 1348 1470 1592 1683 1744 1805 1835 1835 1774
316A Acap  196512092 1714 1622 1500 1439 1378 1348 1348 1348 1378 1409 1317 1256
316A Acap  196512101 1226 1226 1195 1226 1317 1409 1561 1683 1774 1866 1896 1896
316A Acap  196512102 1805 1653 1561 1439 1378 1317 1317 1378 1409 1439 1409 1378
316A Acap  196512111 1317 1256 1165 1134 1165 1256 1378 1561 1714 1866 1927 1957
316A Acap  196512112 1866 1774 1653 1470 1348 1287 1287 1287 1348 1439 1439 1439
316A Acap  196512121 1409 1348 1256 1165 1134 1165 1256 1378 1561 1714 1866 1927
316A Acap  196512122 1927 1866 1714 1531 1378 1256 1226 1256 1317 1378 1470 1531
316A Acap  196512131 1500 1470 1409 1226 1134 1104 1104 1226 1378 1531 1744 1866
316A Acap  196512132 1957 1927 1835 1653 1439 1317 1195 1165 1226 1317 1470 1561
316A Acap  196512141 1622 1622 1531 1409 1256 1165 1134 1165 1256 1378 1561 1744
316A Acap  196512142 1835 1866 1835 1714 1531 1348 1195 1134 1134 1226 1348 1470
316A Acap  196512151 1592 1683 1653 1561 1439 1287 1165 1134 1165 1287 1409 1561
316A Acap  196512152 1744 1805 1805 1744 1561 1378 1195 1073 1073 1134 1256 1378
316A Acap  196512161 1531 1653 1714 1653 1592 1439 1317 1226 1195 1226 1348 1470
316A Acap  196512162 1622 1714 1774 1714 1622 1439 1256 1165 1073 1104 1165 1317
316A Acap  196512171 1470 1622 1683 1744 1683 1592 1439 1287 1226 1226 1317 1409
316A Acap  196512172 1531 1592 1683 1683 1622 1470 1317 1165 1104 1043 1043 1134
316A Acap  196512181 1287 1500 1622 1714 1744 1683 1592 1439 1348 1256 1256 1348
316A Acap  196512182 1409 1470 1561 1592 1592 1531 1378 1256 1134 1043 1043 1104
316A Acap  196512191 1195 1348 1531 1653 1744 1744 1714 1622 1470 1409 1348 1317
316A Acap  196512192 1348 1439 1500 1500 1500 1439 1378 1256 1165 1073 1043 1073
316A Acap  196512201 1134 1256 1409 1531 1622 1683 1714 1683 1592 1500 1409 1348
316A Acap  196512202 1317 1348 1378 1409 1378 1378 1378 1287 1195 1134 1073 1043
316A Acap  196512211 1073 1134 1256 1378 1470 1622 1653 1683 1653 1531 1470 1409
316A Acap  196512212 1348 1348 1317 1348 1348 1348 1317 1317 1256 1195 1104 1073
316A Acap  196512221 1073 1073 1134 1226 1378 1500 1592 1653 1653 1622 1561 1500
316A Acap  196512222 1409 1348 1287 1287 1256 1256 1256 1226 1226 1226 1195 1134
316A Acap  196512231 1134 1104 1134 1195 1287 1409 1500 1592 1653 1653 1653 1592
316A Acap  196512232 1531 1439 1348 1287 1226 1195 1195 1226 1256 1256 1226 1195
316A Acap  196512241 1165 1165 1165 1195 1256 1317 1439 1531 1653 1714 1744 1744
316A Acap  196512242 1653 1561 1470 1378 1287 1256 1256 1256 1287 1287 1317 1287
316A Acap  196512251 1287 1226 1195 1195 1226 1256 1317 1439 1531 1653 1714 1744
316A Acap  196512252 1714 1622 1531 1409 1317 1256 1226 1226 1256 1317 1348 1348
316A Acap  196512261 1348 1317 1256 1195 1195 1226 1287 1348 1470 1592 1683 1744
316A Acap  196512262 1744 1714 1592 1500 1378 1256 1195 1195 1256 1317 1378 1439
316A Acap  196512271 1439 1439 1409 1348 1287 1287 1317 1348 1439 1561 1683 1744
316A Acap  196512272 1774 1744 1683 1561 1439 1317 1226 1195 1256 1317 1409 1439
316A Acap  196512281 1500 1500 1500 1409 1348 1317 1287 1317 1378 1439 1561 1653
316A Acap  196512282 1744 1744 1714 1592 1470 1348 1256 1195 1195 1256 1348 1409
316A Acap  196512291 1470 1531 1531 1470 1409 1348 1317 1287 1317 1378 1500 1622
316A Acap  196512292 1714 1774 1744 1653 1531 1409 1317 1226 1195 1256 1348 1439
316A Acap  196512301 1531 1592 1592 1592 1500 1409 1378 1348 1317 1378 1470 1561
316A Acap  196512302 1653 1714 1714 1653 1561 1439 1317 1226 1256 1287 1348 1470
316A Acap  196512311 1561 1622 1683 1683 1653 1561 1439 1409 1378 1409 1439 1531
316A Acap  196512312 1622 1683 1714 1653 1592 1470 1348 1287 1226 1256 1317 1409
