316A Acapulco           Mexico              1961 16504N 099547W 0000 3 00000R MM
316A Acap  196101011 9999 9999 9999 9999 9999 9999 9999 1615 1646 1615 1585 1524
316A Acap  196101012 1433 1372 1341 1311 1280 1280 1311 1280 1280 1250 1219 1158
316A Acap  196101021 1128 1128 1158 1189 1280 1372 1463 1554 1585 1646 1615 1585
316A Acap  196101022 1494 1433 1372 1280 1250 1189 1219 1250 1280 1311 1311 1250
316A Acap  196101031 1219 1189 1158 1158 1219 1280 1402 1494 1585 1646 1646 1615
316A Acap  196101032 1585 1494 1402 1280 1189 1189 1189 1250 1250 1311 1341 1341
316A Acap  196101041 1311 1280 1219 1189 1189 1219 1311 1433 1524 1615 1707 1676
316A Acap  196101042 1615 1524 1433 1341 1280 1219 1219 1219 1280 1341 1402 1433
316A Acap  196101051 1402 1372 1311 1280 1250 1250 1280 1372 1463 1585 1676 1707
316A Acap  196101052 1737 1646 1585 1463 1341 1219 1189 1189 1250 1311 1433 1463
316A Acap  196101061 1524 1494 1433 1372 1280 1250 1250 1280 1372 1494 1585 1676
316A Acap  196101062 1707 1707 1646 1494 1372 1250 1158 1128 1158 1250 1372 1433
316A Acap  196101071 1494 1494 1463 1402 1311 1250 1189 1219 1280 1402 1524 1615
316A Acap  196101072 1676 1707 1676 1585 1433 1280 1189 1158 1158 1250 1372 1463
316A Acap  196101081 1554 1615 1585 1554 1433 1341 1280 1250 1280 1311 1433 1554
316A Acap  196101082 1646 1676 1676 1585 1463 1311 1189 1128 1128 1158 1250 1372
316A Acap  196101091 1524 1615 1615 1585 1524 1402 1311 1250 1219 1250 1372 1494
316A Acap  196101092 1585 1646 1646 1585 1494 1341 1189 1128 1128 1158 1250 1372
316A Acap  196101101 1494 1615 1646 1646 1585 1494 1402 1280 1250 1250 1311 1402
316A Acap  196101102 1524 1585 1615 1554 1463 1341 1250 1158 1067 1067 1189 1280
316A Acap  196101111 1402 1585 1646 1676 1676 1554 1463 1341 1280 1250 1311 1372
316A Acap  196101112 1433 1524 1585 1554 1524 1372 1219 1128 1067 1067 1128 1219
316A Acap  196101121 1372 1494 1585 1676 1676 1585 1494 1372 1280 1250 1250 1280
316A Acap  196101122 1402 1463 1524 1524 1463 1402 1250 1158 1067 1036 1036 1097
316A Acap  196101131 1250 1402 1524 1646 1676 1676 1585 1494 1433 1341 1341 1372
316A Acap  196101132 1433 1494 1524 1524 1494 1433 1341 1219 1097 1097 1097 1128
316A Acap  196101141 1250 1372 1554 1676 1737 1768 1707 1646 1554 1463 1433 1433
316A Acap  196101142 1402 1463 1494 1524 1494 1463 1402 1280 1189 1128 1097 1097
316A Acap  196101151 1189 1311 1463 1585 1707 1768 1798 1737 1676 1585 1494 1463
316A Acap  196101152 1433 1433 1494 1494 1524 1494 1402 1372 1250 1189 1128 1097
316A Acap  196101161 1128 1189 1311 1463 1585 1707 1798 1798 1768 1707 1615 1554
316A Acap  196101162 1463 1433 1433 1463 1494 1463 1463 1402 1372 1311 1219 1158
316A Acap  196101171 1097 1128 1189 1280 1402 1554 1676 1737 1768 1737 1707 1585
316A Acap  196101172 1494 1402 1341 1341 1372 1402 1402 1433 1433 1372 1341 1219
316A Acap  196101181 1097 1067 1067 1128 1219 1341 1494 1615 1707 1737 1737 1676
316A Acap  196101182 1554 1433 1311 1250 1250 1280 1341 1402 1433 1433 1402 1311
316A Acap  196101191 1250 1128 1067 1097 1097 1189 1311 1433 1585 1676 1707 1676
316A Acap  196101192 1585 1463 1341 1250 1158 1158 1219 1280 1372 1463 1524 1524
316A Acap  196101201 1463 1372 1250 1128 1128 1097 1158 1250 1402 1524 1646 1707
316A Acap  196101202 1676 1585 1463 1311 1189 1097 1067 1128 1219 1341 1463 1554
316A Acap  196101211 1554 1524 1433 1311 1189 1097 1097 1158 1280 1433 1554 1676
316A Acap  196101212 1737 1676 1585 1433 1219 1067 1006 1036 1097 1250 1402 1524
316A Acap  196101221 1615 1646 1615 1524 1402 1280 1189 1158 1189 1311 1463 1585
316A Acap  196101222 1676 1676 1646 1554 1402 1189 1067 1036 1067 1189 1311 1494
316A Acap  196101231 1646 1737 1798 1737 1615 1444 1280 1189 1128 1189 1280 1402
316A Acap  196101232 1554 1646 1646 1585 1463 1280 1128 1006  945 1006 1128 1341
316A Acap  196101241 1494 1646 1737 1768 1707 1554 1402 1280 1158 1158 1250 1341
316A Acap  196101242 1494 1615 1676 1676 1554 1372 1219 1067 1006 1006 1067 1219
316A Acap  196101251 1402 1585 1737 1829 1798 1707 1554 1402 1311 1250 1219 1250
316A Acap  196101252 1372 1494 1585 1585 1554 1433 1311 1158 1036  975  975 1097
316A Acap  196101261 1250 1433 1585 1707 1737 1707 1585 1463 1341 1219 1189 1219
316A Acap  196101262 1280 1372 1463 1554 1554 1463 1372 1250 1128 1036 1006 1067
316A Acap  196101271 1158 1341 1494 1615 1707 1707 1676 1584 1474 1373 1304 1279
316A Acap  196101272 1299 1354 1423 1477 1496 1470 1398 1298 1194 1109 1068 1088
316A Acap  196101281 1161 1274 1410 1536 1631 1680 1676 1615 1554 1463 1402 1341
316A Acap  196101282 1341 1341 1402 1433 1433 1402 1402 1311 1250 1158 1067 1067
316A Acap  196101291 1128 1189 1280 1402 1524 1585 1646 1615 1554 1494 1433 1341
316A Acap  196101292 1311 1280 1311 1341 1341 1341 1311 1280 1250 1158 1067 1067
316A Acap  196101301 1067 1128 1189 1311 1402 1494 1554 1585 1554 1524 1463 1433
316A Acap  196101302 1372 1372 1341 1311 1372 1341 1311 1341 1280 1250 1219 1158
316A Acap  196101311 1158 1158 1189 1280 1372 1463 1494 1554 1554 1554 1524 1463
316A Acap  196101312 1402 1372 1311 1280 1280 1280 1280 1311 1280 1280 1250 1219
316A Acap  196102011 1219 1219 1189 1219 1311 1372 1463 1524 1585 1585 1585 1585
316A Acap  196102012 1524 1494 1402 1341 1311 1280 1280 1280 1311 1341 1372 1341
316A Acap  196102021 1341 1311 1280 1280 1311 1372 1433 1494 1585 1646 1646 1646
316A Acap  196102022 1554 1494 1433 1341 1280 1280 1250 1280 1341 1372 1433 1402
316A Acap  196102031 1402 1372 1311 1280 1280 1280 1341 1372 1463 1554 1646 1646
316A Acap  196102032 1646 1554 1494 1372 1280 1219 1219 1219 1280 1341 1402 1463
316A Acap  196102041 1463 1463 1372 1311 1280 1219 1219 1280 1372 1494 1554 1615
316A Acap  196102042 1615 1554 1524 1433 1311 1189 1189 1189 1250 1341 1433 1463
316A Acap  196102051 1524 1494 1494 1372 1311 1250 1219 1250 1280 1372 1494 1554
316A Acap  196102052 1615 1615 1554 1433 1311 1189 1128 1097 1158 1250 1372 1494
316A Acap  196102061 1554 1585 1524 1463 1402 1280 1219 1219 1250 1311 1433 1524
316A Acap  196102062 1554 1585 1554 1494 1372 1219 1097 1128 1128 1189 1341 1433
316A Acap  196102071 1554 1615 1646 1585 1494 1402 1311 1250 1219 1280 1341 1433
316A Acap  196102072 1585 1615 1585 1524 1402 1250 1158 1067 1067 1128 1250 1372
316A Acap  196102081 1524 1615 1676 1646 1554 1463 1311 1250 1219 1219 1280 1372
316A Acap  196102082 1463 1524 1524 1524 1372 1280 1128 1036 1036 1036 1158 1280
316A Acap  196102091 1402 1585 1676 1707 1646 1554 1433 1341 1219 1219 1250 1311
316A Acap  196102092 1402 1463 1524 1524 1433 1341 1158 1067 1006  975 1097 1219
316A Acap  196102101 1372 1554 1707 1737 1707 1646 1494 1372 1280 1250 1280 1311
316A Acap  196102102 1402 1494 1524 1524 1463 1372 1219 1097 1006  945 1006 1128
316A Acap  196102111 1311 1494 1615 1737 1768 1707 1615 1494 1372 1311 1250 1280
316A Acap  196102112 1372 1433 1494 1524 1463 1372 1250 1128 1036  975  975 1097
316A Acap  196102121 1250 1402 1585 1707 1768 1768 1676 1554 1433 1372 1311 1280
316A Acap  196102122 1341 1402 1494 1524 1494 1402 1311 1158 1036  945  914  975
316A Acap  196102131 1067 1250 1402 1554 1646 1707 1707 1585 1494 1402 1311 1311
316A Acap  196102132 1280 1341 1402 1463 1494 1463 1402 1280 1158 1067 1006 1006
316A Acap  196102141 1067 1158 1280 1463 1585 1676 1707 1676 1585 1494 1402 1341
316A Acap  196102142 1280 1280 1311 1372 1433 1433 1433 1372 1280 1189 1128 1006
316A Acap  196102151 1006 1067 1158 1280 1402 1524 1615 1646 1646 1554 1494 1402
316A Acap  196102152 1341 1341 1341 1372 1402 1433 1433 1463 1433 1372 1280 1250
316A Acap  196102161 1158 1128 1128 1219 1311 1402 1524 1615 1707 1676 1585 1524
316A Acap  196102162 1433 1311 1219 1219 1250 1280 1341 1463 1494 1463 1463 1433
316A Acap  196102171 1341 1219 1189 1158 1158 1250 1341 1463 1554 1615 1646 1585
316A Acap  196102172 1524 1402 1280 1219 1189 1219 1280 1372 1463 1554 1585 1585
316A Acap  196102181 1524 1463 1341 1219 1158 1128 1189 1311 1402 1524 1615 1646
316A Acap  196102182 1615 1524 1372 1250 1128 1097 1128 1189 1311 1463 1585 1676
316A Acap  196102191 1676 1615 1524 1372 1250 1158 1097 1158 1250 1372 1494 1615
316A Acap  196102192 1676 1615 1494 1341 1189 1067 1006 1006 1158 1311 1433 1585
316A Acap  196102201 1676 1676 1646 1524 1341 1219 1097 1097 1097 1219 1372 1494
316A Acap  196102202 1585 1646 1554 1402 1219 1097 1006  945 1006 1128 1280 1524
316A Acap  196102211 1676 1768 1768 1676 1554 1402 1219 1128 1128 1158 1250 1372
316A Acap  196102212 1554 1585 1585 1524 1372 1189 1036  945  975 1006 1158 1341
316A Acap  196102221 1524 1676 1737 1707 1615 1463 1311 1128 1067 1067 1128 1219
316A Acap  196102222 1402 1494 1554 1554 1433 1311 1128  945  884  914 1006 1219
316A Acap  196102231 1402 1585 1707 1768 1737 1585 1433 1280 1158 1067 1097 1189
316A Acap  196102232 1311 1402 1524 1524 1433 1341 1158 1036  914  914  975 1097
316A Acap  196102241 1280 1463 1615 1676 1676 1646 1494 1311 1189 1097 1097 1128
316A Acap  196102242 1189 1311 1372 1433 1402 1341 1189 1036  945  914  914  975
316A Acap  196102251 1128 1280 1463 1554 1585 1585 1494 1372 1250 1128 1067 1067
316A Acap  196102252 1128 1219 1311 1372 1372 1341 1250 1128 1036  975  914  945
316A Acap  196102261 1036 1189 1341 1463 1524 1554 1494 1433 1311 1219 1189 1128
316A Acap  196102262 1128 1189 1250 1341 1341 1341 1311 1219 1097 1036 1006  975
316A Acap  196102271 1036 1128 1250 1341 1433 1494 1463 1463 1372 1311 1219 1189
316A Acap  196102272 1158 1219 1219 1280 1280 1311 1280 1250 1158 1097 1006 1036
316A Acap  196102281 1067 1158 1219 1341 1402 1463 1479 1463 1416 1356 1303 1261
316A Acap  196102282 1235 1229 1244 1270 1293 1302 1292 1263 1213 1154 1107 1081
316A Acap  196103011 1083 1116 1170 1236 1300 1346 1372 1372 1372 1372 1341 1280
316A Acap  196103012 1280 1280 1280 1280 1311 1311 1341 1341 1341 1341 1311 1250
316A Acap  196103021 1219 1219 1219 1250 1280 1341 1402 1402 1433 1433 1402 1372
316A Acap  196103022 1341 1311 1250 1219 1219 1250 1250 1280 1311 1341 1311 1280
316A Acap  196103031 1280 1250 1189 1189 1189 1219 1250 1280 1311 1341 1341 1341
316A Acap  196103032 1311 1250 1219 1219 1189 1158 1158 1158 1219 1250 1280 1311
316A Acap  196103041 1311 1280 1219 1189 1189 1219 1189 1250 1311 1372 1402 1402
316A Acap  196103042 1433 1402 1311 1250 1189 1189 1219 1219 1280 1341 1372 1402
316A Acap  196103051 1402 1372 1311 1219 1158 1158 9999 9999 9999 9999 9999 9999
316A Acap  196103052 9999 9999 9999 9999 9999 9999 9999 9999 9999 9999 9999 9999
316A Acap  196103061 9999 9999 9999 9999 9999 9999 9999 1128 1158 1250 1341 1402
316A Acap  196103062 1402 1402 1341 1250 1128 1097 1067 1067 1128 1219 1341 1433
316A Acap  196103071 1554 1554 1524 1402 1280 1189 1128 1128 1097 1158 1280 1341
316A Acap  196103072 1402 1402 1372 1280 1189 1097 1006 1006 1036 1158 1311 1494
316A Acap  196103081 1585 1646 1615 1524 1402 1250 1128 1067 1067 1128 1189 1311
316A Acap  196103082 1372 1433 1402 1311 1219 1067  975  945  975 1067 1189 1402
316A Acap  196103091 1524 1615 1615 1554 1433 1311 1158 1067 1067 1036 1158 1219
316A Acap  196103092 1341 1402 1402 1341 1280 1128 1036  914  884  975 1067 1250
316A Acap  196103101 1463 1585 1646 1615 1524 1402 1250 1128 1036 1036 1067 1189
316A Acap  196103102 1280 1341 1402 1341 1219 1128  975  853  823  884  975 1158
316A Acap  196103111 1372 1524 1615 1646 1585 1463 1311 1189 1067 1036 1067 1158
316A Acap  196103112 1250 1372 1402 1402 1341 1250 1067  945  884  914  945 1128
316A Acap  196103121 1311 1494 1646 1707 1707 1646 1494 1341 1189 1097 1097 1158
316A Acap  196103122 1250 1372 1433 1463 1402 1311 1158 1036  914  853  914 1036
316A Acap  196103131 1189 1372 1524 1646 1707 1646 1554 1402 1250 1158 1128 1158
316A Acap  196103132 1250 1311 1402 1463 1463 1372 1311 1158 1036  945  914 1006
316A Acap  196103141 1128 1250 1433 1554 1585 1585 1554 1433 1311 1219 1158 1158
316A Acap  196103142 1189 1280 1372 1433 1433 1433 1372 1280 1128 1036  975  975
316A Acap  196103151 1006 1097 1280 1402 1494 1524 1524 1463 1341 1250 1158 1097
316A Acap  196103152 1097 1158 1219 1311 1372 1402 1402 1372 1311 1189 1128 1067
316A Acap  196103161 1036 1036 1158 1280 1372 1463 1463 1494 1433 1341 1250 1189
316A Acap  196103162 1158 1158 1189 1250 1341 1402 1433 1402 1402 1372 1280 1219
316A Acap  196103171 1128 1128 1128 1189 1250 1341 1402 1463 1463 1402 1341 1280
316A Acap  196103172 1219 1158 1128 1158 1219 1280 1372 1463 1463 1494 1463 1402
316A Acap  196103181 1311 1219 1189 1128 1128 1189 1219 1280 1372 1402 1402 1341
316A Acap  196103182 1280 1189 1097 1036 1036 1097 1189 1280 1372 1463 1524 1554
316A Acap  196103191 1463 1372 1250 1158 1128 1097 1128 1189 1250 1341 1433 1402
316A Acap  196103192 1402 1311 1189 1097 1006 1006 1036 1158 1311 1433 1524 1615
316A Acap  196103201 1615 1554 1463 1311 1158 1067 1067 1097 1158 1250 1372 1494
316A Acap  196103202 1494 1463 1341 1219 1067 1006 1006 1067 1189 1372 1494 1615
316A Acap  196103211 1737 1707 1615 1463 1280 1158 1067 1036 1097 1189 1311 1402
316A Acap  196103212 1463 1463 1402 1280 1128 1036  914  945 1036 1189 1372 1554
316A Acap  196103221 1646 1737 1768 1646 1494 1280 1128 1097 1067 1128 1250 1402
316A Acap  196103222 1463 1494 1494 1372 1219 1097 1006  945 1006 1128 1250 1463
316A Acap  196103231 1646 1737 1737 1676 1554 1372 1219 1067 1036 1067 1128 1250
316A Acap  196103232 1402 1463 1463 1463 1341 1189 1036  945  914  975 1097 1311
316A Acap  196103241 1494 1646 1737 1707 1615 1494 1311 1158 1067 1036 1097 1219
316A Acap  196103242 1311 1433 1494 1494 1402 1250 1128  975  945  975 1067 1250
316A Acap  196103251 1402 1554 1676 1707 1676 1554 1402 1250 1128 1067 1067 1158
316A Acap  196103252 1219 1372 1433 1463 1402 1280 1158 1036  975  945 1006 1097
316A Acap  196103261 1250 1402 1524 1615 1615 1554 1433 1311 1219 1158 1128 1158
316A Acap  196103262 1250 1341 1433 1433 1433 1372 1280 1158 1067 1006 1036 1128
316A Acap  196103271 1250 1402 1524 1585 1615 1585 1494 1402 1280 1219 1219 1189
316A Acap  196103272 1250 1341 1402 1463 1463 1433 1372 1280 1189 1158 1128 1189
316A Acap  196103281 1250 1341 1494 1554 1554 1585 1554 1494 1402 1341 1280 1250
316A Acap  196103282 1250 1311 1402 1433 1402 1433 1433 1341 1280 1219 1219 1219
316A Acap  196103291 1280 1341 1433 1494 1524 1524 1524 1433 1402 1311 1250 1250
316A Acap  196103292 1219 1280 1341 1372 1402 1402 1463 1402 1372 1311 1280 1250
316A Acap  196103301 1280 1341 1372 1433 1463 1463 1463 1433 1402 1341 1311 1311
316A Acap  196103302 1280 1311 1311 1372 1402 1433 1463 1402 1341 1372 1311 1311
316A Acap  196103311 1280 1280 1341 1372 1433 1433 1402 1402 1402 1341 1311 1311
316A Acap  196103312 1311 1311 1280 1311 1341 1341 1372 1402 1402 1402 1372 1372
316A Acap  196104011 1372 1311 1341 1341 1341 1341 1372 1372 1372 1372 1341 1341
316A Acap  196104012 1341 1280 1280 1280 1280 1341 1372 1402 1433 1463 1494 1463
316A Acap  196104021 1463 1402 1341 1341 1341 1311 1311 1311 1341 1372 1341 1341
316A Acap  196104022 1341 1311 1280 1250 1280 1280 1311 1402 1433 1494 1524 1554
316A Acap  196104031 1554 1463 1402 1341 1280 1250 1219 1250 1280 1280 1341 1372
316A Acap  196104032 1341 1311 1250 1189 1189 1219 1250 1341 1463 1494 1554 1585
316A Acap  196104041 1646 1615 1524 1372 1311 1250 1219 1189 1250 1280 1372 1402
316A Acap  196104042 1372 1372 1311 1189 1158 1128 1158 1219 1341 1433 1524 1646
316A Acap  196104051 1646 1615 1585 1463 1341 1250 1189 1189 1189 1250 1311 1341
316A Acap  196104052 1372 1372 1311 1219 1158 1097 1097 1158 1219 1402 1524 1585
316A Acap  196104061 1676 1676 1585 1494 1372 1250 1158 1097 1128 1158 1219 1341
316A Acap  196104062 1372 1402 1372 1250 1128 1067 1006 1067 1128 1219 1402 1585
316A Acap  196104071 1707 1737 1707 1585 1463 1311 1189 1097 1097 1158 1189 1311
316A Acap  196104072 1402 1433 1402 1311 1219 1067  975  945 1006 1128 1280 1463
316A Acap  196104081 1615 1737 1737 1676 1554 1372 1219 1128 1097 1128 1189 1311
316A Acap  196104082 1402 1433 1433 1402 1311 1158 1036  975  914 1006 1158 1372
316A Acap  196104091 1554 1676 1737 1768 1676 1463 1311 1189 1067 1067 1128 1219
316A Acap  196104092 1341 1433 1463 1463 1372 1250 1097  975  884  975 1036 1219
316A Acap  196104101 1402 1554 1707 1737 1646 1524 1372 1219 1097 1067 1067 1158
316A Acap  196104102 1280 1372 1433 1494 1463 1372 1189 1067  975  914  975 1067
316A Acap  196104111 1250 1402 1554 1646 1676 1554 1433 1280 1158 1067 1036 1128
316A Acap  196104112 1189 1311 1463 1494 1494 1402 1311 1189 1036 1006  975 1036
316A Acap  196104121 1189 1311 1402 1524 1554 1524 1433 1341 1219 1128 1067  945
316A Acap  196104122 1158 1219 1341 1433 1463 1463 1433 1341 1219 1128 1067 1036
316A Acap  196104131 1128 1189 1250 1372 1433 1463 1402 1311 1219 1128 1006 1006
316A Acap  196104132 1006 1097 1158 1280 1372 1402 1433 1402 1341 1280 1189 1158
316A Acap  196104141 1158 1158 1189 1250 1341 1372 1372 1372 1311 1250 1189 1067
316A Acap  196104142 1067 1097 1128 1219 1311 1372 1463 1463 1463 1463 1372 1311
316A Acap  196104151 1250 1219 1189 1219 1250 1250 1341 1341 1311 1280 1250 1158
316A Acap  196104152 1097 1036 1067 1128 1189 1250 1341 1372 1463 1494 1463 1402
316A Acap  196104161 1311 1250 1128 1128 1128 1128 1158 1189 1250 1280 1219 1189
316A Acap  196104162 1128 1067 1036  975 1006 1097 1219 1311 1402 1494 1554 1524
316A Acap  196104171 1433 1372 1219 1097 1036 1036 1036 1067 1128 1189 1219 1219
316A Acap  196104172 1158 1097 1006  945  914  975 1067 1189 1311 1463 1554 1615
316A Acap  196104181 1615 1524 1341 1219 1067  975  914  975 1036 1158 1250 1280
316A Acap  196104182 1280 1250 1128 1036  945  914  945 1006 1128 1311 1463 1585
316A Acap  196104191 1646 1615 1494 1341 1158 1006  945  914  975 1067 1189 1280
316A Acap  196104192 1311 1280 1250 1128  975  884  884  914 1006 1219 1372 1524
316A Acap  196104201 1615 1646 1554 1433 1250 1036  945  853  884 1006 1128 1219
316A Acap  196104202 1341 1372 1341 1250 1097  945  914  884  945 1067 1250 1433
316A Acap  196104211 1615 1646 1646 1554 1341 1189 1036  914  853  914 1036 1158
316A Acap  196104212 1280 1372 1341 1280 1158 1036  914  853  884  975 1097 1250
316A Acap  196104221 1463 1554 1554 1494 1372 1219 1067  975  884  884  945 1067
316A Acap  196104222 1189 1280 1280 1280 1219 1097  975  884  853  914 1006 1158
316A Acap  196104231 1311 1463 1524 1554 1463 1311 1189 1036  975  914  975 1097
316A Acap  196104232 1189 1280 1372 1402 1311 1219 1128 1006  975  975 1006 1158
316A Acap  196104241 1311 1433 1554 1585 1524 1402 1280 1158 1097 1006 1006 1097
316A Acap  196104242 1158 1280 1341 1372 1341 1280 1189 1067 1006 1006 1036 1097
316A Acap  196104251 1219 1372 1463 1494 1524 1463 1372 1219 1128 1067 1067 1097
316A Acap  196104252 1158 1250 1341 1402 1402 1372 1311 1189 1097 1036 1067 1097
316A Acap  196104261 1219 1311 1402 1463 1463 1463 1402 1250 1189 1128 1097 1128
316A Acap  196104262 1158 1219 1311 1402 1402 1402 1341 1280 1219 1158 1128 1128
316A Acap  196104271 1219 1280 1341 1402 1433 1433 1372 1280 1189 1158 1097 1097
316A Acap  196104272 1158 1250 1311 1372 1433 1402 1372 1341 1250 1219 1158 1158
316A Acap  196104281 1189 1219 1311 1311 1372 1372 1311 1280 1250 1097 1128 1128
316A Acap  196104282 1128 1189 1250 1311 1402 1433 1463 1433 1402 1341 1311 1250
316A Acap  196104291 1219 1250 1280 1280 1311 1311 1311 1250 1219 1158 1158 1128
316A Acap  196104292 1128 1128 1189 1250 1311 1341 1402 1433 1433 1433 1433 1372
316A Acap  196104301 1311 1280 1280 1280 1280 1280 1280 1250 1219 1189 1189 1189
316A Acap  196104302 1128 1128 1158 1189 1250 1341 1433 1463 1463 1494 1494 1433
316A Acap  196105011 1402 1311 1280 1250 1250 1219 1219 1219 1219 1219 1219 1189
316A Acap  196105012 1189 1158 1158 1189 1219 1311 1402 1494 1554 1585 1585 1585
316A Acap  196105021 1554 1463 1372 1250 1219 1189 1158 1189 1219 1250 1280 1280
316A Acap  196105022 1280 1219 1158 1158 1158 1219 1311 1433 1524 1585 1646 1676
316A Acap  196105031 1646 1524 1433 1341 1250 1189 1158 1189 1219 1250 1311 1311
316A Acap  196105032 1280 1250 1189 1128 1097 1158 1219 1341 1463 1585 1676 1737
316A Acap  196105041 1737 1676 1585 1433 1311 1189 1158 1158 1189 1280 1341 1341
316A Acap  196105042 1372 1311 1250 1128 1097 1036 1067 1158 1311 1463 1615 1707
316A Acap  196105051 1768 1707 1585 1463 1341 1219 1097 1097 1128 1219 1311 1341
316A Acap  196105052 1372 1372 1280 1189 1067 1006 1006 1036 1128 1311 1494 1646
316A Acap  196105061 1768 1737 1676 1554 1402 1250 1128 1067 1036 1128 1219 1341
316A Acap  196105062 1402 1372 1341 1280 1158 1067  975  945 1036 1189 1372 1554
316A Acap  196105071 1707 1768 1768 1676 1494 1311 1128 1067 1067 1067 1189 1341
316A Acap  196105072 1433 1494 1463 1402 1311 1189 1067 1006 1036 1158 1311 1494
316A Acap  196105081 1646 1737 1798 1707 1585 1433 1280 1128 1067 1097 1158 1280
316A Acap  196105082 1433 1524 1554 1554 1494 1372 1280 1158 1097 1158 1219 1372
316A Acap  196105091 1524 1646 1707 1707 1676 1494 1372 1250 1128 1097 1128 1219
316A Acap  196105092 1402 1494 1585 1585 1554 1463 1341 1250 1189 1158 1189 1280
316A Acap  196105101 1433 1554 1615 1676 1646 1524 1402 1250 1158 1097 1067 1219
316A Acap  196105102 1311 1433 1554 1615 1646 1585 1524 1433 1341 1280 1250 1280
316A Acap  196105111 1372 1463 1585 1646 1646 1615 1494 1402 1250 1158 1128 1158
316A Acap  196105112 1250 1372 1463 1554 1646 1646 1646 1615 1494 1402 1372 1341
316A Acap  196105121 1372 1433 1524 1554 1585 1585 1524 1463 1341 1219 1158 1128
316A Acap  196105122 1189 1280 1372 1524 1615 1707 1737 1707 1646 1585 1524 1463
316A Acap  196105131 1402 1402 1463 1494 1494 1494 1494 1463 1372 1311 1250 1189
316A Acap  196105132 1219 1250 1341 1433 1554 1646 1676 1737 1737 1676 1615 1524
316A Acap  196105141 1494 1494 1433 1433 1433 1463 1494 1494 1463 1433 1372 1311
316A Acap  196105142 1280 1280 1280 1341 1463 1524 1615 1676 1737 1707 1707 1676
316A Acap  196105151 1585 1494 1433 1402 1372 1402 1402 1402 1372 1372 1372 1341
316A Acap  196105152 1280 1280 1250 1219 1250 1372 1463 1554 1676 1707 1737 1737
316A Acap  196105161 1676 1615 1463 1402 1341 1311 1341 1341 1372 1433 1433 1433
316A Acap  196105162 1402 1341 1311 1280 1219 1311 1402 1494 1615 1707 1798 1829
316A Acap  196105171 1829 1737 1585 1463 1341 1280 1250 1280 1311 1372 1433 1463
316A Acap  196105172 1463 1433 1341 1280 1250 1280 1311 1402 1554 1737 1829 1890
316A Acap  196105181 1920 1829 1707 1554 1433 1311 1219 1250 1280 1372 1494 1524
316A Acap  196105182 1524 1524 1494 1372 1250 1280 1311 1372 1463 1585 1737 1859
316A Acap  196105191 1890 1890 1798 1676 1524 1402 1280 1219 1250 1280 1372 1494
316A Acap  196105192 1524 1554 1494 1433 1341 1280 1250 1219 1341 1463 1615 1768
316A Acap  196105201 1859 1920 1859 1768 1585 1372 1250 1189 1189 1189 1311 1372
316A Acap  196105202 1494 1524 1524 1463 1341 1280 1219 1250 1280 1372 1524 1676
316A Acap  196105211 1798 1829 1798 1707 1585 1402 1280 1158 1128 1158 1219 1341
316A Acap  196105212 1494 1524 1524 1494 1463 1341 1219 1189 1219 1280 1402 1524
316A Acap  196105221 1646 1737 1768 1707 1585 1463 9999 9999 9999 9999 9999 9999
316A Acap  196105222 9999 9999 9999 9999 9999 9999 9999 9999 9999 9999 9999 9999
316A Acap  196105231 9999 9999 9999 9999 9999 9999 9999 9999 9999 9999 9999 9999
316A Acap  196105232 1341 1463 1554 1585 1554 1524 1402 1311 1250 1250 1311 1372
316A Acap  196105241 1463 1554 1646 1646 1646 1585 1463 1341 1250 1189 1158 1219
316A Acap  196105242 1311 1433 1524 1585 1524 1524 1463 1372 1311 1250 1250 1311
316A Acap  196105251 1372 1463 1524 1554 1554 1494 1433 1341 1219 1189 1189 1189
316A Acap  196105252 1280 1402 1463 1524 1554 1554 1494 1433 1341 1311 1280 1311
316A Acap  196105261 1341 1402 1494 1524 1524 1494 1402 1311 1219 1158 1128 1158
316A Acap  196105262 1250 1341 1402 1494 1524 1554 1524 1494 1402 1372 1311 1341
316A Acap  196105271 1372 1372 1433 1433 1433 1402 1372 1280 1189 1128 1128 1097
316A Acap  196105272 1158 1280 1341 1433 1524 1524 1615 1554 1494 1402 1372 1372
316A Acap  196105281 1341 1372 1402 1433 1433 1402 1372 1311 1250 1158 1128 1097
316A Acap  196105282 1128 1189 1280 1402 1463 1554 1615 1646 1585 1524 1463 1433
316A Acap  196105291 1372 1341 1341 1341 1341 1311 1311 1280 1250 1189 1128 1128
316A Acap  196105292 1158 1158 1219 1280 1402 1494 1585 1646 1676 1615 1585 1494
316A Acap  196105301 1463 1402 1341 1341 1280 1311 1280 1280 1250 1189 1158 1097
316A Acap  196105302 1097 1097 1128 1189 1250 1372 1524 1615 1676 1676 1676 1646
316A Acap  196105311 1554 1463 1402 1341 1311 1280 1280 1250 1250 1250 1219 1158
316A Acap  196105312 1128 1097 1097 1128 1189 1311 1433 1524 1676 1707 1737 1737
316A Acap  196106011 1585 1554 1433 1311 1280 1250 1280 1311 1341 1372 1311 1311
316A Acap  196106012 1250 1158 1128 1097 1097 1189 1311 1433 1554 1707 1768 1798
316A Acap  196106021 1768 1676 1494 1372 1280 1219 1219 1219 1250 1341 1372 1372
316A Acap  196106022 1341 1250 1158 1036 1006 1067 1158 1250 1402 1615 1768 1798
316A Acap  196106031 1798 1768 1646 1524 1311 1189 1158 1158 1189 1280 1402 1433
316A Acap  196106032 1402 1402 1311 1189 1097 1036 1067 1158 1280 1463 1646 1798
316A Acap  196106041 1829 1798 1707 1554 1402 1158 1097 1097 1158 1219 1341 1463
316A Acap  196106042 1524 1524 1433 1311 1158 1067 1067 1097 1158 1372 1554 1676
316A Acap  196106051 1798 1798 1768 1646 1463 1311 1128 1036 1097 1158 1280 1402
316A Acap  196106052 1524 1554 1554 1494 1341 1189 1097 1067 1097 1189 1341 1494
316A Acap  196106061 1646 1707 1707 1615 1494 1311 1158 1036 1006 1036 1189 1341
316A Acap  196106062 1494 1554 1615 1615 1524 1372 1250 1128 1097 1128 1250 1402
316A Acap  196106071 1554 1646 1707 1676 1554 9999 9999 9999 9999 9999 9999 9999
316A Acap  196106072 9999 9999 9999 9999 9999 9999 9999 9999 9999 9999 9999 9999
316A Acap  196106081 9999 9999 9999 9999 9999 9999 1372 1219 1097 1036 1097 1250
316A Acap  196106082 1341 1524 1646 1737 1768 1676 1646 1524 1402 1311 1280 1311
316A Acap  196106091 1372 1494 1585 1646 1615 1585 1494 1341 1219 1158 1128 1219
316A Acap  196106092 1311 1402 1585 1737 1829 1859 1798 1737 1646 1585 1524 1494
316A Acap  196106101 1463 1524 1615 1676 1676 1676 1646 1524 1402 1311 1250 1250
316A Acap  196106102 1280 1402 1554 1646 1737 1798 1859 1768 1737 1646 1524 1463
316A Acap  196106111 1402 1463 1463 1524 1494 1524 1554 1494 1372 1219 1158 1128
316A Acap  196106112 1097 1158 1280 1463 1524 1646 1737 1768 1768 1676 1585 1494
316A Acap  196106121 1402 1402 1372 1402 1433 1433 1463 1463 1402 1280 1219 1189
316A Acap  196106122 1158 1158 1219 1341 1433 1524 1615 1707 1737 1737 1676 1585
316A Acap  196106131 1494 1402 1311 1280 1280 1280 1311 1341 1311 1280 1250 1158
316A Acap  196106132 1128 1097 1097 1158 1250 1372 1494 1585 1676 1707 1676 1615
316A Acap  196106141 1554 1433 1341 1250 1219 1189 1189 1250 1280 1280 1250 1219
316A Acap  196106142 1158 1067 1006 1006 1097 1189 1311 1433 1554 1615 1676 1646
316A Acap  196106151 1554 1494 1372 1250 1128 1097 1128 1158 1219 1250 1250 1250
316A Acap  196106152 1219 1128 1067 1006 1036 1097 1189 1311 1402 1554 1646 1676
316A Acap  196106161 1646 1554 1433 1311 1189 1097 1128 1097 1158 1250 1250 1311
316A Acap  196106162 1280 1280 1219 1128 1097 1097 1128 1219 1341 1494 1646 1646
316A Acap  196106171 1646 1646 1554 1372 1250 1128 1128 1097 1158 1250 1280 1341
316A Acap  196106172 1341 1341 1250 1158 1128 1128 1158 1219 1311 1433 1554 1676
316A Acap  196106181 1707 1646 1615 1524 1341 1219 1158 1128 1128 1189 1280 1341
316A Acap  196106182 1402 1433 1402 1341 1280 1219 1250 1280 1311 1402 1524 1585
316A Acap  196106191 1676 1707 1615 1524 1463 1341 1250 1189 1189 1219 1311 1402
316A Acap  196106192 1463 1524 1494 1402 1341 1280 1219 1250 1280 1372 1463 1554
316A Acap  196106201 1646 1676 1676 1585 1494 1341 1250 1250 1219 1219 1280 1372
316A Acap  196106202 1433 1524 1524 1524 1463 1372 1311 1280 1280 1341 1433 1524
316A Acap  196106211 1585 1646 1615 1585 1494 1341 1280 1250 1189 1189 1250 1341
316A Acap  196106212 1463 1494 1554 1585 1524 1463 1341 1311 1311 1341 1402 1463
316A Acap  196106221 1585 1646 1615 1615 1554 1463 1341 1219 1158 1158 1250 1280
316A Acap  196106222 1402 1494 1554 1585 1554 1463 1402 1341 1280 1311 1341 1433
316A Acap  196106231 1494 1554 1554 1554 1494 1433 1372 1250 1158 1128 1128 1219
316A Acap  196106232 1341 1463 1524 1585 1615 1585 1494 1433 1311 1280 1250 1372
316A Acap  196106241 1402 1433 1494 1463 1494 1463 1341 1219 1158 1128 1158 1189
316A Acap  196106242 1250 1372 1494 1585 1615 1615 1585 1494 1402 1402 1311 1341
316A Acap  196106251 1372 1402 1463 1463 1463 1402 1280 1250 1189 1158 1067 1097
316A Acap  196106252 1189 1250 1433 1585 1585 1676 1676 1585 1494 1463 1433 1433
316A Acap  196106261 1402 1402 1433 1463 1494 1433 1372 1280 1219 1158 1097 1097
316A Acap  196106262 1158 1280 1372 1554 1646 1737 1737 1737 1676 1615 1554 1524
316A Acap  196106271 1463 1463 1524 1524 1494 1463 1433 1341 1280 1280 1128 1097
316A Acap  196106272 1128 1189 1341 1463 1585 1707 1768 1798 1768 1707 1646 1524
316A Acap  196106281 1463 1433 1433 1463 1463 1494 1433 1402 1372 1280 1219 1097
316A Acap  196106282 1097 1189 1219 1402 1494 1585 1676 1737 1798 1768 1707 1646
316A Acap  196106291 1494 1524 1433 1402 1463 1494 1463 1402 1372 1341 1280 1219
316A Acap  196106292 1189 1158 1158 1219 1402 1494 1585 1737 1829 1829 1829 1737
316A Acap  196106301 1646 1585 1494 1402 1372 1372 1372 1402 1372 1402 1402 1250
316A Acap  196106302 1219 1128 1097 1128 1189 1280 1463 1615 1707 1829 1890 1798
316A Acap  196107011 1737 1646 1524 1463 1402 1341 1402 1402 1463 1494 1494 1494
316A Acap  196107012 1402 1311 1250 1189 1158 1219 1280 1433 1615 1737 1798 1859
316A Acap  196107021 1798 1707 1585 1433 1341 1311 1311 1311 1341 1433 1524 1585
316A Acap  196107022 1585 1494 1372 1280 1219 1189 1250 1280 1494 1615 1768 1859
316A Acap  196107031 1920 1798 1707 1554 1372 1250 1158 1219 1311 1402 1524 1585
316A Acap  196107032 1676 1646 1585 1463 1341 1250 1219 1280 1372 1494 1646 1768
316A Acap  196107041 1829 1859 1768 1646 1463 1280 1158 1097 1128 1219 1341 1463
316A Acap  196107042 1615 1646 1676 1615 1524 1341 1280 1219 1250 1311 1433 1554
316A Acap  196107051 1707 1737 1768 1676 1554 1372 1219 1128 1067 1128 1280 1433
316A Acap  196107052 1554 1646 1737 1768 1646 1524 1402 1311 1250 1250 1341 1463
316A Acap  196107061 1554 1676 1707 1707 1615 1433 1311 1158 1036 1097 1158 1280
316A Acap  196107062 1433 1615 1707 1768 1768 1707 1585 1433 1372 1311 1311 1372
316A Acap  196107071 1463 1585 1676 1676 1646 1463 1402 1219 1036 1036 1067 1189
316A Acap  196107072 1341 1554 1707 1768 1798 1798 1676 1554 1402 1341 1311 1311
316A Acap  196107081 1402 1554 1615 1615 1585 1524 1433 1280 1128 1097 1067 1097
316A Acap  196107082 1250 1433 1585 1707 1768 1798 1768 1676 1585 1494 1402 1402
316A Acap  196107091 1402 1463 1554 1615 1646 1585 1524 1402 1250 1189 1128 1158
316A Acap  196107092 1219 1372 1433 1585 1737 1859 1829 1798 1707 1615 1524 1433
316A Acap  196107101 1433 1433 1463 1524 1554 1554 1494 1433 1341 1250 1158 1158
316A Acap  196107102 1219 1280 1433 1554 1676 1768 1829 1829 1737 1676 1615 1494
316A Acap  196107111 1494 1463 1433 1494 1494 1524 1524 1463 1402 1341 1280 1250
316A Acap  196107112 1250 1311 1433 1494 1646 1768 1890 1920 1920 1890 1829 1737
316A Acap  196107121 1676 1615 1585 1585 1585 1615 1615 1615 1585 1554 1402 1402
316A Acap  196107122 1372 1372 1433 1433 1524 1615 1707 1768 1829 1859 1768 1707
316A Acap  196107131 1646 1585 1494 1433 1433 1433 1463 1433 1463 1402 1372 1311
316A Acap  196107132 1250 1250 1280 1341 1433 1524 1646 1707 1798 1829 1798 1737
316A Acap  196107141 1646 1585 1494 1402 1372 1372 1372 1402 1433 1463 1463 1433
316A Acap  196107142 1402 1372 1341 1341 1341 1402 1494 1554 1646 1737 1768 1737
316A Acap  196107151 1737 1676 1494 1463 1402 1402 1341 1311 1402 1433 1463 1433
316A Acap  196107152 1402 1433 1402 1280 1280 1372 1433 1524 1615 1707 1798 1829
316A Acap  196107161 1829 1768 1676 1585 1494 1402 1372 1372 1402 1463 1554 1585
316A Acap  196107162 1585 1554 1494 1433 1402 1372 1402 1463 1554 1676 1737 1798
316A Acap  196107171 1798 1768 1646 1554 1463 1372 1341 1311 1341 1433 1494 1524
316A Acap  196107172 1554 1585 1585 1463 1433 1433 1372 1402 1463 1585 1676 1768
316A Acap  196107181 1829 1798 1737 1585 1494 1372 1341 1341 1341 1341 1402 1524
316A Acap  196107182 1585 1615 1585 1554 1463 1402 1372 1372 1402 1494 1554 1646
316A Acap  196107191 1707 1768 1707 1615 1494 1402 1311 1280 1250 1280 1402 1524
316A Acap  196107192 1585 1646 1676 1615 1524 1463 1372 1372 1402 1433 1524 1615
316A Acap  196107201 1676 1707 1707 1646 1524 1433 1311 1219 1219 1280 1372 1494
316A Acap  196107202 1585 1676 1676 1646 1646 1554 1433 1372 1311 1341 1463 1554
316A Acap  196107211 1585 1646 1615 1554 1494 1402 1280 1219 1158 1158 1219 1433
316A Acap  196107212 1554 1676 1707 1707 1676 1585 1463 1372 1341 1341 1341 1463
316A Acap  196107221 1524 1585 1585 1585 1554 1463 1311 1219 1158 1128 1219 1311
316A Acap  196107222 1463 1615 1707 1707 1737 1646 1585 1494 1433 1433 1433 1494
316A Acap  196107231 1554 1615 1615 1615 1554 1463 1341 1219 1158 1158 1158 1250
316A Acap  196107232 1372 1554 1707 1768 1768 1737 1707 1585 1494 1494 1433 1463
316A Acap  196107241 1524 1585 1585 1585 1554 1494 1402 1311 1250 1219 1158 1250
316A Acap  196107242 1372 1524 1707 1829 1890 1859 1798 1737 1676 1585 1524 1554
316A Acap  196107251 1585 1646 1646 1646 1646 1585 1463 1372 1219 1158 1158 1158
316A Acap  196107252 1280 1402 1585 1707 1798 1890 1859 1798 1707 1646 1585 1554
316A Acap  196107261 1524 1554 1585 1615 1615 1585 1463 1372 1250 1158 1097 1067
316A Acap  196107262 1158 1280 1402 1585 1707 1829 1859 1798 1768 1676 1615 1554
316A Acap  196107271 1524 1463 1494 1494 1554 1554 1524 1463 1372 1250 1158 1097
316A Acap  196107272 1128 1219 1280 1402 1494 1646 1768 1798 1798 1737 1646 1585
316A Acap  196107281 1524 1494 1463 1463 1463 1524 1524 1494 1402 1280 1219 1219
316A Acap  196107282 1158 1128 1189 1280 1402 1524 1676 1768 1798 1768 1707 1707
316A Acap  196107291 1615 1524 1433 1463 1433 1433 1494 1494 1494 1463 1433 1372
316A Acap  196107292 1311 1280 1219 1250 1311 1402 1524 1676 1768 1798 1798 1798
316A Acap  196107301 1737 1585 1463 1372 1372 1341 1402 1463 1524 1554 1554 1554
316A Acap  196107302 1463 1402 1341 1311 1311 1341 1402 1524 1646 1737 1798 1829
316A Acap  196107311 1737 1646 1524 1463 1372 1311 1311 1341 1433 1524 1615 1646
316A Acap  196107312 1615 1524 1463 1372 1280 1250 1280 1372 1494 1615 1707 1768
316A Acap  196108011 1798 1707 1554 1463 1341 1250 1219 1250 1341 1463 1615 1737
316A Acap  196108012 1768 1768 1737 1646 1494 1372 1311 1341 1402 1524 1676 1768
316A Acap  196108021 1859 1859 1768 1646 1494 1311 1219 1189 1250 1341 1524 1707
316A Acap  196108022 1798 1859 1829 1707 1585 1494 1372 1311 1341 1402 1524 1646
316A Acap  196108031 1768 1798 1768 1707 1554 1402 1219 1158 1158 1219 1402 1554
316A Acap  196108032 1707 1859 1920 1890 1798 1676 1524 1372 1311 1341 1402 1524
316A Acap  196108041 1615 1707 1737 1646 1554 1402 1250 1158 1067 1067 1189 1372
316A Acap  196108042 1585 1768 1890 1920 1859 1707 1554 1433 1311 1280 1341 1433
316A Acap  196108051 1554 1646 1707 1707 1615 1494 1341 1189 1097 1067 1158 1280
316A Acap  196108052 1433 1615 1768 1859 1859 1829 1707 1554 1433 1341 1341 1372
316A Acap  196108061 1433 1554 1646 1646 1615 1554 1402 1280 1128 1067 1067 1158
316A Acap  196108062 1311 1463 1615 1768 1798 1798 1737 1615 1494 1402 1341 1341
316A Acap  196108071 1402 1463 1554 1554 1585 1524 1433 1311 1189 1128 1097 1128
316A Acap  196108072 1219 1311 1494 1676 1737 1768 1737 1676 1585 1463 1402 1372
316A Acap  196108081 1372 1372 1463 1494 1524 1524 1463 1372 1280 1189 1158 1128
316A Acap  196108082 1189 1311 1433 1585 1646 1737 1737 1737 1646 1585 1524 1463
316A Acap  196108091 1433 1402 1463 1524 1524 1494 1463 1402 1311 1250 1189 1158
316A Acap  196108092 1189 1250 1341 1463 1554 1615 1676 1676 1646 1585 1524 1463
316A Acap  196108101 1433 1402 1402 1433 1463 1433 1433 1433 1372 1311 1250 1219
316A Acap  196108102 1219 1219 1280 1372 1494 1585 1646 1676 1676 1615 1615 1554
316A Acap  196108111 1463 1433 1402 1402 1402 1402 1402 1402 1372 1311 1250 1250
316A Acap  196108112 1250 1250 1250 1280 1372 1463 1524 1554 1615 1646 1646 1615
316A Acap  196108121 1554 1463 1372 1341 1311 1311 1341 1341 1341 1341 1341 1280
316A Acap  196108122 1250 1250 1219 1219 1280 1341 1402 1494 1554 1585 1615 1585
316A Acap  196108131 1554 1494 1402 1341 1311 1280 1280 1280 1341 1372 1372 1372
316A Acap  196108132 1311 1311 1280 1280 1311 1311 1341 1402 1494 1554 1585 1615
316A Acap  196108141 1554 1524 1463 1402 1311 1280 1280 1311 1341 1372 1433 1433
316A Acap  196108142 1433 1433 1372 1280 1250 1250 1280 1341 1402 1494 1554 1554
316A Acap  196108151 1554 1524 1494 1372 1311 1250 1250 1250 1280 1341 1402 1463
316A Acap  196108152 1494 1463 1402 1372 1311 1250 1250 1311 1341 1433 1494 1554
316A Acap  196108161 1585 1585 1494 1402 1341 1250 1219 1189 1219 1280 1372 1463
316A Acap  196108162 1524 1524 1494 1433 1341 1280 1250 1250 1280 1341 1433 1494
316A Acap  196108171 1524 1554 1524 1463 1341 1250 1189 1189 1219 1280 1372 1494
316A Acap  196108172 1585 1585 1554 1494 1402 1341 1250 1219 1250 1280 1341 1433
316A Acap  196108181 1524 1524 1494 1402 1311 1219 1158 1097 1158 1219 1341 1494
316A Acap  196108182 1554 1615 1615 1615 1524 1402 1280 1250 1219 1280 1311 1402
316A Acap  196108191 1494 1524 1494 1433 1341 1250 1158 1067 1097 1158 1250 1402
316A Acap  196108192 1554 1646 1676 1676 1615 1524 1433 1311 1280 1311 1372 1433
316A Acap  196108201 1494 1554 1554 1524 1463 1341 1219 1128 1097 1128 1219 1341
316A Acap  196108202 1524 1676 1737 1737 1707 1646 1494 1402 1341 1311 1341 1402
316A Acap  196108211 1494 1554 1585 1524 1463 1372 1219 1128 1067 1067 1128 1250
316A Acap  196108212 1402 1615 1707 1768 1768 1676 1585 1494 1402 1341 1311 1372
316A Acap  196108221 1433 1524 1554 1554 1494 1372 1280 1128 1067 1006 1067 1189
316A Acap  196108222 1341 1494 1646 1737 1768 1737 1676 1585 1463 1402 1372 1372
316A Acap  196108231 1433 1494 1554 1585 1554 1433 1341 1219 1097 1006 1036 1097
316A Acap  196108232 1219 1372 1524 1676 1737 1737 1707 1615 1524 1433 1372 1372
316A Acap  196108241 1402 1402 1524 1554 1554 1524 1433 1311 1189 1067 1036 1067
316A Acap  196108242 1128 1250 1402 1554 1676 1737 1768 1737 1615 1524 1463 1402
316A Acap  196108251 1402 1433 1463 1524 1554 1554 1494 1433 1311 1219 1128 1097
316A Acap  196108252 1097 1158 1280 1433 1524 1646 1707 1707 1676 1615 1494 1433
316A Acap  196108261 1372 1372 1402 1463 1494 1554 1554 1554 1463 1372 1311 1219
316A Acap  196108262 1189 1158 1219 1311 1463 1554 1646 1676 1707 1646 1615 1524
316A Acap  196108271 1433 1372 1341 1372 1433 1463 1524 1615 1615 1585 1494 1402
316A Acap  196108272 1341 1311 1280 1311 1341 1433 1524 1585 1676 1707 1676 1615
316A Acap  196108281 1524 1433 1341 1280 1311 1341 1433 1524 1585 1615 1585 1554
316A Acap  196108282 1524 1463 1372 1311 1280 1311 1402 1463 1585 1676 1707 1707
316A Acap  196108291 1646 1554 1433 1341 1280 1280 1341 1402 1524 1646 1707 1768
316A Acap  196108292 1737 1707 1615 1524 1372 1341 1341 1372 1433 1554 1676 1737
316A Acap  196108301 1737 1646 1585 1433 1341 1250 1189 1280 1433 1524 1676 1798
316A Acap  196108302 1890 1890 1829 1707 1554 1402 1311 1311 1372 1524 1646 1768
316A Acap  196108311 1798 1798 1707 1585 1402 1280 1189 1219 1311 1433 1585 1768
316A Acap  196108312 1890 1951 1920 1829 1707 1524 1402 1341 1341 1433 1554 1707
316A Acap  196109011 1798 1859 1829 1707 1524 1341 1219 1189 1189 1280 1433 1615
316A Acap  196109012 1798 1951 1981 1890 1707 1585 1433 1341 1311 1341 1433 1585
316A Acap  196109021 1676 1768 1798 1737 1615 1463 1311 1158 1128 1158 1311 1494
316A Acap  196109022 1707 1859 1951 1951 1890 1737 1554 1433 1341 1311 1372 1494
316A Acap  196109031 1615 1737 1768 1768 1707 1554 1402 1280 1219 1219 1280 1433
316A Acap  196109032 1615 1798 1951 1981 1981 1859 1768 1615 1494 1463 1402 1494
316A Acap  196109041 1585 1707 1768 1768 1768 1676 1524 1372 1219 1250 1250 1341
316A Acap  196109042 1494 1646 1859 1951 1951 1920 1829 1707 1585 1494 1433 1433
316A Acap  196109051 1494 1585 1676 1707 1707 1646 1554 1433 1341 1250 1219 1280
316A Acap  196109052 1402 1554 1676 1798 1890 1859 1829 1768 1646 1554 1494 1463
316A Acap  196109061 1494 1554 1646 1676 1737 1707 1615 1494 1341 1280 1250 1280
316A Acap  196109062 1341 1463 1585 1737 1798 1829 1768 1737 1646 1554 1494 1463
316A Acap  196109071 1494 1524 1585 1646 1646 1615 1585 1494 1402 1341 1280 1280
316A Acap  196109072 1311 1372 1463 1585 1646 1676 1737 1707 1646 1585 1524 1463
316A Acap  196109081 1433 1433 1494 1554 1615 1646 1585 1554 1494 1433 1341 1280
316A Acap  196109082 1311 1372 1402 1494 1585 1615 1646 1646 1615 1585 1524 1494
316A Acap  196109091 1463 1463 1463 1494 1524 1524 1554 1554 1494 1463 1402 1341
316A Acap  196109092 1372 1372 1402 1463 1524 1554 1585 1585 1615 1585 1554 1524
316A Acap  196109101 1494 1402 1402 1402 1433 1433 1463 1463 1524 1494 1463 1433
316A Acap  196109102 1402 1372 1341 1372 1402 1433 1494 1524 1554 1585 1585 1585
316A Acap  196109111 1554 1494 1463 1433 1433 1433 1433 1463 1494 1524 1494 1494
316A Acap  196109112 1494 1433 1402 1372 1372 1402 1433 1494 1554 1585 1585 1615
316A Acap  196109121 1554 1494 1463 1433 1433 1433 1402 1494 1524 1585 1615 1615
316A Acap  196109122 1615 1585 1524 1463 1372 1372 1372 1402 1433 1494 1554 1554
316A Acap  196109131 1554 1524 1433 1372 1341 1341 1341 1372 1433 1524 1615 1646
316A Acap  196109132 1615 1585 1554 1433 1341 1280 1280 1311 1372 1433 1494 1524
316A Acap  196109141 1554 1524 1463 1402 1311 1280 1280 1280 1372 1463 1585 1646
316A Acap  196109142 1707 1676 1615 1494 1402 1311 1280 1250 1250 1341 1402 1463
316A Acap  196109151 1494 1494 1463 1372 1250 1189 1128 1158 1219 1341 1463 1585
316A Acap  196109152 1646 1676 1646 1554 1433 1311 1219 1189 1189 1250 1341 1433
316A Acap  196109161 1463 1463 1433 1341 1219 1128 1036 1036 1128 1219 1402 1554
316A Acap  196109162 1646 1707 1707 1615 1494 1341 1250 1189 1189 1219 1341 1402
316A Acap  196109171 1463 1494 1463 1372 1280 1128 1067 1036 1067 1158 1341 1494
316A Acap  196109172 1646 1707 1737 1676 1585 1433 1311 1189 1189 1189 1280 1341
316A Acap  196109181 1463 1524 1524 1433 1311 1189 1067  975  975 1036 1189 1372
316A Acap  196109182 1524 1646 1707 1676 1615 1494 1372 1219 1158 1158 1219 1311
316A Acap  196109191 1433 1494 1524 1463 1372 1219 1067  975  914  975 1036 1250
316A Acap  196109192 1433 1554 1707 1737 1707 1585 1433 1311 1219 1189 1189 1280
316A Acap  196109201 1402 1494 1494 1494 1402 1280 1158 1006  945  914 1006 1128
316A Acap  196109202 1311 1494 1646 1737 1737 1646 1494 1372 1280 1219 1189 1280
316A Acap  196109211 1372 1463 1524 1554 1524 1402 1250 1097  975  914  945 1036
316A Acap  196109212 1219 1372 1554 1676 1707 1676 1554 1463 1341 1280 1219 1250
316A Acap  196109221 1341 1463 1524 1554 1585 1524 1432 1314 1201 1119 1089 1121
316A Acap  196109222 1208 1329 1462 1577 1649 1664 1632 1556 1456 1366 1308 1288
316A Acap  196109231 1314 1377 1457 1530 1571 1567 1524 1433 1341 1250 1158 1158
316A Acap  196109232 1189 1280 1311 1524 1615 1646 1676 1615 1554 1463 1372 1311
316A Acap  196109241 1311 1341 1402 1494 1554 1585 1615 1585 1554 1463 1341 1311
316A Acap  196109242 1250 1250 1311 1402 1463 1524 1554 1615 1585 1524 1463 1341
316A Acap  196109251 1280 1280 1311 1311 1372 1463 1554 1615 1646 1615 1554 1524
316A Acap  196109252 1402 1311 1280 1280 1311 1372 1433 1524 1554 1554 1524 1433
316A Acap  196109261 1372 1280 1219 1219 1280 1341 1433 1585 1676 1737 1737 1707
316A Acap  196109262 1646 1524 1433 1372 1372 1402 1433 1433 1554 1615 1646 1585
316A Acap  196109271 1524 1402 1311 1250 1250 1311 1402 1463 1615 1768 1798 1798
316A Acap  196109272 1737 1676 1554 1433 1341 1280 1311 1372 1494 1585 1676 1707
316A Acap  196109281 1646 1554 1402 1280 1219 1219 1250 1311 1463 1615 1768 1829
316A Acap  196109282 1859 1798 1646 1494 1372 1250 1219 1219 1280 1402 1554 1646
316A Acap  196109291 1676 1615 1524 1341 1189 1097 1097 1158 1280 1433 1615 1768
316A Acap  196109292 1829 1859 1768 1646 1433 1250 1189 1158 1189 1311 1463 1615
316A Acap  196109301 1676 1646 1554 1433 1280 1158 1036 1036 1128 1250 1463 1646
316A Acap  196109302 1768 1890 1859 1768 1585 1372 1250 1158 1158 1219 1311 1463
316A Acap  196110011 1585 1615 1615 1524 1402 1219 1067 1006 1036 1097 1250 1402
316A Acap  196110012 1615 1737 1798 1737 1615 1463 1341 1219 1158 1158 1219 1402
316A Acap  196110021 1494 1585 1615 1585 1463 1341 1189 1067 1036 1097 1189 1341
316A Acap  196110022 1554 1676 1768 1798 1737 1615 1463 1341 1219 1158 1158 1280
316A Acap  196110031 1402 1494 1585 1585 1524 1463 1311 1219 1097 1097 1189 1311
316A Acap  196110032 1463 1646 1737 1798 1768 1676 1524 1402 1311 1250 1280 1311
316A Acap  196110041 1402 1524 1585 1615 1585 1494 1402 1250 1189 1128 1158 1250
316A Acap  196110042 1402 1554 1646 1707 1707 1676 1585 1463 1372 1280 1280 1280
316A Acap  196110051 1372 1463 1524 1585 1585 1554 1463 1341 1219 1158 1128 1189
316A Acap  196110052 1280 1433 1524 1585 1646 1646 1585 1524 1433 1372 1341 1341
316A Acap  196110061 1372 1433 1494 1554 1585 1585 1524 1463 1372 1280 1250 1250
316A Acap  196110062 1280 1372 1494 1554 1585 1615 1585 1554 1463 1372 1372 1311
316A Acap  196110071 1341 1402 1494 1524 1585 1585 1554 1494 1433 1341 1311 1311
316A Acap  196110072 1341 1402 1433 1494 1554 1554 1554 1524 1494 1463 1402 1402
316A Acap  196110081 1402 1402 1463 1494 1554 1554 1585 1554 1494 1463 1433 1372
316A Acap  196110082 1341 1372 1402 1433 1463 1494 1524 1524 1524 1494 1433 1402
316A Acap  196110091 1372 1341 1372 1402 1433 1463 1524 1524 1494 1494 1463 1433
316A Acap  196110092 1372 1341 1311 1372 1402 1402 1433 1433 1463 1463 1433 1402
316A Acap  196110101 1372 1341 1311 1341 1402 1402 1463 1524 1554 1554 1554 1494
316A Acap  196110102 1433 1402 1341 1311 1311 1341 1341 1402 1433 1433 1463 1433
316A Acap  196110111 1372 1341 1341 1280 1311 1402 1402 1463 1524 1585 1615 1585
316A Acap  196110112 1585 1494 1433 1341 1311 1311 1280 1280 1341 1372 1402 1402
316A Acap  196110121 1402 1402 1311 1280 1250 1280 1311 1372 1433 1554 1646 1646
316A Acap  196110122 1646 1585 1494 1433 1372 1280 1250 1250 1311 1341 1402 1463
316A Acap  196110131 1463 1433 1372 1280 1219 1219 1250 1311 1402 1524 1615 1646
316A Acap  196110132 1707 1646 1585 1494 1402 1311 1280 1280 1280 1341 1402 1463
316A Acap  196110141 1494 1433 1372 1280 1219 1219 1219 1250 1372 1494 1646 1737
316A Acap  196110142 1737 1768 1676 1554 1433 1311 1250 1219 1250 1311 1402 1463
316A Acap  196110151 1494 1494 1433 1311 1219 1158 1128 1158 1250 1402 1524 1646
316A Acap  196110152 1768 1768 1707 1646 1494 1372 1250 1219 1219 1250 1341 1463
316A Acap  196110161 1524 1524 1463 1402 1280 1189 1128 1097 1189 1311 1463 1615
316A Acap  196110162 1737 1798 1768 1676 1554 1372 1280 1189 1219 1250 1341 1433
316A Acap  196110171 1494 1554 1554 1463 1372 1219 1128 1097 1128 1250 1372 1554
316A Acap  196110172 1676 1768 1798 1768 1676 1494 1341 1250 1219 1250 1311 1402
316A Acap  196110181 1524 1585 1585 1524 1402 1280 1158 1067 1067 1128 1280 1463
316A Acap  196110182 1615 1737 1798 1768 1707 1554 1402 1280 1219 1219 1280 1341
316A Acap  196110191 1433 1524 1585 1554 1463 1341 1189 1097 1036 1067 1158 1280
316A Acap  196110192 1463 1615 1737 1768 1707 1585 1433 1280 1189 1158 1158 1280
316A Acap  196110201 1372 1494 1554 1585 1524 1433 1311 1189 1097 1067 1128 1219
316A Acap  196110202 1341 1463 1585 1676 1676 1615 1494 1372 1250 1189 1158 1219
316A Acap  196110211 1341 1433 1524 1615 1615 1585 1500 1392 1288 1214 1188 1217
316A Acap  196110212 1289 1386 1486 1563 1592 1572 1509 1411 1304 1221 1173 1172
316A Acap  196110221 1221 1307 1406 1493 1546 1556 1524 1494 1372 1280 1219 1189
316A Acap  196110222 1189 1280 1372 1433 1494 1494 1463 1433 1341 1250 1189 1158
316A Acap  196110231 1189 1250 1311 1433 1524 1585 1646 1615 1585 1524 1433 1372
316A Acap  196110232 1341 1311 1311 1372 1433 1463 1463 1463 1433 1372 1311 1250
316A Acap  196110241 1219 1219 1250 1341 1433 1524 1585 1646 1676 1646 1615 1524
316A Acap  196110242 1463 1402 1372 1341 1341 1372 1402 1463 1463 1463 1433 1311
316A Acap  196110251 1280 1219 1219 1250 1280 1402 1494 1585 1646 1707 1707 1676
316A Acap  196110252 1585 1494 1372 1280 1219 1219 1250 1311 1372 1433 1463 1433
316A Acap  196110261 1372 1280 1189 1158 1158 1219 1311 1433 1585 1707 1768 1768
316A Acap  196110262 1707 1615 1524 1372 1250 1219 1189 1219 1341 1433 1494 1494
316A Acap  196110271 1433 1341 1250 1158 1097 1097 1128 1280 1433 1585 1737 1798
316A Acap  196110272 1798 1737 1554 1402 1250 1128 1097 1097 1158 1280 1402 1463
316A Acap  196110281 1463 1433 1372 1219 1097 1036 1036 1128 1280 1433 1615 1768
316A Acap  196110282 1798 1768 1707 1524 1341 1189 1067 1067 1128 1250 1372 1494
316A Acap  196110291 1524 1524 1463 1341 1219 1097 1036 1067 1158 1341 1494 1707
316A Acap  196110292 1798 1829 1768 1646 1463 1311 1158 1067 1097 1158 1311 1433
316A Acap  196110301 1524 1585 1554 1494 1311 1158 1067 1036 1067 1189 1341 1554
316A Acap  196110302 1707 1798 1768 1707 1524 1402 1219 1128 1067 1128 1219 1341
316A Acap  196110311 1494 1554 1554 1494 1402 1280 1128 1067 1036 1097 1219 1402
316A Acap  196110312 1554 1676 1737 1707 1615 1463 1280 1128 1067 1097 1158 1250
316A Acap  196111011 1372 1494 1554 1524 1463 1341 1189 1097 1036 1067 1158 1311
316A Acap  196111012 1463 1615 1707 1707 1615 1494 1341 1250 1158 1158 1219 1250
316A Acap  196111021 1372 1463 1524 1554 1524 1402 1311 1189 1128 1128 1158 1250
316A Acap  196111022 1402 1494 1615 1615 1585 1524 1372 1280 1158 1097 1128 1158
316A Acap  196111031 1250 1341 1433 1494 1463 1372 1280 1219 1128 1067 1097 1158
316A Acap  196111032 1250 1372 1433 1494 1494 1463 1372 1280 1158 1097 1097 1128
316A Acap  196111041 1189 1280 1372 1433 1463 1433 1341 1250 1189 1158 1128 1158
316A Acap  196111042 1219 1311 1372 1433 1433 1433 1372 1280 1219 1158 1128 1158
316A Acap  196111051 1219 1280 1402 1463 1524 1524 1494 1433 1341 1311 1280 1250
316A Acap  196111052 1280 1341 1433 1494 1494 1463 1433 1372 1280 1250 1189 1189
316A Acap  196111061 1219 1280 1341 1433 1494 1524 1524 1494 1463 1372 1341 1311
316A Acap  196111062 1280 1311 1341 1372 1402 1402 1402 1341 1311 1280 1280 1250
316A Acap  196111071 1250 1280 1341 1402 1463 1524 1554 1524 1524 1463 1433 1402
316A Acap  196111072 1341 1311 1341 1341 1372 1341 1372 1372 1341 1311 1280 1280
316A Acap  196111081 1250 1250 1280 1341 1402 1494 1554 1615 1646 1615 1585 1554
316A Acap  196111082 1494 1433 1402 1372 1372 1372 1402 1402 1372 1341 1372 1372
316A Acap  196111091 1341 1341 1311 1341 1402 1494 1554 1646 1707 1737 1707 1676
316A Acap  196111092 1585 1524 1433 1372 1341 1311 1311 1311 1341 1372 1372 1341
316A Acap  196111101 1311 1280 1280 1280 1311 1372 1463 1554 1646 1737 1768 1737
316A Acap  196111102 1707 1615 1524 1433 1372 1280 1280 1280 1341 1341 1402 1372
316A Acap  196111111 1372 1341 1280 1219 1219 1280 1402 1494 1615 1707 1798 1829
316A Acap  196111112 1798 1676 1585 1494 1372 1311 1280 1280 1372 1402 1433 1463
316A Acap  196111121 1463 1402 1372 1311 1280 1280 1311 1402 1554 1676 1768 1859
316A Acap  196111122 1890 1890 1768 1585 1402 1219 1128 1128 1189 1280 1372 1433
316A Acap  196111131 1433 1402 1341 1250 1158 1097 1128 1219 1341 1494 1676 1768
316A Acap  196111132 1829 1829 1707 1585 1433 1280 1219 1219 1250 1280 1372 1463
316A Acap  196111141 1494 1463 1433 1311 1189 1067 1036 1036 1128 1280 1433 1615
316A Acap  196111142 1707 1737 1676 1554 1402 1250 1128 1036 1097 1189 1311 1402
316A Acap  196111151 1463 1524 1494 1402 1280 1128 1067 1036 1067 1189 1341 1524
316A Acap  196111152 1646 1707 1707 1615 1463 1311 1158 1067 1097 1097 1219 1341
316A Acap  196111161 1463 1494 1494 1433 1341 1219 1128 1036 1036 1128 1250 1402
316A Acap  196111162 1524 1646 1646 1615 1494 1311 1158 1067  975 1006 1097 1219
316A Acap  196111171 1341 1463 1524 1494 1402 1280 1158 1036  975  975 1067 1189
316A Acap  196111172 1341 1463 1524 1585 1494 1341 1189 1067 1006  975 1006 1097
316A Acap  196111181 1250 1372 1463 1494 1463 1402 1280 1158 1067 1036 1067 1128
316A Acap  196111182 1250 1372 1463 1494 1494 1402 1280 1158 1036  945  975 1036
316A Acap  196111191 1128 1280 1372 1463 1494 1494 1433 1341 1219 1158 1128 1128
316A Acap  196111192 1189 1250 1372 1402 1433 1402 1311 1189 1097 1036 1006 1006
316A Acap  196111201 1067 1158 1311 1402 1494 1524 1524 1463 1402 1311 1250 1189
316A Acap  196111202 1189 1219 1250 1311 1311 1341 1311 1250 1158 1097 1006  975
316A Acap  196111211  975 1036 1158 1280 1402 1494 1524 1554 1494 1433 1372 1311
316A Acap  196111212 1219 1189 1189 1219 1250 1280 1311 1280 1250 1189 1128 1036
316A Acap  196111221 1006 1036 1067 1158 1280 1372 1463 1554 1585 1554 1494 1402
316A Acap  196111222 1311 1219 1158 1128 1128 1128 1189 1219 1250 1219 1189 1128
316A Acap  196111231 1067 1006  975 1036 1128 1250 1372 1463 1554 1615 1585 1554
316A Acap  196111232 1433 1311 1189 1128 1067 1067 1097 1158 1219 1219 1219 1189
316A Acap  196111241 1097 1036  975  945 1006 1097 1219 1341 1494 1585 1646 1615
316A Acap  196111242 1524 1402 1250 1128 1036 1006 1006 1067 1158 1219 1250 1250
316A Acap  196111251 1219 1128 1067 1006  975  975 1097 1189 1341 1494 1615 1646
316A Acap  196111252 1615 1524 1402 1219 1067  975  945  975 1036 1158 1219 1280
316A Acap  196111261 1250 1219 1128 1006  945  914  945 1036 1189 1341 1494 1585
316A Acap  196111262 1615 1554 1433 1280 1097  975  884  884  945 1067 1189 1250
316A Acap  196111271 1311 1280 1219 1097 1006  914  945 1006 1097 1250 1433 1554
316A Acap  196111272 1646 1646 1554 1402 1250 1067  975  914  945 1036 1158 1280
316A Acap  196111281 1372 1402 1341 1280 1158 1036  975  945 1036 1158 1311 1494
316A Acap  196111282 1615 1646 1615 1494 1341 1158 1036  975 1006 1067 1189 1311
316A Acap  196111291 1402 1463 1433 1372 1250 1128 1036 1006 1036 1158 1311 1463
316A Acap  196111292 1585 1646 1676 1615 1463 1280 1158 1067 1036 1067 1128 1250
316A Acap  196111301 1372 1494 1524 1494 1402 1250 1158 1128 1097 1158 1280 1402
316A Acap  196111302 1524 1615 1646 1585 1463 1341 1219 1097 1036 1036 1128 1219
316A Acap  196112011 1341 1433 1494 1494 1463 1341 1250 1158 1128 1128 1189 1311
316A Acap  196112012 1433 1524 1585 1554 1463 1341 1219 1128 1067 1097 1128 1219
316A Acap  196112021 1341 1463 1524 1554 1524 1433 1341 1219 1189 1158 1189 1280
316A Acap  196112022 1372 1463 1524 1524 1494 1402 1280 1189 1097 1097 1128 1189
316A Acap  196112031 1311 1402 1494 1554 1524 1494 1402 1311 1250 1189 1189 1250
316A Acap  196112032 1311 1402 1463 1494 1463 1372 1311 1219 1128 1097 1067 1128
316A Acap  196112041 1219 1341 1402 1524 1554 1554 1494 1402 1341 1280 1219 1250
316A Acap  196112042 1311 1341 1402 1433 1433 1372 1280 1219 1128 1067 1036 1067
316A Acap  196112051 1158 1250 1402 1494 1585 1585 1554 1494 1433 1341 1311 1280
316A Acap  196112052 1280 1341 1402 1402 1402 1372 1311 1250 1158 1128 1097 1097
316A Acap  196112061 1128 1219 1311 1433 1524 1554 1585 1585 1524 1494 1402 1372
316A Acap  196112062 1341 1341 1372 1402 1402 1372 1341 1280 1219 1189 1158 1128
316A Acap  196112071 1128 1219 1280 1372 1463 1554 1615 1646 1646 1585 1524 1494
316A Acap  196112072 1402 1372 1372 1341 1311 1341 1341 1280 1250 1189 1158 1128
316A Acap  196112081 1128 1128 1189 1250 1372 1463 1554 1646 1676 1676 1646 1585
316A Acap  196112082 1494 1463 1402 1341 1341 1311 1280 1311 1311 1280 1219 1189
316A Acap  196112091 1158 1128 1158 1189 1280 1372 1494 1585 1646 1676 1676 1646
316A Acap  196112092 1554 1494 1402 1341 1280 1250 1250 1250 1280 1280 1250 1250
316A Acap  196112101 1219 1158 1097 1097 1158 1250 1372 1494 1615 1737 1768 1737
316A Acap  196112102 1707 1585 1494 1311 1250 1250 1250 1280 1280 1341 1372 1311
316A Acap  196112111 1280 1219 1097 1067 1067 1097 1189 1341 1524 1646 1768 1798
316A Acap  196112112 1768 1707 1554 1433 1311 1219 1189 1189 1280 1311 1372 1433
316A Acap  196112121 1433 1372 1280 1158 1097 1097 1128 1219 1372 1554 1707 1768
316A Acap  196112122 1829 1737 1646 1524 1311 1189 1128 1128 1219 1311 1433 1494
316A Acap  196112131 1524 1494 1402 1311 1158 1067 1067 1097 1219 1372 1524 1676
316A Acap  196112132 1768 1768 1676 1554 1402 1219 1128 1067 1128 1189 1311 1433
316A Acap  196112141 1524 1524 1494 1402 1280 1158 1097 1128 1158 1280 1402 1585
316A Acap  196112142 1707 1768 1707 1585 1433 1250 1128 1006 1036 1158 1219 1372
316A Acap  196112151 1524 1585 1585 1494 1402 1311 1189 1097 1097 1189 1311 1463
316A Acap  196112152 1615 1707 1737 1676 1524 1372 1189 1067 1036 1067 1158 1341
316A Acap  196112161 1494 1615 1676 1646 1585 1494 1341 1250 1189 1219 1280 1433
316A Acap  196112162 1554 1676 1737 1676 1585 1463 1341 1189 1067 1067 1158 1280
316A Acap  196112171 1433 1585 1707 1737 1707 1615 1524 1402 1311 1280 1280 1341
316A Acap  196112172 1463 1554 1615 1646 1615 1494 1402 1250 1128 1097 1097 1219
316A Acap  196112181 1341 1494 1646 1737 1798 1768 1676 1585 1463 1372 1341 1402
316A Acap  196112182 1463 1494 1585 1646 1615 1554 1433 1311 1219 1128 1097 1158
316A Acap  196112191 1250 1372 1494 1676 1737 1768 1768 1707 1585 1494 1433 1433
316A Acap  196112192 1402 1463 1524 1554 1554 1494 1463 1372 1280 1158 1128 1128
316A Acap  196112201 1189 1311 1433 1524 1646 1707 1768 1737 1707 1615 1524 1494
316A Acap  196112202 1433 1402 1433 1463 1463 1463 1433 1402 1372 1280 1219 1158
316A Acap  196112211 1189 1219 1311 1433 1554 1676 1768 1798 1829 1768 1676 1585
316A Acap  196112212 1494 1402 1402 1372 1372 1402 1433 1433 1433 1372 1311 1250
316A Acap  196112221 1189 1189 1219 1311 1402 1524 1646 1737 1798 1798 1768 1707
316A Acap  196112222 1615 1494 1433 1402 1341 1341 1341 1402 1402 1402 1372 1341
316A Acap  196112231 1280 1250 1219 1219 1311 1402 1494 1615 1707 1768 1798 1737
316A Acap  196112232 1676 1585 1433 1372 1311 1250 1280 1341 1341 1402 1402 1402
316A Acap  196112241 1372 1280 1250 1219 1219 1280 1402 1494 1615 1707 1768 1768
316A Acap  196112242 1737 1615 1494 1372 1280 1219 1189 1189 1280 1372 1402 1402
316A Acap  196112251 1402 1372 1311 1250 1219 1219 1280 1372 1463 1615 1707 1798
316A Acap  196112252 1798 1707 1585 1463 1341 1219 1158 1189 1219 1341 1402 1463
316A Acap  196112261 1463 1463 1402 1311 1250 1219 1250 1311 1402 1524 1676 1768
316A Acap  196112262 1798 1768 1707 1585 1433 1311 1219 1219 1219 1311 1402 1494
316A Acap  196112271 1554 1585 1524 1463 1372 1311 1280 1311 1372 1463 1615 1707
316A Acap  196112272 1768 1829 1798 1676 1524 1372 1280 1250 1250 1311 1402 1524
316A Acap  196112281 1585 1646 1676 1585 1494 1402 1341 1311 1311 1372 1524 1646
316A Acap  196112282 1768 1798 1829 1737 1585 1433 1311 1250 1219 1280 1372 1463
316A Acap  196112291 1585 1615 1646 1615 1524 1433 1341 1280 1280 1341 1433 1524
316A Acap  196112292 1646 1707 1707 1676 1585 1433 1311 1189 1189 1189 1280 1372
316A Acap  196112301 1494 1554 1615 1585 1554 1494 1372 1280 1250 1280 1341 1433
316A Acap  196112302 1524 1585 1646 1585 1494 1402 1250 1158 1158 1128 1189 1280
316A Acap  196112311 1402 1524 1585 1585 1585 1524 1402 1341 1280 1250 1280 1372
316A Acap  196112312 1463 1554 1585 1554 1524 1402 1280 1189 1097 1097 1128 1250
