316A Acapulco           Mexico              1955 16504N 099547W 0000 3 00000R MM
316A Acap  195501011 9999 9999 9999 9999 9999 9999 1219 1189 1189 1219 1311 1402
316A Acap  195501012 1463 1524 1494 1402 1280 1158 1036  975  975 1036 1128 1280
316A Acap  195501021 1402 1524 1585 1554 1494 1402 1311 1219 1158 1189 1250 1341
316A Acap  195501022 1433 1494 1494 1433 1341 1189 1067  975  914  945 1067 1189
316A Acap  195501031 1341 1494 1585 1615 1585 1494 1402 1280 1189 1158 1189 1250
316A Acap  195501032 1341 1433 1463 1433 1372 1250 1097  975  914  884  975 1097
316A Acap  195501041 1250 1433 1554 1646 1646 1615 1494 1372 1280 1189 1158 1219
316A Acap  195501042 1280 1341 1402 1433 1372 1280 1158 1006  914  853  884  975
316A Acap  195501051 1128 1311 1494 1615 1676 1676 1615 1494 1372 1250 1189 1189
316A Acap  195501052 1219 1280 1341 1372 1372 1311 1189 1067  945  853  823  884
316A Acap  195501061 1006 1189 1341 1524 1646 1707 1676 1615 1494 1372 1280 1219
316A Acap  195501062 1189 1219 1280 1311 1341 1311 1250 1128 1006  884  823  823
316A Acap  195501071  884 1036 1189 1372 1524 1646 1707 1676 1615 1494 1402 1280
316A Acap  195501072 1219 1219 1219 1250 1280 1311 1280 1219 1097 1006  914  853
316A Acap  195501081  853  914 1036 1189 1372 1524 1615 1676 1676 1615 1524 1402
316A Acap  195501082 1311 1250 1219 1219 1219 1250 1280 1280 1219 1128 1036  975
316A Acap  195501091  914  914  945 1067 1189 1341 1494 1585 1646 1646 1585 1524
316A Acap  195501092 1402 1311 1219 1189 1189 1189 1250 1280 1280 1280 1219 1158
316A Acap  195501101 1067 1006  975 1006 1067 1189 1311 1433 1554 1615 1615 1585
316A Acap  195501102 1494 1372 1250 1158 1128 1128 1158 1219 1280 1341 1372 1341
316A Acap  195501111 1280 1189 1097 1036 1036 1067 1158 1280 1402 1524 1585 1585
316A Acap  195501112 1554 1463 1311 1189 1097 1067 1067 1128 1219 1341 1433 1463
316A Acap  195501121 1433 1372 1280 1189 1097 1067 1067 1158 1250 1372 1494 1554
316A Acap  195501122 1554 1494 1402 1250 1128 1036  975 1036 1128 1250 1402 1494
316A Acap  195501131 1554 1524 1463 1341 1219 1128 1067 1097 1158 1250 1372 1494
316A Acap  195501132 1554 1524 1463 1341 1158 1036  945  945 1006 1128 1280 1433
316A Acap  195501141 1554 1615 1585 1494 1372 1219 1128 1097 1097 1158 1280 1402
316A Acap  195501142 1494 1524 1494 1402 1250 1097  975  914  914 1006 1158 1341
316A Acap  195501151 1494 1585 1646 1585 1494 1341 1219 1128 1097 1128 1219 1341
316A Acap  195501152 1433 1494 1494 1433 1311 1158 1006  914  884  945 1036 1219
316A Acap  195501161 1402 1524 1615 1615 1554 1433 1311 1189 1128 1128 1189 1280
316A Acap  195501162 1372 1463 1494 1463 1372 1250 1097  975  884  914  975 1128
316A Acap  195501171 1280 1433 1554 1615 1585 1494 1372 1280 1189 1128 1158 1219
316A Acap  195501172 1311 1402 1463 1463 1402 1280 1158 1006  914  914  945 1067
316A Acap  195501181 1219 1372 1494 1585 1585 1554 1463 1341 1250 1189 1158 1219
316A Acap  195501182 1280 1341 1402 1402 1372 1280 1189 1067  975  914  945 1036
316A Acap  195501191 1158 1311 1433 1524 1585 1585 1524 1433 1311 1250 1189 1189
316A Acap  195501192 1219 1250 1311 1341 1311 1280 1219 1158 1067  975  945  914
316A Acap  195501201  945 1067 1250 1433 1554 1585 1554 1494 1402 1311 1250 1219
316A Acap  195501202 1219 1250 1311 1341 1341 1341 1311 1280 1219 1158 1067 1006
316A Acap  195501211  975  975 1036 1189 1372 1494 1554 1585 1554 1524 1463 1402
316A Acap  195501212 1341 1280 1250 1250 1280 1311 1311 1311 1280 1250 1189 1158
316A Acap  195501221 1067 1036 1036 1097 1189 1311 1402 1494 1554 1585 1585 1524
316A Acap  195501222 1463 1402 1372 1311 1311 1280 1311 1311 1311 1280 1250 1189
316A Acap  195501231 1128 1097 1097 1128 1250 1341 1433 1524 1554 1585 1554 1524
316A Acap  195501232 1494 1433 1402 1372 1341 1311 1311 1250 1219 1219 1189 1158
316A Acap  195501241 1158 1158 1189 1219 1311 1372 1433 1494 1524 1554 1554 1524
316A Acap  195501242 1494 1433 1372 1341 1311 1280 1250 1219 1219 1250 1250 1219
316A Acap  195501251 1219 1189 1189 1189 1189 1250 1280 1341 1402 1463 1524 1524
316A Acap  195501252 1494 1463 1372 1311 1250 1219 1189 1189 1219 1250 1280 1280
316A Acap  195501261 1280 1280 1250 1219 1219 1250 1280 1341 1402 1463 1524 1554
316A Acap  195501262 1554 1494 1402 1311 1250 1189 1189 1189 1250 1311 1372 1402
316A Acap  195501271 1402 1372 1341 1311 1250 1219 1250 1311 1372 1463 1524 1554
316A Acap  195501272 1524 1494 1402 1311 1219 1158 1128 1158 1219 1341 1433 1494
316A Acap  195501281 1524 1524 1463 1402 1311 1219 1219 1219 1280 1372 1433 1524
316A Acap  195501282 1585 1554 1494 1402 1311 1219 1189 1189 1219 1311 1433 1554
316A Acap  195501291 1646 1676 1676 1585 1494 1402 1311 1280 1280 1341 1433 1524
316A Acap  195501292 1585 1615 1554 1433 1311 1189 1097 1097 1128 1219 1372 1524
316A Acap  195501301 1646 1737 1737 1676 1554 1402 1280 1189 1189 1250 1341 1463
316A Acap  195501302 1524 1554 1524 1402 1280 1158 1036  975 1006 1097 1250 1433
316A Acap  195501311 1585 1737 1768 1768 1646 1494 1372 1219 1158 1158 1219 1341
316A Acap  195501312 1372 1524 1554 1494 1341 1189 1036  914  884  945 1067 1280
316A Acap  195502011 1494 1676 1798 1859 1768 1615 1463 1280 1219 1189 1219 1311
316A Acap  195502012 1402 1524 1554 1494 1402 1250 1067  914  853  853  945 1128
316A Acap  195502021 1372 1585 1737 1829 1798 1707 1585 1402 1250 1158 1158 1219
316A Acap  195502022 1341 1463 1554 1554 1494 1341 1189 1006  884  823  853  975
316A Acap  195502031 1189 1433 1615 1737 1798 1768 1676 1524 1372 1280 1250 1250
316A Acap  195502032 1311 1402 1494 1524 1524 1402 1280 1128  945  853  823  884
316A Acap  195502041 1036 1250 1463 1615 1707 1737 1676 1585 1463 1341 1250 1219
316A Acap  195502042 1250 1311 1402 1463 1463 1433 1341 1219 1067  945  853  853
316A Acap  195502051  945 1067 1250 1433 1615 1707 1737 1676 1585 1463 1372 1280
316A Acap  195502052 1250 1280 1341 1402 1463 1433 1372 1311 1189 1067  975  914
316A Acap  195502061  945 1006 1128 1280 1433 1554 1615 1615 1585 1494 1402 1311
316A Acap  195502062 1280 1250 1250 1280 1341 1372 1402 1372 1311 1250 1128 1036
316A Acap  195502071 1006 1036 1067 1158 1280 1402 1524 1585 1585 1554 1494 1402
316A Acap  195502072 1341 1280 1250 1250 1280 1311 1341 1372 1372 1372 1311 1250
316A Acap  195502081 1158 1097 1097 1097 1158 1250 1341 1433 1494 1524 1494 1433
316A Acap  195502082 1372 1280 1189 1128 1128 1158 1219 1280 1372 1402 1402 1372
316A Acap  195502091 1311 1250 1158 1128 1097 1158 1219 1311 1402 1463 1494 1494
316A Acap  195502092 1433 1341 1250 1158 1128 1097 1128 1189 1311 1402 1463 1494
316A Acap  195502101 1463 1402 1341 1219 1128 1097 1128 1189 1250 1341 1433 1463
316A Acap  195502102 1494 1433 1372 1219 1097 1036 1006 1036 1158 1280 1402 1494
316A Acap  195502111 1554 1524 1463 1372 1219 1128 1097 1097 1158 1219 1341 1433
316A Acap  195502112 1494 1494 1402 1280 1128 1006  914  945 1006 1128 1311 1463
316A Acap  195502121 1554 1585 1554 1463 1311 1189 1067 1006 1036 1128 1250 1341
316A Acap  195502122 1433 1433 1433 1311 1189 1036  945  914  945 1067 1219 1402
316A Acap  195502131 1554 1646 1646 1585 1433 1311 1189 1097 1067 1097 1189 1280
316A Acap  195502132 1402 1433 1433 1372 1250 1097  975  914  914 1006 1158 1341
316A Acap  195502141 1494 1615 1676 1676 1554 1433 1280 1158 1097 1067 1128 1250
316A Acap  195502142 1341 1402 1433 1372 1280 1158 1006  914  914  945 1067 1250
316A Acap  195502151 1433 1585 1646 1646 1585 1494 1341 1219 1128 1097 1158 1219
316A Acap  195502152 1311 1372 1433 1402 1341 1219 1097 1006  945  975 1036 1189
316A Acap  195502161 1372 1524 1646 1707 1676 1615 1494 1372 1250 1189 1189 1250
316A Acap  195502162 1341 1402 1433 1433 1402 1311 1189 1067 1006  975 1036 1158
316A Acap  195502171 1311 1463 1615 1676 1707 1646 1554 1433 1311 1250 1219 1250
316A Acap  195502172 1311 1372 1433 1433 1372 1311 1219 1097 1006  975 1006 1097
316A Acap  195502181 1250 1402 1524 1615 1646 1646 1585 1494 1372 1311 1250 1250
316A Acap  195502182 1280 1341 1402 1433 1402 1341 1250 1158 1036 1006 1006 1067
316A Acap  195502191 1189 1341 1494 1585 1646 1646 1615 1554 1463 1372 1311 1311
316A Acap  195502192 1341 1402 1433 1463 1463 1433 1341 1250 1128 1067 1036 1067
316A Acap  195502201 1158 1250 1372 1463 1554 1554 1554 1494 1433 1372 1341 1341
316A Acap  195502202 1341 1341 1372 1402 1402 1372 1311 1250 1189 1128 1067 1097
316A Acap  195502211 1128 1219 1280 1372 1433 1463 1494 1463 1433 1372 1341 1311
316A Acap  195502212 1280 1280 1311 1341 1341 1341 1311 1280 1250 1189 1158 1128
316A Acap  195502221 1128 1158 1189 1280 1341 1402 1433 1463 1463 1433 1372 1341
316A Acap  195502222 1311 1280 1280 1311 1311 1341 1311 1311 1311 1311 1280 1280
316A Acap  195502231 1250 1250 1250 1250 1280 1311 1341 1372 1402 1433 1402 1372
316A Acap  195502232 1341 1280 1250 1250 1250 1250 1280 1311 1341 1372 1372 1372
316A Acap  195502241 1341 1311 1280 1250 1250 1250 1280 1311 1341 1372 1402 1372
316A Acap  195502242 1341 1311 1250 1189 1189 1189 1219 1250 1311 1402 1463 1463
316A Acap  195502251 1463 1433 1341 1250 1219 1189 1189 1219 1250 1311 1341 1372
316A Acap  195502252 1341 1311 1250 1158 1128 1097 1097 1158 1250 1341 1463 1554
316A Acap  195502261 1554 1554 1463 1341 1219 1128 1097 1097 1158 1250 1311 1372
316A Acap  195502262 1372 1311 1250 1128 1036  945  945 1006 1128 1250 1433 1554
316A Acap  195502271 1615 1615 1554 1433 1280 1158 1067 1036 1067 1128 1250 1311
316A Acap  195502272 1372 1341 1280 1158 1006  914  853  884 1006 1158 1341 1524
316A Acap  195502281 1646 1707 1676 1585 1433 1250 1128 1036 1036 1067 1189 1280
316A Acap  195502282 1372 1402 1372 1280 1128  945  853  792  853 1006 1189 1372
316A Acap  195503011 1585 1707 1737 1676 1554 1372 1189 1067 1006 1036 1128 1250
316A Acap  195503012 1341 1433 1402 1341 1219 1036  884  792  792  884 1067 1280
316A Acap  195503021 1494 1676 1768 1768 1676 1524 1341 1189 1067 1067 1097 1219
316A Acap  195503022 1341 1433 1463 1433 1341 1158  975  853  792  823  945 1158
316A Acap  195503031 1372 1585 1707 1768 1737 1646 1494 1341 1189 1128 1128 1219
316A Acap  195503032 1311 1433 1494 1524 1433 1341 1189 1006  914  884  945 1097
316A Acap  195503041 1280 1494 1676 1768 1798 1737 1615 1463 1341 1250 1189 1219
316A Acap  195503042 1311 1433 1554 1585 1585 1463 1341 1189 1036  945  945 1036
316A Acap  195503051 1189 1372 1524 1646 1737 1737 1676 1554 1402 1311 1250 1250
316A Acap  195503052 1280 1372 1463 1554 1554 1524 1433 1311 1189 1067 1006 1036
316A Acap  195503061 1128 1250 1402 1554 1646 1676 1676 1585 1463 1341 1280 1250
316A Acap  195503062 1250 1311 1372 1463 1524 1524 1494 1402 1311 1219 1128 1128
316A Acap  195503071 1128 1219 1311 1433 1524 1585 1585 1585 1524 1433 1341 1280
316A Acap  195503072 1250 1250 1280 1372 1433 1463 1494 1463 1433 1341 1280 1219
316A Acap  195503081 1219 1219 1250 1311 1402 1463 1494 1524 1494 1463 1402 1341
316A Acap  195503082 1280 1250 1250 1280 1311 1402 1433 1463 1494 1494 1433 1402
316A Acap  195503091 1372 1311 1311 1311 1341 1402 1433 1463 1494 1463 1463 1402
316A Acap  195503092 1372 1311 1280 1250 1250 1280 1341 1433 1494 1554 1554 1554
316A Acap  195503101 1524 1463 1402 1341 1341 1311 1341 1372 1433 1494 1524 1524
316A Acap  195503102 1463 1433 1341 1280 1250 1280 1311 1402 1494 1585 1676 1707
316A Acap  195503111 1676 1646 1554 1463 1402 1341 1311 1311 1341 1433 1494 1524
316A Acap  195503112 1554 1524 1433 1341 1280 1250 1250 1280 1402 1524 1676 1737
316A Acap  195503121 1768 1737 1646 1554 1433 1341 1280 1250 1280 1341 1402 1494
316A Acap  195503122 1524 1524 1433 1372 1250 1189 1158 1189 1280 1402 1554 1707
316A Acap  195503131 1798 1798 1737 1615 1463 1341 1250 1219 1219 1280 1372 1463
316A Acap  195503132 1524 1524 1494 1372 1250 1189 1097 1097 1189 1280 1463 1615
316A Acap  195503141 1707 1768 1737 1646 1494 1372 1250 1189 1158 1189 1280 1372
316A Acap  195503142 1463 1494 1463 1402 1280 1158 1067 1067 1097 1189 1341 1494
316A Acap  195503151 1646 1737 1737 1676 1554 1433 1311 1189 1128 1158 1219 1311
316A Acap  195503152 1402 1463 1463 1402 1311 1189 1097 1067 1067 1158 1250 1433
316A Acap  195503161 1585 1707 1737 1707 1615 1494 1341 1219 1158 1128 1189 1280
316A Acap  195503162 1372 1433 1433 1433 1341 1250 1128 1036 1036 1067 1189 1402
316A Acap  195503171 1524 1646 1737 1737 1676 1554 1433 1311 1219 1189 1189 1250
316A Acap  195503172 1341 1402 1433 1402 1341 1250 1128 1036 1006 1006 1097 1250
316A Acap  195503181 1402 1524 1646 1676 1615 1554 1433 1311 1219 1158 1158 1219
316A Acap  195503182 1280 1372 1402 1402 1341 1280 1189 1067 1006 1006 1097 1189
316A Acap  195503191 1341 1494 1585 1615 1615 1554 1463 1372 1250 1219 1189 1250
316A Acap  195503192 1280 1341 1402 1433 1402 1341 1250 1158 1067 1036 1067 1158
316A Acap  195503201 1280 1433 1524 1585 1615 1585 1494 1402 1311 1250 1250 1280
316A Acap  195503202 1311 1372 1433 1463 1433 1372 1280 1189 1128 1067 1067 1128
316A Acap  195503211 1219 1341 1433 1494 1524 1524 1463 1402 1311 1250 1219 1219
316A Acap  195503212 1250 1311 1372 1433 1433 1402 1341 1280 1189 1158 1128 1158
316A Acap  195503221 1189 1280 1341 1402 1433 1433 1402 1372 1280 1219 1189 1189
316A Acap  195503222 1189 1250 1311 1372 1402 1402 1372 1341 1280 1219 1189 1158
316A Acap  195503231 1189 1219 1280 1311 1372 1372 1372 1341 1280 1250 1189 1189
316A Acap  195503232 1189 1189 1250 1311 1341 1372 1402 1402 1372 1341 1311 1280
316A Acap  195503241 1250 1250 1250 1250 1280 1311 1311 1311 1280 1250 1219 1189
316A Acap  195503242 1128 1128 1128 1158 1219 1280 1341 1402 1433 1463 1433 1402
316A Acap  195503251 1372 1311 1250 1219 1219 1189 1219 1219 1250 1250 1219 1189
316A Acap  195503252 1158 1097 1067 1067 1097 1189 1250 1372 1463 1524 1585 1585
316A Acap  195503261 1554 1463 1372 1250 1189 1128 1128 1158 1219 1250 1280 1280
316A Acap  195503262 1250 1189 1097 1036 1006 1036 1128 1219 1372 1494 1615 1676
316A Acap  195503271 1676 1615 1494 1372 1219 1128 1097 1097 1158 1250 1311 1341
316A Acap  195503272 1311 1250 1158 1067  975  945 1006 1097 1250 1402 1585 1707
316A Acap  195503281 1768 1737 1615 1463 1280 1128 1036 1006 1036 1158 1280 1372
316A Acap  195503282 1402 1372 1280 1128  975  884  823  884 1036 1250 1494 1646
316A Acap  195503291 1798 1829 1737 1615 1402 1219 1067  975  975 1067 1219 1341
316A Acap  195503292 1433 1433 1372 1280 1128  945  853  823  914 1067 1280 1524
316A Acap  195503301 1707 1829 1829 1737 1615 1402 1189 1036  975 1006 1128 1250
316A Acap  195503302 1402 1463 1463 1372 1189 1036  884  792  792  884 1067 1311
316A Acap  195503311 1524 1676 1737 1737 1615 1433 1250 1097  975  975 1067 1189
316A Acap  195503312 1341 1463 1494 1494 1372 1219 1067  945  884  914 1036 1250
316A Acap  195504011 1433 1615 1737 1768 1707 1554 1402 1219 1067 1036 1036 1128
316A Acap  195504012 1280 1402 1494 1524 1433 1311 1128  975  884  853  945 1067
316A Acap  195504021 1250 1433 1554 1646 1615 1554 1402 1250 1128 1036 1006 1067
316A Acap  195504022 1189 1311 1433 1494 1494 1402 1280 1128 1036  975  975 1036
316A Acap  195504031 1158 1341 1463 1554 1585 1554 1463 1341 1219 1128 1067 1097
316A Acap  195504032 1158 1250 1372 1463 1494 1494 1402 1311 1189 1097 1036 1067
316A Acap  195504041 1128 1250 1341 1433 1494 1494 1463 1372 1250 1158 1067 1036
316A Acap  195504042 1097 1189 1280 1372 1433 1494 1463 1402 1311 1219 1128 1097
316A Acap  195504051 1128 1158 1219 1311 1372 1402 1402 1372 1311 1219 1158 1097
316A Acap  195504052 1097 1158 1250 1341 1433 1494 1524 1494 1463 1372 1311 1250
316A Acap  195504061 1219 1250 1250 1311 1341 1372 1372 1372 1372 1311 1250 1219
316A Acap  195504062 1189 1189 1189 1219 1311 1372 1433 1463 1463 1463 1433 1402
316A Acap  195504071 1341 1280 1250 1250 1250 1280 1280 1311 1311 1280 1280 1250
316A Acap  195504072 1189 1158 1158 1158 1189 1280 1341 1433 1494 1524 1524 1494
316A Acap  195504081 1463 1372 1311 1250 1219 1219 1219 1250 1280 1280 1280 1280
316A Acap  195504082 1250 1219 1189 1158 1189 1219 1280 1341 1463 1524 1585 1585
316A Acap  195504091 1554 1494 1402 1311 1219 1189 1158 1158 1189 1250 1280 1280
316A Acap  195504092 1280 1250 1189 1128 1097 1097 1158 1219 1341 1463 1524 1615
316A Acap  195504101 1615 1585 1463 1341 1219 1158 1097 1097 1128 1158 1219 1250
316A Acap  195504102 1280 1280 1250 1158 1067 1067 1097 1158 1280 1402 1524 1646
316A Acap  195504111 1676 1646 1554 1433 1311 1189 1097 1067 1067 1128 1219 1280
316A Acap  195504112 1311 1311 1280 1158 1097 1036 1036 1067 1189 1341 1463 1585
316A Acap  195504121 1676 1676 1585 1494 1341 1219 1097 1036 1036 1067 1158 1250
316A Acap  195504122 1311 1311 1280 1219 1128 1036 1006 1006 1067 1189 1311 1463
316A Acap  195504131 1585 1646 1615 1524 1402 1250 1128 1036 1006 1006 1097 1189
316A Acap  195504132 1250 1311 1311 1250 1128 1036  945  914  945 1067 1189 1341
316A Acap  195504141 1494 1585 1585 1554 1433 1280 1128 1036 1006 1006 1067 1158
316A Acap  195504142 1250 1311 1311 1280 1189 1097  975  945  945 1036 1158 1311
316A Acap  195504151 1433 1554 1585 1554 1494 1372 1250 1097 1036 1036 1097 1158
316A Acap  195504152 1250 1341 1341 1341 1250 1158 1067 1006  975 1036 1128 1250
316A Acap  195504161 1402 1524 1585 1585 1524 1433 1311 1189 1097 1067 1097 1158
316A Acap  195504162 1250 1311 1341 1341 1280 1219 1097 1036  975 1006 1067 1189
316A Acap  195504171 1311 1433 1524 1554 1494 1402 1311 1189 1097 1067 1067 1128
316A Acap  195504172 1219 1341 1372 1402 1372 1341 1250 1128 1067 1067 1097 1158
316A Acap  195504181 1280 1372 1463 1494 1494 1433 1341 1219 1128 1067 1067 1128
316A Acap  195504182 1189 1311 1402 1433 1463 1402 1372 1280 1189 1128 1128 1189
316A Acap  195504191 1280 1372 1463 1494 1494 1463 1402 1280 1158 1097 1067 1097
316A Acap  195504192 1189 1280 1372 1463 1494 1494 1433 1372 1311 1250 1189 1219
316A Acap  195504201 1280 1341 1402 1463 1463 1433 1372 1280 1189 1097 1067 1067
316A Acap  195504202 1128 1219 1311 1433 1494 1554 1554 1524 1463 1372 1311 1280
316A Acap  195504211 1280 1311 1372 1402 1433 1433 1372 1311 1250 1158 1097 1067
316A Acap  195504212 1097 1158 1250 1372 1463 1554 1585 1585 1585 1524 1463 1372
316A Acap  195504221 1341 1280 1280 1311 1311 1341 1341 1311 1280 1189 1128 1067
316A Acap  195504222 1067 1067 1128 1250 1341 1463 1554 1615 1676 1646 1615 1524
316A Acap  195504231 1463 1372 1280 1250 1250 1280 1280 1311 1311 1280 1219 1158
316A Acap  195504232 1097 1036 1006 1036 1158 1280 1402 1554 1646 1737 1737 1676
316A Acap  195504241 1585 1463 1341 1219 1189 1158 1189 1250 1280 1280 1280 1219
316A Acap  195504242 1158 1067 1006  945  975 1067 1219 1402 1554 1707 1768 1768
316A Acap  195504251 1676 1585 1433 1250 1158 1097 1097 1128 1189 1280 1311 1311
316A Acap  195504252 1250 1158 1036  945  884  914 1036 1158 1372 1524 1676 1768
316A Acap  195504261 1768 1676 1554 1372 1219 1097 1036 1067 1158 1250 1341 1372
316A Acap  195504262 1372 1280 1158 1036  884  853  884 1006 1189 1402 1615 1737
316A Acap  195504271 1829 1798 1707 1494 1311 1128 1006  975 1036 1158 1280 1402
316A Acap  195504272 1463 1433 1341 1189 1036  914  853  884 1006 1219 1463 1646
316A Acap  195504281 1798 1829 1768 1646 1463 1280 1128 1036 1006 1067 1219 1372
316A Acap  195504282 1463 1524 1494 1372 1219 1036  914  853  884 1036 1219 1433
316A Acap  195504291 1646 1768 1798 1707 1524 1372 1189 1036  945  945 1097 1250
316A Acap  195504292 1402 1494 1524 1463 1341 1189 1036  945  914  975 1128 1311
316A Acap  195504301 1494 1615 1707 1676 1554 1402 1219 1067  975  945  975 1128
316A Acap  195504302 1280 1402 1494 1524 1463 1341 1219 1067  975  975 1036 1189
316A Acap  195505011 1341 1494 1585 1585 1554 1463 1311 1158 1036  975 1006 1067
316A Acap  195505012 1189 1341 1463 1524 1494 1463 1372 1219 1128 1067 1067 1158
316A Acap  195505021 1250 1372 1463 1494 1494 1433 1311 1219 1097 1006 1006 1036
316A Acap  195505022 1128 1280 1402 1494 1524 1524 1463 1372 1250 1189 1128 1158
316A Acap  195505031 1219 1311 1372 1433 1463 1433 1372 1250 1158 1067 1036 1036
316A Acap  195505032 1097 1189 1311 1402 1494 1524 1524 1494 1402 1311 1250 1219
316A Acap  195505041 1219 1250 1311 1341 1372 1372 1341 1280 1189 1097 1067 1036
316A Acap  195505042 1067 1128 1219 1311 1433 1494 1554 1554 1494 1433 1372 1311
316A Acap  195505051 1280 1250 1250 1280 1280 1311 1280 1250 1219 1158 1128 1097
316A Acap  195505052 1097 1097 1158 1250 1341 1433 1494 1554 1585 1554 1494 1463
316A Acap  195505061 1402 1311 1280 1250 1250 1250 1250 1250 1250 1219 1189 1158
316A Acap  195505062 1128 1128 1128 1189 1250 1341 1463 1524 1585 1615 1585 1554
316A Acap  195505071 1494 1402 1311 1280 1250 1219 1250 1250 1250 1250 1250 1250
316A Acap  195505072 1219 1189 1189 1189 1250 1311 1402 1494 1585 1646 1676 1676
316A Acap  195505081 1615 1524 1433 1341 1280 1250 1219 1250 1250 1280 1280 1280
316A Acap  195505082 1280 1250 1219 1189 1219 1250 1341 1433 1524 1615 1707 1737
316A Acap  195505091 1707 1646 1524 1433 1341 1250 1250 1250 1250 1311 1311 1341
316A Acap  195505092 1311 1311 1280 1219 1219 1250 1311 1402 1524 1615 1676 1737
316A Acap  195505101 1737 1676 1585 1463 1341 1280 1219 1219 1250 1311 1341 1372
316A Acap  195505102 1372 1372 1311 1250 1189 1189 1219 1311 1433 1524 1646 1737
316A Acap  195505111 1768 1737 1646 1524 1372 1280 1189 1158 1189 1250 1311 1372
316A Acap  195505112 1402 1402 1341 1280 1219 1189 1189 1250 1372 1494 1615 1737
316A Acap  195505121 1798 1798 1737 1615 1463 1341 1250 1158 1158 1189 1280 1341
316A Acap  195505122 1402 1433 1402 1341 1280 1219 1158 1189 1250 1372 1494 1646
316A Acap  195505131 1768 1798 1768 1646 1524 1372 1280 1219 1189 1219 1280 1372
316A Acap  195505132 1433 1463 1433 1372 1311 1219 1158 1158 1219 1280 1402 1524
316A Acap  195505141 1646 1707 1707 1646 1554 1402 1280 1189 1128 1128 1189 1280
316A Acap  195505142 1402 1463 1494 1463 1402 1341 1280 1219 1219 1250 1341 1494
316A Acap  195505151 1585 1676 1707 1646 1554 1433 1311 1219 1158 1158 1219 1311
316A Acap  195505152 1402 1494 1554 1554 1524 1433 1341 1280 1250 1250 1341 1402
316A Acap  195505161 1524 1615 1646 1646 1585 1463 1341 1250 1189 1158 1189 1280
316A Acap  195505162 1402 1494 1554 1585 1554 1494 1433 1341 1311 1280 1311 1402
316A Acap  195505171 1494 1585 1615 1615 1585 1463 1372 1250 1189 1158 1189 1250
316A Acap  195505172 1372 1463 1585 1615 1615 1585 1524 1433 1341 1311 1311 1372
316A Acap  195505181 1433 1494 1554 1554 1524 1433 1341 1250 1158 1128 1128 1189
316A Acap  195505182 1280 1402 1524 1615 1646 1646 1585 1524 1433 1372 1372 1372
316A Acap  195505191 1402 1463 1494 1524 1524 1463 1372 1280 1158 1097 1067 1097
316A Acap  195505192 1219 1311 1433 1554 1646 1676 1707 1646 1585 1494 1433 1402
316A Acap  195505201 1372 1402 1433 1463 1433 1433 1372 1280 1189 1097 1036 1036
316A Acap  195505202 1067 1158 1311 1463 1585 1707 1768 1768 1707 1646 1554 1494
316A Acap  195505211 1433 1402 1402 1402 1433 1433 1402 1372 1280 1219 1128 1067
316A Acap  195505212 1067 1097 1189 1311 1463 1615 1737 1829 1829 1798 1707 1615
316A Acap  195505221 1524 1433 1372 1341 1372 1372 1402 1372 1372 1311 1219 1128
316A Acap  195505222 1067 1036 1067 1128 1250 1463 1615 1737 1859 1890 1829 1768
316A Acap  195505231 1646 1524 1402 1341 1311 1311 1341 1372 1372 1341 1280 1219
316A Acap  195505232 1158 1067 1036 1036 1128 1250 1402 1554 1707 1798 1859 1829
316A Acap  195505241 1737 1615 1463 1341 1250 1189 1250 1280 1341 1402 1402 1372
316A Acap  195505242 1280 1189 1097 1006 1006 1067 1219 1372 1554 1707 1829 1859
316A Acap  195505251 1829 1707 1554 1372 1219 1158 1128 1189 1250 1341 1433 1463
316A Acap  195505252 1433 1341 1219 1097 1006 1006 1067 1219 1372 1554 1737 1829
316A Acap  195505261 1829 1768 1615 1463 1280 1158 1097 1097 1189 1311 1402 1494
316A Acap  195505262 1524 1494 1372 1250 1128 1036 1036 1097 1219 1402 1554 1707
316A Acap  195505271 1829 1798 1707 1554 1372 1219 1097 1067 1097 1219 1341 1463
316A Acap  195505272 1554 1585 1524 1402 1280 1158 1097 1067 1158 1280 1433 1585
316A Acap  195505281 1707 1768 1737 1585 1433 1280 1158 1067 1067 1128 1250 1402
316A Acap  195505282 1524 1615 1646 1585 1463 1341 1219 1158 1158 1219 1341 1463
316A Acap  195505291 1615 1707 1737 1646 1554 1402 1250 1128 1067 1097 1189 1311
316A Acap  195505292 1463 1615 1707 1707 1646 1554 1402 1280 1219 1189 1280 1372
316A Acap  195505301 1494 1585 1646 1646 1585 1433 1311 1158 1097 1067 1097 1219
316A Acap  195505302 1372 1524 1646 1707 1707 1615 1524 1433 1311 1280 1280 1341
316A Acap  195505311 1433 1524 1554 1585 1554 1463 1372 1250 1128 1097 1097 1158
316A Acap  195505312 1311 1433 1554 1676 1707 1707 1646 1554 1433 1372 1341 1341
316A Acap  195506011 1402 1463 1524 1554 1524 1463 1372 1280 1158 1097 1067 1097
316A Acap  195506012 1189 1311 1463 1585 1676 1707 1646 1585 1494 1402 1372 1311
316A Acap  195506021 1341 1372 1402 1433 1433 1402 1341 1280 1189 1097 1067 1067
316A Acap  195506022 1128 1219 1341 1463 1554 1615 1646 1615 1554 1494 1433 1372
316A Acap  195506031 1341 1341 1341 1372 1372 1372 1341 1280 1189 1128 1067 1036
316A Acap  195506032 1097 1158 1250 1372 1463 1554 1615 1646 1615 1554 1494 1433
316A Acap  195506041 1402 1341 1341 1341 1341 1341 1311 1280 1219 1189 1128 1097
316A Acap  195506042 1097 1128 1189 1250 1341 1463 1554 1615 1615 1585 1554 1494
316A Acap  195506051 1433 1341 1311 1280 1280 1250 1250 1250 1219 1189 1158 1128
316A Acap  195506052 1128 1128 1128 1189 1280 1341 1433 1524 1585 1615 1615 1554
316A Acap  195506061 1524 1433 1341 1311 1250 1219 1219 1219 1219 1219 1189 1189
316A Acap  195506062 1158 1128 1128 1128 1189 1280 1372 1463 1554 1615 1646 1615
316A Acap  195506071 1554 1463 1372 1311 1250 1189 1189 1189 1189 1219 1219 1219
316A Acap  195506072 1189 1158 1128 1128 1128 1189 1280 1402 1494 1585 1615 1646
316A Acap  195506081 1585 1524 1433 1311 1219 1189 1158 1158 1189 1219 1250 1280
316A Acap  195506082 1250 1219 1189 1158 1158 1158 1250 1311 1433 1524 1615 1676
316A Acap  195506091 1646 1585 1494 1402 1311 1250 1189 1189 1219 1250 1280 1311
316A Acap  195506092 1311 1280 1219 1189 1128 1158 1189 1250 1372 1463 1554 1646
316A Acap  195506101 1646 1615 1524 1433 1311 1219 1189 1189 1189 1250 1311 1341
316A Acap  195506102 1372 1372 1311 1250 1189 1128 1128 1189 1280 1372 1463 1554
316A Acap  195506111 1615 1615 1554 1433 1311 1189 1128 1097 1097 1158 1250 1311
316A Acap  195506112 1372 1372 1341 1311 1219 1158 1128 1128 1189 1280 1402 1494
316A Acap  195506121 1554 1554 1524 1463 1341 1219 1158 1128 1128 1189 1250 1341
316A Acap  195506122 1402 1463 1463 1433 1341 1280 1219 1189 1219 1280 1341 1433
316A Acap  195506131 1524 1554 1554 1494 1402 1280 1189 1097 1097 1128 1189 1311
316A Acap  195506132 1402 1494 1524 1524 1463 1372 1311 1219 1219 1219 1311 1372
316A Acap  195506141 1463 1524 1554 1524 1433 1311 1219 1097 1067 1067 1158 1250
316A Acap  195506142 1372 1494 1585 1585 1554 1463 1372 1280 1219 1219 1250 1311
316A Acap  195506151 1402 1463 1494 1463 1402 1311 1189 1067 1006 1006 1067 1158
316A Acap  195506152 1311 1463 1585 1615 1615 1554 1463 1372 1311 1250 1280 1311
316A Acap  195506161 1372 1433 1463 1463 1402 1311 1189 1067  975  914  975 1067
316A Acap  195506162 1219 1372 1494 1585 1646 1646 1585 1494 1402 1311 1250 1250
316A Acap  195506171 1280 1341 1402 1433 1402 1311 1189 1067  975  884  884  945
316A Acap  195506172 1067 1219 1372 1524 1646 1707 1676 1615 1524 1402 1311 1250
316A Acap  195506181 1250 1280 1341 1372 1372 1341 1250 1128 1006  884  823  853
316A Acap  195506182  914 1067 1250 1433 1585 1676 1737 1707 1615 1494 1402 1311
316A Acap  195506191 1250 1250 1311 1311 1372 1372 1311 1250 1128  975  884  823
316A Acap  195506192  823  914 1097 1250 1433 1585 1707 1768 1737 1646 1554 1433
316A Acap  195506201 1341 1280 1280 1311 1341 1372 1372 1341 1280 1158 1036  945
316A Acap  195506202  884  853  945 1067 1280 1433 1585 1707 1768 1737 1676 1554
316A Acap  195506211 1433 1311 1219 1219 1219 1280 1311 1341 1341 1280 1189 1097
316A Acap  195506212 1006  914  914  975 1097 1250 1402 1554 1676 1737 1737 1676
316A Acap  195506221 1554 1433 1311 1219 1158 1189 1219 1280 1341 1372 1372 1280
316A Acap  195506222 1189 1067 1006  945  975 1097 1250 1402 1554 1676 1737 1737
316A Acap  195506231 1676 1554 1402 1250 1128 1097 1158 1219 1311 1402 1463 1463
316A Acap  195506232 1402 1280 1189 1067 1006 1036 1158 1280 1433 1615 1707 1768
316A Acap  195506241 1707 1615 1494 1341 1219 1128 1097 1128 1219 1341 1433 1494
316A Acap  195506242 1524 1463 1372 1219 1128 1067 1067 1158 1280 1433 1554 1676
316A Acap  195506251 1707 1676 1585 1433 1311 1158 1097 1067 1128 1219 1372 1494
316A Acap  195506252 1585 1615 1554 1463 1341 1219 1158 1158 1219 1341 1494 1615
316A Acap  195506261 1707 1707 1646 1524 1372 1189 1097 1036 1067 1189 1341 1463
316A Acap  195506262 1615 1676 1646 1585 1494 1402 1280 1250 1280 1341 1433 1554
316A Acap  195506271 1646 1676 1646 1554 1402 1280 1158 1097 1067 1097 1189 1372
316A Acap  195506272 1524 1615 1676 1676 1615 1524 1402 1311 1280 1250 1311 1402
316A Acap  195506281 1494 1585 1615 1585 1494 1341 1219 1128 1036 1036 1128 1250
316A Acap  195506282 1402 1554 1646 1707 1676 1615 1524 1433 1341 1311 1311 1372
316A Acap  195506291 1433 1494 1554 1554 1463 1372 1250 1158 1067 1036 1097 1189
316A Acap  195506292 1311 1463 1615 1707 1768 1707 1615 1524 1433 1341 1341 1341
316A Acap  195506301 1402 1463 1524 1554 1524 1433 1341 1219 1128 1067 1097 1158
316A Acap  195506302 1280 1433 1585 1707 1768 1768 1737 1646 1554 1463 1433 1372
316A Acap  195507011 1402 1463 1494 1524 1524 1463 1372 1280 1189 1097 1097 1158
316A Acap  195507012 1250 1372 1494 1615 1707 1737 1737 1676 1646 1585 1524 1494
316A Acap  195507021 1463 1463 1463 1463 1494 1463 1402 1311 1250 1189 1128 1128
316A Acap  195507022 1189 1280 1402 1494 1585 1646 1707 1707 1676 1615 1585 1524
316A Acap  195507031 1494 1463 1463 1463 1463 1433 1372 1311 1250 1158 1128 1128
316A Acap  195507032 1158 1219 1311 1402 1494 1585 1646 1676 1676 1646 1615 1554
316A Acap  195507041 1524 1494 1463 1463 1433 1402 1402 1341 1311 1250 1189 1158
316A Acap  195507042 1158 1189 1280 1372 1463 1554 1615 1676 1707 1707 1676 1646
316A Acap  195507051 1585 1524 1494 1463 1433 1402 1402 1341 1311 1280 1250 1219
316A Acap  195507052 1219 1250 1280 1341 1433 1494 1585 1646 1676 1676 1676 1676
316A Acap  195507061 1646 1585 1524 1463 1433 1433 1402 1402 1402 1402 1372 1341
316A Acap  195507062 1341 1311 1311 1341 1402 1494 1585 1676 1707 1768 1768 1768
316A Acap  195507071 1707 1646 1585 1524 1463 1433 1402 1402 1402 1402 1402 1402
316A Acap  195507072 1372 1372 1372 1341 1372 1402 1463 1524 1585 1646 1707 1737
316A Acap  195507081 1676 1615 1554 1494 1433 1372 1372 1372 1402 1433 1463 1494
316A Acap  195507082 1494 1463 1433 1372 1341 1341 1402 1463 1524 1615 1707 1737
316A Acap  195507091 1707 1646 1585 1494 1402 1341 1311 1280 1311 1372 1433 1463
316A Acap  195507092 1463 1463 1463 1402 1372 1341 1341 1372 1433 1524 1585 1646
316A Acap  195507101 1676 1646 1585 1463 1372 1280 1219 1219 1250 1341 1433 1494
316A Acap  195507102 1524 1524 1494 1433 1341 1250 1219 1250 1311 1402 1494 1554
316A Acap  195507111 1615 1615 1554 1463 1341 1250 1158 1128 1158 1250 1372 1463
316A Acap  195507112 1554 1615 1615 1554 1463 1372 1280 1219 1219 1280 1372 1463
316A Acap  195507121 1554 1554 1524 1463 1311 1158 1067 1006 1006 1067 1189 1341
316A Acap  195507122 1494 1615 1646 1615 1554 1433 1311 1250 1189 1219 1280 1372
316A Acap  195507131 1433 1494 1494 1433 1341 1219 1067 1006  975 1036 1158 1311
316A Acap  195507132 1463 1615 1707 1707 1646 1524 1402 1280 1189 1158 1219 1280
316A Acap  195507141 1372 1463 1494 1463 1372 1250 1097  975  914  945 1036 1219
316A Acap  195507142 1402 1554 1676 1737 1707 1646 1524 1402 1280 1219 1250 1311
316A Acap  195507151 1372 1463 1524 1494 1433 1311 1128 1006  945  945 1036 1189
316A Acap  195507152 1372 1585 1768 1890 1890 1859 1768 1646 1554 1463 1433 1433
316A Acap  195507161 1463 1524 1585 1585 1524 1433 1311 1158 1036  975  975 1097
316A Acap  195507162 1250 1463 1615 1768 1859 1859 1798 1707 1615 1494 1433 1433
316A Acap  195507171 1463 1494 1554 1585 1585 1524 1433 1280 1128 1036  975 1006
316A Acap  195507172 1097 1280 1494 1646 1798 1859 1859 1798 1676 1554 1433 1372
316A Acap  195507181 1341 1372 1433 1494 1554 1524 1463 1341 1189 1036  945  884
316A Acap  195507182  945 1097 1280 1463 1615 1768 1829 1829 1768 1676 1585 1463
316A Acap  195507191 1402 1372 1402 1433 1494 1524 1524 1494 1372 1250 1128 1006
316A Acap  195507192 1006 1067 1158 1311 1494 1646 1768 1829 1829 1768 1676 1554
316A Acap  195507201 1433 1372 1341 1341 1402 1463 1494 1524 1463 1402 1311 1219
316A Acap  195507202 1128 1097 1128 1219 1341 1463 1615 1737 1798 1829 1798 1676
316A Acap  195507211 1585 1494 1433 1372 1372 1433 1494 1554 1585 1585 1554 1463
316A Acap  195507212 1372 1280 1250 1250 1311 1402 1524 1646 1768 1829 1829 1798
316A Acap  195507221 1737 1646 1524 1402 1341 1341 1402 1494 1554 1615 1676 1646
316A Acap  195507222 1585 1524 1433 1372 1311 1341 1402 1494 1615 1707 1798 1798
316A Acap  195507231 1737 1646 1554 1433 1341 1280 1280 1341 1402 1524 1615 1676
316A Acap  195507232 1676 1646 1554 1463 1433 1311 1311 1341 1463 1554 1676 1737
316A Acap  195507241 1737 1707 1585 1494 1372 1250 1219 1219 1311 1433 1585 1676
316A Acap  195507242 1737 1737 1676 1585 1494 1372 1311 1311 1372 1463 1554 1676
316A Acap  195507251 1707 1707 1646 1524 1372 1219 1128 1097 1128 1250 1402 1554
316A Acap  195507252 1707 1768 1768 1676 1554 1402 1311 1250 1250 1311 1433 1524
316A Acap  195507261 1615 1646 1615 1554 1402 1250 1128 1067 1067 1158 1280 1433
316A Acap  195507262 1585 1737 1798 1737 1646 1524 1402 1280 1250 1250 1341 1433
316A Acap  195507271 1524 1585 1615 1554 1463 1311 1158 1036 1006 1036 1158 1311
316A Acap  195507272 1463 1646 1737 1768 1707 1615 1494 1372 1280 1250 1311 1372
316A Acap  195507281 1463 1524 1554 1554 1463 1372 1219 1097 1036 1036 1097 1219
316A Acap  195507282 1372 1554 1707 1768 1768 1707 1615 1494 1402 1341 1341 1372
316A Acap  195507291 1433 1524 1554 1585 1524 1433 1311 1158 1036 1006 1006 1097
316A Acap  195507292 1250 1433 1585 1707 1737 1707 1615 1524 1433 1341 1311 1341
316A Acap  195507301 1402 1463 1524 1524 1494 1433 1311 1189 1097 1036 1036 1128
316A Acap  195507302 1250 1372 1524 1646 1707 1707 1676 1585 1494 1433 1372 1402
316A Acap  195507311 1433 1494 1524 1554 1554 1524 1463 1372 1280 1219 1250 1280
316A Acap  195507312 1372 1494 1585 1707 1798 1829 1798 1737 1676 1585 1554 1524
316A Acap  195508011 1524 1524 1554 1585 1585 1554 1494 1402 1311 1250 1219 1219
316A Acap  195508012 1311 1402 1524 1646 1707 1768 1768 1737 1676 1646 1615 1585
316A Acap  195508021 1554 1554 1554 1554 1554 1524 1494 1433 1341 1280 1219 1189
316A Acap  195508022 1219 1280 1372 1463 1554 1615 1646 1676 1646 1585 1554 1524
316A Acap  195508031 1494 1494 1494 1494 1494 1463 1433 1372 1341 1280 1250 1219
316A Acap  195508032 1189 1219 1250 1341 1433 1524 1585 1646 1676 1646 1615 1554
316A Acap  195508041 1524 1463 1463 1463 1463 1433 1433 1402 1372 1341 1311 1280
316A Acap  195508042 1250 1250 1280 1311 1402 1463 1524 1585 1615 1615 1585 1554
316A Acap  195508051 1494 1433 1372 1341 1341 1341 1341 1372 1372 1372 1372 1341
316A Acap  195508052 1280 1250 1219 1219 1250 1341 1402 1463 1554 1585 1585 1554
316A Acap  195508061 1524 1433 1372 1311 1280 1280 1311 1341 1402 1463 1463 1433
316A Acap  195508062 1433 1372 1311 1250 1250 1280 1372 1433 1494 1554 1615 1615
316A Acap  195508071 1585 1524 1433 1372 1311 1280 1311 1341 1402 1463 1524 1554
316A Acap  195508072 1554 1524 1494 1433 1372 1341 1341 1372 1433 1494 1585 1615
316A Acap  195508081 1646 1585 1494 1402 1311 1250 1250 1250 1311 1433 1554 1615
316A Acap  195508082 1676 1676 1646 1554 1433 1341 1311 1311 1341 1433 1524 1585
316A Acap  195508091 1615 1585 1524 1402 1280 1189 1128 1189 1250 1372 1494 1646
316A Acap  195508092 1737 1768 1737 1646 1524 1433 1341 1280 1280 1311 1433 1524
316A Acap  195508101 1585 1585 1524 1402 1280 1158 1067 1067 1097 1219 1372 1554
316A Acap  195508102 1707 1798 1798 1737 1615 1433 1341 1250 1219 1250 1341 1433
316A Acap  195508111 1554 1585 1585 1494 1372 1219 1067 1006 1006 1067 1219 1402
316A Acap  195508112 1585 1737 1829 1829 1737 1615 1463 1341 1250 1219 1280 1372
316A Acap  195508121 1463 1554 1554 1524 1402 1280 1097  975  914  945 1067 1250
316A Acap  195508122 1463 1707 1859 1890 1859 1737 1585 1433 1311 1250 1280 1341
316A Acap  195508131 1463 1554 1615 1615 1554 1402 1219 1067  945  914  975 1128
316A Acap  195508132 1341 1554 1737 1829 1859 1768 1646 1524 1372 1280 1250 1280
316A Acap  195508141 1372 1494 1554 1585 1554 1433 1280 1097  975  884  884 1006
316A Acap  195508142 1189 1402 1615 1737 1829 1829 1737 1615 1463 1372 1311 1311
316A Acap  195508151 1372 1463 1554 1615 1615 1554 1433 1280 1097 1006  975 1006
316A Acap  195508152 1128 1280 1463 1646 1768 1829 1829 1737 1646 1524 1433 1402
316A Acap  195508161 1402 1463 1554 1615 1646 1646 1554 1433 1280 1158 1067 1036
316A Acap  195508162 1097 1219 1372 1524 1676 1768 1798 1737 1676 1554 1463 1402
316A Acap  195508171 1372 1372 1433 1494 1554 1585 1554 1494 1402 1311 1189 1097
316A Acap  195508172 1097 1128 1219 1341 1494 1585 1676 1676 1676 1585 1494 1402
316A Acap  195508181 1341 1311 1311 1372 1402 1463 1494 1494 1463 1402 1311 1250
316A Acap  195508182 1158 1128 1128 1219 1311 1402 1494 1554 1585 1585 1524 1433
316A Acap  195508191 1341 1250 1189 1189 1250 1311 1402 1463 1494 1494 1463 1402
316A Acap  195508192 1311 1250 1189 1189 1219 1311 1402 1494 1554 1615 1615 1554
316A Acap  195508201 1463 1402 1311 1250 1219 1250 1311 1402 1494 1554 1585 1554
316A Acap  195508202 1524 1433 1341 1250 1219 1219 1280 1372 1494 1554 1615 1615
316A Acap  195508211 1585 1494 1372 1250 1158 1158 1189 1280 1402 1524 1615 1676
316A Acap  195508212 1646 1585 1494 1402 1311 1250 1250 1280 1372 1494 1585 1615
316A Acap  195508221 1615 1554 1433 1311 1189 1128 1097 1158 1280 1433 1554 1676
316A Acap  195508222 1707 1707 1615 1494 1341 1250 1189 1219 1280 1372 1494 1615
316A Acap  195508231 1615 1615 1524 1433 1280 1189 1128 1158 1250 1372 1554 1707
316A Acap  195508232 1798 1829 1768 1676 1554 1402 1280 1250 1250 1341 1433 1554
316A Acap  195508241 1615 1615 1585 1463 1341 1219 1128 1097 1158 1280 1433 1585
316A Acap  195508242 1737 1829 1829 1768 1646 1524 1402 1311 1280 1341 1402 1494
316A Acap  195508251 1585 1646 1615 1554 1433 1311 1189 1128 1097 1189 1311 1463
316A Acap  195508252 1646 1768 1829 1798 1707 1585 1463 1341 1280 1280 1311 1433
316A Acap  195508261 1524 1585 1615 1585 1463 1341 1219 1097 1067 1097 1189 1311
316A Acap  195508262 1494 1676 1737 1768 1707 1615 1494 1372 1280 1280 1311 1402
316A Acap  195508271 1524 1585 1615 1585 1494 1372 1250 1158 1097 1128 1219 1341
316A Acap  195508272 1463 1615 1737 1798 1768 1707 1615 1494 1402 1372 1372 1402
316A Acap  195508281 1494 1554 1615 1585 1554 1463 1341 1250 1158 1128 1158 1250
316A Acap  195508282 1402 1585 1707 1768 1798 1737 1646 1554 1463 1402 1402 1402
316A Acap  195508291 1494 1554 1585 1615 1554 1494 1402 1280 1219 1189 1189 1250
316A Acap  195508292 1341 1494 1615 1707 1737 1737 1676 1615 1524 1463 1402 1402
316A Acap  195508301 1433 1494 1554 1585 1585 1554 1463 1372 1280 1219 1189 1219
316A Acap  195508302 1280 1402 1554 1646 1707 1737 1707 1676 1585 1524 1463 1463
316A Acap  195508311 1463 1524 1554 1554 1585 1554 1463 1402 1311 1250 1219 1219
316A Acap  195508312 1250 1341 1463 1554 1615 1676 1676 1646 1554 1494 1433 1433
316A Acap  195509011 1433 1433 1463 1494 1524 1524 1524 1463 1402 1341 1280 1250
316A Acap  195509012 1280 1311 1372 1463 1554 1585 1615 1615 1585 1554 1494 1433
316A Acap  195509021 1372 1372 1372 1402 1433 1463 1494 1494 1463 1433 1402 1372
316A Acap  195509022 1341 1311 1311 1341 1402 1433 1494 1524 1554 1524 1494 1463
316A Acap  195509031 1433 1372 1341 1341 1341 1372 1402 1433 1463 1463 1463 1433
316A Acap  195509032 1372 1311 1280 1250 1250 1280 1311 1341 1372 1402 1402 1402
316A Acap  195509041 1341 1311 1250 1219 1219 1219 1250 1311 1372 1402 1463 1433
316A Acap  195509042 1402 1341 1280 1219 1189 1158 1189 1219 1250 1341 1372 1372
316A Acap  195509051 1311 1250 1189 1097 1097 1097 1128 1189 1280 1402 1463 1524
316A Acap  195509052 1494 1433 1341 1219 1158 1097 1097 1128 1158 1250 1311 1372
316A Acap  195509061 1341 1311 1219 1097 1036 1006 1036 1097 1219 1341 1494 1554
316A Acap  195509062 1585 1554 1494 1341 1219 1128 1067 1067 1097 1189 1311 1372
316A Acap  195509071 1402 1372 1280 1158 1036  975  945 1006 1158 1311 1494 1646
316A Acap  195509072 1737 1737 1676 1554 1372 1250 1158 1067 1097 1189 1341 1433
316A Acap  195509081 1463 1433 1341 1219 1097  975  914  914  975 1128 1372 1615
316A Acap  195509082 1707 1737 1707 1585 1433 1280 1158 1097 1097 1158 1250 1402
316A Acap  195509091 1494 1494 1433 1311 1158 1006  884  853  884 1006 1189 1402
316A Acap  195509092 1585 1707 1737 1676 1554 1433 1250 1128 1097 1097 1189 1311
316A Acap  195509101 1433 1524 1524 1463 1311 1128  975  884  853  945 1097 1311
316A Acap  195509102 1524 1676 1768 1768 1707 1585 1433 1280 1189 1158 1219 1311
316A Acap  195509111 1463 1554 1585 1554 1433 1280 1097  975  884  914 1006 1189
316A Acap  195509112 1341 1554 1676 1768 1737 1646 1494 1341 1219 1158 1189 1250
316A Acap  195509121 1372 1494 1554 1585 1524 1372 1219 1067  945  945  975 1097
316A Acap  195509122 1250 1433 1585 1676 1737 1676 1585 1433 1311 1189 1189 1189
316A Acap  195509131 1280 1402 1524 1554 1554 1494 1341 1189 1036  945  914  975
316A Acap  195509132 1097 1280 1433 1585 1646 1646 1554 1463 1341 1250 1189 1189
316A Acap  195509141 1219 1311 1402 1524 1554 1554 1494 1372 1250 1158 1067 1067
316A Acap  195509142 1097 1189 1311 1433 1554 1615 1615 1554 1463 1372 1280 1219
316A Acap  195509151 1189 1250 1311 1402 1494 1554 1585 1524 1433 1341 1250 1189
316A Acap  195509152 1158 1189 1250 1372 1463 1524 1585 1554 1524 1463 1372 1311
316A Acap  195509161 1250 1219 1250 1311 1402 1494 1554 1585 1554 1494 1433 1311
316A Acap  195509162 1219 1189 1189 1250 1311 1372 1463 1494 1524 1494 1433 1341
316A Acap  195509171 1280 1189 1158 1189 1219 1311 1433 1494 1554 1554 1554 1494
316A Acap  195509172 1402 1311 1219 1189 1189 1219 1280 1341 1433 1463 1463 1433
316A Acap  195509181 1372 1280 1189 1128 1128 1189 1250 1372 1494 1585 1615 1615
316A Acap  195509182 1554 1433 1341 1219 1158 1158 1189 1250 1341 1402 1463 1463
316A Acap  195509191 1402 1341 1250 1128 1097 1097 1158 1250 1372 1494 1585 1646
316A Acap  195509192 1615 1524 1402 1280 1189 1128 1097 1128 1189 1280 1372 1402
316A Acap  195509201 1402 1372 1250 1158 1067 1006 1036 1097 1219 1372 1524 1615
316A Acap  195509202 1676 1615 1524 1372 1219 1097 1036 1067 1128 1189 1311 1402
316A Acap  195509211 1433 1433 1341 1250 1128 1006  945 1006 1097 1250 1402 1554
316A Acap  195509212 1646 1646 1615 1494 1311 1189 1067 1006 1006 1097 1219 1311
316A Acap  195509221 1402 1402 1341 1250 1128 1006  945  914  945 1036 1219 1433
316A Acap  195509222 1554 1615 1615 1554 1402 1250 1128 1036 1036 1067 1158 1250
316A Acap  195509231 1341 1372 1402 1311 1189 1067  975  914  914  975 1097 1250
316A Acap  195509232 1463 1585 1615 1585 1494 1311 1189 1097 1036 1067 1128 1219
316A Acap  195509241 1311 1372 1372 1341 1219 1128 1006  914  884  945 1036 1189
316A Acap  195509242 1372 1524 1585 1585 1524 1402 1250 1128 1067 1067 1097 1189
316A Acap  195509251 1280 1341 1372 1341 1280 1158 1036  975  914  945 1036 1158
316A Acap  195509252 1311 1433 1524 1554 1494 1402 1280 1189 1097 1067 1097 1158
316A Acap  195509261 1219 1311 1341 1341 1280 1189 1097 1006  945  945 1006 1128
316A Acap  195509262 1250 1372 1494 1554 1554 1494 1372 1280 1189 1158 1158 1219
316A Acap  195509271 1280 1372 1433 1433 1402 1311 1219 1097 1006  975 1036 1097
316A Acap  195509272 1219 1341 1463 1524 1524 1494 1402 1341 1280 1219 1219 1250
316A Acap  195509281 1311 1372 1433 1463 1463 1433 1341 1250 1158 1128 1128 1158
316A Acap  195509282 1250 1341 1433 1494 1524 1494 1463 1402 1311 1250 1219 1250
316A Acap  195509291 1280 1341 1433 1463 1494 1463 1433 1341 1280 1219 1189 1189
316A Acap  195509292 1219 1311 1372 1463 1494 1524 1494 1433 1372 1311 1280 1250
316A Acap  195509301 1280 1311 1372 1433 1463 1494 1463 1433 1372 1311 1250 1250
316A Acap  195509302 1250 1280 1311 1372 1402 1402 1402 1372 1311 1280 1219 1219
316A Acap  195510011 1219 1250 1311 1402 1463 1494 1494 1524 1494 1433 1402 1341
316A Acap  195510012 1311 1280 1280 1311 1341 1341 1372 1372 1311 1280 1250 1219
316A Acap  195510021 1158 1158 1158 1189 1280 1341 1402 1463 1494 1494 1463 1433
316A Acap  195510022 1372 1280 1219 1189 1219 1219 1250 1280 1311 1311 1311 1280
316A Acap  195510031 1219 1189 1158 1128 1158 1219 1311 1402 1494 1554 1585 1554
316A Acap  195510032 1494 1402 1280 1189 1128 1097 1128 1189 1250 1311 1341 1311
316A Acap  195510041 1280 1189 1097 1067 1036 1097 1158 1280 1402 1494 1585 1615
316A Acap  195510042 1585 1494 1372 1219 1128 1067 1067 1097 1189 1280 1311 1341
316A Acap  195510051 1311 1219 1097 1006  945  945 1006 1128 1311 1494 1646 1737
316A Acap  195510052 1737 1676 1524 1341 1189 1067 1036 1036 1128 1250 1341 1402
316A Acap  195510061 1402 1341 1219 1097  975  945  975 1067 1250 1463 1646 1768
316A Acap  195510062 1798 1798 1676 1494 1311 1128 1067 1036 1128 1250 1372 1494
316A Acap  195510071 1524 1494 1372 1219 1067  945  884  945 1097 1280 1524 1707
316A Acap  195510072 1829 1859 1798 1646 1463 1250 1097 1036 1067 1189 1311 1463
316A Acap  195510081 1554 1585 1494 1341 1189 1006  884  853  914 1097 1311 1585
316A Acap  195510082 1737 1859 1859 1768 1585 1402 1189 1067 1036 1067 1219 1372
316A Acap  195510091 1524 1615 1585 1494 1311 1128  975  884  914 1006 1189 1402
316A Acap  195510092 1615 1768 1829 1798 1676 1494 1311 1128 1067 1067 1158 1311
316A Acap  195510101 1433 1585 1646 1615 1494 1311 1128 1006  945  945 1036 1250
316A Acap  195510102 1433 1615 1737 1768 1676 1554 1402 1219 1128 1097 1128 1219
316A Acap  195510111 1372 1494 1585 1615 1554 1463 1280 1128 1036  975 1006 1128
316A Acap  195510112 1280 1463 1615 1676 1676 1585 1463 1311 1189 1097 1067 1128
316A Acap  195510121 1250 1372 1554 1646 1646 1585 1494 1311 1189 1097 1067 1128
316A Acap  195510122 1250 1372 1524 1646 1646 1615 1524 1372 1250 1158 1097 1128
316A Acap  195510131 1219 1311 1463 1585 1615 1646 1585 1463 1341 1250 1219 1219
316A Acap  195510132 1250 1311 1433 1524 1585 1585 1554 1463 1372 1250 1189 1158
316A Acap  195510141 1158 1250 1341 1463 1585 1615 1646 1585 1494 1402 1311 1219
316A Acap  195510142 1189 1219 1280 1341 1433 1494 1463 1433 1372 1311 1219 1158
316A Acap  195510151 1097 1128 1189 1280 1402 1494 1554 1615 1585 1554 1463 1372
316A Acap  195510152 1311 1280 1250 1280 1311 1341 1372 1372 1372 1341 1280 1219
316A Acap  195510161 1158 1097 1097 1158 1250 1372 1494 1585 1615 1615 1585 1494
316A Acap  195510162 1402 1311 1219 1189 1189 1219 1280 1311 1372 1372 1341 1311
316A Acap  195510171 1280 1189 1158 1158 1219 1280 1402 1524 1615 1676 1676 1646
316A Acap  195510172 1554 1463 1341 1250 1189 1189 1189 1250 1311 1341 1372 1341
316A Acap  195510181 1280 1189 1097 1067 1067 1097 1219 1372 1494 1585 1676 1676
316A Acap  195510182 1615 1524 1372 1250 1158 1097 1128 1158 1219 1280 1311 1341
316A Acap  195510191 1311 1250 1158 1067 1006 1006 1097 1219 1372 1494 1615 1676
316A Acap  195510192 1676 1615 1463 1311 1189 1097 1067 1097 1158 1250 1311 1372
316A Acap  195510201 1372 1341 1250 1158 1067 1036 1036 1128 1280 1433 1585 1676
316A Acap  195510202 1707 1676 1585 1433 1280 1128 1067 1067 1128 1219 1280 1372
316A Acap  195510211 1402 1372 1311 1189 1067  975  945  975 1097 1280 1433 1585
316A Acap  195510212 1676 1676 1615 1494 1341 1158 1067 1006 1036 1097 1219 1311
316A Acap  195510221 1402 1433 1372 1280 1158 1036  975  945 1006 1158 1311 1463
316A Acap  195510222 1554 1646 1646 1554 1433 1250 1128 1036 1036 1097 1189 1280
316A Acap  195510231 1372 1402 1402 1341 1219 1128 1006  975 1006 1097 1250 1402
316A Acap  195510232 1554 1646 1676 1615 1494 1341 1189 1097 1036 1067 1128 1250
316A Acap  195510241 1341 1433 1433 1402 1311 1189 1097 1036 1006 1067 1189 1311
316A Acap  195510242 1463 1554 1615 1585 1494 1372 1219 1128 1097 1097 1158 1250
316A Acap  195510251 1341 1433 1463 1433 1372 1280 1189 1067 1036 1067 1158 1280
316A Acap  195510252 1402 1494 1554 1585 1554 1463 1341 1250 1158 1128 1158 1219
316A Acap  195510261 1311 1402 1463 1494 1433 1372 1280 1189 1128 1097 1158 1250
316A Acap  195510262 1341 1433 1494 1524 1494 1402 1311 1219 1158 1128 1158 1219
316A Acap  195510271 1311 1402 1494 1524 1524 1463 1372 1280 1189 1158 1158 1219
316A Acap  195510272 1311 1402 1463 1494 1494 1433 1341 1219 1128 1097 1097 1128
316A Acap  195510281 1219 1341 1433 1524 1554 1524 1463 1372 1280 1219 1189 1219
316A Acap  195510282 1250 1311 1341 1402 1402 1372 1311 1219 1128 1067 1067 1097
316A Acap  195510291 1158 1219 1341 1433 1524 1554 1524 1494 1433 1341 1311 1280
316A Acap  195510292 1250 1250 1311 1372 1372 1372 1341 1280 1219 1128 1097 1097
316A Acap  195510301 1128 1189 1280 1402 1494 1554 1585 1585 1554 1494 1433 1341
316A Acap  195510302 1311 1280 1280 1280 1280 1311 1311 1280 1250 1189 1128 1097
316A Acap  195510311 1067 1097 1158 1250 1341 1433 1554 1615 1646 1615 1554 1463
316A Acap  195510312 1372 1280 1219 1189 1189 1219 1250 1280 1280 1250 1189 1128
316A Acap  195511011 1067 1036 1036 1067 1189 1311 1463 1585 1676 1707 1676 1615
316A Acap  195511012 1494 1372 1250 1158 1128 1158 1189 1219 1250 1280 1250 1189
316A Acap  195511021 1097 1036  975  945 1006 1128 1250 1402 1554 1646 1707 1615
316A Acap  195511022 1463 1311 1158 1067 1036 1067 1128 1189 1280 1311 1311 1280
316A Acap  195511031 1219 1128 1036  945  914  975 1067 1219 1402 1585 1707 1737
316A Acap  195511032 1707 1554 1402 1219 1067 1006  975 1006 1097 1189 1280 1311
316A Acap  195511041 1280 1189 1067  914  853  823  884 1036 1219 1402 1585 1707
316A Acap  195511042 1768 1676 1524 1341 1189 1036  975 1006 1067 1219 1341 1433
316A Acap  195511051 1463 1402 1280 1128  975  884  853  914 1097 1280 1494 1646
316A Acap  195511052 1768 1768 1646 1494 1311 1097  975  945 1006 1128 1280 1433
316A Acap  195511061 1524 1524 1433 1311 1158  975  914  945 1006 1189 1402 1585
316A Acap  195511062 1737 1829 1768 1646 1463 1250 1067  975 1006 1097 1250 1402
316A Acap  195511071 1524 1615 1615 1494 1311 1158 1006  945  945 1036 1219 1402
316A Acap  195511072 1585 1707 1707 1646 1494 1311 1128 1006  975  975 1128 1280
316A Acap  195511081 1433 1585 1646 1585 1494 1311 1158 1067 1006 1036 1158 1311
316A Acap  195511082 1494 1615 1707 1676 1615 1463 1280 1097 1036 1006 1067 1189
316A Acap  195511091 1372 1494 1615 1646 1615 1494 1372 1250 1128 1097 1128 1219
316A Acap  195511092 1372 1494 1585 1615 1585 1494 1341 1219 1097 1036 1036 1097
316A Acap  195511101 1250 1372 1494 1585 1646 1615 1494 1402 1311 1219 1189 1219
316A Acap  195511102 1280 1372 1463 1524 1524 1463 1402 1250 1158 1067 1036 1067
316A Acap  195511111 1158 1250 1433 1554 1585 1615 1585 1463 1372 1280 1250 1189
316A Acap  195511112 1219 1250 1311 1372 1402 1402 1341 1280 1189 1097 1036 1006
316A Acap  195511121 1067 1158 1250 1372 1463 1524 1554 1524 1433 1372 1311 1250
316A Acap  195511122 1219 1219 1250 1280 1280 1280 1250 1219 1189 1097 1036 1036
316A Acap  195511131 1036 1067 1128 1280 1372 1433 1494 1524 1494 1433 1341 1280
316A Acap  195511132 1250 1219 1189 1158 1189 1189 1219 1189 1189 1158 1097 1067
316A Acap  195511141 1036 1036 1067 1158 1250 1341 1433 1494 1524 1524 1463 1402
316A Acap  195511142 1341 1250 1189 1158 1128 1128 1158 1158 1158 1158 1158 1128
316A Acap  195511151 1097 1036 1036 1067 1158 1219 1311 1433 1524 1554 1524 1494
316A Acap  195511152 1433 1311 1250 1189 1128 1128 1128 1128 1158 1219 1219 1219
316A Acap  195511161 1189 1128 1097 1097 1128 1189 1311 1372 1463 1554 1615 1615
316A Acap  195511162 1585 1463 1341 1250 1158 1128 1128 1128 1158 1219 1250 1250
316A Acap  195511171 1219 1189 1128 1036 1036 1067 1128 1219 1341 1494 1554 1615
316A Acap  195511172 1615 1524 1402 1280 1158 1097 1036 1067 1128 1158 1250 1280
316A Acap  195511181 1280 1280 1219 1128 1067 1067 1097 1158 1311 1463 1554 1615
316A Acap  195511182 1646 1585 1524 1372 1219 1128 1067 1036 1067 1158 1219 1280
316A Acap  195511191 1311 1280 1250 1158 1036 1006 1006 1067 1158 1311 1433 1554
316A Acap  195511192 1615 1585 1524 1433 1280 1158 1067 1036 1067 1128 1250 1311
316A Acap  195511201 1341 1372 1311 1219 1128 1036 1036 1097 1158 1250 1433 1554
316A Acap  195511202 1615 1646 1615 1463 1341 1219 1097 1036 1006 1067 1189 1280
316A Acap  195511211 1372 1402 1372 1341 1219 1158 1097 1067 1097 1189 1311 1463
316A Acap  195511212 1554 1615 1585 1524 1372 1250 1128 1036 1036 1097 1158 1280
316A Acap  195511221 1372 1433 1433 1372 1280 1189 1128 1067 1097 1158 1250 1341
316A Acap  195511222 1463 1554 1554 1494 1372 1250 1128 1067 1006 1067 1128 1219
316A Acap  195511231 1341 1402 1463 1433 1402 1280 1189 1158 1097 1128 1189 1311
316A Acap  195511232 1402 1494 1524 1494 1402 1311 1189 1097 1036 1036 1097 1189
316A Acap  195511241 1280 1372 1433 1463 1402 1341 1250 1189 1128 1128 1189 1280
316A Acap  195511242 1372 1433 1463 1433 1402 1280 1189 1067 1006  975 1036 1128
316A Acap  195511251 1250 1372 1433 1494 1494 1433 1341 1250 1189 1158 1158 1219
316A Acap  195511252 1280 1341 1402 1402 1372 1280 1158 1067 1006  975 1006 1067
316A Acap  195511261 1189 1341 1463 1524 1554 1524 1494 1402 1311 1250 1189 1189
316A Acap  195511262 1250 1341 1372 1402 1372 1311 1219 1067 1006 1006  945  945
316A Acap  195511271 1067 1189 1341 1463 1524 1554 1554 1494 1402 1341 1280 1250
316A Acap  195511272 1250 1280 1311 1311 1311 1280 1219 1128 1036  975  945  945
316A Acap  195511281 1006 1097 1219 1372 1494 1554 1585 1585 1554 1463 1402 1311
316A Acap  195511282 1280 1250 1250 1280 1250 1250 1219 1158 1097 1036  945  914
316A Acap  195511291  884  975 1067 1219 1372 1463 1554 1615 1585 1554 1463 1372
316A Acap  195511292 1280 1219 1189 1189 1219 1219 1189 1189 1158 1097 1006  945
316A Acap  195511301  884  884  975 1067 1219 1372 1494 1615 1676 1707 1646 1524
316A Acap  195511302 1433 1311 1189 1158 1158 1158 1189 1219 1250 1219 1158 1067
316A Acap  195512011  975  884  884  914 1036 1189 1341 1494 1615 1707 1707 1646
316A Acap  195512012 1524 1402 1250 1158 1067 1097 1097 1158 1219 1280 1250 1219
316A Acap  195512021 1097 1006  945  884  945 1036 1189 1372 1554 1676 1737 1737
316A Acap  195512022 1646 1524 1372 1219 1097 1067 1097 1158 1280 1372 1433 1402
316A Acap  195512031 1341 1219 1097 1006  945  945 1036 1189 1402 1585 1707 1768
316A Acap  195512032 1737 1646 1494 1280 1128 1036 1006 1036 1158 1280 1402 1463
316A Acap  195512041 1463 1402 1280 1158 1036  945  945 1067 1219 1372 1554 1676
316A Acap  195512042 1737 1707 1554 1402 1189 1036  945  914 1006 1158 1311 1433
316A Acap  195512051 1524 1524 1433 1311 1128 1006  945  945 1036 1189 1341 1524
316A Acap  195512052 1646 1676 1585 1463 1280 1097  945  884  945 1036 1189 1372
316A Acap  195512061 1494 1585 1554 1463 1341 1219 1067 1006 1036 1128 1280 1433
316A Acap  195512062 1585 1676 1676 1585 1433 1219 1036  914  884  945 1067 1250
316A Acap  195512071 1402 1554 1615 1585 1524 1372 1250 1097 1067 1067 1128 1280
316A Acap  195512072 1433 1554 1585 1554 1463 1280 1097  975  884  884  975 1128
316A Acap  195512081 1311 1463 1585 1646 1615 1524 1372 1250 1128 1097 1128 1189
316A Acap  195512082 1311 1433 1494 1494 1463 1341 1189 1067  945  884  914 1036
316A Acap  195512091 1189 1341 1494 1615 1615 1585 1524 1372 1280 1219 1189 1219
316A Acap  195512092 1311 1402 1463 1494 1463 1372 1280 1158 1036  975  975 1036
316A Acap  195512101 1128 1280 1433 1554 1646 1646 1615 1524 1402 1311 1250 1250
316A Acap  195512102 1250 1311 1372 1402 1433 1402 1341 1250 1128 1067 1006 1036
316A Acap  195512111 1097 1219 1341 1463 1585 1646 1676 1646 1554 1463 1372 1341
316A Acap  195512112 1341 1341 1372 1402 1402 1402 1372 1311 1219 1128 1067 1067
316A Acap  195512121 1097 1189 1280 1402 1554 1615 1676 1646 1615 1524 1433 1372
316A Acap  195512122 1341 1311 1311 1341 1341 1341 1311 1280 1219 1158 1097 1097
316A Acap  195512131 1097 1158 1219 1311 1433 1554 1615 1646 1646 1615 1585 1524
316A Acap  195512132 1463 1402 1372 1372 1341 1341 1311 1280 1250 1219 1158 1128
316A Acap  195512141 1128 1128 1158 1219 1280 1402 1494 1554 1615 1615 1585 1554
316A Acap  195512142 1463 1372 1311 1250 1219 1219 1219 1189 1219 1189 1158 1128
316A Acap  195512151 1097 1067 1067 1097 1158 1250 1341 1433 1524 1585 1585 1554
316A Acap  195512152 1494 1402 1311 1250 1158 1128 1128 1158 1189 1219 1219 1219
316A Acap  195512161 1219 1189 1128 1097 1097 1158 1250 1341 1463 1524 1585 1585
316A Acap  195512162 1554 1463 1372 1280 1189 1158 1128 1158 1189 1250 1280 1280
316A Acap  195512171 1250 1219 1158 1128 1097 1128 1189 1280 1402 1494 1585 1615
316A Acap  195512172 1615 1554 1463 1341 1219 1128 1067 1097 1128 1189 1250 1280
316A Acap  195512181 1311 1311 1250 1189 1158 1158 1189 1250 1341 1433 1524 1585
316A Acap  195512182 1585 1554 1463 1372 1250 1158 1128 1097 1128 1189 1280 1341
316A Acap  195512191 1372 1372 1341 1280 1219 1189 1189 1219 1311 1402 1524 1585
316A Acap  195512192 1615 1585 1524 1402 1280 1158 1097 1067 1128 1189 1250 1341
316A Acap  195512201 1402 1433 1402 1341 1250 1189 1189 1189 1250 1311 1433 1554
316A Acap  195512202 1615 1615 1554 1494 1341 1219 1158 1128 1128 1219 1280 1402
316A Acap  195512211 1463 1494 1494 1433 1341 1280 1189 1189 1219 1280 1372 1494
316A Acap  195512212 1554 1585 1554 1463 1341 1219 1097 1036 1036 1097 1219 1372
316A Acap  195512221 1494 1585 1615 1554 1494 1372 1280 1219 1189 1219 1311 1402
316A Acap  195512222 1494 1554 1585 1494 1372 1250 1128 1067 1036 1097 1189 1311
316A Acap  195512231 1463 1554 1615 1615 1554 1463 1341 1250 1189 1219 1250 1341
316A Acap  195512232 1433 1524 1524 1494 1402 1280 1128 1036  975 1006 1097 1219
316A Acap  195512241 1372 1494 1585 1615 1615 1524 1433 1311 1250 1189 1219 1280
316A Acap  195512242 1341 1433 1463 1463 1372 1280 1158 1036  945  945 1006 1128
316A Acap  195512251 1280 1433 1554 1646 1646 1615 1524 1433 1311 1250 1219 1250
316A Acap  195512252 1311 1372 1433 1433 1372 1280 1158 1006  945  884  884  975
316A Acap  195512261 1128 1311 1463 1585 1676 1707 1646 1554 1463 1372 1311 1280
316A Acap  195512262 1280 1341 1402 1402 1402 1341 1250 1128 1006  914  884  914
316A Acap  195512271 1006 1189 1372 1524 1646 1707 1737 1676 1585 1463 1372 1280
316A Acap  195512272 1280 1311 1341 1402 1433 1402 1341 1250 1128 1006  914  884
316A Acap  195512281  914 1036 1189 1402 1554 1676 1737 1768 1707 1585 1494 1402
316A Acap  195512282 1311 1311 1311 1341 1372 1402 1372 1341 1250 1128 1006  945
316A Acap  195512291  914  975 1097 1280 1433 1585 1707 1768 1768 1707 1615 1524
316A Acap  195512292 1433 1341 1311 1311 1341 1372 1402 1402 1372 1311 1189 1067
316A Acap  195512301 1006  975 1006 1097 1250 1402 1554 1676 1768 1768 1707 1615
316A Acap  195512302 1494 1372 1280 1250 1250 1280 1341 1402 1433 1402 1372 1280
316A Acap  195512311 1189 1128 1067 1067 1128 1250 1433 1554 1676 1768 1798 1737
316A Acap  195512312 1646 1524 1372 1250 1158 1128 1189 1280 1402 1463 1494 1463
