316A Acapulco           Mexico              1978 16504N 099547W 0000 3 00000R MM
316A Acap  197801011 1622 1653 1653 1622 1561 1439 1378 1317 1348 1409 1470 1561
316A Acap  197801012 1683 1714 1683 1622 1500 1348 1256 1226 1195 1226 1317 1470
316A Acap  197801021 1561 1653 1683 1683 1622 1531 1409 1378 1317 1348 1409 1500
316A Acap  197801022 1592 1683 1714 1622 1531 1378 1287 1195 1165 1195 1287 1409
316A Acap  197801031 1531 1622 1714 1714 1683 1622 1500 1409 1348 1348 1378 1470
316A Acap  197801032 1561 1622 1653 1622 1531 1409 1287 1195 1134 1134 1195 1317
316A Acap  197801041 1439 1592 1683 1744 1744 1683 1561 1470 1378 1348 1348 1409
316A Acap  197801042 1500 1561 1622 1592 1500 1409 1287 1195 1104 1073 1104 1195
316A Acap  197801051 1348 1500 1653 1744 1744 1744 1683 1561 1470 1409 1378 1409
316A Acap  197801052 1470 1531 1561 1622 1561 1470 1348 1226 1165 1073 1104 1165
316A Acap  197801061 1287 1439 1592 1744 1805 1805 1805 1683 1592 1470 1409 1378
316A Acap  197801062 1439 1500 1561 1561 1561 1531 1439 1287 1195 1134 1104 1104
316A Acap  197801071 1165 1317 1500 1653 1774 1805 1835 1805 1714 1622 1531 1500
316A Acap  197801072 1470 1500 1592 1622 1592 1561 1470 1378 1256 1165 1104 1104
316A Acap  197801081 1134 1226 1378 1531 1653 1774 1835 1805 1774 1683 1622 1531
316A Acap  197801082 1470 1470 1500 1531 1561 1561 1500 1439 1378 1287 1195 1134
316A Acap  197801091 1104 1165 1256 1348 1500 1622 1744 1805 1805 1774 1683 1592
316A Acap  197801092 1500 1439 1409 1409 1439 1470 1500 1500 1500 1439 1348 1256
316A Acap  197801101 1195 1134 1165 1256 1348 1500 1622 1744 1805 1805 1744 1683
316A Acap  197801102 1561 1470 1378 1348 1378 1378 1409 1470 1500 1531 1500 1439
316A Acap  197801111 1317 1256 1195 1195 1256 1348 1470 1592 1714 1774 1805 1774
316A Acap  197801112 1683 1592 1500 1378 1317 1317 1348 1409 1470 1561 1561 1561
316A Acap  197801121 1531 1439 1348 1256 1226 1226 1287 1409 1561 1714 1774 1805
316A Acap  197801122 1744 1622 1500 1378 1256 1195 1195 1287 1378 1500 1592 1653
316A Acap  197801131 1653 1592 1500 1409 1287 1226 1226 1287 1439 1531 1714 1805
316A Acap  197801132 1805 1774 1653 1500 1317 1195 1134 1165 1226 1378 1500 1683
316A Acap  197801141 1744 1714 1622 1500 1378 1226 1165 1134 1226 1348 1500 1622
316A Acap  197801142 1714 1714 1622 1500 1317 1134 1012  952 1012 1104 1287 1470
316A Acap  197801151 1622 1683 1683 1592 1470 1348 1165 1134 1104 1195 1317 1470
316A Acap  197801152 1592 1714 1714 1592 1439 1256 1073 1012  982 1043 1165 1378
316A Acap  197801161 1561 1714 1744 1714 1622 1500 1348 1195 1134 1104 1226 1317
316A Acap  197801162 1470 1561 1622 1592 1470 1317 1134 1012  921  982 1073 1256
316A Acap  197801171 1439 1622 1714 1774 1744 1622 1470 1287 1165 1134 1134 1256
316A Acap  197801172 1378 1500 1592 1592 1531 1409 1256 1134  982  982 1012 1134
316A Acap  197801181 1317 1500 1653 1714 1714 1683 1561 1439 1317 1195 1226 1256
316A Acap  197801182 1378 1439 1500 1592 1561 1470 1317 1195 1104 1073 1073 1134
316A Acap  197801191 1256 1439 1592 1683 1744 1744 1683 1531 1409 1287 1256 1256
316A Acap  197801192 1287 1409 1470 1561 1531 1470 1378 1287 1134 1073 1012 1073
316A Acap  197801201 1195 1317 1439 1592 1653 1683 1653 1592 1500 1378 1317 1287
316A Acap  197801202 1287 1317 1378 1439 1439 1439 1378 1287 1195 1134 1073 1073
316A Acap  197801211 1134 1226 1378 1470 1561 1653 1683 1653 1592 1500 1439 1409
316A Acap  197801212 1409 1378 1439 1439 1470 1439 1409 1348 1256 1165 1134 1134
316A Acap  197801221 1134 1226 1317 1409 1500 1561 1622 1653 1622 1561 1500 1470
316A Acap  197801222 1409 1378 1348 1348 1378 1348 1348 1317 1287 1226 1165 1165
316A Acap  197801231 1134 1165 1226 1317 1409 1500 1531 1592 1622 1592 1561 1500
316A Acap  197801232 1439 1378 1348 1348 1348 1348 1348 1348 1317 1317 1256 1226
316A Acap  197801241 1226 1195 1256 1287 1348 1409 1500 1592 1622 1622 1622 1592
316A Acap  197801242 1531 1470 1409 1348 1317 1287 1317 1348 1378 1378 1348 1317
316A Acap  197801251 1287 1287 1287 1287 1348 1409 1439 1531 1561 1622 1653 1622
316A Acap  197801252 1561 1500 1439 1378 1317 1287 1256 1287 1317 1348 1378 1348
316A Acap  197801261 1348 1317 1287 1256 1256 1287 1348 1409 1500 1592 1653 1653
316A Acap  197801262 1653 1561 1500 1409 1378 1317 1317 1317 1378 1409 1439 1470
316A Acap  197801271 1470 1439 1409 1348 1317 1317 1348 1409 1470 1561 1653 1683
316A Acap  197801272 1683 1622 1561 1439 1317 1256 1226 1256 1287 1348 1439 1500
316A Acap  197801281 1531 1500 1470 1378 1317 1287 1256 1317 1378 1470 1561 1622
316A Acap  197801282 1653 1622 1561 1439 1348 1287 1226 1226 1256 1378 1470 1531
316A Acap  197801291 1592 1622 1561 1500 1409 1317 1287 1287 1317 1378 1500 1561
316A Acap  197801292 1653 1653 1622 1500 1378 1256 1226 1195 1256 1317 1439 1622
316A Acap  197801301 1683 1714 1653 1592 1500 1439 1348 1317 1348 1439 1531 1622
316A Acap  197801302 1683 1744 1714 1592 1500 1348 1256 1195 1226 1287 1409 1500
316A Acap  197801311 1683 1744 1774 1744 1653 1500 1409 1348 1317 1348 1409 1500
316A Acap  197801312 1592 1622 1653 1622 1500 1348 1256 1165 1165 1195 1317 1500
316A Acap  197802011 1653 1774 1835 1805 1774 1653 1500 1378 1317 1287 1348 1470
316A Acap  197802012 1561 1653 1683 1653 1561 1409 1256 1165 1134 1165 1256 1409
316A Acap  197802021 1592 1744 1835 1866 1835 1714 1622 1439 1378 1409 1348 1409
316A Acap  197802022 1500 1592 1622 1622 1561 1439 1256 1134 1073 1043 1073 1226
316A Acap  197802031 1378 1592 1774 1866 1835 1774 1683 1531 1439 1348 1378 1409
316A Acap  197802032 1500 1592 1653 1653 1592 1470 1348 1195 1073 1012 1043 1134
316A Acap  197802041 1287 1470 1653 1774 1866 1835 1744 1622 1470 1378 1348 1317
316A Acap  197802042 1378 1470 1561 1622 1592 1500 1378 1256 1104 1043 1012 1073
316A Acap  197802051 1165 1378 1561 1714 1774 1805 1774 1653 1531 1409 1348 1317
316A Acap  197802052 1348 1409 1500 1561 1561 1531 1439 1287 1165 1073  982  982
316A Acap  197802061 1043 1195 1378 1531 1622 1714 1714 1653 1561 1439 1348 1317
316A Acap  197802062 1287 1409 1409 1500 1531 1531 1500 1470 1378 1226 1134 1073
316A Acap  197802071 1043 1134 1226 1378 1531 1653 1744 1774 1714 1622 1531 1439
316A Acap  197802072 1348 1317 1348 1409 1439 1470 1531 1531 1470 1378 1317 1256
316A Acap  197802081 1195 1195 1195 1287 1409 1531 1622 1683 1683 1653 1592 1500
316A Acap  197802082 1439 1348 1317 1317 1317 1378 1470 1531 1531 1531 1470 1378
316A Acap  197802091 1317 1256 1226 1256 1256 1348 1439 1561 1622 1683 1683 1622
316A Acap  197802092 1531 1409 1348 1287 1256 1287 1348 1439 1500 1561 1592 1561
316A Acap  197802101 1500 1470 1378 1287 1256 1256 1317 1409 1500 1653 1714 1714
316A Acap  197802102 1653 1561 1439 1348 1226 1195 1226 1287 1378 1500 1622 1653
316A Acap  197802111 1653 1561 1500 1378 1317 1256 1256 1287 1378 1470 1561 1653
316A Acap  197802112 1653 1592 1500 1348 1226 1134 1134 1195 1287 1409 1561 1683
316A Acap  197802121 1744 1744 1653 1531 1409 1287 1195 1165 1226 1317 1439 1561
316A Acap  197802122 1653 1653 1561 1470 1317 1165 1073 1073 1134 1256 1409 1592
316A Acap  197802131 1714 1744 1714 1653 1500 1348 1256 1195 1165 1226 1317 1500
316A Acap  197802132 1592 1653 1622 1561 1439 1256 1104 1043 1073 1134 1287 1470
316A Acap  197802141 1653 1774 1835 1774 1653 1531 1378 1256 1195 1195 1287 1409
316A Acap  197802142 1561 1653 1653 1622 1500 1378 1226 1104 1073 1104 1226 1378
316A Acap  197802151 1561 1714 1835 1866 1805 1683 1531 1378 1287 1256 1287 1378
316A Acap  197802152 1470 1561 1653 1622 1561 1439 1317 1165 1073 1073 1165 1317
316A Acap  197802161 1470 1622 1744 1805 1805 1714 1592 1470 1348 1287 1256 1317
316A Acap  197802162 1439 1531 1592 1622 1561 1531 1378 1226 1134 1104 1165 1256
316A Acap  197802171 1409 1592 1714 1835 1866 1866 1744 1653 1531 1439 1409 1439
316A Acap  197802172 1500 1592 1653 1683 1683 1592 1500 1378 1256 1226 1226 1287
316A Acap  197802181 1409 1561 1683 1805 1866 1866 1835 1744 1622 1531 1500 1500
316A Acap  197802182 1500 1561 1622 1653 1653 1592 1531 1470 1317 1256 1256 1287
316A Acap  197802191 1348 1500 1653 1714 1774 1805 1774 1714 1622 1561 1500 1470
316A Acap  197802192 1500 1531 1561 1561 1579 1561 1500 1439 1378 1287 1256 1256
316A Acap  197802201 1348 1409 1531 1622 1683 1714 1714 1683 1622 1561 1531 1470
316A Acap  197802202 1470 1500 1500 1531 1531 1500 1470 1409 1348 1287 1287 1287
316A Acap  197802211 1317 1378 1439 1531 1561 1622 1622 1622 1592 1531 1500 1470
316A Acap  197802212 1439 1439 1470 1470 1470 1439 1439 1409 1348 1317 1256 1226
316A Acap  197802221 1256 1256 1317 1373 1430 1475 1500 1500 1500 1500 1500 1470
316A Acap  197802222 1439 1409 1409 1378 1378 1378 1378 1409 1378 1348 1317 1287
316A Acap  197802231 1256 1256 1256 1317 1378 1378 1470 1500 1531 1531 1500 1470
316A Acap  197802232 1439 1378 1348 1348 1348 1348 1378 1439 1409 1409 1378 1348
316A Acap  197802241 1348 1317 1287 1287 1317 1378 1409 1439 1470 1500 1500 1470
316A Acap  197802242 1439 1409 1348 1317 1287 1287 1317 1317 1378 1409 1439 1439
316A Acap  197802251 1409 1378 1317 1287 1256 1287 1317 1378 1409 1470 1500 1500
316A Acap  197802252 1500 1470 1439 1409 1348 1317 1317 1317 1378 1470 1531 1561
316A Acap  197802261 1561 1531 1500 1409 1378 1348 1317 1348 1378 1439 1470 1531
316A Acap  197802262 1531 1500 1439 1378 1317 1256 1256 1287 1348 1439 1531 1592
316A Acap  197802271 1592 1592 1531 1439 1348 1287 1256 1256 1287 1378 1439 1500
316A Acap  197802272 1531 1500 1439 1348 1256 1165 1134 1165 1256 1378 1500 1622
316A Acap  197802281 1683 1714 1714 1622 1531 1378 1317 1287 1287 1317 1378 1470
316A Acap  197802282 1531 1531 1500 1439 1348 1287 1195 1195 1226 1317 1439 1592
316A Acap  197803011 1714 1774 1774 1714 1622 1500 1348 1256 1226 1256 1287 1378
316A Acap  197803012 1500 1500 1500 1409 1317 1195 1073 1012 1043 1104 1256 1439
316A Acap  197803021 1592 1714 1744 1714 1622 1470 1348 1226 1165 1195 1226 1317
316A Acap  197803022 1439 1470 1500 1439 1317 1195 1043  982  952 1012 1134 1317
316A Acap  197803031 1500 1653 1744 1744 1683 1561 1409 1287 1195 1165 1195 1287
316A Acap  197803032 1409 1470 1500 1500 1409 1287 1134 1012  952  921 1012 1165
316A Acap  197803041 1348 1500 1653 1714 1683 1592 1470 1317 1195 1134 1134 1226
316A Acap  197803042 1317 1409 1470 1470 1439 1317 1165 1043  921  891  921 1043
316A Acap  197803051 1226 1378 1561 1622 1622 1592 1470 1317 1195 1104 1073 1104
316A Acap  197803052 1226 1317 1378 1439 1409 1348 1256 1134  982  921  891  982
316A Acap  197803061 1073 1226 1409 1531 1592 1622 1592 1500 1348 1226 1134 1134
316A Acap  197803062 1195 1256 1378 1439 1439 1409 1348 1226 1104 1012  952  952
316A Acap  197803071 1043 1165 1317 1409 1531 1592 1561 1500 1409 1287 1195 1165
316A Acap  197803072 1165 1195 1287 1348 1409 1439 1409 1317 1226 1165 1073 1043
316A Acap  197803081 1043 1104 1195 1317 1439 1500 1531 1500 1439 1378 1256 1195
316A Acap  197803082 1195 1195 1226 1287 1348 1409 1439 1409 1378 1317 1256 1195
316A Acap  197803091 1134 1104 1134 1195 1287 1348 1409 1439 1439 1378 1317 1256
316A Acap  197803092 1195 1165 1165 1195 1256 1317 1348 1409 1439 1409 1348 1287
316A Acap  197803101 1256 1195 1134 1134 1195 1256 1317 1348 1409 1409 1378 1348
316A Acap  197803102 1287 1226 1165 1134 1134 1195 1256 1317 1409 1439 1439 1439
316A Acap  197803111 1378 1317 1226 1134 1104 1134 1195 1226 1317 1378 1409 1378
316A Acap  197803112 1317 1256 1165 1104 1073 1073 1134 1226 1317 1439 1500 1531
316A Acap  197803121 1531 1470 1378 1256 1165 1134 1104 1165 1226 1317 1378 1409
316A Acap  197803122 1409 1378 1287 1165 1073 1043 1043 1134 1226 1378 1500 1592
316A Acap  197803131 1653 1622 1531 1409 1256 1165 1104 1104 1134 1226 1317 1439
316A Acap  197803132 1470 1470 1409 1287 1165 1043 1012 1043 1104 1226 1409 1561
316A Acap  197803141 1683 1714 1683 1561 1409 1256 1134 1104 1104 1195 1287 1378
316A Acap  197803142 1470 1500 1500 1409 1287 1134 1043  982 1043 1134 1317 1470
316A Acap  197803151 1592 1714 1714 1622 1500 1348 1195 1104 1073 1104 1195 1317
316A Acap  197803152 1409 1500 1500 1439 1348 1195 1073  982  982 1043 1165 1348
316A Acap  197803161 1531 1653 1714 1683 1500 1439 1287 1134 1073 1043 1104 1195
316A Acap  197803162 1317 1439 1500 1470 1378 1226 1073  952  952  982 1104 1256
316A Acap  197803171 1439 1561 1653 1653 1592 1470 1287 1134 1043  982 1043 1134
316A Acap  197803172 1256 1348 1409 1409 1348 1256 1104  982  891  891  982 1134
316A Acap  197803181 1287 1439 1561 1622 1592 1500 1378 1287 1165 1073 1073 1134
316A Acap  197803182 1195 1287 1348 1409 1378 1287 1195 1073  982  952 1012 1104
316A Acap  197803191 1256 1378 1500 1531 1561 1500 1409 1317 1195 1104 1073 1073
316A Acap  197803192 1165 1256 1317 1378 1378 1256 1134 1073  982  921  952 1043
316A Acap  197803201 1134 1256 1378 1439 1500 1470 1378 1287 1165 1073 1043 1043
316A Acap  197803202 1104 1195 1256 1317 1317 1256 1195 1104 1012  952  952  982
316A Acap  197803211 1073 1165 1287 1378 1439 1470 1409 1348 1256 1195 1165 1134
316A Acap  197803212 1165 1226 1317 1378 1378 1378 1378 1317 1226 1165 1134 1165
316A Acap  197803221 1195 1287 1348 1409 1439 1470 1470 1409 1378 1317 1256 1226
316A Acap  197803222 1226 1256 1317 1348 1409 1409 1378 1317 1256 1226 1195 1195
316A Acap  197803231 1195 1226 1287 1348 1378 1409 1409 1409 1378 1317 1256 1226
316A Acap  197803232 1195 1165 1195 1256 1287 1348 1378 1378 1378 1317 1287 1226
316A Acap  197803241 1195 1195 1226 1256 1317 1348 1378 1378 1348 1317 1256 1256
316A Acap  197803242 1226 1195 1195 1226 1256 1287 1317 1348 1378 1378 1378 1348
316A Acap  197803251 1317 1256 1256 1226 1226 1256 1256 1287 1287 1287 1287 1287
316A Acap  197803252 1256 1195 1195 1165 1195 1226 1256 1317 1378 1439 1439 1439
316A Acap  197803261 1409 1348 1256 1226 1195 1195 1195 1195 1226 1256 1287 1317
316A Acap  197803262 1287 1256 1195 1134 1134 1165 1256 1317 1409 1470 1531 1531
316A Acap  197803271 1531 1439 1378 1256 1195 1195 1195 1165 1226 1287 1317 1317
316A Acap  197803272 1317 1256 1195 1104 1073 1073 1165 1256 1378 1500 1561 1622
316A Acap  197803281 1622 1561 1439 1348 1226 1134 1104 1104 1165 1226 1287 1348
316A Acap  197803282 1348 1317 1256 1165 1073 1043 1043 1073 1195 1287 1439 1531
316A Acap  197803291 1653 1653 1592 1470 1348 1226 1165 1073 1104 1165 1256 1348
316A Acap  197803292 1378 1378 1317 1195 1104 1012  982 1012 1134 1287 1439 1592
316A Acap  197803301 1714 1744 1683 1561 1409 1287 1134 1073 1073 1134 1226 1348
316A Acap  197803302 1409 1439 1409 1317 1165 1043  952  921 1012 1134 1317 1470
316A Acap  197803311 1622 1744 1744 1683 1531 1378 1226 1073 1043 1073 1165 1287
316A Acap  197803312 1378 1470 1470 1378 1256 1104  982  921  921 1012 1195 1378
316A Acap  197804011 1592 1714 1774 1744 1653 1500 1317 1165 1073 1073 1134 1256
316A Acap  197804012 1378 1470 1531 1470 1378 1226 1073  952  921  921 1043 1195
316A Acap  197804021 1409 1561 1683 1744 1683 1561 1378 1226 1104 1073 1073 1195
316A Acap  197804022 1317 1439 1500 1531 1470 1378 1226 1104 1012  952 1012 1104
316A Acap  197804031 1287 1439 1592 1653 1653 1592 1470 1317 1165 1073 1043 1104
316A Acap  197804032 1195 1348 1470 1531 1531 1439 1317 1165 1043  982  921 1012
316A Acap  197804041 1134 1287 1409 1561 1592 1561 1500 1378 1195 1134 1073 1073
316A Acap  197804042 1165 1256 1378 1470 1531 1500 1439 1348 1226 1104 1073 1073
316A Acap  197804051 1134 1256 1378 1500 1531 1561 1500 1409 1287 1165 1104 1104
316A Acap  197804052 1134 1195 1317 1409 1500 1531 1561 1470 1378 1287 1226 1195
316A Acap  197804061 1165 1226 1287 1378 1439 1470 1500 1439 1348 1287 1226 1195
316A Acap  197804062 1165 1195 1256 1348 1409 1500 1531 1531 1500 1439 1348 1317
316A Acap  197804071 1256 1226 1226 1256 1317 1378 1409 1409 1409 1378 1287 1226
316A Acap  197804072 1195 1165 1165 1256 1317 1409 1470 1531 1561 1531 1500 1439
316A Acap  197804081 1378 1317 1256 1226 1226 1256 1317 1378 1409 1378 1378 1317
316A Acap  197804082 1256 1195 1134 1134 1195 1256 1348 1439 1531 1592 1622 1592
316A Acap  197804091 1531 1439 1317 1256 1226 1226 1256 1287 1348 1378 1409 1378
316A Acap  197804092 1348 1256 1165 1134 1134 1195 1287 1378 1500 1592 1683 1714
316A Acap  197804101 1683 1592 1439 1317 1195 1134 1165 1195 1287 1378 1409 1439
316A Acap  197804102 1378 1287 1195 1195 1134 1104 1165 1256 1378 1531 1653 1744
316A Acap  197804111 1744 1683 1561 1409 1287 1165 1104 1104 1165 1256 1378 1439
316A Acap  197804112 1470 1439 1348 1256 1165 1104 1134 1195 1317 1470 1592 1714
316A Acap  197804121 1774 1774 1683 1531 1378 1256 1134 1073 1134 1195 1317 1409
316A Acap  197804122 1500 1470 1439 1348 1226 1134 1104 1104 1165 1317 1470 1622
316A Acap  197804131 1714 1774 1714 1622 1439 1287 1165 1104 1104 1165 1287 1409
316A Acap  197804132 1470 1500 1500 1409 1287 1134 1104 1073 1134 1256 1378 1561
316A Acap  197804141 1683 1744 1744 1683 1531 1378 1195 1134 1104 1134 1226 1348
316A Acap  197804142 1439 1500 1500 1439 1348 1226 1134 1073 1073 1165 1287 1470
316A Acap  197804151 1592 1714 1744 1683 1592 1439 1256 1165 1104 1104 1165 1287
316A Acap  197804152 1409 1500 1531 1500 1439 1317 1226 1134 1104 1165 1256 1378
316A Acap  197804161 1531 1683 1744 1714 1622 1531 1378 1226 1134 1104 1134 1226
316A Acap  197804162 1348 1439 1500 1500 1470 1378 1287 1195 1104 1104 1195 1317
316A Acap  197804171 1439 1561 1653 1683 1622 1561 1439 1287 1195 1134 1134 1226
316A Acap  197804172 1317 1439 1500 1531 1500 1439 1317 1256 1134 1134 1165 1256
316A Acap  197804181 1378 1500 1561 1592 1592 1531 1439 1317 1256 1165 1134 1165
316A Acap  197804182 1287 1378 1439 1500 1500 1470 1378 1287 1195 1165 1134 1195
316A Acap  197804191 1287 1409 1500 1561 1561 1500 1439 1317 1226 1165 1134 1134
316A Acap  197804192 1195 1317 1378 1439 1500 1470 1409 1348 1256 1195 1165 1165
316A Acap  197804201 1226 1317 1409 1470 1500 1500 1439 1348 1256 1195 1165 1165
316A Acap  197804202 1195 1256 1378 1439 1500 1531 1500 1409 1348 1256 1226 1226
316A Acap  197804211 1226 1256 1348 1378 1439 1439 1378 1317 1256 1165 1134 1104
316A Acap  197804212 1104 1165 1256 1348 1439 1470 1500 1470 1409 1348 1287 1256
316A Acap  197804221 1226 1256 1256 1287 1317 1317 1317 1256 1226 1165 1134 1104
316A Acap  197804222 1104 1104 1165 1226 1317 1378 1470 1500 1500 1470 1409 1378
316A Acap  197804231 1348 1287 1256 1256 1287 1287 1287 1256 1226 1195 1165 1104
316A Acap  197804232 1073 1073 1104 1165 1226 1317 1378 1470 1531 1531 1500 1470
316A Acap  197804241 1378 1317 1256 1226 1226 1226 1226 1226 1226 1226 1195 1165
316A Acap  197804242 1134 1073 1043 1043 1073 1195 1287 1409 1500 1592 1622 1592
316A Acap  197804251 1531 1439 1348 1226 1195 1165 1134 1165 1195 1226 1226 1226
316A Acap  197804252 1195 1134 1073 1012 1012 1073 1165 1317 1439 1561 1622 1683
316A Acap  197804261 1653 1531 1378 1256 1134 1104 1104 1104 1165 1226 1287 1317
316A Acap  197804262 1287 1134 1134 1043  982  982 1043 1165 1317 1470 1592 1683
316A Acap  197804271 1714 1653 1500 1348 1195 1104 1043 1073 1134 1195 1287 1317
316A Acap  197804272 1317 1317 1256 1104  982  921  921 1012 1134 1287 1500 1653
316A Acap  197804281 1714 1714 1653 1500 1317 1165 1073 1012 1043 1134 1256 1348
316A Acap  197804282 1378 1409 1348 1256 1104  952  921  921 1012 1165 1378 1561
316A Acap  197804291 1714 1774 1714 1592 1409 1226 1073  982  982 1073 1195 1317
316A Acap  197804292 1439 1470 1470 1348 1195 1073  952  891  921 1043 1195 1378
316A Acap  197804301 1561 1683 1714 1653 1500 1317 1134 1012  952  982 1073 1226
316A Acap  197804302 1378 1439 1500 1470 1378 1256 1073  982  921  982 1073 1256
316A Acap  197805011 1470 1622 1683 1653 1592 1439 1256 1104  982  952 1012 1104
316A Acap  197805012 1256 1409 1500 1531 1470 1378 1226 1104  982  952  982 1134
316A Acap  197805021 1287 1439 1531 1592 1561 1470 1317 1134 1012  921  952 1012
316A Acap  197805022 1134 1287 1439 1500 1500 1439 1348 1195 1073 1043 1012 1073
316A Acap  197805031 1195 1317 1439 1470 1500 1470 1378 1226 1104 1012  982 1012
316A Acap  197805032 1104 1226 1348 1439 1500 1531 1470 1378 1287 1165 1134 1104
316A Acap  197805041 1165 1226 1287 1348 1409 1409 1317 1226 1134 1012  952  952
316A Acap  197805042  982 1073 1195 1287 1378 1439 1470 1409 1317 1256 1195 1134
316A Acap  197805051 1104 1134 1165 1195 1256 1287 1287 1256 1195 1104 1043  982
316A Acap  197805052  952 1012 1073 1165 1256 1348 1409 1439 1409 1378 1317 1226
316A Acap  197805061 1165 1134 1104 1165 1195 1195 1226 1226 1195 1134 1073 1012
316A Acap  197805062  982  982 1012 1104 1165 1256 1378 1439 1470 1439 1409 1348
316A Acap  197805071 1256 1165 1134 1101 1093 1104 1134 1165 1165 1165 1104 1066
316A Acap  197805072 1019  982  982 1012 1073 1165 1256 1348 1439 1500 1470 1439
316A Acap  197805081 1348 1256 1195 1134 1073 1073 1073 1134 1165 1195 1195 1165
316A Acap  197805082 1134 1073 1043 1012 1012 1104 1195 1317 1409 1531 1561 1531
316A Acap  197805091 1500 1409 1287 1165 1073 1043 1043 1073 1134 1195 1226 1256
316A Acap  197805092 1195 1165 1104 1043 1043 1073 1134 1256 1348 1470 1561 1592
316A Acap  197805101 1561 1500 1378 1226 1104 1043 1012 1043 1043 1134 1226 1256
316A Acap  197805102 1256 1226 1165 1073 1012 1012 1043 1134 1256 1378 1500 1592
316A Acap  197805111 1622 1561 1470 1348 1226 1104 1043 1012 1043 1134 1195 1256
316A Acap  197805112 1287 1287 1226 1134 1073 1012 1012 1073 1165 1287 1439 1561
316A Acap  197805121 1653 1653 1561 1439 1287 1165 1043 1012 1012 1073 1165 1256
316A Acap  197805122 1317 1317 1317 1226 1134 1012 1012 1043 1104 1226 1378 1531
316A Acap  197805131 1592 1653 1622 1500 1348 1195 1073 1012  952 1012 1134 1226
316A Acap  197805132 1317 1378 1378 1317 1195 1134 1043 1012 1043 1134 1317 1409
316A Acap  197805141 1561 1622 1622 1561 1439 1287 1134 1043 1012 1043 1104 1226
316A Acap  197805142 1317 1378 1409 1348 1287 1195 1104 1043 1012 1134 1226 1348
316A Acap  197805151 1470 1561 1592 1561 1470 1348 1226 1104 1012  982 1043 1165
316A Acap  197805152 1287 1378 1409 1439 1378 1256 1165 1104 1073 1073 1195 1317
316A Acap  197805161 1439 1561 1622 1653 1531 1409 1317 1134 1104 1043 1104 1195
316A Acap  197805162 1317 1409 1470 1500 1500 1409 1317 1256 1165 1134 1195 1256
316A Acap  197805171 1373 1483 1556 1579 1547 1470 1348 1195 1104 1073 1073 1165
316A Acap  197805172 1256 1378 1500 1561 1561 1500 1409 1317 1256 1226 1226 1287
316A Acap  197805181 1378 1470 1531 1561 1561 1500 1378 1256 1165 1104 1073 1134
316A Acap  197805182 1256 1348 1439 1500 1561 1561 1500 1409 1317 1256 1226 1256
316A Acap  197805191 1317 1378 1439 1470 1470 1439 1348 1256 1165 1104 1073 1073
316A Acap  197805192 1104 1226 1317 1439 1470 1500 1470 1439 1348 1287 1256 1256
316A Acap  197805201 1256 1317 1348 1409 1409 1378 1348 1256 1165 1104 1043 1012
316A Acap  197805202 1073 1165 1287 1378 1470 1531 1592 1561 1500 1409 1348 1317
316A Acap  197805211 1287 1287 1317 1348 1348 1348 1317 1256 1195 1104 1043  982
316A Acap  197805212 1012 1073 1165 1256 1409 1500 1561 1561 1531 1500 1439 1348
316A Acap  197805221 1287 1256 1256 1256 1287 1287 1256 1226 1195 1134 1073 1012
316A Acap  197805222 1012 1012 1043 1134 1287 1409 1531 1592 1653 1622 1561 1500
316A Acap  197805231 1409 1317 1287 1226 1226 1226 1256 1256 1226 1195 1134 1073
316A Acap  197805232 1012  982  982 1043 1165 1287 1409 1531 1653 1714 1683 1622
316A Acap  197805241 1561 1409 1287 1226 1195 1195 1195 1256 1287 1287 1256 1195
316A Acap  197805242 1134 1073 1012 1012 1073 1165 1287 1470 1592 1714 1744 1714
316A Acap  197805251 1653 1561 1409 1287 1195 1165 1195 1195 1287 1348 1378 1348
316A Acap  197805252 1287 1195 1104 1043 1012 1073 1195 1348 1500 1683 1744 1835
316A Acap  197805261 1805 1683 1561 1409 1256 1195 1165 1226 1287 1378 1439 1470
316A Acap  197805262 1470 1378 1287 1165 1104 1073 1134 1226 1378 1500 1683 1774
316A Acap  197805271 1866 1835 1653 1500 1378 1256 1195 1195 1195 1317 1409 1561
316A Acap  197805272 1592 1561 1470 1378 1256 1165 1134 1165 1256 1409 1592 1714
316A Acap  197805281 1805 1805 1774 1653 1439 1256 1195 1134 1195 1226 1317 1470
316A Acap  197805282 1561 1622 1622 1500 1348 1256 1165 1165 1226 1287 1409 1561
316A Acap  197805291 1744 1805 1805 1683 1561 1378 1256 1165 1134 1165 1256 1378
316A Acap  197805292 1500 1653 1714 1683 1561 1409 1287 1195 1195 1256 1348 1500
316A Acap  197805301 1653 1744 1805 1744 1653 1500 1317 1195 1134 1134 1195 1378
316A Acap  197805302 1500 1622 1714 1744 1714 1592 1500 1378 1317 1317 1378 1500
316A Acap  197805311 1622 1744 1805 1835 1774 1683 1561 1439 1317 1256 1287 1378
316A Acap  197805312 1470 1622 1744 1805 1835 1774 1653 1531 1439 1378 1348 1378
316A Acap  197806011 1470 1592 1683 1744 1714 1653 1561 1439 1317 1256 1226 1287
316A Acap  197806012 1378 1500 1622 1744 1805 1805 1805 1744 1622 1531 1470 1470
316A Acap  197806021 1500 1531 1622 1653 1683 1653 1592 1500 1348 1256 1195 1195
316A Acap  197806022 1256 1378 1500 1622 1744 1774 1805 1744 1683 1592 1500 1439
316A Acap  197806031 1439 1470 1500 1561 1592 1592 1561 1500 1409 1287 1226 1195
316A Acap  197806032 1195 1287 1348 1439 1561 1683 1744 1744 1714 1653 1561 1470
316A Acap  197806041 1409 1378 1439 1470 1500 1531 1531 1470 1409 1348 1287 1226
316A Acap  197806042 1195 1256 1348 1439 1561 1622 1744 1805 1805 1744 1683 1592
316A Acap  197806051 1531 1470 1409 1378 1409 1439 1470 1470 1439 1378 1287 1226
316A Acap  197806052 1226 1287 1348 1409 1470 1561 1653 1714 1744 1714 1653 1561
316A Acap  197806061 1480 1390 1312 1260 1235 1236 1255 1282 1302 1301 1277 1244
316A Acap  197806062 1204 1167 1157 1184 1243 1328 1428 1529 1616 1671 1683 1592
316A Acap  197806071 1531 1439 1348 1256 1195 1165 1195 1222 1258 1286 1292 1275
316A Acap  197806072 1243 1199 1160 1151 1176 1233 1317 1418 1520 1607 1658 1663
316A Acap  197806081 1622 1544 1437 1327 1238 1182 1165 1195 1287 1378 1439 1439
316A Acap  197806082 1378 1348 1287 1256 1256 1287 1348 1439 1535 1631 1705 1738
316A Acap  197806091 1718 1651 1542 1412 1288 1195 1134 1134 1256 1317 1378 1470
316A Acap  197806092 1470 1439 1378 1317 1256 1226 1226 1287 1348 1470 1531 1592
316A Acap  197806101 1622 1592 1500 1409 1317 1256 1165 1134 1165 1256 1348 1439
316A Acap  197806102 1500 1439 1378 1317 1256 1195 1195 1226 1256 1378 1500 1622
316A Acap  197806111 1683 1683 1622 1531 1409 1278 1180 1131 1134 1195 1256 1348
316A Acap  197806112 1439 1470 1470 1409 1317 1256 1195 1226 1256 1348 1439 1561
316A Acap  197806121 1622 1653 1622 1531 1409 1287 1165 1134 1134 1165 1256 1378
316A Acap  197806122 1439 1500 1470 1439 1378 1287 1226 1226 1256 1317 1409 1531
316A Acap  197806131 1592 1622 1622 1561 1500 1378 1256 1165 1134 1165 1226 1317
316A Acap  197806132 1409 1500 1531 1500 1439 1378 1287 1256 1256 1287 1378 1470
316A Acap  197806141 1561 1622 1622 1592 1470 1348 1256 1165 1134 1165 1226 1317
316A Acap  197806142 1439 1500 1561 1592 1561 1470 1348 1287 1256 1287 1317 1409
316A Acap  197806151 1500 1561 1561 1531 1470 1378 1287 1165 1104 1073 1134 1226
316A Acap  197806152 1317 1470 1531 1592 1592 1561 1439 1378 1287 1287 1287 1378
316A Acap  197806161 1439 1500 1531 1531 1470 1378 1287 1195 1104 1104 1134 1226
316A Acap  197806162 1317 1439 1531 1592 1592 1561 1561 1439 1348 1317 1317 1348
316A Acap  197806171 1409 1470 1500 1500 1470 1409 1287 1195 1134 1073 1104 1165
316A Acap  197806172 1287 1409 1500 1592 1653 1622 1622 1561 1470 1409 1378 1348
316A Acap  197806181 1378 1439 1470 1470 1439 1378 1287 1195 1104 1073 1043 1104
316A Acap  197806182 1195 1287 1409 1561 1622 1653 1683 1622 1531 1470 1409 1378
316A Acap  197806191 1378 1378 1409 1439 1439 1409 1378 1287 1195 1134 1043 1043
316A Acap  197806192 1073 1165 1317 1500 1592 1714 1774 1744 1714 1622 1531 1439
316A Acap  197806201 1409 1378 1378 1439 1470 1470 1439 1409 1317 1226 1104 1073
316A Acap  197806202 1073 1104 1195 1317 1470 1622 1683 1774 1774 1714 1622 1561
316A Acap  197806211 1500 1409 1378 1378 1409 1409 1409 1409 1348 1256 1195 1134
316A Acap  197806212 1073 1043 1073 1134 1287 1409 1592 1714 1805 1805 1744 1683
316A Acap  197806221 1592 1470 1378 1348 1378 1378 1378 1439 1439 1409 1317 1256
316A Acap  197806222 1165 1073 1073 1073 1195 1348 1500 1592 1744 1835 1866 1805
316A Acap  197806231 1683 1592 1409 1317 1287 1287 1317 1378 1439 1439 1470 1409
316A Acap  197806232 1348 1195 1165 1104 1104 1165 1317 1500 1622 1774 1835 1805
316A Acap  197806241 1744 1622 1470 1317 1226 1195 1226 1287 1378 1439 1531 1531
316A Acap  197806242 1500 1409 1287 1165 1104 1134 1195 1287 1470 1622 1744 1835
316A Acap  197806251 1835 1744 1592 1439 1256 1195 1165 1165 1256 1378 1500 1592
316A Acap  197806252 1592 1561 1470 1378 1226 1165 1165 1226 1348 1470 1622 1744
316A Acap  197806261 1805 1805 1683 1500 1378 1226 1134 1104 1165 1256 1439 1561
316A Acap  197806262 1622 1683 1653 1561 1409 1317 1195 1134 1195 1317 1439 1622
316A Acap  197806271 1683 1744 1714 1622 1439 1256 1134 1073 1134 1226 1348 1500
316A Acap  197806272 1653 1683 1714 1653 1561 1439 1317 1256 1226 1317 1378 1500
316A Acap  197806281 1622 1714 1714 1683 1592 1409 1226 1134 1073 1073 1134 1287
316A Acap  197806282 1439 1592 1683 1744 1683 1592 1470 1348 1256 1226 1256 1348
316A Acap  197806291 1439 1561 1622 1622 1592 1439 1317 1165 1073 1012 1043 1165
316A Acap  197806292 1287 1439 1592 1683 1714 1683 1592 1439 1317 1256 1287 1317
316A Acap  197806301 1409 1500 1561 1622 1592 1500 1378 1256 1134 1043 1043 1104
316A Acap  197806302 1195 1317 1439 1561 1653 1653 1561 1531 1409 1348 1287 1256
316A Acap  197807011 1317 1378 1439 1500 1531 1500 1439 1317 1165 1073 1012 1012
316A Acap  197807012 1104 1256 1378 1516 1622 1681 1683 1592 1500 1409 1317 1287
316A Acap  197807021 1287 1317 1378 1439 1439 1439 1378 1287 1195 1104 1043 1043
316A Acap  197807022 1073 1165 1317 1439 1531 1592 1622 1622 1561 1470 1409 1348
316A Acap  197807031 1317 1317 1348 1378 1409 1409 1378 1317 1256 1165 1104 1073
316A Acap  197807032 1104 1134 1256 1348 1470 1561 1622 1622 1622 1561 1500 1439
316A Acap  197807041 1378 1348 1317 1317 1348 1348 1348 1317 1256 1226 1134 1104
316A Acap  197807042 1104 1104 1195 1287 1378 1470 1561 1622 1653 1622 1592 1561
316A Acap  197807051 1470 1409 1378 1348 1348 1348 1348 1348 1317 1287 1256 1256
316A Acap  197807052 1226 1195 1226 1256 1348 1409 1531 1592 1683 1683 1714 1683
316A Acap  197807061 1622 1500 1439 1378 1348 1348 1348 1348 1348 1348 1348 1317
316A Acap  197807062 1317 1287 1256 1287 1317 1378 1470 1561 1622 1683 1744 1714
316A Acap  197807071 1683 1622 1531 1439 1378 1348 1317 1348 1378 1409 1409 1409
316A Acap  197807072 1378 1348 1317 1287 1317 1348 1439 1531 1622 1683 1714 1744
316A Acap  197807081 1714 1622 1531 1439 1348 1317 1317 1317 1348 1378 1409 1439
316A Acap  197807082 1439 1409 1378 1317 1317 1317 1348 1409 1500 1592 1653 1683
316A Acap  197807091 1714 1683 1622 1500 1378 1287 1256 1256 1287 1378 1439 1470
316A Acap  197807092 1470 1439 1409 1378 1317 1317 1317 1348 1409 1500 1592 1683
316A Acap  197807101 1714 1683 1592 1500 1409 1287 1256 1226 1226 1287 1378 1439
316A Acap  197807102 1470 1500 1470 1409 1348 1317 1287 1287 1348 1409 1531 1592
316A Acap  197807111 1653 1653 1622 1531 1409 1287 1195 1165 1165 1226 1348 1439
316A Acap  197807112 1531 1592 1561 1531 1470 1378 1348 1317 1317 1378 1470 1561
316A Acap  197807121 1653 1653 1622 1561 1439 1348 1256 1195 1195 1226 1317 1439
316A Acap  197807122 1531 1592 1622 1592 1531 1409 1348 1287 1256 1317 1378 1470
316A Acap  197807131 1531 1622 1622 1561 1439 1317 1256 1165 1134 1165 1256 1378
316A Acap  197807132 1500 1622 1653 1653 1592 1531 1439 1378 1317 1317 1378 1470
316A Acap  197807141 1561 1592 1622 1561 1500 1378 1256 1165 1134 1165 1256 1348
316A Acap  197807142 1500 1622 1683 1744 1714 1683 1592 1500 1439 1409 1439 1500
316A Acap  197807151 1561 1622 1683 1622 1561 1439 1317 1226 1195 1195 1256 1348
316A Acap  197807152 1470 1622 1714 1774 1774 1744 1653 1561 1500 1439 1439 1470
316A Acap  197807161 1531 1592 1622 1622 1592 1500 1378 1256 1165 1134 1165 1226
316A Acap  197807162 1348 1561 1683 1774 1835 1805 1744 1653 1561 1500 1470 1470
316A Acap  197807171 1531 1592 1622 1622 1592 1531 1409 1256 1195 1104 1104 1165
316A Acap  197807172 1256 1439 1592 1744 1805 1866 1835 1744 1653 1561 1500 1470
316A Acap  197807181 1470 1531 1592 1592 1592 1531 1470 1348 1195 1104 1043 1043
316A Acap  197807182 1104 1256 1439 1622 1744 1835 1866 1805 1744 1622 1561 1470
316A Acap  197807191 1439 1439 1470 1531 1561 1561 1531 1439 1348 1195 1134 1104
316A Acap  197807192 1134 1226 1348 1500 1622 1744 1835 1866 1805 1774 1683 1592
316A Acap  197807201 1531 1500 1500 1531 1561 1592 1622 1561 1500 1378 1287 1195
316A Acap  197807202 1165 1165 1226 1348 1500 1653 1774 1866 1896 1866 1805 1683
316A Acap  197807211 1561 1500 1439 1439 1470 1500 1561 1561 1561 1500 1470 1409
316A Acap  197807212 1287 1226 1226 1256 1348 1470 1592 1744 1866 1896 1896 1835
316A Acap  197807221 1683 1561 1439 1378 1378 1439 1470 1500 1592 1622 1592 1531
316A Acap  197807222 1439 1348 1287 1256 1287 1378 1470 1592 1714 1835 1866 1835
316A Acap  197807231 1774 1683 1561 1439 1378 1378 1409 1500 1592 1683 1744 1744
316A Acap  197807232 1744 1653 1531 1430 1368 1363 1409 1500 1592 1744 1835 1896
316A Acap  197807241 1866 1805 1683 1531 1378 1287 1256 1317 1378 1500 1653 1805
316A Acap  197807242 1835 1774 1683 1592 1470 1378 1378 1409 1500 1622 1774 1866
316A Acap  197807251 1896 1866 1774 1622 1439 1317 1226 1256 1317 1409 1622 1744
316A Acap  197807252 1835 1866 1805 1683 1561 1439 1348 1348 1378 1470 1592 1744
316A Acap  197807261 1805 1805 1744 1592 1470 1317 1226 1165 1195 1287 1409 1622
316A Acap  197807262 1744 1835 1866 1805 1714 1592 1470 1378 1378 1409 1470 1622
316A Acap  197807271 1744 1805 1805 1744 1592 1409 1256 1195 1165 1195 1348 1500
316A Acap  197807272 1653 1805 1896 1927 1835 1744 1592 1439 1378 1348 1378 1470
316A Acap  197807281 1592 1683 1744 1714 1653 1500 1378 1226 1134 1134 1195 1317
316A Acap  197807282 1500 1653 1774 1835 1835 1774 1653 1500 1409 1378 1378 1409
316A Acap  197807291 1500 1592 1683 1683 1653 1531 1378 1256 1104 1043 1073 1165
316A Acap  197807292 1317 1500 1653 1774 1835 1805 1714 1592 1470 1378 1348 1348
316A Acap  197807301 1409 1470 1561 1592 1561 1500 1409 1287 1165 1134 1104 1134
316A Acap  197807302 1256 1409 1531 1653 1744 1774 1744 1653 1561 1470 1409 1348
316A Acap  197807311 1378 1439 1531 1592 1592 1592 1500 1409 1287 1165 1104 1134
316A Acap  197807312 1226 1348 1500 1622 1705 1747 1739 1683 1622 1531 1470 1439
316A Acap  197808011 1439 1470 1500 1531 1561 1561 1500 1439 1317 1226 1165 1165
316A Acap  197808012 1195 1287 1409 1531 1622 1683 1714 1714 1683 1622 1561 1500
316A Acap  197808021 1470 1439 1439 1470 1500 1531 1531 1470 1409 1317 1256 1226
316A Acap  197808022 1226 1256 1378 1470 1561 1622 1683 1714 1714 1683 1592 1561
316A Acap  197808031 1500 1500 1470 1470 1470 1500 1500 1470 1439 1409 1378 1317
316A Acap  197808032 1287 1317 1378 1439 1531 1622 1683 1714 1744 1744 1714 1653
316A Acap  197808041 1561 1531 1500 1439 1439 1439 1470 1470 1439 1439 1409 1348
316A Acap  197808042 1317 1287 1317 1378 1439 1500 1592 1653 1714 1744 1683 1653
316A Acap  197808051 1592 1561 1470 1439 1409 1409 1409 1409 1439 1439 1439 1439
316A Acap  197808052 1378 1378 1317 1378 1409 1470 1500 1561 1592 1653 1683 1683
316A Acap  197808061 1622 1561 1470 1409 1378 1348 1348 1378 1439 1470 1470 1500
316A Acap  197808062 1470 1439 1409 1378 1378 1409 1439 1500 1561 1622 1683 1683
316A Acap  197808071 1653 1592 1531 1439 1378 1348 1317 1348 1378 1409 1470 1500
316A Acap  197808072 1500 1500 1439 1409 1378 1378 1378 1409 1470 1531 1592 1622
316A Acap  197808081 1653 1592 1531 1439 1378 1348 1317 1317 1348 1409 1500 1561
316A Acap  197808082 1561 1561 1531 1439 1378 1317 1348 1348 1378 1439 1500 1592
316A Acap  197808091 1622 1592 1561 1500 1378 1317 1287 1287 1348 1409 1500 1592
316A Acap  197808092 1653 1683 1653 1592 1470 1409 1378 1348 1409 1439 1531 1592
316A Acap  197808101 1622 1653 1561 1500 1409 1317 1256 1226 1256 1348 1470 1561
316A Acap  197808102 1653 1744 1744 1683 1592 1500 1439 1409 1409 1409 1500 1561
316A Acap  197808111 1653 1653 1622 1531 1439 1317 1256 1195 1226 1287 1378 1531
316A Acap  197808112 1683 1744 1774 1774 1683 1622 1500 1378 1348 1378 1409 1500
316A Acap  197808121 1561 1622 1622 1561 1470 1348 1226 1165 1134 1195 1317 1470
316A Acap  197808122 1622 1774 1835 1835 1774 1653 1531 1439 1378 1378 1409 1470
316A Acap  197808131 1561 1592 1653 1592 1500 1409 1287 1165 1134 1134 1226 1378
316A Acap  197808132 1531 1683 1805 1896 1866 1774 1653 1500 1439 1378 1378 1439
316A Acap  197808141 1470 1561 1592 1622 1561 1439 1287 1195 1073 1073 1134 1256
316A Acap  197808142 1439 1622 1744 1866 1866 1835 1714 1592 1470 1439 1409 1439
316A Acap  197808151 1500 1592 1622 1653 1622 1531 1378 1226 1134 1043 1043 1165
316A Acap  197808152 1317 1500 1622 1774 1835 1835 1774 1653 1531 1439 1409 1378
316A Acap  197808161 1439 1500 1592 1653 1622 1561 1439 1287 1165 1073 1043 1104
316A Acap  197808162 1195 1317 1470 1622 1744 1774 1744 1683 1622 1531 1439 1409
316A Acap  197808171 1439 1470 1500 1592 1622 1622 1561 1439 1317 1226 1134 1134
316A Acap  197808172 1134 1256 1378 1500 1622 1714 1774 1774 1714 1622 1531 1500
316A Acap  197808181 1439 1409 1470 1500 1561 1561 1592 1561 1439 1348 1256 1195
316A Acap  197808182 1165 1195 1256 1378 1500 1622 1683 1744 1744 1683 1622 1561
316A Acap  197808191 1470 1439 1378 1409 1439 1500 1531 1561 1531 1500 1439 1378
316A Acap  197808192 1317 1287 1256 1317 1409 1470 1561 1683 1714 1714 1683 1622
316A Acap  197808201 1500 1439 1378 1348 1348 1409 1470 1531 1592 1622 1592 1561
316A Acap  197808202 1470 1409 1348 1317 1317 1378 1470 1561 1653 1744 1744 1714
316A Acap  197808211 1622 1500 1409 1287 1256 1287 1317 1409 1500 1622 1653 1683
316A Acap  197808212 1622 1531 1439 1348 1287 1287 1348 1409 1500 1622 1714 1714
316A Acap  197808221 1683 1622 1470 1317 1226 1165 1195 1256 1378 1531 1653 1714
316A Acap  197808222 1744 1714 1592 1500 1348 1256 1256 1287 1378 1500 1622 1714
316A Acap  197808231 1714 1683 1531 1378 1256 1134 1104 1104 1195 1317 1470 1622
316A Acap  197808232 1744 1805 1744 1622 1500 1348 1195 1165 1226 1317 1439 1592
316A Acap  197808241 1653 1683 1653 1531 1378 1195 1073 1043 1104 1226 1409 1561
316A Acap  197808242 1744 1805 1835 1744 1622 1470 1287 1195 1195 1256 1378 1500
316A Acap  197808251 1653 1714 1683 1561 1470 1287 1134 1012 1043 1104 1226 1409
316A Acap  197808252 1592 1774 1835 1805 1714 1561 1409 1317 1256 1226 1317 1409
316A Acap  197808261 1531 1622 1683 1683 1592 1439 1287 1104 1043 1043 1134 1287
316A Acap  197808262 1500 1653 1805 1866 1805 1653 1561 1378 1256 1226 1256 1317
316A Acap  197808271 1439 1561 1622 1622 1561 1439 1287 1134 1073 1073 1134 1226
316A Acap  197808272 1378 1561 1683 1774 1744 1683 1592 1439 1317 1256 1226 1317
316A Acap  197808281 1378 1500 1531 1592 1561 1500 1378 1226 1134 1073 1104 1165
316A Acap  197808282 1317 1500 1592 1714 1744 1714 1653 1531 1409 1317 1287 1256
316A Acap  197808291 1317 1409 1470 1500 1500 1439 1348 1256 1134 1104 1073 1134
316A Acap  197808292 1256 1378 1470 1592 1653 1683 1622 1561 1470 1378 1317 1317
316A Acap  197808301 1317 1378 1439 1470 1500 1470 1409 1317 1226 1134 1104 1134
316A Acap  197808302 1195 1317 1409 1500 1592 1653 1653 1622 1561 1470 1409 1378
316A Acap  197808311 1378 1409 1409 1439 1470 1500 1470 1409 1348 1287 1256 1226
316A Acap  197808312 1256 1317 1409 1500 1592 1622 1683 1714 1683 1622 1592 1561
316A Acap  197809011 1531 1531 1531 1561 1592 1592 1592 1592 1561 1500 1470 1439
316A Acap  197809012 1439 1439 1470 1531 1622 1683 1714 1744 1683 1653 1622 1561
316A Acap  197809021 1500 1500 1470 1470 1500 1500 1500 1500 1470 1409 1409 1378
316A Acap  197809022 1378 1378 1317 1439 1500 1561 1592 1622 1653 1653 1622 1622
316A Acap  197809031 1561 1531 1531 1500 1500 1500 1500 1531 1531 1561 1531 1500
316A Acap  197809032 1439 1378 1378 1378 1409 1439 1470 1500 1561 1561 1561 1500
316A Acap  197809041 1470 1409 1348 1348 1348 1348 1378 1439 1470 1470 1531 1500
316A Acap  197809042 1470 1439 1409 1348 1378 1409 1439 1470 1531 1561 1561 1561
316A Acap  197809051 1561 1500 1439 1348 1348 1348 1378 1439 1500 1561 1561 1592
316A Acap  197809052 1561 1500 1439 1378 1317 1317 1317 1348 1378 1470 1500 1531
316A Acap  197809061 1531 1500 1409 1317 1287 1256 1287 1317 1409 1500 1592 1653
316A Acap  197809062 1653 1622 1561 1470 1409 1348 1317 1317 1378 1439 1531 1592
316A Acap  197809071 1561 1561 1470 1378 1317 1256 1256 1287 1348 1470 1561 1683
316A Acap  197809072 1714 1683 1622 1500 1409 1317 1287 1287 1317 1378 1470 1531
316A Acap  197809081 1561 1561 1500 1409 1317 1226 1195 1195 1287 1378 1531 1622
316A Acap  197809082 1744 1744 1683 1592 1470 1348 1287 1256 1287 1348 1439 1531
316A Acap  197809091 1622 1622 1561 1470 1348 1226 1104 1073 1104 1226 1378 1561
316A Acap  197809092 1683 1774 1774 1714 1622 1470 1348 1287 1256 1287 1378 1439
316A Acap  197809101 1531 1561 1561 1500 1348 1256 1134 1073 1073 1165 1348 1531
316A Acap  197809102 1683 1805 1896 1835 1744 1592 1439 1348 1287 1317 1378 1470
316A Acap  197809111 1592 1653 1683 1592 1500 1348 1226 1134 1104 1134 1256 1439
316A Acap  197809112 1622 1805 1927 1957 1896 1805 1622 1500 1378 1378 1378 1470
316A Acap  197809121 1592 1683 1744 1744 1653 1531 1378 1226 1134 1104 1195 1348
316A Acap  197809122 1500 1653 1805 1896 1927 1835 1683 1500 1409 1348 1378 1439
316A Acap  197809131 1531 1592 1683 1714 1653 1561 1409 1287 1165 1104 1165 1226
316A Acap  197809132 1378 1561 1683 1805 1835 1774 1683 1561 1439 1378 1348 1378
316A Acap  197809141 1470 1531 1622 1683 1683 1592 1470 1348 1195 1104 1073 1134
316A Acap  197809142 1226 1409 1561 1653 1744 1744 1714 1561 1439 1378 1317 1317
316A Acap  197809151 1378 1470 1531 1592 1622 1622 1561 1470 1348 1226 1165 1134
316A Acap  197809152 1195 1317 1409 1531 1653 1714 1714 1683 1592 1470 1409 1348
316A Acap  197809161 1317 1348 1439 1500 1592 1622 1653 1622 1561 1470 1378 1287
316A Acap  197809162 1226 1256 1317 1409 1531 1622 1683 1714 1683 1622 1531 1470
316A Acap  197809171 1378 1348 1378 1439 1500 1561 1622 1683 1683 1622 1561 1500
316A Acap  197809172 1409 1378 1348 1378 1439 1500 1561 1622 1653 1653 1592 1531
316A Acap  197809181 1439 1348 1317 1317 1378 1439 1531 1622 1683 1714 1683 1653
316A Acap  197809182 1561 1439 1378 1317 1320 1358 1422 1500 1561 1622 1622 1561
316A Acap  197809191 1486 1391 1293 1230 1221 1261 1339 1442 1552 1642 1687 1679
316A Acap  197809192 1622 1524 1404 1295 1225 1202 1225 1289 1378 1468 1526 1531
316A Acap  197809201 1495 1417 1309 1204 1143 1143 1196 1300 1438 1584 1705 1774
316A Acap  197809202 1767 1698 1579 1436 1308 1224 1195 1223 1301 1408 1511 1575
316A Acap  197809211 1578 1520 1414 1279 1157 1089 1085 1143 1257 1409 1563 1683
316A Acap  197809212 1744 1727 1639 1501 1346 1215 1133 1114 1160 1259 1380 1488
316A Acap  197809221 1547 1537 1461 1339 1198 1083 1029 1044 1125 1263 1432 1592
316A Acap  197809222 1714 1744 1714 1561 1439 1256 1165 1104 1134 1195 1317 1439
316A Acap  197809231 1561 1592 1561 1470 1317 1165 1104 1073 1104 1226 1378 1531
316A Acap  197809232 1683 1774 1805 1744 1592 1439 1256 1165 1134 1165 1287 1409
316A Acap  197809241 1531 1592 1622 1622 1500 1378 1287 1226 1195 1256 1378 1500
316A Acap  197809242 1683 1835 1896 1866 1774 1622 1470 1348 1256 1226 1256 1378
316A Acap  197809251 1470 1592 1622 1592 1500 1378 1287 1195 1195 1195 1287 1439
316A Acap  197809252 1592 1714 1805 1835 1805 1683 1561 1409 1317 1287 1317 1378
316A Acap  197809261 1500 1592 1653 1683 1622 1561 1439 1317 1226 1195 1256 1348
316A Acap  197809262 1500 1653 1774 1805 1774 1714 1592 1470 1348 1287 1317 1378
316A Acap  197809271 1439 1531 1592 1622 1592 1500 1378 1256 1195 1165 1195 1256
316A Acap  197809272 1378 1500 1592 1683 1683 1653 1561 1439 1348 1317 1317 1348
316A Acap  197809281 1409 1470 1531 1561 1561 1500 1409 1317 1195 1165 1165 1226
316A Acap  197809282 1287 1409 1531 1592 1622 1592 1561 1470 1409 1348 1317 1348
316A Acap  197809291 1378 1439 1500 1561 1561 1561 1500 1409 1317 1256 1226 1226
316A Acap  197809292 1287 1378 1470 1531 1592 1592 1561 1500 1439 1378 1317 1317
316A Acap  197809301 1317 1378 1409 1470 1500 1531 1500 1439 1378 1317 1256 1256
316A Acap  197809302 1256 1287 1378 1470 1531 1561 1561 1531 1470 1409 1348 1348
316A Acap  197810011 1317 1378 1439 1470 1500 1561 1561 1531 1470 1409 1348 1317
316A Acap  197810012 1317 1317 1378 1409 1439 1439 1470 1500 1470 1439 1378 1317
316A Acap  197810021 1256 1256 1287 1317 1409 1470 1500 1531 1500 1500 1439 1409
316A Acap  197810022 1378 1317 1317 1378 1409 1439 1439 1470 1470 1470 1439 1378
316A Acap  197810031 1348 1317 1287 1348 1409 1439 1500 1531 1561 1592 1561 1531
316A Acap  197810032 1500 1409 1378 1409 1409 1409 1439 1439 1470 1500 1470 1470
316A Acap  197810041 1439 1378 1317 1317 1317 1378 1439 1500 1561 1622 1653 1622
316A Acap  197810042 1561 1500 1378 1348 1317 1317 1348 1378 1409 1439 1470 1439
316A Acap  197810051 1409 1378 1317 1287 1256 1317 1378 1439 1561 1653 1714 1744
316A Acap  197810052 1714 1653 1561 1439 1348 1317 1287 1317 1348 1409 1470 1470
316A Acap  197810061 1470 1439 1348 1256 1165 1165 1195 1287 1409 1561 1653 1744
316A Acap  197810062 1774 1744 1653 1531 1409 1348 1317 1317 1348 1409 1470 1500
316A Acap  197810071 1531 1500 1409 1287 1195 1134 1134 1226 1348 1500 1653 1744
316A Acap  197810072 1835 1805 1714 1622 1470 1348 1256 1256 1256 1348 1409 1500
316A Acap  197810081 1561 1531 1470 1378 1226 1134 1104 1134 1226 1348 1531 1653
316A Acap  197810082 1774 1835 1805 1714 1561 1378 1317 1256 1256 1287 1378 1500
316A Acap  197810091 1561 1561 1531 1439 1317 1195 1104 1073 1134 1256 1378 1561
316A Acap  197810092 1714 1805 1805 1774 1622 1500 1348 1256 1226 1256 1348 1439
316A Acap  197810101 1561 1592 1592 1500 1378 1256 1134 1073 1073 1165 1287 1470
316A Acap  197810102 1622 1744 1835 1805 1714 1531 1378 1256 1226 1226 1287 1409
316A Acap  197810111 1531 1622 1653 1592 1500 1348 1226 1104 1073 1134 1226 1378
316A Acap  197810112 1561 1714 1805 1835 1774 1622 1439 1317 1226 1226 1256 1378
316A Acap  197810121 1500 1592 1653 1653 1592 1470 1348 1195 1134 1073 1165 1287
316A Acap  197810122 1439 1561 1683 1744 1714 1653 1531 1378 1287 1195 1195 1256
316A Acap  197810131 1378 1470 1592 1683 1653 1622 1500 1348 1226 1165 1165 1195
316A Acap  197810132 1317 1439 1592 1653 1683 1653 1561 1409 1317 1226 1195 1226
316A Acap  197810141 1287 1378 1500 1622 1653 1653 1592 1500 1348 1256 1195 1165
316A Acap  197810142 1226 1287 1409 1500 1622 1653 1592 1531 1409 1317 1256 1195
316A Acap  197810151 1226 1287 1378 1470 1592 1653 1653 1622 1531 1470 1378 1317
316A Acap  197810152 1287 1317 1378 1439 1500 1561 1561 1531 1470 1378 1287 1256
316A Acap  197810161 1195 1195 1256 1348 1439 1561 1653 1653 1653 1622 1500 1439
316A Acap  197810162 1348 1287 1287 1317 1378 1439 1470 1500 1500 1470 1378 1348
316A Acap  197810171 1256 1226 1226 1256 1348 1439 1561 1622 1683 1683 1653 1561
316A Acap  197810172 1470 1378 1287 1256 1287 1317 1378 1409 1470 1500 1470 1409
316A Acap  197810181 1317 1256 1165 1134 1195 1287 1409 1531 1622 1714 1744 1714
316A Acap  197810182 1653 1531 1378 1287 1256 1256 1287 1317 1378 1470 1500 1500
316A Acap  197810191 1454 1373 1274 1195 1195 1221 1294 1409 1545 1675 1769 1805
316A Acap  197810192 1776 1689 1557 1413 1294 1220 1201 1238 1319 1420 1507 1554
316A Acap  197810201 1546 1490 1394 1287 1209 1185 1218 1304 1435 1584 1720 1811
316A Acap  197810202 1834 1782 1668 1517 1363 1243 1177 1174 1232 1331 1441 1527
316A Acap  197810211 1561 1500 1439 1317 1195 1165 1195 1256 1348 1470 1622 1714
316A Acap  197810212 1805 1805 1774 1622 1500 1378 1256 1195 1195 1287 1409 1500
316A Acap  197810221 1592 1622 1592 1470 1378 1256 1195 1195 1226 1378 1531 1683
316A Acap  197810222 1774 1835 1835 1774 1592 1439 1317 1256 1195 1256 1348 1470
316A Acap  197810231 1592 1653 1622 1561 1470 1317 1226 1195 1195 1317 1470 1592
316A Acap  197810232 1744 1805 1835 1744 1653 1500 1348 1226 1195 1226 1317 1439
316A Acap  197810241 1561 1622 1622 1561 1500 1378 1256 1195 1195 1256 1378 1500
316A Acap  197810242 1653 1744 1805 1774 1683 1561 1409 1317 1256 1256 1287 1378
316A Acap  197810251 1500 1592 1622 1592 1531 1439 1348 1256 1226 1256 1317 1439
316A Acap  197810252 1561 1683 1774 1774 1714 1592 1500 1348 1256 1226 1256 1348
316A Acap  197810261 1439 1561 1622 1622 1592 1500 1378 1287 1195 1195 1256 1348
316A Acap  197810262 1470 1561 1653 1683 1653 1592 1439 1378 1256 1195 1226 1287
316A Acap  197810271 1378 1470 1531 1592 1561 1500 1409 1317 1226 1226 1226 1317
316A Acap  197810272 1409 1531 1592 1622 1622 1561 1470 1378 1287 1226 1226 1226
316A Acap  197810281 1317 1409 1470 1561 1592 1561 1531 1439 1348 1317 1287 1317
316A Acap  197810282 1348 1439 1500 1561 1561 1531 1470 1409 1317 1256 1256 1256
316A Acap  197810291 1287 1378 1439 1500 1561 1561 1531 1470 1409 1348 1317 1317
316A Acap  197810292 1348 1409 1439 1500 1500 1470 1470 1439 1378 1287 1256 1256
316A Acap  197810301 1287 1317 1409 1470 1561 1592 1592 1561 1500 1439 1409 1378
316A Acap  197810302 1348 1348 1348 1378 1409 1378 1378 1348 1348 1287 1256 1226
316A Acap  197810311 1226 1256 1317 1378 1470 1531 1592 1592 1592 1561 1500 1439
316A Acap  197810312 1378 1317 1317 1317 1317 1317 1348 1378 1348 1348 1317 1287
316A Acap  197811011 1256 1226 1226 1256 1348 1439 1500 1561 1622 1622 1592 1531
316A Acap  197811012 1470 1409 1348 1317 1317 1317 1348 1378 1378 1378 1348 1287
316A Acap  197811021 1256 1226 1195 1220 1273 1344 1427 1514 1589 1639 1652 1627
316A Acap  197811022 1575 1503 1422 1355 1313 1295 1297 1319 1350 1376 1385 1373
316A Acap  197811031 1348 1304 1257 1230 1242 1291 1366 1463 1568 1655 1708 1714
316A Acap  197811032 1653 1561 1439 1317 1226 1165 1165 1226 1256 1348 1378 1409
316A Acap  197811041 1348 1287 1195 1134 1043 1073 1165 1256 1409 1561 1683 1744
316A Acap  197811042 1714 1653 1531 1348 1226 1165 1104 1134 1195 1287 1348 1409
316A Acap  197811051 1409 1378 1256 1134 1043 1012 1043 1134 1317 1470 1622 1744
316A Acap  197811052 1774 1774 1683 1500 1317 1165 1104 1104 1165 1226 1348 1439
316A Acap  197811061 1470 1439 1348 1226 1104 1043 1012 1073 1195 1348 1500 1683
316A Acap  197811062 1744 1774 1714 1561 1378 1256 1134 1073 1104 1195 1317 1439
316A Acap  197811071 1500 1531 1470 1348 1226 1104 1012  982 1043 1165 1348 1531
316A Acap  197811072 1714 1744 1744 1653 1470 1287 1165 1073 1073 1134 1226 1378
316A Acap  197811081 1500 1561 1561 1500 1348 1226 1134 1043 1043 1134 1256 1409
316A Acap  197811082 1561 1683 1714 1653 1500 1378 1226 1104 1073 1073 1195 1317
316A Acap  197811091 1439 1531 1561 1561 1500 1348 1226 1104 1043 1043 1134 1256
316A Acap  197811092 1409 1561 1622 1622 1500 1378 1256 1104 1012  982 1043 1134
316A Acap  197811101 1287 1439 1531 1561 1531 1409 1317 1195 1073 1043 1043 1165
316A Acap  197811102 1287 1409 1500 1561 1500 1409 1317 1165 1043  982  982 1073
316A Acap  197811111 1195 1317 1439 1531 1561 1531 1439 1287 1226 1134 1104 1134
316A Acap  197811112 1195 1287 1378 1439 1439 1409 1287 1195 1073 1012  952 1012
316A Acap  197811121 1073 1195 1317 1439 1500 1531 1500 1439 1317 1256 1195 1165
316A Acap  197811122 1195 1226 1317 1378 1378 1378 1348 1287 1195 1104 1073 1073
316A Acap  197811131 1104 1195 1317 1409 1500 1561 1592 1561 1500 1439 1348 1317
316A Acap  197811132 1256 1256 1287 1317 1348 1378 1348 1348 1317 1226 1165 1134
316A Acap  197811141 1073 1134 1195 1287 1378 1470 1531 1592 1592 1531 1500 1409
316A Acap  197811142 1348 1287 1256 1256 1287 1317 1348 1378 1348 1317 1256 1226
316A Acap  197811151 1165 1134 1165 1195 1287 1378 1470 1561 1622 1653 1622 1561
316A Acap  197811152 1470 1378 1287 1226 1195 1195 1256 1287 1317 1348 1317 1287
316A Acap  197811161 1226 1165 1129 1134 1179 1256 1348 1439 1592 1683 1714 1714
316A Acap  197811162 1622 1531 1409 1287 1195 1165 1165 1256 1287 1317 1348 1348
316A Acap  197811171 1287 1226 1165 1134 1134 1165 1226 1348 1470 1592 1714 1714
316A Acap  197811172 1714 1622 1500 1348 1226 1165 1134 1134 1226 1317 1378 1409
316A Acap  197811181 1378 1317 1226 1134 1104 1104 1134 1195 1348 1500 1653 1714
316A Acap  197811182 1714 1653 1561 1378 1226 1104 1073 1104 1134 1256 1348 1439
316A Acap  197811191 1439 1439 1348 1226 1134 1104 1134 1195 1287 1409 1592 1683
316A Acap  197811192 1714 1714 1622 1470 1317 1165 1073 1043 1104 1195 1317 1409
316A Acap  197811201 1439 1439 1378 1287 1165 1073 1043 1073 1134 1256 1409 1531
316A Acap  197811202 1653 1683 1622 1500 1317 1195 1073 1012 1012 1104 1195 1317
316A Acap  197811211 1409 1439 1409 1348 1226 1134 1073 1043 1104 1195 1317 1470
316A Acap  197811212 1561 1622 1622 1561 1409 1256 1104 1043 1043 1073 1165 1287
316A Acap  197811221 1409 1470 1470 1439 1317 1226 1134 1043 1073 1134 1256 1378
316A Acap  197811222 1531 1622 1653 1592 1500 1348 1195 1073 1043 1043 1134 1256
316A Acap  197811231 1378 1470 1531 1500 1439 1317 1226 1134 1104 1165 1256 1378
316A Acap  197811232 1500 1592 1622 1592 1500 1378 1256 1134 1073 1073 1104 1226
316A Acap  197811241 1348 1439 1500 1531 1500 1378 1287 1195 1134 1134 1226 1317
316A Acap  197811242 1378 1500 1561 1561 1500 1409 1287 1165 1104 1073 1134 1226
316A Acap  197811251 1348 1470 1500 1561 1561 1500 1409 1317 1226 1195 1256 1287
316A Acap  197811252 1378 1470 1531 1561 1500 1409 1317 1226 1134 1104 1165 1195
316A Acap  197811261 1287 1439 1531 1592 1622 1561 1500 1409 1317 1287 1287 1287
316A Acap  197811262 1378 1439 1531 1561 1531 1439 1378 1287 1195 1165 1165 1195
316A Acap  197811271 1256 1378 1500 1592 1622 1622 1561 1500 1439 1378 1348 1348
316A Acap  197811272 1378 1409 1470 1531 1500 1470 1378 1287 1195 1165 1165 1226
316A Acap  197811281 1317 1409 1500 1592 1622 1622 1592 1531 1500 1409 1378 1378
316A Acap  197811282 1378 1409 1439 1439 1439 1409 1378 1317 1226 1165 1134 1134
316A Acap  197811291 1134 1226 1317 1439 1531 1592 1653 1653 1592 1531 1500 1439
316A Acap  197811292 1409 1409 1409 1409 1409 1378 1348 1287 1226 1165 1165 1134
316A Acap  197811301 1104 1104 1256 1287 1439 1531 1622 1653 1683 1653 1622 1531
316A Acap  197811302 1500 1439 1409 1409 1409 1409 1378 1348 1317 1287 1226 1226
316A Acap  197812011 1165 1195 1195 1256 1378 1500 1592 1683 1744 1744 1714 1683
316A Acap  197812012 1592 1500 1439 1409 1378 1378 1378 1409 1409 1439 1409 1348
316A Acap  197812021 1287 1226 1195 1195 1256 1378 1500 1622 1744 1835 1866 1805
316A Acap  197812022 1744 1622 1500 1409 1348 1317 1348 1378 1409 1439 1470 1409
316A Acap  197812031 1378 1287 1195 1134 1165 1226 1348 1500 1622 1774 1866 1866
316A Acap  197812032 1805 1714 1592 1439 1317 1256 1256 1287 1317 1409 1470 1500
316A Acap  197812041 1470 1378 1287 1195 1134 1134 1195 1348 1500 1653 1805 1896
316A Acap  197812042 1896 1805 1683 1500 1378 1256 1226 1287 1348 1470 1531 1592
316A Acap  197812051 1622 1592 1470 1378 1256 1195 1165 1256 1378 1561 1714 1866
316A Acap  197812052 1896 1866 1774 1592 1439 1256 1165 1165 1256 1378 1500 1592
316A Acap  197812061 1683 1714 1622 1500 1348 1226 1195 1226 1287 1439 1622 1774
316A Acap  197812062 1866 1866 1835 1714 1500 1317 1195 1134 1165 1256 1378 1531
316A Acap  197812071 1653 1714 1714 1622 1531 1348 1226 1195 1195 1256 1409 1592
316A Acap  197812072 1714 1774 1805 1744 1561 1378 1226 1134 1073 1104 1195 1348
316A Acap  197812081 1531 1653 1714 1683 1622 1500 1348 1256 1195 1195 1287 1409
316A Acap  197812082 1531 1653 1714 1683 1561 1409 1287 1104 1073 1043 1104 1256
316A Acap  197812091 1409 1561 1683 1714 1714 1622 1500 1378 1287 1226 1226 1317
316A Acap  197812092 1409 1531 1622 1653 1592 1500 1317 1165 1073 1043 1073 1165
316A Acap  197812101 1287 1409 1561 1622 1683 1653 1561 1439 1348 1287 1226 1256
316A Acap  197812102 1317 1378 1470 1531 1500 1439 1348 1226 1134 1043 1012 1043
316A Acap  197812111 1165 1317 1439 1561 1653 1683 1653 1592 1500 1409 1317 1287
316A Acap  197812112 1317 1348 1409 1439 1439 1439 1378 1317 1195 1134 1073 1073
316A Acap  197812121 1134 1195 1317 1470 1622 1653 1714 1683 1622 1531 1439 1378
316A Acap  197812122 1317 1317 1348 1409 1439 1470 1439 1378 1287 1226 1134 1104
316A Acap  197812131 1134 1165 1256 1378 1500 1592 1653 1714 1683 1622 1561 1470
316A Acap  197812132 1409 1348 1317 1348 1378 1409 1409 1378 1348 1317 1256 1195
316A Acap  197812141 1195 1195 1226 1287 1439 1531 1622 1714 1744 1714 1683 1592
316A Acap  197812142 1500 1409 1348 1317 1287 1287 1317 1348 1378 1348 1317 1256
316A Acap  197812151 1195 1165 1134 1165 1256 1378 1439 1592 1653 1683 1683 1592
316A Acap  197812152 1531 1409 1317 1256 1195 1226 1226 1256 1317 1348 1317 1287
316A Acap  197812161 1226 1195 1134 1134 1195 1287 1439 1561 1622 1744 1774 1744
316A Acap  197812162 1714 1592 1470 1378 1317 1226 1256 1287 1317 1378 1409 1409
316A Acap  197812171 1378 1317 1287 1226 1256 1287 1348 1439 1561 1653 1744 1774
316A Acap  197812172 1744 1683 1561 1439 1348 1317 1226 1226 1287 1378 1409 1439
316A Acap  197812181 1470 1470 1409 1348 1287 1287 1317 1409 1500 1622 1744 1805
316A Acap  197812182 1835 1774 1683 1561 1409 1317 1256 1256 1317 1378 1470 1531
316A Acap  197812191 1561 1561 1531 1439 1348 1317 1287 1348 1439 1531 1683 1774
316A Acap  197812192 1835 1805 1714 1622 1439 1317 1256 1226 1256 1317 1409 1500
316A Acap  197812201 1592 1592 1561 1500 1409 1348 1287 1287 1348 1439 1561 1714
316A Acap  197812202 1805 1835 1774 1653 1500 1348 1256 1195 1226 1287 1378 1470
316A Acap  197812211 1592 1653 1653 1592 1531 1439 1348 1317 1348 1409 1531 1653
316A Acap  197812212 1744 1805 1774 1744 1592 1470 1348 1226 1195 1256 1378 1470
316A Acap  197812221 1592 1653 1683 1653 1561 1470 1378 1317 1317 1378 1439 1561
316A Acap  197812222 1683 1714 1744 1683 1592 1470 1348 1256 1226 1226 1287 1409
316A Acap  197812231 1531 1622 1683 1653 1622 1531 1439 1348 1348 1378 1409 1531
316A Acap  197812232 1653 1683 1714 1653 1561 1439 1317 1226 1195 1165 1226 1348
316A Acap  197812241 1470 1561 1653 1683 1653 1622 1531 1439 1378 1348 1378 1439
316A Acap  197812242 1531 1622 1622 1592 1531 1470 1317 1195 1165 1165 1195 1287
316A Acap  197812251 1409 1561 1653 1714 1714 1653 1592 1470 1439 1378 1348 1409
316A Acap  197812252 1470 1531 1561 1561 1500 1439 1317 1226 1165 1134 1134 1226
316A Acap  197812261 1317 1439 1561 1683 1714 1683 1622 1561 1470 1439 1409 1409
316A Acap  197812262 1439 1470 1531 1531 1500 1439 1378 1256 1165 1104 1104 1165
316A Acap  197812271 1226 1348 1500 1622 1683 1714 1683 1622 1531 1470 1409 1378
316A Acap  197812272 1409 1439 1470 1500 1439 1409 1317 1226 1165 1073 1043 1073
316A Acap  197812281 1134 1256 1378 1531 1653 1683 1714 1714 1653 1592 1531 1439
316A Acap  197812282 1439 1439 1470 1500 1470 1439 1378 1287 1195 1134 1073 1043
316A Acap  197812291 1104 1195 1317 1439 1561 1683 1744 1774 1714 1683 1592 1531
316A Acap  197812292 1439 1409 1409 1439 1470 1470 1439 1409 1348 1256 1165 1104
316A Acap  197812301 1073 1104 1165 1287 1439 1561 1714 1774 1774 1774 1683 1592
316A Acap  197812302 1500 1439 1378 1378 1378 1378 1378 1348 1348 1287 1256 1195
316A Acap  197812311 1134 1104 1134 1165 1256 1378 1500 1653 1744 1774 1744 1683
316A Acap  197812312 1592 1500 1409 1348 1317 1317 1348 1378 1409 1439 1409 1378
