316A Acapulco           Mexico              1981 16504N 099547W 0000 3 00000R MM
316A Acap  198101011 1287 1409 1561 1653 1683 1683 1622 1531 1439 1348 1317 1317
316A Acap  198101012 1378 1439 1500 1531 1500 1439 1378 1287 1226 1134 1134 1134
316A Acap  198101021 1226 1348 1470 1561 1653 1683 1653 1622 1531 1470 1409 1378
316A Acap  198101022 1409 1439 1470 1470 1470 1470 1378 1317 1256 1195 1165 1165
316A Acap  198101031 1226 1317 1439 1561 1653 1714 1714 1714 1653 1592 1531 1500
316A Acap  198101032 1470 1470 1500 1500 1500 1470 1439 1378 1317 1256 1195 1195
316A Acap  198101041 1226 1287 1378 1470 1561 1653 1714 1714 1683 1653 1592 1561
316A Acap  198101042 1531 1500 1470 1470 1470 1439 1409 1378 1317 1256 1226 1195
316A Acap  198101051 1226 1226 1287 1378 1500 1592 1653 1683 1714 1653 1622 1561
316A Acap  198101052 1531 1500 1470 1439 1409 1378 1348 1317 1317 1287 1256 1226
316A Acap  198101061 1195 1226 1256 1348 1439 1500 1592 1653 1683 1683 1653 1622
316A Acap  198101062 1592 1531 1470 1409 1378 1348 1348 1317 1317 1317 1287 1226
316A Acap  198101071 1226 1195 1195 1226 1287 1378 1470 1561 1622 1683 1683 1653
316A Acap  198101072 1622 1561 1439 1378 1317 1256 1256 1256 1287 1317 1317 1317
316A Acap  198101081 1287 1256 1195 1195 1226 1287 1378 1470 1561 1653 1714 1714
316A Acap  198101082 1683 1622 1531 1409 1317 1256 1256 1256 1287 1348 1378 1409
316A Acap  198101091 1378 1348 1287 1226 1226 1256 1317 1409 1531 1622 1714 1774
316A Acap  198101092 1744 1683 1561 1439 1348 1256 1226 1226 1287 1348 1409 1439
316A Acap  198101101 1470 1439 1348 1256 1195 1165 1195 1287 1378 1500 1622 1714
316A Acap  198101102 1744 1714 1622 1500 1348 1256 1165 1165 1195 1256 1378 1439
316A Acap  198101111 1470 1470 1439 1378 1317 1256 1226 1226 1287 1409 1531 1683
316A Acap  198101112 1744 1744 1683 1561 1409 1287 1195 1165 1195 1287 1409 1500
316A Acap  198101121 1592 1622 1592 1531 1409 1317 1226 1226 1226 1317 1439 1561
316A Acap  198101122 1653 1683 1653 1561 1439 1287 1165 1104 1104 1134 1287 1409
316A Acap  198101131 1531 1653 1683 1653 1561 1439 1287 1226 1195 1256 1348 1439
316A Acap  198101132 1561 1622 1653 1592 1470 1317 1165 1104 1068 1107 1208 1348
316A Acap  198101141 1500 1653 1744 1744 1683 1592 1470 1348 1287 1256 1317 1378
316A Acap  198101142 1500 1592 1653 1622 1531 1378 1256 1104 1043 1043 1134 1287
316A Acap  198101151 1439 1622 1744 1805 1774 1714 1592 1470 1378 1317 1317 1348
316A Acap  198101152 1439 1531 1592 1592 1531 1439 1317 1165 1073 1043 1073 1165
316A Acap  198101161 1317 1500 1653 1774 1835 1805 1714 1622 1500 1348 1348 1348
316A Acap  198101162 1409 1470 1561 1622 1622 1561 1439 1317 1195 1104 1043 1104
316A Acap  198101171 1226 1378 1531 1714 1805 1866 1835 1744 1622 1500 1378 1317
316A Acap  198101172 1317 1378 1439 1470 1531 1500 1409 1317 1195 1073 1012  982
316A Acap  198101181 1043 1165 1317 1500 1622 1744 1774 1744 1653 1531 1378 1317
316A Acap  198101182 1256 1256 1287 1378 1409 1439 1409 1348 1256 1134 1073  982
316A Acap  198101191  982 1043 1165 1317 1500 1622 1714 1744 1714 1622 1531 1439
316A Acap  198101192 1348 1287 1287 1348 1378 1409 1409 1409 1348 1287 1165 1104
316A Acap  198101201 1043 1043 1104 1208 1338 1473 1592 1683 1714 1714 1653 1561
316A Acap  198101202 1500 1409 1348 1317 1317 1348 1378 1378 1378 1378 1317 1226
316A Acap  198101211 1165 1104 1104 1134 1226 1348 1439 1531 1622 1683 1653 1622
316A Acap  198101212 1561 1470 1348 1287 1226 1195 1226 1256 1287 1348 1348 1317
316A Acap  198101221 1287 1226 1165 1134 1134 1226 1317 1439 1531 1622 1653 1683
316A Acap  198101222 1622 1531 1409 1287 1195 1165 1165 1226 1287 1348 1409 1439
316A Acap  198101231 1409 1378 1287 1195 1134 1134 1195 1256 1378 1470 1592 1653
316A Acap  198101232 1653 1592 1500 1378 1226 1134 1104 1104 1165 1256 1348 1409
316A Acap  198101241 1470 1439 1378 1287 1195 1134 1134 1195 1256 1378 1500 1622
316A Acap  198101242 1653 1653 1561 1439 1317 1165 1104 1073 1104 1195 1317 1409
316A Acap  198101251 1500 1531 1500 1439 1317 1226 1195 1165 1195 1287 1378 1500
316A Acap  198101252 1592 1622 1622 1500 1378 1226 1104 1043 1043 1104 1226 1378
316A Acap  198101261 1470 1531 1561 1531 1439 1287 1165 1134 1134 1195 1287 1378
316A Acap  198101262 1531 1592 1561 1531 1409 1256 1104 1043 1012 1073 1165 1287
316A Acap  198101271 1439 1531 1592 1561 1500 1378 1287 1195 1165 1165 1226 1317
316A Acap  198101272 1409 1470 1531 1500 1439 1317 1165 1043 1012  982 1043 1195
316A Acap  198101281 1348 1470 1561 1622 1561 1470 1348 1256 1165 1134 1165 1256
316A Acap  198101282 1348 1439 1470 1470 1409 1287 1165 1043  952  952  982 1104
316A Acap  198101291 1226 1378 1500 1561 1561 1500 1409 1317 1226 1165 1134 1165
316A Acap  198101292 1256 1348 1409 1409 1378 1317 1195 1073 1012  952  982 1043
316A Acap  198101301 1165 1317 1439 1531 1561 1531 1439 1317 1226 1165 1134 1134
316A Acap  198101302 1195 1256 1317 1348 1348 1287 1195 1104 1012  982  952 1012
316A Acap  198101311 1134 1256 1409 1500 1561 1561 1531 1409 1317 1256 1195 1195
316A Acap  198101312 1226 1256 1317 1348 1348 1287 1226 1104 1043  982  952  982
316A Acap  198102011 1073 1195 1317 1439 1531 1561 1561 1500 1409 1348 1256 1226
316A Acap  198102012 1195 1226 1256 1287 1317 1256 1195 1134 1043  982  952  952
316A Acap  198102021  982 1073 1195 1317 1439 1500 1531 1500 1439 1348 1287 1226
316A Acap  198102022 1195 1195 1226 1256 1256 1226 1195 1134 1073 1012  952  921
316A Acap  198102031  952 1043 1134 1256 1348 1439 1470 1500 1470 1409 1348 1287
316A Acap  198102032 1256 1226 1226 1226 1256 1226 1195 1165 1134 1073 1012  982
316A Acap  198102041  982 1012 1104 1195 1287 1378 1470 1500 1500 1470 1439 1378
316A Acap  198102042 1348 1287 1256 1256 1256 1256 1256 1226 1226 1195 1134 1073
316A Acap  198102051 1043 1073 1073 1134 1226 1317 1409 1500 1500 1531 1500 1470
316A Acap  198102052 1378 1317 1256 1226 1195 1195 1195 1195 1226 1195 1165 1134
316A Acap  198102061 1134 1104 1073 1073 1134 1195 1256 1348 1439 1500 1500 1500
316A Acap  198102062 1439 1348 1287 1195 1165 1165 1165 1195 1256 1287 1287 1256
316A Acap  198102071 1256 1195 1165 1134 1134 1165 1256 1317 1409 1470 1531 1561
316A Acap  198102072 1531 1470 1348 1256 1195 1165 1165 1195 1256 1317 1378 1409
316A Acap  198102081 1378 1348 1256 1165 1134 1104 1104 1165 1256 1348 1470 1500
316A Acap  198102082 1500 1470 1378 1256 1165 1073 1073 1104 1165 1256 1378 1439
316A Acap  198102091 1500 1500 1439 1378 1256 1195 1165 1165 1226 1317 1409 1500
316A Acap  198102092 1561 1561 1500 1378 1226 1134 1073 1043 1073 1165 1317 1439
316A Acap  198102101 1561 1622 1592 1500 1378 1256 1134 1104 1104 1165 1287 1409
316A Acap  198102102 1531 1561 1561 1439 1287 1134 1012  952  952 1043 1165 1348
316A Acap  198102111 1531 1622 1683 1653 1561 1409 1256 1134 1073 1104 1195 1317
316A Acap  198102112 1409 1500 1531 1470 1348 1195 1043  921  891  952 1073 1226
316A Acap  198102121 1409 1592 1683 1683 1622 1470 1317 1195 1104 1073 1104 1195
316A Acap  198102122 1317 1439 1500 1500 1409 1256 1104  952  891  891  952 1104
316A Acap  198102131 1287 1500 1653 1744 1744 1653 1500 1348 1195 1134 1104 1134
316A Acap  198102132 1256 1348 1439 1500 1442 1322 1169 1013  887  827  852  952
316A Acap  198102141 1134 1317 1500 1622 1714 1714 1592 1470 1317 1195 1134 1134
316A Acap  198102142 1195 1287 1378 1470 1470 1409 1287 1134 1012  921  860  891
316A Acap  198102151 1012 1195 1378 1561 1653 1714 1683 1561 1409 1287 1165 1134
316A Acap  198102152 1134 1226 1317 1409 1439 1439 1348 1256 1104 1012  952  921
316A Acap  198102161 1012 1134 1287 1439 1592 1683 1714 1653 1561 1439 1348 1287
316A Acap  198102162 1256 1256 1317 1378 1439 1470 1470 1378 1287 1165 1073 1012
316A Acap  198102171 1012 1073 1195 1317 1439 1531 1622 1622 1561 1500 1378 1287
316A Acap  198102172 1226 1195 1226 1256 1287 1348 1378 1348 1317 1226 1134 1043
316A Acap  198102181 1012 1012 1073 1165 1317 1409 1531 1592 1592 1561 1500 1409
316A Acap  198102182 1317 1287 1256 1256 1256 1317 1348 1378 1378 1348 1287 1226
316A Acap  198102191 1165 1134 1134 1165 1256 1317 1409 1500 1531 1561 1531 1470
316A Acap  198102192 1409 1317 1256 1226 1226 1226 1259 1304 1349 1378 1378 1348
316A Acap  198102201 1287 1226 1165 1134 1165 1226 1287 1378 1470 1531 1561 1531
316A Acap  198102202 1470 1409 1317 1226 1195 1195 1195 1256 1317 1378 1409 1409
316A Acap  198102211 1378 1287 1226 1165 1134 1165 1195 1256 1348 1439 1470 1500
316A Acap  198102212 1470 1409 1317 1226 1134 1104 1104 1165 1226 1317 1409 1439
316A Acap  198102221 1439 1409 1348 1256 1195 1165 1165 1165 1256 1348 1409 1500
316A Acap  198102222 1531 1500 1439 1317 1195 1134 1104 1104 1195 1256 1378 1470
316A Acap  198102231 1561 1561 1500 1409 1287 1195 1165 1134 1165 1287 1348 1439
316A Acap  198102232 1500 1500 1470 1378 1256 1165 1104 1073 1134 1226 1348 1470
316A Acap  198102241 1561 1622 1592 1500 1348 1256 1165 1134 1134 1195 1287 1378
316A Acap  198102242 1470 1500 1500 1439 1317 1226 1104 1073 1104 1165 1287 1409
316A Acap  198102251 1531 1622 1622 1561 1470 1348 1226 1165 1134 1134 1195 1317
316A Acap  198102252 1409 1470 1500 1439 1348 1256 1134 1073 1073 1104 1195 1348
316A Acap  198102261 1470 1592 1653 1653 1592 1470 1348 1256 1195 1165 1195 1287
316A Acap  198102262 1378 1439 1470 1439 1409 1287 1195 1104 1043 1073 1165 1287
316A Acap  198102271 1439 1561 1653 1683 1653 1561 1439 1317 1256 1195 1195 1256
316A Acap  198102272 1348 1409 1470 1500 1470 1378 1256 1165 1104 1073 1104 1226
316A Acap  198102281 1348 1500 1592 1683 1683 1622 1500 1378 1256 1195 1165 1195
316A Acap  198102282 1287 1348 1409 1439 1409 1317 1256 1134 1043 1012 1043 1134
316A Acap  198103011 1256 1409 1500 1592 1622 1622 1561 1470 1348 1287 1226 1226
316A Acap  198103012 1256 1348 1378 1409 1409 1348 1256 1165 1104 1073 1073 1165
316A Acap  198103021 1287 1409 1561 1622 1683 1653 1592 1500 1378 1317 1287 1256
316A Acap  198103022 1287 1348 1378 1378 1378 1317 1256 1165 1073 1012 1012 1073
316A Acap  198103031 1139 1258 1387 1500 1561 1592 1561 1500 1409 1317 1287 1256
316A Acap  198103032 1287 1348 1378 1409 1409 1348 1287 1195 1104 1043 1012 1073
316A Acap  198103041 1134 1226 1378 1470 1531 1561 1531 1500 1409 1317 1287 1256
316A Acap  198103042 1287 1317 1378 1378 1378 1348 1287 1226 1165 1073 1043 1043
316A Acap  198103051 1073 1165 1256 1378 1470 1500 1500 1500 1470 1378 1317 1287
316A Acap  198103052 1287 1287 1317 1378 1378 1409 1378 1348 1287 1226 1165 1134
316A Acap  198103061 1134 1134 1195 1256 1317 1378 1439 1470 1470 1409 1378 1317
316A Acap  198103062 1317 1287 1287 1317 1348 1378 1378 1378 1378 1348 1317 1256
316A Acap  198103071 1226 1195 1165 1195 1256 1317 1378 1409 1439 1439 1409 1378
316A Acap  198103072 1317 1256 1226 1195 1195 1226 1317 1378 1409 1409 1378 1348
316A Acap  198103081 1287 1226 1165 1134 1165 1226 1256 1348 1378 1409 1409 1378
316A Acap  198103082 1317 1256 1165 1104 1104 1104 1165 1226 1317 1409 1470 1470
316A Acap  198103091 1470 1378 1287 1195 1104 1073 1073 1134 1226 1317 1378 1378
316A Acap  198103092 1378 1287 1195 1104 1012  982 1012 1073 1165 1317 1439 1531
316A Acap  198103101 1561 1531 1470 1317 1195 1104 1043 1012 1073 1165 1287 1378
316A Acap  198103102 1409 1378 1287 1165 1012  952  891  921 1012 1195 1378 1500
316A Acap  198103111 1622 1653 1592 1470 1287 1134 1012  952  952 1043 1165 1287
316A Acap  198103112 1378 1409 1348 1195 1073  921  830  799  860 1012 1195 1409
316A Acap  198103121 1592 1683 1683 1592 1439 1256 1104  952  921  982 1073 1226
316A Acap  198103122 1348 1439 1439 1378 1226 1043  891  799  799  860 1043 1256
316A Acap  198103131 1470 1622 1714 1714 1592 1409 1226 1073  982  952 1012 1134
316A Acap  198103132 1287 1409 1439 1409 1317 1134  952  830  799  799  921 1104
316A Acap  198103141 1317 1500 1653 1714 1683 1592 1422 1247 1108 1033 1030 1092
316A Acap  198103142 1195 1317 1439 1470 1439 1317 1134  982  860  799  799  921
316A Acap  198103151 1134 1348 1500 1622 1683 1622 1500 1348 1195 1104 1073 1073
316A Acap  198103152 1134 1287 1378 1439 1470 1378 1256 1104  982  891  860  952
316A Acap  198103161 1104 1256 1439 1561 1653 1653 1561 1439 1287 1165 1134 1104
316A Acap  198103162 1134 1226 1348 1409 1439 1439 1348 1195 1073  982  921  952
316A Acap  198103171 1043 1165 1317 1470 1561 1592 1561 1470 1348 1226 1134 1104
316A Acap  198103172 1134 1195 1287 1348 1409 1439 1378 1317 1195 1104 1012 1012
316A Acap  198103181 1043 1104 1226 1348 1439 1500 1500 1470 1409 1317 1256 1195
316A Acap  198103182 1195 1195 1256 1317 1378 1409 1409 1378 1317 1226 1165 1104
316A Acap  198103191 1104 1104 1165 1256 1348 1439 1470 1470 1439 1378 1287 1226
316A Acap  198103192 1195 1165 1195 1226 1256 1317 1348 1348 1348 1317 1256 1195
316A Acap  198103201 1165 1165 1165 1195 1256 1317 1348 1348 1378 1378 1348 1317
316A Acap  198103202 1256 1226 1195 1195 1195 1226 1256 1287 1348 1348 1348 1317
316A Acap  198103211 1287 1256 1195 1165 1195 1226 1256 1287 1317 1348 1348 1348
316A Acap  198103212 1317 1256 1226 1195 1195 1195 1226 1256 1287 1348 1378 1378
316A Acap  198103221 1348 1317 1226 1165 1134 1134 1134 1165 1226 1256 1287 1317
316A Acap  198103222 1287 1256 1195 1134 1104 1073 1104 1134 1226 1317 1348 1378
316A Acap  198103231 1409 1378 1287 1195 1104 1073 1043 1043 1104 1165 1226 1287
316A Acap  198103232 1317 1287 1226 1134 1073 1043 1043 1104 1195 1317 1409 1470
316A Acap  198103241 1500 1500 1439 1317 1195 1134 1104 1073 1104 1165 1256 1317
316A Acap  198103242 1348 1348 1287 1226 1134 1073 1043 1043 1134 1226 1348 1470
316A Acap  198103251 1531 1531 1470 1378 1256 1134 1043 1012 1012 1043 1134 1226
316A Acap  198103252 1287 1317 1287 1226 1134 1043 1012  982 1012 1134 1256 1378
316A Acap  198103261 1531 1561 1561 1500 1348 1226 1134 1043 1012 1043 1104 1195
316A Acap  198103262 1287 1317 1317 1256 1195 1073 1012  952 1012 1073 1195 1348
316A Acap  198103271 1470 1561 1592 1561 1439 1317 1165 1073 1043 1043 1104 1195
316A Acap  198103272 1256 1317 1348 1317 1256 1165 1073 1043 1012 1073 1165 1317
316A Acap  198103281 1470 1592 1653 1653 1561 1439 1317 1195 1134 1073 1104 1165
316A Acap  198103282 1256 1317 1378 1378 1287 1195 1073 1012  982 1012 1073 1226
316A Acap  198103291 1378 1531 1622 1653 1622 1500 1378 1256 1165 1104 1104 1165
316A Acap  198103292 1256 1317 1348 1348 1317 1226 1104 1043  982  982 1073 1195
316A Acap  198103301 1317 1470 1561 1622 1622 1561 1439 1317 1226 1165 1165 1195
316A Acap  198103302 1256 1317 1378 1378 1348 1256 1165 1073 1012  982 1043 1134
316A Acap  198103311 1256 1409 1531 1622 1622 1592 1470 1348 1256 1195 1165 1195
316A Acap  198103312 1256 1317 1378 1409 1378 1317 1226 1104 1012  982 1012 1073
316A Acap  198104011 1195 1348 1470 1561 1592 1561 1500 1378 1317 1256 1195 1226
316A Acap  198104012 1256 1348 1409 1439 1439 1409 1317 1226 1104 1073 1073 1104
316A Acap  198104021 1195 1317 1439 1531 1561 1592 1531 1470 1378 1287 1256 1226
316A Acap  198104022 1287 1348 1409 1470 1500 1500 1439 1348 1256 1195 1165 1165
316A Acap  198104031 1226 1287 1380 1470 1536 1561 1531 1500 1409 1317 1256 1226
316A Acap  198104032 1226 1256 1317 1409 1470 1500 1470 1439 1378 1317 1256 1226
316A Acap  198104041 1226 1256 1317 1378 1439 1500 1500 1500 1409 1348 1256 1226
316A Acap  198104042 1195 1226 1256 1317 1378 1439 1470 1500 1500 1439 1409 1348
316A Acap  198104051 1317 1287 1256 1287 1317 1348 1378 1378 1378 1348 1287 1256
316A Acap  198104052 1226 1195 1165 1226 1287 1348 1409 1470 1531 1531 1531 1500
316A Acap  198104061 1439 1378 1317 1256 1226 1256 1287 1317 1348 1348 1348 1317
316A Acap  198104062 1256 1195 1165 1134 1134 1195 1256 1378 1500 1592 1653 1683
316A Acap  198104071 1622 1531 1409 1287 1195 1134 1134 1195 1256 1317 1378 1378
316A Acap  198104072 1378 1287 1195 1104 1073 1073 1134 1256 1378 1531 1653 1744
316A Acap  198104081 1744 1683 1561 1409 1256 1165 1104 1104 1195 1287 1378 1439
316A Acap  198104082 1439 1378 1287 1165 1073 1012 1043 1104 1256 1409 1592 1744
316A Acap  198104091 1805 1805 1714 1561 1378 1195 1073 1043 1073 1134 1256 1378
316A Acap  198104092 1439 1439 1378 1226 1134  982  921  952 1043 1226 1439 1653
316A Acap  198104101 1805 1896 1866 1744 1561 1409 1195 1104 1073 1134 1256 1378
316A Acap  198104102 1500 1561 1531 1439 1256 1104 1012  952 1012 1104 1287 1531
316A Acap  198104111 1714 1835 1896 1835 1683 1500 1317 1165 1073 1104 1195 1317
316A Acap  198104112 1439 1531 1592 1561 1439 1287 1134 1043 1012 1073 1195 1348
316A Acap  198104121 1561 1714 1835 1835 1744 1622 1439 1256 1134 1104 1134 1195
316A Acap  198104122 1317 1470 1561 1592 1531 1409 1256 1104 1012 1012 1073 1226
316A Acap  198104131 1439 1622 1744 1805 1774 1683 1531 1378 1226 1134 1104 1165
316A Acap  198104132 1287 1409 1531 1592 1592 1531 1378 1226 1104 1043 1073 1195
316A Acap  198104141 1348 1500 1653 1744 1744 1714 1622 1439 1317 1195 1165 1195
316A Acap  198104142 1226 1348 1470 1561 1592 1561 1439 1317 1195 1165 1134 1165
316A Acap  198104151 1287 1409 1531 1622 1683 1683 1622 1500 1378 1317 1226 1226
316A Acap  198104152 1256 1348 1439 1500 1561 1531 1500 1439 1348 1256 1226 1226
316A Acap  198104161 1256 1348 1439 1531 1592 1622 1592 1531 1439 1348 1287 1256
316A Acap  198104162 1256 1287 1378 1439 1500 1531 1531 1500 1439 1348 1287 1256
316A Acap  198104171 1256 1317 1348 1409 1470 1500 1500 1470 1409 1348 1287 1256
316A Acap  198104172 1256 1256 1287 1317 1409 1439 1470 1500 1470 1439 1378 1348
316A Acap  198104181 1348 1348 1348 1378 1409 1409 1409 1409 1409 1378 1348 1317
316A Acap  198104182 1287 1287 1287 1317 1378 1409 1439 1470 1500 1500 1470 1470
316A Acap  198104191 1439 1409 1348 1317 1317 1317 1317 1317 1317 1317 1317 1317
316A Acap  198104192 1287 1256 1256 1256 1256 1317 1348 1409 1439 1500 1500 1500
316A Acap  198104201 1470 1409 1348 1287 1256 1256 1287 1287 1287 1317 1317 1348
316A Acap  198104202 1317 1287 1256 1226 1226 1256 1317 1378 1439 1500 1561 1561
316A Acap  198104211 1561 1531 1439 1348 1287 1256 1226 1226 1256 1287 1348 1348
316A Acap  198104212 1348 1348 1317 1256 1226 1226 1256 1287 1378 1470 1561 1592
316A Acap  198104221 1622 1592 1531 1439 1317 1226 1195 1165 1195 1256 1287 1317
316A Acap  198104222 1348 1348 1287 1256 1195 1165 1165 1226 1317 1409 1500 1622
316A Acap  198104231 1653 1653 1561 1470 1348 1256 1165 1134 1134 1195 1256 1317
316A Acap  198104232 1348 1378 1348 1287 1195 1134 1134 1165 1226 1317 1470 1592
316A Acap  198104241 1653 1683 1622 1531 1378 1287 1195 1165 1134 1165 1256 1317
316A Acap  198104242 1348 1378 1348 1287 1226 1165 1104 1104 1195 1287 1439 1561
316A Acap  198104251 1653 1683 1683 1592 1439 1317 1195 1134 1104 1134 1195 1287
316A Acap  198104252 1348 1378 1378 1348 1256 1165 1104 1073 1134 1226 1348 1470
316A Acap  198104261 1592 1683 1714 1653 1531 1409 1287 1195 1134 1134 1195 1256
316A Acap  198104262 1317 1378 1409 1378 1287 1226 1134 1073 1073 1134 1256 1409
316A Acap  198104271 1561 1653 1714 1683 1622 1500 1348 1226 1165 1134 1165 1256
316A Acap  198104272 1317 1409 1439 1439 1378 1287 1195 1104 1073 1104 1195 1317
316A Acap  198104281 1500 1622 1683 1714 1683 1561 1439 1287 1195 1165 1195 1256
316A Acap  198104282 1378 1439 1500 1500 1470 1378 1287 1195 1134 1104 1195 1317
316A Acap  198104291 1470 1622 1683 1744 1683 1622 1470 1348 1256 1195 1195 1256
316A Acap  198104292 1378 1470 1531 1561 1531 1470 1378 1287 1195 1165 1195 1256
316A Acap  198104301 1409 1531 1622 1683 1683 1622 1500 1378 1287 1226 1195 1226
316A Acap  198104302 1317 1439 1500 1561 1561 1531 1439 1348 1256 1195 1195 1256
316A Acap  198105011 1348 1470 1561 1622 1622 1592 1531 1409 1317 1226 1195 1226
316A Acap  198105012 1256 1348 1439 1531 1561 1592 1561 1470 1378 1317 1256 1256
316A Acap  198105021 1317 1378 1470 1561 1592 1592 1531 1470 1348 1256 1195 1195
316A Acap  198105022 1195 1287 1378 1470 1561 1622 1622 1622 1561 1470 1409 1378
316A Acap  198105031 1348 1348 1409 1470 1500 1500 1500 1470 1378 1287 1226 1195
316A Acap  198105032 1195 1195 1287 1378 1470 1561 1622 1653 1653 1622 1531 1470
316A Acap  198105041 1409 1378 1378 1378 1409 1409 1439 1409 1378 1348 1256 1195
316A Acap  198105042 1165 1134 1165 1226 1348 1439 1561 1622 1683 1714 1683 1622
316A Acap  198105051 1531 1439 1348 1317 1287 1287 1317 1348 1378 1378 1317 1256
316A Acap  198105052 1195 1134 1073 1073 1134 1256 1378 1531 1653 1744 1774 1774
316A Acap  198105061 1683 1561 1409 1287 1226 1195 1226 1256 1317 1378 1378 1378
316A Acap  198105062 1287 1195 1104 1043 1043 1104 1226 1378 1531 1714 1805 1866
316A Acap  198105071 1835 1714 1592 1409 1256 1165 1134 1165 1256 1348 1439 1470
316A Acap  198105072 1439 1348 1256 1104 1043 1012 1043 1165 1317 1531 1714 1835
316A Acap  198105081 1866 1835 1714 1500 1317 1195 1104 1104 1134 1256 1378 1470
316A Acap  198105082 1500 1439 1348 1226 1104 1012 1012 1073 1165 1348 1561 1714
316A Acap  198105091 1835 1866 1805 1653 1470 1256 1104 1043 1043 1104 1256 1409
316A Acap  198105092 1500 1531 1470 1378 1226 1073 1012  982 1043 1165 1378 1592
316A Acap  198105101 1744 1835 1835 1744 1561 1378 1195 1073 1012 1073 1165 1317
316A Acap  198105102 1470 1561 1561 1500 1348 1195 1073 1012 1012 1104 1256 1409
316A Acap  198105111 1622 1744 1805 1774 1653 1470 1256 1104 1012 1012 1073 1195
316A Acap  198105112 1348 1500 1561 1561 1500 1378 1226 1104 1043 1043 1134 1287
316A Acap  198105121 1470 1592 1683 1714 1683 1561 1378 1195 1073 1043 1043 1104
316A Acap  198105122 1256 1378 1470 1531 1531 1470 1348 1226 1134 1104 1134 1226
316A Acap  198105131 1348 1500 1592 1683 1653 1592 1439 1287 1165 1073 1073 1104
316A Acap  198105132 1195 1317 1439 1531 1592 1561 1500 1378 1287 1195 1165 1195
316A Acap  198105141 1287 1378 1500 1561 1592 1561 1470 1378 1256 1165 1134 1104
316A Acap  198105142 1195 1287 1409 1500 1561 1592 1561 1500 1378 1287 1256 1256
316A Acap  198105151 1287 1348 1439 1500 1531 1531 1500 1409 1317 1226 1195 1165
316A Acap  198105152 1195 1256 1348 1439 1531 1561 1592 1561 1500 1439 1378 1348
316A Acap  198105161 1317 1348 1409 1439 1470 1470 1439 1409 1348 1287 1256 1226
316A Acap  198105162 1226 1256 1317 1378 1470 1531 1561 1561 1561 1500 1439 1409
316A Acap  198105171 1378 1348 1348 1348 1348 1378 1378 1348 1348 1287 1287 1256
316A Acap  198105172 1256 1256 1256 1317 1378 1439 1500 1561 1561 1561 1531 1500
316A Acap  198105181 1439 1409 1378 1348 1317 1317 1317 1317 1287 1287 1256 1256
316A Acap  198105182 1226 1226 1226 1287 1317 1378 1439 1500 1531 1561 1561 1531
316A Acap  198105191 1470 1439 1348 1287 1256 1256 1256 1256 1256 1256 1256 1256
316A Acap  198105192 1256 1226 1195 1195 1256 1348 1409 1470 1531 1592 1622 1622
316A Acap  198105201 1531 1470 1378 1317 1226 1195 1195 1195 1195 1226 1256 1226
316A Acap  198105202 1195 1195 1195 1165 1195 1226 1287 1348 1439 1531 1592 1592
316A Acap  198105211 1561 1531 1439 1348 1256 1195 1195 1165 1165 1195 1195 1226
316A Acap  198105212 1226 1226 1195 1165 1134 1165 1195 1256 1348 1470 1561 1622
316A Acap  198105221 1622 1592 1500 1378 1287 1226 1165 1134 1134 1165 1226 1256
316A Acap  198105222 1256 1256 1226 1165 1134 1104 1134 1195 1317 1409 1531 1622
316A Acap  198105231 1653 1622 1561 1409 1287 1226 1134 1104 1134 1165 1226 1256
316A Acap  198105232 1287 1287 1287 1226 1134 1104 1104 1165 1256 1348 1500 1653
316A Acap  198105241 1683 1683 1622 1531 1378 1256 1165 1104 1104 1104 1195 1287
316A Acap  198105242 1317 1317 1317 1256 1195 1134 1104 1134 1195 1287 1409 1561
316A Acap  198105251 1653 1683 1653 1592 1439 1287 1195 1134 1134 1104 1195 1256
316A Acap  198105252 1317 1378 1348 1287 1226 1134 1134 1104 1134 1226 1348 1500
316A Acap  198105261 1622 1683 1653 1622 1470 1317 1226 1134 1104 1104 1165 1256
316A Acap  198105262 1348 1409 1378 1348 1287 1226 1134 1104 1104 1134 1256 1378
316A Acap  198105271 1500 1592 1622 1622 1500 1378 1287 1165 1104 1104 1134 1226
316A Acap  198105272 1317 1409 1470 1439 1378 1287 1226 1134 1073 1104 1195 1317
316A Acap  198105281 1439 1561 1622 1622 1561 1439 1287 1195 1104 1073 1134 1195
316A Acap  198105282 1287 1409 1470 1500 1500 1409 1317 1226 1165 1134 1165 1256
316A Acap  198105291 1348 1439 1531 1531 1531 1439 1317 1195 1073 1043 1073 1134
316A Acap  198105292 1256 1378 1500 1592 1592 1561 1500 1378 1317 1256 1226 1256
316A Acap  198105301 1317 1378 1470 1500 1500 1470 1378 1226 1134 1104 1073 1104
316A Acap  198105302 1195 1287 1439 1531 1653 1653 1622 1561 1470 1348 1287 1256
316A Acap  198105311 1287 1348 1378 1470 1500 1470 1409 1317 1195 1134 1073 1043
316A Acap  198105312 1073 1195 1348 1500 1622 1683 1714 1683 1622 1531 1409 1317
316A Acap  198106011 1287 1287 1317 1348 1378 1378 1378 1317 1256 1165 1073 1043
316A Acap  198106012 1043 1104 1165 1287 1439 1622 1714 1774 1744 1683 1592 1470
316A Acap  198106021 1378 1317 1287 1317 1348 1348 1378 1378 1348 1287 1195 1134
316A Acap  198106022 1073 1073 1104 1195 1348 1500 1653 1744 1835 1805 1744 1622
316A Acap  198106031 1500 1378 1317 1256 1256 1287 1348 1409 1409 1378 1287 1195
316A Acap  198106032 1134 1043 1043 1104 1226 1348 1470 1592 1744 1835 1835 1744
316A Acap  198106041 1683 1531 1409 1287 1256 1226 1287 1348 1409 1409 1378 1348
316A Acap  198106042 1256 1165 1104 1073 1073 1165 1317 1470 1622 1774 1866 1866
316A Acap  198106051 1805 1683 1531 1378 1256 1195 1195 1256 1317 1409 1470 1470
316A Acap  198106052 1378 1287 1165 1104 1043 1043 1165 1287 1470 1683 1835 1896
316A Acap  198106061 1866 1774 1653 1470 1287 1195 1134 1134 1195 1317 1409 1470
316A Acap  198106062 1500 1470 1348 1256 1165 1134 1134 1226 1348 1500 1683 1805
316A Acap  198106071 1866 1866 1744 1592 1409 1226 1134 1104 1134 1226 1348 1470
316A Acap  198106072 1561 1561 1500 1378 1226 1134 1073 1073 1134 1287 1470 1622
316A Acap  198106081 1744 1744 1744 1622 1470 1287 1134 1043 1043 1134 1226 1348
316A Acap  198106082 1470 1500 1470 1439 1348 1226 1134 1073 1073 1165 1348 1470
316A Acap  198106091 1592 1683 1683 1622 1500 1378 1226 1104 1043 1043 1134 1226
316A Acap  198106092 1348 1500 1561 1500 1409 1348 1256 1195 1104 1134 1226 1348
316A Acap  198106101 1500 1622 1683 1622 1531 1409 1256 1134 1043 1043 1104 1195
316A Acap  198106102 1287 1439 1531 1561 1531 1439 1348 1287 1226 1195 1226 1317
316A Acap  198106111 1409 1500 1531 1561 1500 1409 1287 1195 1104 1073 1104 1134
316A Acap  198106112 1256 1378 1470 1531 1561 1531 1439 1348 1287 1256 1226 1287
316A Acap  198106121 1378 1439 1531 1561 1531 1470 1378 1287 1195 1104 1104 1134
316A Acap  198106122 1226 1348 1439 1531 1592 1561 1500 1439 1378 1317 1287 1287
316A Acap  198106131 1317 1409 1470 1500 1500 1439 1378 1317 1226 1134 1104 1134
316A Acap  198106132 1195 1287 1409 1500 1561 1622 1592 1561 1500 1439 1409 1348
316A Acap  198106141 1348 1378 1409 1439 1439 1378 1348 1317 1226 1195 1134 1134
316A Acap  198106142 1195 1256 1348 1439 1531 1592 1622 1592 1561 1500 1470 1439
316A Acap  198106151 1378 1378 1378 1409 1378 1378 1378 1317 1287 1226 1195 1195
316A Acap  198106152 1226 1256 1317 1378 1500 1561 1622 1653 1653 1592 1561 1500
316A Acap  198106161 1470 1409 1409 1378 1378 1348 1348 1317 1317 1256 1226 1226
316A Acap  198106162 1195 1256 1317 1348 1439 1500 1592 1622 1653 1653 1622 1592
316A Acap  198106171 1561 1470 1409 1409 1409 1378 1348 1348 1348 1317 1287 1256
316A Acap  198106172 1256 1287 1317 1348 1409 1470 1592 1653 1683 1714 1683 1683
316A Acap  198106181 1653 1592 1531 1470 1439 1409 1378 1378 1378 1378 1378 1348
316A Acap  198106182 1348 1348 1348 1378 1409 1470 1592 1683 1744 1774 1805 1805
316A Acap  198106191 1774 1714 1653 1561 1470 1409 1409 1378 1378 1378 1409 1409
316A Acap  198106192 1409 1409 1378 1378 1378 1439 1500 1561 1653 1714 1805 1805
316A Acap  198106201 1805 1744 1653 1531 1439 1378 1348 1348 1378 1378 1409 1439
316A Acap  198106202 1439 1409 1378 1348 1317 1348 1378 1439 1561 1653 1744 1805
316A Acap  198106211 1835 1714 1683 1592 1500 1409 1348 1317 1348 1378 1439 1470
316A Acap  198106212 1470 1439 1378 1348 1317 1317 1378 1378 1470 1592 1683 1774
316A Acap  198106221 1835 1805 1714 1592 1470 1378 1317 1287 1317 1378 1439 1470
316A Acap  198106222 1500 1561 1500 1439 1378 1348 1317 1317 1378 1531 1653 1774
316A Acap  198106231 1805 1805 1744 1653 1561 1409 1317 1287 1317 1348 1439 1531
316A Acap  198106232 1561 1592 1592 1500 1439 1348 1348 1348 1348 1470 1592 1683
316A Acap  198106241 1774 1805 1805 1714 1592 1439 1348 1287 1256 1317 1378 1470
316A Acap  198106242 1561 1653 1683 1683 1592 1531 1409 1378 1378 1409 1470 1592
316A Acap  198106251 1714 1805 1805 1714 1622 1470 1348 1256 1256 1287 1348 1439
316A Acap  198106252 1561 1683 1714 1714 1653 1500 1439 1378 1378 1378 1439 1500
316A Acap  198106261 1683 1714 1744 1714 1622 1500 1348 1256 1195 1226 1317 1439
316A Acap  198106262 1531 1653 1774 1835 1744 1714 1622 1500 1439 1470 1470 1561
316A Acap  198106271 1653 1774 1774 1744 1683 1622 1500 1317 1256 1256 1256 1348
316A Acap  198106272 1500 1683 1805 1896 1927 1866 1805 1714 1592 1561 1531 1531
316A Acap  198106281 1622 1714 1774 1774 1774 1683 1592 1439 1317 1256 1256 1287
316A Acap  198106282 1439 1592 1744 1896 1957 1957 1927 1866 1744 1653 1592 1561
316A Acap  198106291 1561 1622 1683 1744 1744 1744 1683 1561 1439 1378 1317 1317
316A Acap  198106292 1348 1470 1653 1835 1927 2018 2049 1988 1927 1866 1714 1653
316A Acap  198106301 1622 1622 1653 1683 1714 1714 1683 1561 1409 1317 1256 1256
316A Acap  198106302 1256 1317 1470 1622 1774 1927 1988 1988 1927 1866 1774 1653
316A Acap  198107011 1592 1531 1531 1592 1592 1592 1622 1561 1500 1409 1287 1256
316A Acap  198107012 1195 1256 1317 1439 1561 1714 1866 1957 1957 1896 1805 1714
316A Acap  198107021 1622 1531 1470 1439 1439 1470 1531 1531 1500 1439 1378 1287
316A Acap  198107022 1195 1134 1134 1226 1348 1470 1622 1805 1866 1896 1866 1774
316A Acap  198107031 1683 1561 1439 1378 1378 1378 1409 1439 1470 1500 1439 1378
316A Acap  198107032 1287 1226 1134 1134 1165 1317 1470 1622 1744 1866 1896 1835
316A Acap  198107041 1774 1653 1500 1348 1287 1256 1287 1348 1439 1500 1531 1470
316A Acap  198107042 1409 1256 1195 1134 1134 1195 1348 1470 1592 1714 1835 1866
316A Acap  198107051 1835 1744 1592 1470 1348 1287 1256 1287 1348 1470 1561 1592
316A Acap  198107052 1561 1500 1378 1287 1195 1226 1287 1378 1531 1622 1774 1896
316A Acap  198107061 1927 1896 1774 1622 1439 1317 1287 1256 1317 1409 1500 1622
316A Acap  198107062 1683 1653 1592 1531 1378 1287 1287 1317 1409 1531 1683 1805
316A Acap  198107071 1896 1866 1774 1653 1439 1348 1256 1226 1226 1317 1409 1531
316A Acap  198107072 1622 1683 1653 1531 1470 1348 1287 1287 1317 1409 1500 1622
316A Acap  198107081 1683 1744 1744 1622 1500 1378 1226 1134 1195 1226 1317 1439
316A Acap  198107082 1561 1653 1653 1622 1561 1409 1317 1256 1287 1317 1378 1500
316A Acap  198107091 1592 1653 1714 1653 1531 1409 1287 1195 1165 1134 1226 1317
316A Acap  198107092 1470 1622 1683 1683 1622 1531 1439 1348 1287 1287 1317 1409
316A Acap  198107101 1500 1592 1653 1653 1592 1500 1378 1256 1165 1165 1195 1287
316A Acap  198107102 1439 1561 1653 1683 1683 1622 1531 1409 1378 1317 1348 1378
316A Acap  198107111 1470 1531 1622 1653 1622 1500 1378 1256 1165 1104 1134 1195
316A Acap  198107112 1317 1439 1561 1683 1744 1714 1653 1561 1439 1378 1348 1348
316A Acap  198107121 1378 1470 1500 1561 1531 1470 1378 1287 1195 1104 1104 1134
316A Acap  198107122 1256 1409 1531 1622 1683 1744 1683 1622 1470 1378 1378 1348
316A Acap  198107131 1378 1409 1470 1500 1500 1470 1409 1317 1226 1134 1104 1104
316A Acap  198107132 1195 1317 1439 1561 1653 1714 1683 1622 1592 1500 1439 1378
316A Acap  198107141 1378 1348 1409 1409 1439 1409 1348 1287 1195 1165 1104 1104
316A Acap  198107142 1134 1226 1348 1439 1561 1653 1714 1653 1622 1561 1500 1439
316A Acap  198107151 1409 1378 1409 1409 1409 1439 1378 1317 1226 1165 1134 1104
316A Acap  198107152 1134 1195 1287 1439 1500 1622 1683 1714 1683 1653 1561 1500
316A Acap  198107161 1470 1470 1439 1439 1439 1470 1470 1409 1348 1317 1256 1195
316A Acap  198107162 1195 1226 1317 1439 1561 1683 1714 1774 1805 1805 1774 1683
316A Acap  198107171 1653 1592 1531 1500 1500 1470 1470 1439 1409 1378 1348 1317
316A Acap  198107172 1317 1287 1348 1409 1439 1531 1622 1714 1744 1744 1744 1653
316A Acap  198107181 1622 1531 1500 1470 1439 1439 1409 1409 1378 1348 1348 1317
316A Acap  198107182 1287 1287 1287 1287 1348 1409 1500 1561 1683 1714 1744 1744
316A Acap  198107191 1714 1622 1531 1470 1409 1348 1348 1378 1378 1378 1378 1348
316A Acap  198107192 1348 1348 1317 1287 1287 1317 1409 1470 1561 1653 1683 1683
316A Acap  198107201 1653 1622 1531 1439 1378 1348 1287 1317 1348 1378 1378 1409
316A Acap  198107202 1409 1378 1317 1287 1287 1287 1348 1409 1531 1592 1683 1714
316A Acap  198107211 1683 1653 1561 1470 1378 1317 1287 1287 1409 1378 1439 1470
316A Acap  198107212 1470 1439 1409 1378 1317 1287 1287 1348 1378 1470 1592 1653
316A Acap  198107221 1683 1683 1622 1500 1378 1287 1226 1195 1256 1317 1409 1500
316A Acap  198107222 1531 1561 1561 1470 1378 1317 1256 1287 1317 1439 1500 1592
316A Acap  198107231 1653 1653 1592 1500 1378 1287 1195 1195 1195 1256 1348 1470
316A Acap  198107232 1592 1653 1653 1622 1561 1470 1317 1256 1287 1409 1500 1592
316A Acap  198107241 1653 1653 1653 1561 1439 1317 1226 1134 1195 1256 1378 1500
316A Acap  198107242 1622 1683 1714 1683 1622 1500 1409 1348 1317 1348 1378 1470
316A Acap  198107251 1561 1592 1622 1561 1470 1348 1226 1134 1134 1134 1256 1409
316A Acap  198107252 1500 1653 1774 1774 1744 1622 1561 1439 1409 1317 1348 1409
316A Acap  198107261 1500 1561 1592 1592 1500 1378 1287 1165 1043 1043 1165 1256
316A Acap  198107262 1409 1561 1744 1805 1805 1774 1683 1531 1409 1348 1348 1348
316A Acap  198107271 1439 1500 1561 1561 1531 1470 1287 1134 1043 1012 1043 1104
316A Acap  198107272 1287 1439 1622 1744 1805 1805 1744 1622 1500 1409 1378 1378
316A Acap  198107281 1409 1470 1531 1561 1561 1500 1378 1256 1104 1043 1012 1073
316A Acap  198107282 1195 1348 1500 1622 1774 1805 1805 1744 1653 1500 1409 1378
316A Acap  198107291 1348 1409 1470 1531 1561 1531 1470 1348 1195 1073  982 1012
316A Acap  198107292 1104 1195 1378 1500 1683 1744 1805 1805 1744 1622 1531 1439
316A Acap  198107301 1409 1378 1409 1470 1500 1500 1500 1439 1287 1226 1134 1073
316A Acap  198107302 1104 1134 1256 1378 1500 1683 1744 1835 1805 1714 1622 1561
316A Acap  198107311 1470 1409 1409 1378 1439 1470 1500 1470 1409 1348 1287 1195
316A Acap  198107312 1134 1104 1195 1287 1439 1531 1653 1714 1774 1774 1744 1622
316A Acap  198108011 1561 1470 1439 1409 1378 1439 1470 1500 1500 1470 1378 1317
316A Acap  198108012 1256 1226 1195 1195 1317 1439 1531 1653 1714 1774 1805 1774
316A Acap  198108021 1683 1592 1470 1409 1378 1378 1409 1439 1500 1500 1500 1470
316A Acap  198108022 1409 1317 1256 1256 1256 1317 1409 1531 1622 1744 1774 1805
316A Acap  198108031 1774 1653 1531 1470 1378 1348 1378 1378 1439 1500 1561 1592
316A Acap  198108032 1531 1500 1439 1348 1287 1317 1317 1409 1500 1622 1714 1774
316A Acap  198108041 1774 1744 1683 1561 1439 1348 1287 1317 1348 1409 1470 1592
316A Acap  198108042 1622 1622 1561 1439 1378 1317 1317 1317 1348 1470 1592 1683
316A Acap  198108051 1744 1774 1683 1592 1439 1317 1256 1256 1287 1378 1470 1561
316A Acap  198108052 1683 1683 1683 1622 1500 1439 1409 1348 1348 1409 1561 1653
316A Acap  198108061 1714 1744 1714 1653 1531 1378 1317 1256 1256 1317 1439 1561
316A Acap  198108062 1683 1744 1774 1744 1683 1561 1500 1409 1409 1409 1500 1592
316A Acap  198108071 1683 1744 1744 1683 1622 1500 1378 1256 1226 1256 1378 1500
316A Acap  198108072 1653 1774 1835 1805 1744 1653 1531 1470 1409 1378 1409 1500
316A Acap  198108081 1592 1683 1683 1683 1592 1500 1378 1287 1226 1226 1256 1378
316A Acap  198108082 1531 1683 1744 1774 1744 1653 1592 1470 1409 1378 1409 1470
316A Acap  198108091 1561 1622 1683 1653 1622 1500 1378 1287 1226 1256 1256 1378
316A Acap  198108092 1500 1622 1744 1805 1774 1714 1592 1500 1439 1409 1378 1409
316A Acap  198108101 1470 1500 1561 1561 1500 1439 1378 1287 1195 1195 1195 1287
316A Acap  198108102 1378 1500 1653 1744 1805 1774 1714 1653 1561 1470 1470 1500
316A Acap  198108111 1500 1531 1622 1653 1622 1561 1439 1348 1287 1256 1256 1317
316A Acap  198108112 1409 1531 1683 1744 1835 1835 1774 1714 1622 1561 1500 1470
316A Acap  198108121 1500 1500 1531 1561 1561 1500 1439 1378 1287 1256 1256 1287
316A Acap  198108122 1378 1470 1592 1714 1805 1835 1835 1774 1744 1622 1592 1531
316A Acap  198108131 1531 1531 1561 1561 1561 1500 1470 1409 1317 1256 1226 1256
316A Acap  198108132 1317 1378 1470 1592 1683 1714 1744 1744 1714 1653 1561 1592
316A Acap  198108141 1561 1531 1561 1531 1500 1500 1470 1409 1348 1287 1256 1226
316A Acap  198108142 1256 1317 1378 1500 1592 1653 1714 1744 1744 1683 1653 1592
316A Acap  198108151 1531 1531 1500 1531 1531 1500 1470 1409 1378 1317 1287 1256
316A Acap  198108152 1256 1287 1348 1439 1470 1561 1622 1653 1683 1683 1683 1653
316A Acap  198108161 1592 1531 1531 1470 1439 1439 1439 1439 1409 1378 1348 1317
316A Acap  198108162 1317 1317 1348 1409 1470 1531 1622 1683 1714 1714 1744 1714
316A Acap  198108171 1683 1622 1531 1500 1470 1500 1500 1500 1500 1531 1500 1470
316A Acap  198108172 1439 1409 1409 1409 1439 1470 1531 1592 1653 1714 1774 1744
316A Acap  198108181 1714 1653 1531 1470 1439 1439 1409 1470 1500 1561 1561 1561
316A Acap  198108182 1531 1500 1439 1348 1317 1317 1348 1439 1531 1592 1622 1683
316A Acap  198108191 1653 1592 1500 1409 1317 1287 1317 1348 1409 1500 1622 1653
316A Acap  198108192 1653 1622 1531 1439 1378 1317 1317 1378 1409 1531 1653 1683
316A Acap  198108201 1683 1622 1561 1470 1348 1287 1226 1256 1348 1470 1592 1683
316A Acap  198108202 1744 1774 1744 1653 1531 1439 1378 1378 1409 1470 1622 1683
316A Acap  198108211 1774 1744 1714 1592 1470 1348 1287 1256 1317 1439 1592 1774
316A Acap  198108212 1866 1927 1927 1835 1744 1561 1439 1378 1378 1439 1500 1622
316A Acap  198108221 1714 1714 1714 1622 1500 1348 1256 1195 1195 1317 1439 1622
316A Acap  198108222 1774 1896 1957 1927 1835 1714 1561 1409 1378 1348 1409 1561
316A Acap  198108231 1683 1744 1744 1653 1531 1378 1226 1134 1134 1195 1348 1500
316A Acap  198108232 1714 1866 1927 1957 1866 1744 1561 1470 1348 1317 1378 1500
316A Acap  198108241 1622 1683 1714 1653 1531 1409 1256 1134 1104 1104 1226 1378
316A Acap  198108242 1592 1744 1835 1927 1988 1866 1774 1622 1470 1378 1378 1409
316A Acap  198108251 1500 1592 1683 1714 1653 1531 1378 1256 1134 1073 1104 1195
316A Acap  198108252 1378 1592 1774 1896 1927 1927 1866 1683 1592 1470 1409 1409
316A Acap  198108261 1439 1561 1622 1683 1683 1622 1500 1378 1256 1195 1134 1195
316A Acap  198108262 1317 1500 1653 1774 1866 1896 1896 1805 1714 1622 1531 1500
316A Acap  198108271 1500 1561 1622 1683 1714 1683 1653 1561 1470 1378 1287 1317
316A Acap  198108272 1378 1500 1653 1805 1896 1957 1988 1927 1896 1774 1714 1622
316A Acap  198108281 1592 1561 1622 1683 1714 1714 1683 1622 1500 1409 1317 1287
316A Acap  198108282 1317 1348 1470 1561 1683 1744 1805 1805 1774 1653 1592 1531
316A Acap  198108291 1470 1409 1439 1470 1531 1561 1561 1531 1470 1378 1317 1256
316A Acap  198108292 1226 1256 1287 1348 1439 1531 1561 1653 1683 1653 1592 1531
316A Acap  198108301 1500 1470 1439 1439 1439 1500 1531 1561 1561 1500 1439 1378
316A Acap  198108302 1317 1287 1287 1348 1378 1439 1500 1561 1622 1653 1622 1561
316A Acap  198108311 1500 1439 1378 1317 1226 1348 1378 1439 1470 1500 1470 1439
316A Acap  198108312 1378 1317 1226 1226 1226 1256 1287 1378 1470 1561 1561 1561
316A Acap  198109011 1531 1439 1317 1226 1165 1165 1195 1256 1348 1439 1500 1500
316A Acap  198109012 1470 1409 1348 1256 1226 1165 1195 1256 1317 1439 1531 1561
316A Acap  198109021 1561 1500 1378 1256 1195 1134 1165 1195 1287 1409 1531 1561
316A Acap  198109022 1561 1531 1439 1348 1226 1165 1134 1134 1165 1287 1378 1470
316A Acap  198109031 1500 1470 1378 1287 1165 1073 1043 1073 1165 1256 1439 1531
316A Acap  198109032 1592 1592 1531 1439 1317 1195 1134 1134 1134 1226 1348 1439
316A Acap  198109041 1500 1500 1470 1378 1256 1134 1073 1073 1134 1226 1409 1531
316A Acap  198109042 1622 1683 1653 1561 1470 1317 1226 1165 1134 1165 1256 1317
316A Acap  198109051 1439 1500 1470 1378 1287 1195 1104 1073 1073 1165 1317 1439
316A Acap  198109052 1592 1653 1683 1653 1531 1439 1317 1226 1195 1195 1256 1348
316A Acap  198109061 1439 1500 1531 1470 1378 1256 1165 1073 1043 1104 1195 1348
316A Acap  198109062 1500 1622 1683 1683 1592 1500 1409 1287 1256 1256 1287 1348
316A Acap  198109071 1439 1500 1500 1470 1409 1317 1195 1134 1073 1073 1165 1287
316A Acap  198109072 1439 1561 1653 1714 1683 1592 1439 1348 1256 1256 1287 1348
316A Acap  198109081 1409 1470 1500 1470 1409 1317 1226 1104 1073 1104 1165 1256
316A Acap  198109082 1378 1500 1622 1683 1683 1622 1500 1409 1317 1287 1317 1378
316A Acap  198109091 1439 1500 1531 1531 1470 1378 1256 1134 1073 1043 1073 1165
316A Acap  198109092 1287 1439 1592 1683 1714 1683 1622 1531 1409 1348 1317 1317
316A Acap  198109101 1348 1439 1500 1531 1500 1409 1287 1195 1073 1012 1012 1073
316A Acap  198109102 1165 1287 1439 1561 1653 1653 1592 1500 1409 1317 1256 1256
316A Acap  198109111 1287 1348 1378 1439 1439 1409 1348 1256 1165 1073 1043 1073
316A Acap  198109112 1134 1226 1348 1470 1592 1653 1653 1592 1500 1409 1348 1287
316A Acap  198109121 1287 1317 1378 1409 1439 1439 1378 1317 1195 1134 1073 1073
316A Acap  198109122 1073 1134 1256 1378 1470 1531 1561 1561 1500 1439 1378 1317
316A Acap  198109131 1287 1317 1348 1378 1409 1409 1378 1317 1287 1220 1163 1134
316A Acap  198109132 1134 1165 1195 1287 1378 1439 1500 1500 1500 1470 1409 1348
316A Acap  198109141 1317 1287 1287 1317 1378 1378 1409 1439 1409 1348 1317 1287
316A Acap  198109142 1256 1226 1226 1287 1378 1470 1500 1531 1561 1531 1500 1439
316A Acap  198109151 1378 1348 1317 1317 1378 1439 1470 1500 1531 1500 1500 1439
316A Acap  198109152 1409 1378 1348 1348 1348 1409 1439 1500 1561 1592 1561 1531
316A Acap  198109161 1470 1409 1348 1317 1317 1378 1439 1531 1592 1653 1653 1653
316A Acap  198109162 1592 1531 1439 1378 1348 1348 1409 1470 1500 1561 1592 1592
316A Acap  198109171 1531 1439 1348 1287 1256 1287 1348 1409 1531 1653 1714 1774
316A Acap  198109172 1744 1683 1592 1439 1348 1287 1287 1317 1378 1470 1561 1622
316A Acap  198109181 1592 1531 1409 1287 1195 1165 1195 1256 1378 1531 1683 1774
316A Acap  198109182 1805 1774 1714 1592 1409 1317 1256 1256 1287 1378 1500 1561
316A Acap  198109191 1622 1592 1500 1348 1226 1134 1104 1134 1287 1439 1622 1805
316A Acap  198109192 1896 1957 1896 1805 1653 1500 1348 1287 1287 1317 1439 1561
316A Acap  198109201 1653 1653 1592 1470 1348 1195 1104 1073 1134 1287 1470 1653
316A Acap  198109202 1835 1927 1927 1866 1744 1561 1409 1317 1256 1287 1378 1500
316A Acap  198109211 1622 1714 1714 1653 1500 1317 1165 1073 1073 1134 1317 1500
316A Acap  198109212 1683 1866 1957 1988 1896 1744 1561 1409 1287 1287 1317 1439
316A Acap  198109221 1561 1683 1744 1714 1622 1439 1256 1104 1043 1043 1195 1378
316A Acap  198109222 1561 1774 1927 1957 1957 1866 1714 1561 1409 1317 1317 1378
316A Acap  198109231 1500 1653 1744 1774 1683 1561 1409 1226 1104 1043 1104 1226
316A Acap  198109232 1409 1592 1774 1866 1896 1866 1744 1592 1439 1348 1256 1287
316A Acap  198109241 1378 1500 1622 1683 1683 1592 1470 1348 1195 1134 1104 1165
316A Acap  198109242 1287 1439 1592 1744 1805 1835 1774 1683 1531 1409 1348 1317
316A Acap  198109251 1317 1439 1531 1622 1653 1622 1561 1409 1317 1195 1134 1134
316A Acap  198109252 1256 1378 1531 1653 1744 1774 1744 1653 1531 1439 1378 1378
316A Acap  198109261 1378 1439 1500 1592 1622 1653 1622 1561 1470 1348 1287 1256
316A Acap  198109262 1256 1317 1439 1531 1622 1683 1714 1683 1622 1561 1439 1409
316A Acap  198109271 1378 1409 1439 1500 1561 1622 1622 1622 1561 1500 1409 1348
316A Acap  198109272 1348 1348 1378 1470 1531 1592 1622 1622 1622 1592 1531 1470
316A Acap  198109281 1470 1439 1470 1500 1531 1592 1622 1653 1653 1622 1592 1531
316A Acap  198109282 1500 1470 1439 1470 1500 1531 1561 1592 1622 1622 1622 1561
316A Acap  198109291 1531 1500 1470 1470 1470 1500 1561 1592 1653 1683 1683 1622
316A Acap  198109292 1592 1531 1500 1470 1470 1470 1470 1470 1531 1561 1561 1561
316A Acap  198109301 1531 1470 1439 1409 1317 1409 1470 1531 1622 1683 1744 1744
316A Acap  198109302 1714 1653 1561 1500 1439 1409 1409 1409 1470 1531 1561 1592
316A Acap  198110011 1592 1561 1470 1409 1378 1378 1378 1439 1500 1622 1683 1744
316A Acap  198110012 1744 1714 1653 1531 1470 1409 1348 1348 1378 1439 1500 1561
316A Acap  198110021 1592 1592 1531 1470 1409 1348 1348 1348 1439 1561 1653 1714
316A Acap  198110022 1774 1805 1774 1683 1561 1439 1378 1317 1317 1378 1470 1561
316A Acap  198110031 1592 1622 1592 1500 1439 1348 1317 1317 1378 1470 1561 1683
316A Acap  198110032 1805 1835 1835 1744 1653 1500 1409 1348 1348 1378 1439 1531
316A Acap  198110041 1592 1622 1592 1531 1439 1348 1317 1287 1317 1439 1561 1683
316A Acap  198110042 1805 1866 1866 1774 1653 1561 1470 1409 1378 1409 1470 1561
316A Acap  198110051 1653 1683 1683 1592 1500 1378 1317 1287 1287 1378 1470 1622
316A Acap  198110052 1774 1866 1927 1896 1805 1683 1531 1409 1378 1348 1409 1500
316A Acap  198110061 1561 1622 1622 1592 1500 1409 1287 1256 1256 1317 1378 1531
316A Acap  198110062 1683 1805 1866 1866 1805 1744 1592 1500 1409 1378 1409 1470
316A Acap  198110071 1561 1622 1653 1622 1592 1470 1348 1287 1256 1287 1348 1470
316A Acap  198110072 1622 1744 1866 1866 1866 1774 1653 1500 1439 1409 1439 1500
316A Acap  198110081 1561 1622 1653 1653 1592 1500 1409 1317 1287 1256 1317 1409
316A Acap  198110082 1531 1683 1774 1805 1805 1714 1653 1561 1470 1439 1439 1470
316A Acap  198110091 1531 1622 1653 1683 1622 1531 1439 1348 1287 1256 1287 1378
316A Acap  198110092 1500 1622 1744 1805 1835 1774 1683 1592 1531 1470 1439 1470
316A Acap  198110101 1500 1561 1653 1683 1653 1592 1531 1439 1348 1287 1287 1317
316A Acap  198110102 1409 1561 1653 1714 1744 1744 1683 1592 1500 1439 1409 1409
316A Acap  198110111 1439 1500 1592 1653 1653 1653 1592 1500 1439 1348 1317 1317
316A Acap  198110112 1348 1470 1592 1683 1683 1683 1653 1592 1500 1439 1409 1409
316A Acap  198110121 1470 1500 1561 1622 1653 1683 1653 1592 1500 1470 1409 1409
316A Acap  198110122 1409 1470 1531 1592 1622 1653 1653 1622 1592 1531 1470 1439
316A Acap  198110131 1409 1409 1470 1531 1622 1653 1714 1683 1653 1622 1561 1531
316A Acap  198110132 1500 1500 1500 1531 1561 1561 1592 1592 1592 1592 1500 1470
316A Acap  198110141 1409 1378 1378 1409 1500 1592 1683 1744 1774 1774 1744 1714
316A Acap  198110142 1622 1531 1500 1470 1470 1470 1500 1531 1531 1592 1561 1531
316A Acap  198110151 1500 1439 1378 1348 1409 1500 1561 1683 1774 1835 1866 1835
316A Acap  198110152 1774 1683 1592 1470 1439 1409 1409 1439 1500 1561 1561 1561
316A Acap  198110161 1500 1439 1348 1287 1256 1317 1439 1531 1653 1805 1896 1927
316A Acap  198110162 1896 1774 1622 1470 1378 1317 1317 1348 1409 1531 1592 1622
316A Acap  198110171 1622 1531 1439 1317 1256 1226 1287 1378 1561 1744 1896 1988
316A Acap  198110172 1988 1927 1774 1622 1500 1378 1287 1287 1348 1439 1561 1622
316A Acap  198110181 1653 1592 1470 1348 1226 1134 1134 1226 1378 1561 1774 1927
316A Acap  198110182 2049 2018 1927 1744 1531 1348 1287 1226 1256 1348 1439 1592
316A Acap  198110191 1653 1683 1622 1470 1317 1165 1073 1104 1195 1348 1561 1774
316A Acap  198110192 1927 2018 1988 1866 1683 1531 1378 1256 1226 1256 1348 1500
316A Acap  198110201 1622 1683 1653 1561 1409 1256 1134 1073 1073 1195 1378 1622
316A Acap  198110202 1805 1927 1988 1927 1774 1653 1439 1287 1226 1226 1287 1409
316A Acap  198110211 1561 1683 1714 1683 1561 1378 1195 1104 1073 1134 1287 1470
316A Acap  198110212 1653 1805 1896 1927 1835 1714 1531 1378 1287 1256 1287 1378
316A Acap  198110221 1500 1653 1714 1744 1683 1531 1378 1226 1165 1134 1226 1378
316A Acap  198110222 1561 1683 1805 1866 1866 1774 1653 1500 1378 1317 1287 1348
316A Acap  198110231 1470 1622 1714 1774 1774 1714 1622 1500 1378 1317 1317 1378
316A Acap  198110232 1500 1622 1744 1805 1835 1805 1714 1592 1470 1409 1378 1409
316A Acap  198110241 1500 1592 1653 1714 1744 1714 1653 1531 1439 1378 1378 1378
316A Acap  198110242 1470 1561 1653 1714 1744 1744 1683 1622 1531 1439 1409 1409
316A Acap  198110251 1439 1500 1592 1683 1744 1774 1714 1622 1531 1500 1439 1439
316A Acap  198110252 1470 1500 1561 1622 1653 1653 1653 1622 1561 1500 1470 1470
316A Acap  198110261 1470 1500 1561 1592 1653 1683 1714 1714 1683 1653 1622 1561
316A Acap  198110262 1531 1531 1531 1531 1561 1592 1592 1592 1561 1531 1470 1439
316A Acap  198110271 1409 1409 1470 1500 1561 1592 1653 1714 1714 1683 1653 1622
316A Acap  198110272 1592 1531 1500 1500 1500 1500 1500 1500 1500 1500 1470 1470
316A Acap  198110281 1439 1409 1378 1378 1439 1500 1561 1622 1653 1683 1683 1653
316A Acap  198110282 1622 1561 1500 1439 1409 1409 1378 1378 1409 1409 1409 1378
316A Acap  198110291 1348 1317 1317 1287 1348 1378 1439 1531 1622 1714 1744 1714
316A Acap  198110292 1653 1561 1470 1409 1348 1287 1317 1317 1348 1378 1409 1409
316A Acap  198110301 1378 1317 1287 1256 1226 1287 1348 1409 1531 1622 1683 1714
316A Acap  198110302 1683 1653 1561 1439 1378 1317 1256 1256 1317 1348 1409 1439
316A Acap  198110311 1439 1439 1378 1317 1256 1226 1256 1317 1409 1531 1653 1714
316A Acap  198110312 1744 1714 1622 1531 1378 1287 1195 1165 1165 1226 1287 1348
316A Acap  198111011 1378 1378 1348 1287 1195 1165 1165 1226 1317 1439 1592 1714
316A Acap  198111012 1744 1744 1683 1561 1439 1317 1256 1226 1226 1226 1287 1378
316A Acap  198111021 1409 1409 1409 1317 1226 1165 1134 1165 1256 1378 1531 1653
316A Acap  198111022 1714 1744 1714 1622 1500 1348 1226 1165 1195 1226 1317 1378
316A Acap  198111031 1439 1439 1439 1378 1256 1165 1134 1104 1165 1256 1439 1561
316A Acap  198111032 1683 1744 1744 1683 1531 1378 1226 1134 1104 1134 1226 1287
316A Acap  198111041 1378 1439 1439 1348 1287 1195 1134 1104 1104 1195 1317 1470
316A Acap  198111042 1592 1683 1714 1683 1592 1439 1317 1226 1195 1195 1256 1348
316A Acap  198111051 1409 1470 1470 1470 1378 1287 1195 1134 1134 1195 1256 1409
316A Acap  198111052 1561 1653 1714 1683 1622 1531 1409 1287 1195 1195 1226 1287
316A Acap  198111061 1348 1409 1470 1470 1439 1348 1256 1165 1134 1165 1256 1378
316A Acap  198111062 1500 1622 1683 1714 1653 1561 1439 1317 1226 1195 1226 1317
316A Acap  198111071 1409 1500 1561 1561 1531 1439 1348 1256 1165 1165 1226 1317
316A Acap  198111072 1439 1561 1653 1683 1622 1561 1470 1348 1256 1195 1195 1256
316A Acap  198111081 1348 1439 1500 1561 1531 1470 1378 1256 1165 1134 1134 1195
316A Acap  198111082 1317 1439 1531 1561 1531 1439 1378 1317 1195 1134 1134 1165
316A Acap  198111091 1226 1348 1439 1500 1531 1531 1500 1378 1287 1226 1195 1195
316A Acap  198111092 1256 1317 1378 1439 1470 1439 1378 1317 1195 1134 1104 1104
316A Acap  198111101 1195 1256 1378 1470 1531 1561 1531 1500 1439 1348 1287 1256
316A Acap  198111102 1256 1287 1348 1378 1409 1439 1378 1317 1256 1195 1104 1073
316A Acap  198111111 1104 1165 1256 1378 1439 1561 1622 1622 1592 1531 1439 1348
316A Acap  198111112 1287 1256 1256 1287 1317 1348 1348 1348 1287 1226 1165 1104
316A Acap  198111121 1073 1073 1104 1195 1317 1439 1561 1622 1683 1683 1622 1531
316A Acap  198111122 1439 1348 1256 1226 1226 1256 1317 1348 1378 1348 1287 1195
316A Acap  198111131 1134 1073 1043 1073 1134 1287 1439 1561 1683 1774 1774 1714
316A Acap  198111132 1622 1500 1348 1226 1165 1165 1195 1256 1317 1348 1348 1287
316A Acap  198111141 1226 1104 1012 1012 1012 1104 1256 1439 1592 1744 1835 1835
316A Acap  198111142 1744 1622 1470 1317 1195 1134 1165 1226 1317 1378 1409 1409
316A Acap  198111151 1378 1256 1134 1043  982 1012 1134 1317 1470 1714 1866 1896
316A Acap  198111152 1866 1744 1500 1317 1165 1073 1043 1104 1226 1348 1439 1500
316A Acap  198111161 1500 1409 1287 1134 1012  982  982 1073 1256 1500 1714 1866
316A Acap  198111162 1957 1896 1744 1531 1348 1165 1104 1073 1134 1256 1409 1531
316A Acap  198111171 1561 1561 1439 1287 1134 1012  952 1012 1165 1348 1531 1744
316A Acap  198111172 1896 1896 1835 1683 1500 1287 1134 1043 1073 1165 1317 1439
316A Acap  198111181 1592 1622 1561 1439 1256 1134 1012  982 1043 1165 1378 1592
316A Acap  198111182 1744 1866 1866 1774 1592 1378 1226 1104 1012 1073 1165 1317
316A Acap  198111191 1470 1561 1622 1561 1470 1287 1165 1073 1073 1165 1317 1470
316A Acap  198111192 1653 1744 1805 1774 1683 1531 1378 1226 1104 1073 1134 1226
316A Acap  198111201 1348 1500 1592 1622 1561 1470 1317 1195 1104 1073 1134 1256
316A Acap  198111202 1409 1531 1683 1744 1683 1592 1409 1256 1134 1073 1104 1195
316A Acap  198111211 1287 1409 1531 1592 1561 1500 1409 1287 1226 1195 1195 1287
316A Acap  198111212 1378 1470 1561 1622 1592 1531 1439 1317 1226 1165 1165 1195
316A Acap  198111221 1256 1378 1500 1592 1622 1622 1531 1439 1348 1287 1256 1287
316A Acap  198111222 1348 1409 1470 1531 1531 1500 1439 1378 1287 1226 1195 1195
316A Acap  198111231 1256 1348 1439 1500 1592 1622 1622 1561 1470 1439 1378 1317
316A Acap  198111232 1317 1378 1439 1470 1500 1500 1470 1409 1317 1287 1226 1226
316A Acap  198111241 1256 1317 1409 1500 1561 1622 1622 1622 1531 1470 1439 1378
316A Acap  198111242 1378 1378 1378 1378 1378 1378 1378 1378 1317 1317 1256 1256
316A Acap  198111251 1256 1287 1348 1439 1500 1561 1622 1653 1622 1622 1561 1500
316A Acap  198111252 1470 1409 1378 1378 1378 1378 1348 1348 1348 1348 1317 1287
316A Acap  198111261 1287 1256 1287 1317 1409 1470 1531 1592 1653 1653 1622 1592
316A Acap  198111262 1531 1470 1378 1348 1317 1287 1287 1287 1287 1287 1287 1287
316A Acap  198111271 1287 1256 1256 1256 1287 1348 1439 1531 1592 1653 1683 1653
316A Acap  198111272 1592 1500 1439 1317 1256 1226 1226 1226 1256 1287 1317 1317
316A Acap  198111281 1317 1287 1256 1256 1256 1287 1348 1439 1561 1622 1653 1683
316A Acap  198111282 1653 1592 1500 1378 1317 1256 1195 1195 1256 1287 1317 1348
316A Acap  198111291 1348 1348 1287 1256 1256 1256 1317 1409 1500 1622 1714 1744
316A Acap  198111292 1744 1683 1561 1470 1378 1287 1226 1226 1256 1317 1378 1378
316A Acap  198111301 1409 1378 1317 1256 1226 1226 1256 1317 1439 1592 1714 1774
316A Acap  198111302 1805 1774 1683 1561 1439 1287 1256 1226 1256 1287 1348 1409
316A Acap  198112011 1439 1439 1378 1317 1256 1226 1256 1317 1409 1531 1653 1744
316A Acap  198112012 1774 1774 1683 1592 1439 1317 1256 1195 1226 1287 1378 1409
316A Acap  198112021 1470 1500 1500 1470 1348 1256 1195 1256 1317 1439 1531 1653
316A Acap  198112022 1744 1805 1774 1653 1500 1378 1256 1195 1226 1317 1378 1439
316A Acap  198112031 1500 1531 1500 1432 1345 1257 1195 1226 1317 1439 1531 1653
316A Acap  198112032 1744 1805 1805 1683 1531 1378 1287 1226 1195 1256 1317 1409
316A Acap  198112041 1500 1561 1531 1500 1409 1317 1256 1195 1256 1317 1470 1592
316A Acap  198112042 1714 1774 1744 1683 1561 1470 1317 1226 1195 1226 1287 1378
316A Acap  198112051 1470 1531 1592 1561 1470 1378 1317 1226 1226 1256 1348 1500
316A Acap  198112052 1622 1653 1714 1653 1561 1439 1317 1226 1165 1195 1256 1348
316A Acap  198112061 1470 1561 1592 1592 1531 1439 1348 1287 1226 1256 1348 1439
316A Acap  198112062 1531 1592 1622 1622 1531 1409 1287 1195 1134 1134 1195 1317
316A Acap  198112071 1439 1561 1653 1683 1653 1592 1500 1409 1317 1287 1317 1378
316A Acap  198112072 1470 1531 1592 1622 1561 1470 1348 1226 1134 1104 1134 1226
316A Acap  198112081 1317 1470 1592 1683 1683 1653 1592 1500 1439 1378 1348 1378
316A Acap  198112082 1439 1500 1561 1592 1561 1500 1378 1287 1195 1134 1134 1195
316A Acap  198112091 1287 1409 1561 1653 1744 1744 1744 1653 1592 1500 1439 1409
316A Acap  198112092 1439 1470 1500 1531 1531 1500 1439 1348 1256 1195 1134 1165
316A Acap  198112101 1226 1317 1439 1592 1683 1774 1805 1805 1744 1653 1561 1531
316A Acap  198112102 1500 1439 1439 1439 1439 1439 1409 1378 1317 1256 1165 1165
316A Acap  198112111 1165 1226 1317 1439 1592 1714 1805 1866 1866 1805 1744 1653
316A Acap  198112112 1561 1500 1439 1409 1409 1409 1409 1409 1409 1348 1287 1226
316A Acap  198112121 1195 1195 1195 1256 1378 1561 1683 1805 1896 1927 1866 1774
316A Acap  198112122 1683 1531 1439 1378 1348 1348 1378 1409 1409 1409 1409 1317
316A Acap  198112131 1256 1195 1134 1165 1226 1378 1500 1683 1805 1927 1927 1896
316A Acap  198112132 1835 1683 1531 1378 1317 1287 1287 1348 1409 1470 1500 1439
316A Acap  198112141 1378 1256 1134 1073 1073 1165 1287 1470 1653 1805 1896 1957
316A Acap  198112142 1896 1805 1653 1470 1348 1256 1226 1287 1348 1470 1561 1592
316A Acap  198112151 1561 1439 1348 1226 1134 1134 1195 1287 1470 1653 1805 1866
316A Acap  198112152 1896 1805 1683 1470 1348 1195 1134 1134 1195 1317 1439 1561
316A Acap  198112161 1592 1561 1470 1348 1195 1104 1104 1165 1287 1470 1622 1744
316A Acap  198112162 1835 1835 1774 1592 1409 1226 1073 1043 1073 1195 1348 1470
316A Acap  198112171 1561 1622 1592 1500 1348 1226 1134 1104 1134 1256 1409 1561
316A Acap  198112172 1714 1774 1774 1653 1500 1317 1165 1073 1073 1134 1226 1378
316A Acap  198112181 1531 1622 1653 1622 1500 1378 1256 1165 1165 1195 1287 1439
316A Acap  198112182 1561 1653 1714 1653 1531 1348 1226 1073 1012 1043 1104 1256
316A Acap  198112191 1378 1531 1622 1622 1561 1439 1317 1195 1165 1195 1256 1378
316A Acap  198112192 1500 1592 1653 1653 1561 1409 1256 1134 1043 1043 1073 1165
316A Acap  198112201 1287 1439 1561 1622 1622 1561 1470 1348 1256 1226 1226 1287
316A Acap  198112202 1378 1470 1531 1561 1531 1439 1287 1195 1073 1012 1043 1104
316A Acap  198112211 1226 1348 1470 1561 1622 1592 1500 1409 1317 1256 1256 1256
316A Acap  198112212 1317 1378 1470 1470 1470 1409 1317 1256 1165 1104 1073 1073
316A Acap  198112221 1134 1226 1378 1470 1561 1622 1561 1531 1439 1378 1348 1317
316A Acap  198112222 1348 1378 1409 1409 1409 1378 1348 1256 1195 1104 1073 1073
316A Acap  198112231 1134 1195 1287 1409 1500 1592 1592 1561 1531 1470 1409 1378
316A Acap  198112232 1348 1378 1378 1409 1378 1348 1317 1256 1195 1165 1104 1104
316A Acap  198112241 1104 1165 1256 1348 1439 1500 1561 1592 1531 1470 1409 1378
316A Acap  198112242 1317 1317 1287 1287 1256 1226 1226 1195 1134 1073 1073 1043
316A Acap  198112251 1043 1073 1165 1256 1348 1439 1500 1531 1561 1500 1470 1439
316A Acap  198112252 1378 1317 1317 1287 1226 1195 1195 1195 1195 1165 1134 1104
316A Acap  198112261 1104 1104 1134 1226 1287 1348 1439 1531 1561 1561 1531 1500
316A Acap  198112262 1439 1378 1317 1256 1226 1195 1195 1165 1165 1165 1134 1134
316A Acap  198112271 1134 1134 1134 1165 1226 1287 1378 1439 1531 1561 1561 1561
316A Acap  198112272 1500 1439 1348 1287 1226 1165 1134 1134 1134 1134 1134 1134
316A Acap  198112281 1134 1134 1104 1134 1165 1226 1317 1409 1500 1561 1622 1622
316A Acap  198112282 1622 1531 1439 1348 1256 1195 1165 1165 1195 1195 1226 1226
316A Acap  198112291 1256 1226 1195 1195 1195 1195 1256 1317 1378 1500 1561 1622
316A Acap  198112292 1653 1622 1531 1439 1317 1256 1165 1165 1165 1195 1226 1256
316A Acap  198112301 1287 1317 1256 1226 1165 1165 1195 1256 1348 1439 1531 1622
316A Acap  198112302 1653 1622 1561 1439 1287 1195 1134 1134 1134 1195 1256 1317
316A Acap  198112311 1348 1348 1348 1256 1195 1165 1165 1195 1287 1348 1470 1561
316A Acap  198112312 1622 1622 1592 1500 1348 1256 1195 1165 1165 1226 1287 1348
