316A Acapulco           Mexico              1975 16504N 099547W 0000 3 00000R MM
316A Acap  197501011 1317 1226 1134 1073 1043 1104 1165 1317 1470 1622 1683 1683
316A Acap  197501012 1622 1531 1348 1226 1104 1043 1043 1134 1226 1348 1439 1470
316A Acap  197501021 1439 1409 1287 1165 1104 1043 1073 1165 1287 1439 1561 1622
316A Acap  197501022 1653 1592 1500 1317 1134 1012  952  982 1073 1195 1348 1500
316A Acap  197501031 1531 1531 1439 1317 1195 1073 1012 1043 1134 1287 1409 1561
316A Acap  197501032 1561 1561 1470 1317 1165  982  891  891  952 1073 1226 1439
316A Acap  197501041 1561 1622 1622 1531 1348 1195 1073 1043 1104 1195 1317 1439
316A Acap  197501042 1531 1592 1531 1409 1226 1012  891  830  830  891 1043 1226
316A Acap  197501051 1470 1592 1653 1592 1470 1317 1165 1043 1012 1043 1134 1256
316A Acap  197501052 1409 1470 1500 1439 1287 1134  982  860  830  891 1012 1165
316A Acap  197501061 1378 1561 1653 1683 1622 1531 1378 1226 1134 1134 1165 1226
316A Acap  197501062 1348 1439 1500 1470 1348 1226 1073  952  860  830  891 1043
316A Acap  197501071 1195 1409 1592 1653 1653 1622 1470 1348 1256 1195 1165 1226
316A Acap  197501072 1287 1378 1439 1439 1409 1317 1165 1043  921  891  891  982
316A Acap  197501081 1104 1317 1470 1622 1653 1653 1561 1470 1348 1287 1256 1256
316A Acap  197501082 1287 1348 1409 1439 1439 1348 1256 1165 1043  952  921 1012
316A Acap  197501091 1104 1256 1439 1561 1653 1683 1683 1561 1439 1348 1287 1256
316A Acap  197501092 1287 1317 1348 1378 1378 1348 1256 1165 1073  982  952  982
316A Acap  197501101 1012 1104 1226 1378 1470 1531 1592 1561 1500 1409 1348 1317
316A Acap  197501102 1287 1317 1317 1348 1317 1317 1287 1226 1165 1043  982  982
316A Acap  197501111 1012 1073 1165 1317 1439 1500 1561 1622 1592 1561 1439 1378
316A Acap  197501112 1348 1317 1317 1317 1287 1287 1256 1226 1195 1104 1043 1043
316A Acap  197501121 1012 1043 1104 1195 1287 1378 1470 1500 1531 1500 1439 1409
316A Acap  197501122 1348 1287 1256 1256 1226 1226 1226 1226 1226 1195 1165 1104
316A Acap  197501131 1073 1073 1073 1104 1134 1256 1348 1409 1470 1470 1470 1439
316A Acap  197501132 1409 1348 1287 1226 1195 1165 1165 1165 1195 1226 1226 1195
316A Acap  197501141 1165 1134 1134 1134 1165 1195 1287 1348 1409 1470 1470 1470
316A Acap  197501142 1470 1409 1348 1256 1195 1152 1140 1156 1195 1256 1287 1287
316A Acap  197501151 1287 1256 1226 1195 1165 1195 1226 1287 1378 1439 1531 1561
316A Acap  197501152 1561 1500 1409 1287 1195 1165 1134 1165 1195 1287 1317 1348
316A Acap  197501161 1378 1378 1348 1287 1226 1195 1226 1256 1317 1409 1470 1531
316A Acap  197501162 1531 1500 1439 1348 1256 1165 1134 1134 1165 1256 1317 1409
316A Acap  197501171 1470 1470 1470 1409 1348 1287 1256 1256 1287 1348 1439 1531
316A Acap  197501172 1561 1531 1500 1409 1317 1195 1104 1104 1165 1226 1317 1409
316A Acap  197501181 1531 1561 1531 1470 1378 1287 1226 1226 1226 1287 1378 1470
316A Acap  197501182 1500 1531 1500 1439 1317 1165 1073 1043 1073 1134 1226 1378
316A Acap  197501191 1470 1561 1592 1561 1470 1378 1256 1195 1195 1226 1287 1378
316A Acap  197501192 1500 1531 1531 1439 1348 1226 1134 1073 1073 1165 1256 1378
316A Acap  197501201 1500 1592 1653 1653 1592 1470 1378 1256 1226 1226 1256 1348
316A Acap  197501202 1409 1470 1500 1439 1348 1195 1104 1012 1012 1043 1134 1287
316A Acap  197501211 1439 1592 1653 1653 1622 1561 1439 1348 1256 1226 1256 1287
316A Acap  197501212 1348 1439 1470 1470 1409 1287 1134 1073 1012 1012 1073 1165
316A Acap  197501221 1287 1439 1561 1653 1653 1622 1500 1378 1287 1226 1226 1256
316A Acap  197501222 1287 1378 1439 1439 1348 1256 1165 1043  952  921 1012 1073
316A Acap  197501231 1256 1409 1561 1653 1683 1683 1592 1531 1470 1348 1287 1287
316A Acap  197501232 1348 1409 1439 1439 1409 1317 1195 1073  982  952  982 1073
316A Acap  197501241 1226 1348 1531 1653 1714 1714 1653 1592 1500 1378 1348 1348
316A Acap  197501242 1378 1409 1470 1500 1470 1409 1287 1195 1104 1012 1012 1073
316A Acap  197501251 1195 1348 1500 1653 1744 1774 1744 1683 1592 1500 1409 1348
316A Acap  197501252 1348 1378 1439 1470 1470 1409 1348 1256 1134 1043  982  982
316A Acap  197501261 1043 1165 1287 1439 1592 1683 1714 1683 1622 1531 1470 1439
316A Acap  197501262 1439 1439 1439 1470 1500 1500 1470 1378 1256 1165 1073 1012
316A Acap  197501271 1043 1073 1165 1317 1470 1592 1683 1714 1683 1622 1561 1470
316A Acap  197501272 1439 1378 1378 1378 1409 1439 1439 1409 1348 1287 1195 1134
316A Acap  197501281 1073 1073 1104 1226 1348 1470 1561 1622 1683 1653 1592 1500
316A Acap  197501282 1439 1348 1317 1317 1348 1378 1409 1439 1439 1409 1378 1287
316A Acap  197501291 1226 1165 1134 1134 1195 1317 1439 1561 1622 1653 1622 1561
316A Acap  197501292 1470 1378 1317 1226 1226 1256 1287 1378 1470 1500 1500 1470
316A Acap  197501301 1409 1317 1226 1195 1165 1226 1287 1409 1500 1592 1622 1622
316A Acap  197501302 1561 1439 1317 1195 1134 1104 1134 1226 1348 1470 1561 1622
316A Acap  197501311 1592 1531 1409 1287 1195 1134 1165 1256 1348 1470 1592 1622
316A Acap  197501312 1622 1500 1409 1226 1104 1043 1043 1104 1195 1348 1500 1592
316A Acap  197502011 1653 1622 1561 1409 1287 1195 1195 1195 1256 1348 1439 1561
316A Acap  197502012 1561 1561 1470 1317 1165 1012  982  982 1043 1165 1348 1531
316A Acap  197502021 1653 1714 1683 1622 1470 1322 1208 1155 1165 1226 1331 1446
316A Acap  197502022 1531 1555 1500 1378 1226 1073  952  921  952 1073 1256 1409
316A Acap  197502031 1622 1774 1805 1774 1622 1470 1317 1226 1165 1226 1256 1317
316A Acap  197502032 1470 1561 1592 1500 1348 1256 1073  952  891  952 1073 1287
316A Acap  197502041 1470 1653 1744 1774 1683 1531 1409 1287 1195 1165 1195 1287
316A Acap  197502042 1409 1500 1561 1531 1409 1256 1104  952  860  891  982 1165
316A Acap  197502051 1287 1500 1653 1744 1744 1653 1500 1348 1195 1110 1090 1131
316A Acap  197502052 1216 1313 1383 1400 1348 1256 1104  982  860  860  891 1012
316A Acap  197502061 1195 1378 1531 1622 1683 1653 1592 1439 1287 1226 1226 1226
316A Acap  197502062 1317 1378 1439 1470 1439 1348 1226 1104  982  891  860  921
316A Acap  197502071 1043 1226 1378 1531 1592 1622 1531 1409 1348 1256 1195 1165
316A Acap  197502072 1195 1287 1378 1409 1409 1317 1256 1134 1073  982  952  952
316A Acap  197502081  921 1104 1256 1409 1500 1531 1531 1470 1409 1317 1256 1226
316A Acap  197502082 1226 1256 1287 1317 1317 1317 1287 1226 1165 1073 1012  982
316A Acap  197502091 1012 1104 1165 1287 1378 1470 1531 1500 1470 1470 1378 1317
316A Acap  197502092 1287 1256 1317 1287 1317 1317 1287 1256 1256 1195 1165 1165
316A Acap  197502101 1134 1165 1195 1287 1348 1409 1439 1470 1470 1439 1439 1409
316A Acap  197502102 1348 1317 1317 1317 1317 1287 1256 1287 1256 1256 1226 1195
316A Acap  197502111 1226 1195 1226 1226 1287 1348 1378 1439 1470 1439 1470 1439
316A Acap  197502112 1409 1378 1317 1317 1287 1287 1287 1287 1317 1317 1348 1317
316A Acap  197502121 1317 1287 1256 1226 1226 1256 1317 1378 1439 1470 1470 1470
316A Acap  197502122 1439 1378 1317 1287 1287 1226 1195 1256 1287 1317 1378 1378
316A Acap  197502131 1378 1378 1317 1256 1226 1195 1226 1256 1317 1378 1439 1470
316A Acap  197502132 1470 1409 1348 1287 1226 1195 1195 1165 1226 1317 1409 1470
316A Acap  197502141 1470 1470 1439 1348 1287 1226 1195 1256 1287 1348 1439 1500
316A Acap  197502142 1500 1470 1409 1348 1287 1165 1134 1165 1226 1287 1378 1470
316A Acap  197502151 1531 1561 1500 1378 1256 1226 1165 1165 1195 1287 1378 1439
316A Acap  197502152 1470 1439 1409 1287 1195 1104 1043 1043 1134 1287 1378 1470
316A Acap  197502161 1531 1622 1561 1470 1378 1287 1165 1165 1165 1256 1348 1439
316A Acap  197502162 1470 1470 1409 1348 1226 1134 1043 1012 1043 1165 1287 1470
316A Acap  197502171 1592 1653 1653 1561 1470 1348 1287 1165 1134 1165 1226 1348
316A Acap  197502172 1409 1439 1439 1378 1256 1134 1073 1012 1043 1104 1256 1378
316A Acap  197502181 1531 1622 1653 1653 1561 1409 1256 1165 1104 1104 1165 1256
316A Acap  197502182 1378 1439 1439 1348 1287 1165 1012  952  982 1012 1134 1287
316A Acap  197502191 1439 1561 1683 1683 1592 1500 1348 1226 1134 1134 1165 1226
316A Acap  197502192 1317 1378 1378 1378 1317 1195 1073  982  952  982 1073 1226
316A Acap  197502201 1348 1561 1653 1683 1653 1561 1439 1317 1195 1165 1165 1226
316A Acap  197502202 1317 1378 1409 1409 1317 1195 1073  952  921  921 1043 1165
316A Acap  197502211 1317 1470 1592 1653 1653 1592 1531 1409 1287 1226 1195 1226
316A Acap  197502212 1317 1378 1439 1439 1378 1287 1165 1043  952  921  952 1073
316A Acap  197502221 1195 1409 1531 1622 1683 1653 1592 1470 1348 1256 1226 1256
316A Acap  197502222 1317 1378 1409 1470 1409 1348 1226 1104 1012  952 1012 1104
316A Acap  197502231 1226 1378 1470 1561 1653 1653 1592 1500 1409 1287 1226 1226
316A Acap  197502232 1287 1317 1378 1439 1470 1439 1348 1256 1165 1073 1012 1012
316A Acap  197502241 1104 1256 1378 1500 1592 1653 1622 1561 1500 1378 1317 1256
316A Acap  197502242 1256 1287 1363 1432 1472 1470 1409 1317 1195 1134 1043 1043
316A Acap  197502251 1104 1165 1287 1409 1500 1592 1622 1592 1561 1409 1348 1287
316A Acap  197502252 1287 1287 1317 1378 1409 1470 1470 1439 1378 1287 1195 1165
316A Acap  197502261 1134 1165 1195 1317 1378 1439 1500 1500 1470 1439 1348 1287
316A Acap  197502262 1226 1195 1195 1226 1287 1348 1409 1439 1439 1439 1378 1317
316A Acap  197502271 1256 1226 1226 1226 1287 1348 1409 1439 1470 1470 1439 1378
316A Acap  197502272 1287 1226 1165 1134 1134 1226 1317 1409 1500 1531 1531 1500
316A Acap  197502281 1439 1378 1287 1226 1195 1226 1256 1317 1378 1439 1470 1439
316A Acap  197502282 1348 1287 1195 1134 1104 1104 1195 1287 1409 1561 1653 1683
316A Acap  197503011 1622 1531 1439 1317 1226 1195 1195 1256 1317 1378 1470 1470
316A Acap  197503012 1439 1378 1287 1195 1012  982 1043 1134 1287 1409 1592 1683
316A Acap  197503021 1744 1683 1561 1439 1256 1165 1134 1134 1195 1287 1409 1500
316A Acap  197503022 1531 1470 1409 1256 1104  982  982 1043 1134 1317 1500 1683
316A Acap  197503031 1805 1805 1744 1592 1470 1287 1195 1134 1165 1226 1317 1470
316A Acap  197503032 1531 1561 1500 1378 1256 1073 1012  982 1043 1165 1348 1561
316A Acap  197503041 1774 1835 1835 1744 1592 1409 1256 1165 1104 1165 1256 1378
316A Acap  197503042 1470 1561 1561 1470 1348 1165 1012  952  952 1043 1195 1378
316A Acap  197503051 1592 1744 1835 1805 1714 1531 1348 1195 1134 1104 1165 1287
316A Acap  197503052 1409 1531 1561 1561 1439 1256 1104  982  921  921 1043 1226
316A Acap  197503061 1439 1622 1714 1805 1714 1592 1439 1287 1165 1104 1134 1195
316A Acap  197503062 1287 1409 1500 1500 1439 1317 1165 1012  921  891  952 1073
316A Acap  197503071 1256 1439 1592 1683 1683 1592 1470 1317 1195 1104 1104 1134
316A Acap  197503072 1256 1348 1439 1470 1439 1348 1256 1104  982  921  952 1073
316A Acap  197503081 1195 1378 1531 1622 1653 1622 1531 1378 1256 1195 1165 1195
316A Acap  197503082 1226 1317 1409 1470 1470 1409 1317 1195 1104 1012 1012 1043
316A Acap  197503091 1165 1287 1409 1500 1561 1561 1531 1439 1317 1256 1195 1195
316A Acap  197503092 1226 1256 1348 1409 1409 1409 1348 1287 1195 1104 1073 1073
316A Acap  197503101 1134 1226 1287 1378 1439 1500 1500 1439 1378 1287 1226 1226
316A Acap  197503102 1226 1256 1287 1317 1348 1378 1348 1317 1256 1226 1165 1134
316A Acap  197503111 1165 1195 1226 1287 1348 1378 1409 1409 1378 1348 1287 1256
316A Acap  197503112 1226 1226 1256 1287 1287 1317 1317 1317 1317 1287 1256 1256
316A Acap  197503121 1226 1226 1226 1195 1287 1317 1348 1348 1348 1317 1317 1287
316A Acap  197503122 1256 1226 1226 1226 1226 1256 1256 1287 1317 1317 1317 1317
316A Acap  197503131 1317 1287 1256 1226 1226 1256 1287 1287 1317 1317 1317 1287
316A Acap  197503132 1287 1256 1226 1226 1195 1226 1256 1317 1348 1409 1409 1409
316A Acap  197503141 1409 1378 1317 1256 1226 1195 1195 1226 1256 1287 1317 1317
316A Acap  197503142 1287 1256 1195 1165 1134 1134 1165 1226 1287 1378 1439 1470
316A Acap  197503151 1500 1470 1378 1256 1226 1195 1165 1165 1195 1256 1317 1317
316A Acap  197503152 1348 1317 1256 1195 1165 1134 1165 1195 1287 1348 1470 1531
316A Acap  197503161 1561 1531 1439 1317 1226 1134 1073 1073 1134 1226 1287 1317
316A Acap  197503162 1348 1348 1256 1195 1104 1073 1043 1073 1195 1317 1439 1531
316A Acap  197503171 1592 1592 1561 1409 1287 1165 1073 1043 1073 1134 1195 1287
316A Acap  197503172 1317 1317 1287 1195 1104 1043 1012 1012 1104 1226 1378 1531
316A Acap  197503181 1592 1653 1622 1500 1348 1226 1104 1043 1012 1104 1195 1256
316A Acap  197503182 1348 1378 1317 1256 1134 1043  982  982 1043 1165 1317 1470
316A Acap  197503191 1622 1683 1683 1592 1439 1317 1165 1104 1073 1073 1165 1256
316A Acap  197503192 1348 1378 1348 1287 1195 1043  982  921  982 1073 1226 1378
316A Acap  197503201 1500 1622 1653 1622 1500 1378 1195 1104 1043 1043 1104 1195
316A Acap  197503202 1287 1348 1378 1317 1226 1134 1012  952  952 1043 1165 1378
316A Acap  197503211 1531 1653 1744 1744 1622 1500 1348 1226 1134 1104 1134 1256
316A Acap  197503212 1378 1439 1500 1470 1348 1226 1073 1012  982 1012 1104 1317
316A Acap  197503221 1470 1622 1744 1774 1714 1592 1439 1287 1195 1134 1165 1226
316A Acap  197503222 1317 1439 1500 1500 1439 1317 1195 1073 1012 1012 1073 1226
316A Acap  197503231 1409 1561 1683 1744 1714 1653 1531 1378 1256 1195 1165 1226
316A Acap  197503232 1317 1378 1500 1531 1500 1409 1287 1165 1043 1012 1073 1195
316A Acap  197503241 1317 1500 1622 1653 1683 1622 1531 1348 1287 1195 1165 1195
316A Acap  197503242 1256 1378 1500 1561 1561 1470 1378 1256 1134 1043 1012 1104
316A Acap  197503251 1195 1317 1439 1531 1561 1561 1500 1409 1287 1195 1134 1134
316A Acap  197503252 1165 1287 1378 1500 1531 1531 1470 1378 1287 1195 1134 1104
316A Acap  197503261 1195 1287 1378 1470 1531 1531 1500 1470 1378 1287 1195 1165
316A Acap  197503262 1195 1226 1287 1409 1500 1561 1592 1561 1500 1439 1317 1287
316A Acap  197503271 1226 1256 1317 1348 1409 1470 1470 1470 1409 1317 1256 1195
316A Acap  197503272 1165 1165 1195 1287 1378 1470 1531 1592 1592 1561 1470 1409
316A Acap  197503281 1348 1287 1287 1287 1348 1378 1409 1439 1409 1378 1317 1256
316A Acap  197503282 1195 1134 1104 1134 1195 1287 1439 1531 1622 1683 1653 1622
316A Acap  197503291 1561 1439 1348 1287 1256 1256 1287 1348 1378 1409 1409 1348
316A Acap  197503292 1287 1195 1104 1104 1104 1165 1287 1409 1531 1714 1774 1774
316A Acap  197503301 1714 1592 1470 1348 1256 1226 1226 1256 1317 1378 1409 1439
316A Acap  197503302 1409 1317 1195 1104 1012 1012 1012 1195 1378 1561 1683 1744
316A Acap  197503311 1774 1744 1622 1470 1317 1226 1165 1165 1195 1256 1378 1439
316A Acap  197503312 1470 1439 1317 1195 1073 1012 1012 1104 1226 1439 1592 1744
316A Acap  197504011 1805 1805 1744 1531 1378 1226 1134 1104 1134 1195 1348 1439
316A Acap  197504012 1500 1500 1409 1287 1134  982  921  952 1073 1256 1409 1622
316A Acap  197504021 1774 1835 1774 1653 1500 1317 1165 1073 1073 1134 1226 1378
316A Acap  197504022 1470 1531 1500 1409 1256 1104  982  952  982 1104 1287 1470
316A Acap  197504031 1653 1774 1774 1714 1592 1439 1226 1134 1073 1073 1165 1317
316A Acap  197504032 1409 1500 1500 1470 1348 1195 1104  982  982 1043 1165 1348
316A Acap  197504041 1531 1622 1714 1714 1622 1470 1317 1195 1104 1104 1134 1256
316A Acap  197504042 1348 1470 1531 1500 1409 1317 1195 1073 1012 1012 1104 1226
316A Acap  197504051 1409 1531 1653 1653 1622 1500 1348 1226 1104 1073 1104 1165
316A Acap  197504052 1287 1378 1439 1470 1470 1378 1256 1134 1073 1043 1104 1195
316A Acap  197504061 1317 1439 1561 1592 1592 1561 1409 1287 1195 1134 1134 1195
316A Acap  197504062 1287 1378 1470 1500 1500 1439 1348 1256 1195 1165 1165 1195
316A Acap  197504071 1317 1409 1531 1561 1592 1561 1470 1378 1287 1226 1195 1195
316A Acap  197504072 1287 1348 1439 1500 1500 1470 1439 1378 1317 1287 1256 1287
316A Acap  197504081 1317 1409 1470 1531 1561 1531 1500 1409 1317 1256 1226 1226
316A Acap  197504082 1287 1317 1378 1470 1531 1531 1500 1439 1378 1317 1287 1287
316A Acap  197504091 1317 1378 1409 1439 1470 1465 1439 1387 1317 1256 1226 1195
316A Acap  197504092 1226 1256 1317 1378 1439 1470 1470 1439 1378 1378 1348 1348
316A Acap  197504101 1317 1317 1348 1348 1348 1348 1348 1348 1287 1287 1256 1226
316A Acap  197504102 1226 1256 1287 1317 1378 1409 1470 1470 1470 1470 1439 1439
316A Acap  197504111 1409 1348 1317 1317 1317 1317 1317 1287 1287 1287 1256 1226
316A Acap  197504112 1226 1195 1226 1226 1287 1317 1348 1409 1439 1470 1500 1470
316A Acap  197504121 1439 1378 1317 1256 1226 1226 1195 1226 1256 1256 1226 1226
316A Acap  197504122 1226 1195 1165 1165 1195 1256 1317 1409 1470 1531 1561 1561
316A Acap  197504131 1561 1500 1378 1287 1226 1195 1165 1195 1226 1226 1256 1287
316A Acap  197504132 1256 1226 1165 1165 1165 1195 1226 1317 1409 1500 1592 1592
316A Acap  197504141 1592 1561 1470 1317 1195 1134 1104 1104 1134 1195 1226 1256
316A Acap  197504142 1256 1195 1165 1104 1073 1073 1134 1195 1287 1409 1531 1622
316A Acap  197504151 1653 1592 1500 1378 1256 1165 1073 1073 1104 1134 1195 1256
316A Acap  197504152 1256 1256 1165 1104 1043 1012 1043 1104 1226 1348 1470 1622
316A Acap  197504161 1683 1653 1561 1470 1317 1195 1073 1043 1073 1104 1165 1256
316A Acap  197504162 1287 1287 1256 1165 1043  982  982 1012 1104 1256 1409 1561
316A Acap  197504171 1653 1683 1622 1531 1378 1226 1104 1012 1012 1073 1165 1256
316A Acap  197504172 1317 1348 1317 1226 1104  982  952  952  982 1134 1287 1470
316A Acap  197504181 1622 1683 1683 1622 1470 1317 1165 1073 1012 1012 1104 1226
316A Acap  197504182 1317 1348 1378 1287 1195 1043  952  921  952 1043 1195 1378
316A Acap  197504191 1561 1653 1683 1653 1531 1378 1226 1104 1043 1043 1134 1226
316A Acap  197504192 1317 1409 1439 1409 1287 1165 1043  952  921  982 1104 1256
316A Acap  197504201 1378 1561 1622 1622 1561 1439 1317 1165 1043 1012 1043 1165
316A Acap  197504202 1287 1409 1470 1439 1378 1287 1134 1012  952  952 1043 1195
316A Acap  197504211 1348 1470 1561 1622 1561 1439 1287 1165 1043  982 1012 1104
316A Acap  197504212 1226 1348 1439 1470 1439 1378 1256 1104 1012 1012 1043 1134
316A Acap  197504221 1256 1409 1531 1561 1500 1409 1287 1165 1043  982 1012 1073
316A Acap  197504222 1195 1317 1409 1470 1531 1500 1409 1287 1134 1104 1104 1165
316A Acap  197504231 1256 1348 1409 1470 1470 1439 1348 1226 1104 1043 1012 1012
316A Acap  197504232 1104 1195 1317 1409 1500 1561 1531 1470 1378 1256 1195 1165
316A Acap  197504241 1195 1256 1348 1409 1439 1409 1378 1287 1195 1104 1073 1043
316A Acap  197504242 1073 1165 1287 1378 1470 1561 1592 1592 1561 1470 1409 1317
316A Acap  197504251 1287 1287 1287 1348 1378 1378 1348 1317 1256 1195 1104 1073
316A Acap  197504252 1073 1073 1165 1256 1348 1470 1592 1653 1653 1592 1561 1470
316A Acap  197504261 1409 1317 1287 1256 1256 1317 1317 1317 1317 1287 1226 1165
316A Acap  197504262 1134 1104 1104 1165 1226 1348 1500 1622 1683 1714 1714 1622
316A Acap  197504271 1561 1439 1348 1256 1226 1226 1226 1287 1348 1348 1317 1256
316A Acap  197504272 1226 1104 1073 1043 1104 1195 1317 1470 1622 1714 1744 1744
316A Acap  197504281 1683 1561 1409 1256 1165 1134 1134 1195 1226 1287 1317 1317
316A Acap  197504282 1256 1165 1073  982  952 1012 1134 1317 1439 1622 1683 1744
316A Acap  197504291 1744 1622 1531 1317 1195 1073 1073 1104 1195 1256 1348 1378
316A Acap  197504292 1348 1317 1195 1043  982  952 1012 1104 1226 1439 1592 1683
316A Acap  197504301 1744 1683 1561 1378 1256 1104 1043 1012 1073 1134 1287 1378
316A Acap  197504302 1378 1348 1317 1195 1043 1012  982 1012 1134 1287 1470 1592
316A Acap  197505011 1714 1714 1622 1500 1317 1165 1073 1012 1012 1073 1195 1317
316A Acap  197505012 1409 1409 1409 1287 1195 1073  982 1012 1073 1195 1348 1531
316A Acap  197505021 1622 1653 1653 1561 1409 1256 1134 1043 1012 1043 1134 1256
316A Acap  197505022 1348 1439 1439 1409 1317 1226 1104 1073 1043 1104 1195 1378
316A Acap  197505031 1531 1622 1653 1622 1531 1348 1195 1104 1012 1012 1134 1226
316A Acap  197505032 1348 1439 1470 1439 1378 1287 1195 1104 1073 1104 1195 1317
316A Acap  197505041 1439 1561 1622 1592 1500 1378 1256 1134 1073 1043 1073 1165
316A Acap  197505042 1287 1409 1470 1531 1500 1378 1317 1226 1134 1134 1195 1287
316A Acap  197505051 1409 1531 1592 1592 1561 1439 1317 1195 1104 1073 1134 1195
316A Acap  197505052 1287 1378 1470 1531 1531 1500 1409 1317 1226 1195 1195 1226
316A Acap  197505061 1317 1409 1500 1531 1531 1470 1348 1256 1165 1073 1073 1134
316A Acap  197505062 1256 1348 1439 1500 1531 1531 1470 1378 1317 1256 1256 1256
316A Acap  197505071 1317 1378 1439 1470 1470 1409 1317 1256 1165 1134 1104 1134
316A Acap  197505072 1195 1287 1378 1439 1500 1531 1500 1470 1409 1348 1317 1287
316A Acap  197505081 1287 1317 1348 1378 1378 1378 1348 1256 1195 1134 1104 1104
316A Acap  197505082 1134 1195 1287 1378 1439 1500 1531 1500 1470 1409 1378 1348
316A Acap  197505091 1317 1317 1317 1317 1317 1317 1317 1256 1195 1195 1165 1134
316A Acap  197505092 1134 1165 1226 1317 1378 1470 1500 1531 1500 1470 1439 1409
316A Acap  197505101 1348 1287 1287 1256 1256 1256 1226 1226 1195 1165 1134 1134
316A Acap  197505102 1104 1104 1165 1226 1287 1378 1439 1531 1531 1531 1531 1470
316A Acap  197505111 1409 1317 1256 1226 1226 1195 1226 1226 1195 1195 1165 1134
316A Acap  197505112 1104 1104 1134 1165 1226 1317 1409 1500 1592 1592 1592 1531
316A Acap  197505121 1470 1378 1287 1195 1165 1134 1165 1195 1226 1226 1165 1165
316A Acap  197505122 1134 1073 1073 1073 1104 1195 1317 1409 1531 1592 1653 1622
316A Acap  197505131 1561 1470 1348 1256 1165 1134 1134 1165 1195 1226 1226 1195
316A Acap  197505132 1165 1104 1043 1012 1012 1104 1195 1287 1409 1561 1622 1683
316A Acap  197505141 1653 1592 1439 1317 1226 1165 1073 1073 1134 1195 1226 1256
316A Acap  197505142 1256 1195 1134 1073 1043 1043 1104 1226 1348 1500 1592 1683
316A Acap  197505151 1683 1622 1500 1348 1226 1134 1073 1073 1134 1195 1256 1317
316A Acap  197505152 1317 1287 1226 1104 1043 1012 1043 1104 1256 1439 1561 1653
316A Acap  197505161 1744 1744 1622 1470 1317 1198 1118 1087 1104 1160 1231 1293
316A Acap  197505162 1325 1311 1254 1172 1090 1033 1025 1072 1163 1287 1409 1531
316A Acap  197505171 1622 1714 1653 1531 1378 1226 1104 1012 1043 1165 1287 1378
316A Acap  197505172 1470 1470 1409 1317 1226 1134 1073 1043 1073 1195 1378 1531
316A Acap  197505181 1622 1683 1683 1592 1409 1287 1104 1043 1012 1043 1165 1287
316A Acap  197505182 1409 1500 1500 1470 1317 1195 1134 1073 1073 1104 1256 1348
316A Acap  197505191 1500 1622 1653 1622 1470 1317 1165 1104 1012 1012 1134 1256
316A Acap  197505192 1409 1506 1555 1543 1479 1385 1287 1195 1104 1104 1165 1287
316A Acap  197505201 1439 1561 1622 1622 1561 1409 1256 1104 1012  982 1012 1165
316A Acap  197505202 1317 1470 1592 1622 1622 1531 1409 1287 1195 1165 1195 1256
316A Acap  197505211 1348 1439 1500 1531 1500 1409 1317 1165 1073 1012 1012 1104
316A Acap  197505212 1195 1317 1470 1592 1622 1622 1561 1470 1348 1256 1226 1226
316A Acap  197505221 1287 1348 1409 1439 1439 1378 1317 1165 1043  982  952  982
316A Acap  197505222 1104 1226 1378 1531 1622 1653 1653 1561 1470 1348 1256 1226
316A Acap  197505231 1256 1287 1317 1348 1378 1378 1317 1226 1104 1043  982  952
316A Acap  197505232  982 1073 1226 1378 1500 1622 1653 1653 1561 1470 1409 1348
316A Acap  197505241 1287 1226 1287 1317 1348 1348 1317 1287 1195 1104 1012  952
316A Acap  197505242  982 1012 1104 1226 1378 1500 1592 1653 1653 1592 1531 1439
316A Acap  197505251 1317 1256 1226 1226 1256 1287 1317 1287 1256 1195 1134 1073
316A Acap  197505252 1012  952  982 1104 1226 1378 1500 1622 1683 1683 1653 1592
316A Acap  197505261 1470 1348 1256 1195 1195 1195 1226 1256 1256 1256 1195 1104
316A Acap  197505262 1073 1012 1012 1012 1073 1195 1378 1531 1622 1683 1683 1653
316A Acap  197505271 1561 1409 1317 1226 1195 1195 1195 1256 1287 1317 1287 1256
316A Acap  197505272 1195 1134 1104 1073 1104 1165 1256 1409 1561 1653 1714 1744
316A Acap  197505281 1683 1592 1470 1348 1256 1195 1195 1226 1256 1348 1378 1409
316A Acap  197505282 1378 1348 1256 1195 1134 1165 1195 1317 1470 1592 1714 1744
316A Acap  197505291 1744 1683 1592 1439 1317 1226 1195 1195 1256 1317 1378 1439
316A Acap  197505292 1439 1378 1317 1256 1165 1134 1195 1256 1348 1470 1622 1744
316A Acap  197505301 1774 1744 1653 1531 1378 1287 1195 1165 1195 1287 1378 1470
316A Acap  197505302 1500 1500 1470 1378 1256 1195 1165 1195 1317 1409 1561 1653
316A Acap  197505311 1744 1744 1683 1592 1409 1317 1226 1165 1195 1226 1317 1409
316A Acap  197505312 1500 1531 1531 1470 1348 1287 1195 1195 1226 1348 1439 1531
316A Acap  197506011 1653 1683 1683 1592 1470 1317 1195 1134 1134 1165 1256 1348
316A Acap  197506012 1500 1592 1592 1531 1470 1317 1256 1195 1195 1256 1348 1439
316A Acap  197506021 1561 1622 1622 1561 1470 1409 1256 1165 1134 1165 1226 1317
316A Acap  197506022 1439 1561 1622 1622 1592 1531 1409 1348 1317 1317 1378 1470
316A Acap  197506031 1622 1714 1714 1714 1653 1561 1470 1409 1348 1348 1378 1500
316A Acap  197506032 1561 1683 1774 1805 1835 1774 1714 1622 1561 1531 1531 1561
316A Acap  197506041 1653 1714 1805 1805 1744 1653 1561 1470 1378 1348 1348 1409
316A Acap  197506042 1500 1592 1683 1774 1805 1774 1714 1622 1531 1470 1439 1439
316A Acap  197506051 1470 1531 1592 1622 1592 1531 1439 1378 1287 1226 1226 1256
316A Acap  197506052 1348 1439 1561 1653 1714 1744 1683 1653 1561 1500 1439 1409
316A Acap  197506061 1409 1439 1500 1531 1561 1500 1439 1409 1287 1226 1195 1195
316A Acap  197506062 1256 1348 1439 1561 1622 1683 1683 1622 1561 1500 1439 1409
316A Acap  197506071 1378 1378 1409 1439 1439 1409 1378 1317 1256 1226 1165 1165
316A Acap  197506072 1195 1256 1348 1439 1561 1622 1683 1683 1653 1592 1531 1470
316A Acap  197506081 1409 1409 1409 1378 1378 1378 1348 1287 1195 1165 1104 1073
316A Acap  197506082 1073 1134 1226 1317 1439 1592 1653 1683 1653 1622 1561 1500
316A Acap  197506091 1439 1409 1378 1378 1348 1348 1348 1348 1317 1256 1195 1134
316A Acap  197506092 1104 1104 1134 1226 1348 1409 1500 1622 1683 1714 1683 1622
316A Acap  197506101 1561 1500 1439 1409 1378 1378 1409 1409 1378 1348 1287 1226
316A Acap  197506102 1165 1104 1134 1195 1287 1378 1439 1531 1622 1683 1714 1683
316A Acap  197506111 1622 1500 1409 1348 1317 1287 1317 1317 1348 1348 1317 1256
316A Acap  197506112 1195 1165 1104 1134 1195 1287 1409 1561 1653 1714 1774 1774
316A Acap  197506121 1683 1592 1470 1348 1256 1226 1256 1317 1348 1378 1409 1378
316A Acap  197506122 1317 1256 1195 1165 1195 1256 1317 1439 1592 1683 1774 1805
316A Acap  197506131 1774 1714 1561 1439 1317 1287 1256 1256 1317 1378 1439 1470
316A Acap  197506132 1439 1378 1317 1226 1165 1165 1226 1348 1470 1592 1714 1805
316A Acap  197506141 1805 1744 1622 1439 1287 1195 1165 1165 1256 1348 1409 1500
316A Acap  197506142 1500 1500 1409 1348 1256 1195 1195 1287 1378 1470 1653 1744
316A Acap  197506151 1774 1774 1683 1561 1378 1256 1165 1134 1165 1256 1378 1470
316A Acap  197506152 1561 1592 1531 1470 1317 1226 1134 1134 1226 1348 1470 1592
316A Acap  197506161 1714 1714 1653 1531 1378 1195 1104 1043 1043 1165 1287 1409
316A Acap  197506162 1531 1592 1622 1561 1439 1348 1226 1165 1165 1226 1348 1470
316A Acap  197506171 1561 1622 1622 1561 1470 1287 1134 1073 1012 1043 1134 1287
316A Acap  197506172 1439 1592 1653 1653 1592 1470 1348 1256 1195 1226 1287 1409
316A Acap  197506181 1500 1573 1601 1571 1482 1357 1222 1101 1022 1012 1073 1195
316A Acap  197506182 1378 1531 1653 1714 1714 1653 1531 1409 1317 1256 1256 1317
316A Acap  197506191 1378 1439 1531 1531 1470 1378 1256 1134 1012  982 1012 1073
316A Acap  197506192 1256 1378 1531 1653 1683 1683 1592 1470 1378 1317 1256 1287
316A Acap  197506201 1317 1378 1470 1470 1470 1409 1317 1195 1073 1012  982 1012
316A Acap  197506202 1104 1256 1409 1561 1653 1714 1683 1621 1527 1429 1351 1313
316A Acap  197506211 1317 1378 1409 1439 1439 1409 1317 1195 1104 1012  952  982
316A Acap  197506212 1073 1165 1317 1439 1592 1653 1683 1683 1592 1531 1470 1378
316A Acap  197506221 1348 1317 1348 1378 1409 1409 1378 1317 1226 1134 1073 1043
316A Acap  197506222 1012 1073 1165 1287 1439 1561 1653 1714 1683 1622 1561 1470
316A Acap  197506231 1378 1348 1348 1348 1348 1348 1317 1287 1256 1256 1195 1104
316A Acap  197506232 1012 1043 1104 1165 1256 1378 1470 1592 1653 1653 1592 1500
316A Acap  197506241 1439 1348 1287 1287 1287 1287 1287 1256 1256 1226 1134 1073
316A Acap  197506242 1043 1043 1043 1104 1195 1317 1439 1531 1622 1683 1653 1592
316A Acap  197506251 1500 1409 1317 1256 1226 1226 1256 1256 1287 1287 1256 1195
316A Acap  197506252 1165 1134 1104 1104 1134 1226 1317 1439 1531 1622 1653 1653
316A Acap  197506261 1592 1531 1439 1348 1287 1226 1226 1256 1317 1348 1378 1348
316A Acap  197506262 1317 1287 1226 1195 1165 1195 1287 1378 1470 1592 1683 1714
316A Acap  197506271 1683 1622 1500 1378 1287 1195 1195 1195 1226 1287 1348 1409
316A Acap  197506272 1439 1409 1378 1287 1226 1195 1195 1256 1378 1470 1592 1653
316A Acap  197506281 1683 1622 1561 1439 1317 1226 1165 1134 1195 1256 1348 1439
316A Acap  197506282 1470 1500 1439 1378 1317 1226 1195 1226 1287 1378 1500 1592
316A Acap  197506291 1683 1683 1622 1531 1409 1287 1195 1134 1134 1195 1317 1409
316A Acap  197506292 1500 1561 1531 1500 1409 1317 1256 1226 1226 1287 1409 1531
316A Acap  197506301 1592 1622 1592 1531 1439 1287 1165 1104 1104 1134 1195 1317
316A Acap  197506302 1439 1500 1561 1561 1500 1470 1317 1287 1256 1287 1378 1470
316A Acap  197507011 1531 1592 1592 1531 1439 1317 1226 1134 1073 1104 1165 1287
316A Acap  197507012 1409 1531 1622 1622 1561 1470 1409 1287 1256 1256 1287 1409
316A Acap  197507021 1470 1531 1561 1531 1439 1348 1195 1104 1043 1043 1073 1165
316A Acap  197507022 1378 1500 1561 1592 1592 1531 1470 1348 1317 1256 1287 1348
316A Acap  197507031 1439 1531 1561 1531 1500 1409 1287 1195 1104 1073 1134 1195
316A Acap  197507032 1348 1500 1622 1683 1744 1683 1622 1531 1409 1348 1348 1348
316A Acap  197507041 1409 1500 1531 1561 1500 1439 1317 1226 1165 1104 1104 1165
316A Acap  197507042 1287 1470 1592 1683 1714 1744 1714 1622 1531 1470 1409 1409
316A Acap  197507051 1409 1470 1500 1561 1531 1470 1378 1287 1226 1165 1104 1195
316A Acap  197507052 1287 1409 1531 1683 1744 1774 1774 1683 1622 1531 1470 1439
316A Acap  197507061 1470 1470 1500 1531 1531 1500 1439 1317 1195 1165 1104 1104
316A Acap  197507062 1165 1287 1439 1561 1653 1744 1744 1744 1683 1592 1561 1500
316A Acap  197507071 1500 1531 1531 1592 1561 1561 1531 1439 1348 1256 1195 1195
316A Acap  197507072 1256 1348 1470 1622 1744 1835 1896 1896 1835 1805 1714 1653
316A Acap  197507081 1592 1531 1500 1531 1531 1531 1531 1531 1470 1378 1287 1256
316A Acap  197507082 1256 1287 1378 1500 1653 1774 1866 1927 1927 1866 1805 1744
316A Acap  197507091 1683 1592 1531 1500 1500 1500 1531 1500 1470 1409 1287 1226
316A Acap  197507092 1195 1195 1226 1287 1409 1531 1622 1714 1774 1805 1744 1683
316A Acap  197507101 1561 1531 1439 1409 1409 1409 1470 1470 1470 1409 1348 1287
316A Acap  197507102 1226 1195 1195 1226 1287 1409 1531 1653 1774 1805 1805 1774
316A Acap  197507111 1683 1592 1531 1439 1378 1378 1439 1470 1500 1531 1561 1531
316A Acap  197507112 1470 1439 1378 1317 1317 1348 1439 1561 1653 1774 1805 1805
316A Acap  197507121 1774 1653 1531 1409 1317 1256 1287 1348 1409 1500 1561 1592
316A Acap  197507122 1561 1561 1470 1378 1317 1348 1378 1470 1561 1714 1805 1896
316A Acap  197507131 1866 1774 1683 1561 1439 1348 1287 1348 1439 1531 1622 1683
316A Acap  197507132 1744 1714 1622 1500 1378 1317 1317 1378 1439 1561 1653 1744
316A Acap  197507141 1805 1744 1653 1531 1317 1226 1134 1134 1195 1348 1500 1653
316A Acap  197507142 1744 1744 1714 1653 1470 1348 1287 1287 1317 1378 1500 1592
316A Acap  197507151 1683 1714 1622 1500 1378 1256 1134 1104 1104 1195 1348 1531
316A Acap  197507152 1653 1774 1774 1714 1622 1500 1378 1287 1287 1317 1409 1500
316A Acap  197507161 1592 1653 1653 1561 1409 1226 1073  952  921 1012 1134 1348
316A Acap  197507162 1531 1714 1774 1774 1683 1531 1378 1256 1195 1165 1256 1317
316A Acap  197507171 1470 1531 1592 1531 1409 1256 1104  952  921  921 1012 1165
316A Acap  197507172 1378 1592 1714 1774 1744 1622 1531 1378 1226 1195 1226 1317
316A Acap  197507181 1409 1500 1561 1561 1500 1348 1195 1043  952  921  952 1073
316A Acap  197507182 1226 1409 1592 1683 1744 1683 1622 1470 1348 1256 1256 1287
316A Acap  197507191 1348 1439 1500 1531 1500 1409 1256 1104  982  921  952  982
316A Acap  197507192 1134 1317 1470 1622 1714 1714 1653 1561 1409 1317 1287 1256
316A Acap  197507201 1287 1348 1409 1470 1470 1439 1317 1226 1073  982  921  921
316A Acap  197507202 1012 1134 1317 1470 1592 1683 1653 1622 1561 1439 1348 1317
316A Acap  197507211 1256 1317 1348 1409 1439 1439 1378 1287 1195 1073 1012  982
316A Acap  197507212 1012 1073 1195 1348 1470 1561 1653 1622 1592 1531 1439 1378
316A Acap  197507221 1348 1317 1348 1348 1378 1409 1378 1348 1256 1165 1073 1043
316A Acap  197507222 1043 1104 1165 1256 1378 1500 1592 1622 1622 1592 1561 1470
316A Acap  197507231 1378 1378 1378 1378 1409 1409 1439 1378 1317 1256 1195 1134
316A Acap  197507232 1104 1104 1165 1226 1317 1409 1531 1592 1622 1592 1592 1531
316A Acap  197507241 1439 1409 1348 1317 1287 1287 1317 1348 1317 1317 1287 1256
316A Acap  197507242 1195 1165 1165 1195 1226 1287 1378 1470 1531 1561 1561 1531
316A Acap  197507251 1470 1378 1317 1287 1226 1195 1226 1287 1317 1348 1348 1348
316A Acap  197507252 1317 1287 1226 1226 1195 1226 1317 1378 1439 1531 1561 1561
316A Acap  197507261 1531 1439 1378 1317 1226 1195 1226 1256 1287 1317 1409 1409
316A Acap  197507262 1409 1348 1317 1287 1256 1226 1256 1348 1439 1531 1561 1622
316A Acap  197507271 1561 1531 1439 1378 1287 1256 1226 1256 1287 1378 1439 1500
316A Acap  197507272 1531 1531 1470 1378 1348 1317 1317 1317 1409 1470 1500 1561
316A Acap  197507281 1561 1561 1500 1409 1317 1256 1226 1226 1287 1348 1470 1500
316A Acap  197507282 1592 1622 1592 1561 1439 1378 1317 1317 1348 1378 1500 1561
316A Acap  197507291 1622 1622 1592 1500 1378 1287 1195 1195 1165 1256 1378 1500
316A Acap  197507292 1592 1622 1622 1561 1470 1378 1287 1287 1287 1317 1378 1470
316A Acap  197507301 1592 1622 1531 1439 1348 1226 1134 1073 1104 1226 1348 1470
316A Acap  197507302 1592 1653 1653 1622 1500 1409 1287 1256 1256 1256 1287 1348
316A Acap  197507311 1470 1531 1561 1531 1409 1287 1195 1134 1043 1104 1195 1348
316A Acap  197507312 1500 1622 1714 1714 1653 1561 1439 1317 1256 1226 1256 1317
316A Acap  197508011 1439 1531 1561 1500 1439 1317 1195 1012  952 1043 1104 1226
316A Acap  197508012 1378 1561 1683 1714 1683 1622 1500 1378 1287 1256 1256 1317
316A Acap  197508021 1409 1470 1500 1470 1409 1287 1195 1073 1012 1012 1043 1165
316A Acap  197508022 1317 1470 1592 1683 1683 1653 1531 1409 1348 1317 1256 1256
316A Acap  197508031 1348 1409 1439 1470 1439 1348 1256 1134 1012  952  952 1012
316A Acap  197508032 1165 1317 1470 1622 1683 1683 1622 1500 1409 1317 1287 1287
316A Acap  197508041 1348 1439 1470 1470 1439 1378 1256 1165 1043  952  921  982
316A Acap  197508042 1165 1317 1470 1561 1653 1683 1653 1561 1500 1378 1317 1317
316A Acap  197508051 1378 1409 1439 1470 1470 1439 1348 1195 1073  982  952  982
316A Acap  197508052 1104 1226 1439 1561 1653 1683 1683 1622 1561 1500 1439 1409
316A Acap  197508061 1378 1409 1439 1470 1470 1439 1378 1287 1195 1104 1043 1012
316A Acap  197508062 1073 1165 1287 1378 1531 1622 1653 1683 1653 1592 1500 1439
316A Acap  197508071 1409 1378 1409 1439 1439 1470 1439 1409 1317 1226 1165 1104
316A Acap  197508072 1104 1104 1195 1287 1409 1531 1592 1653 1622 1592 1561 1470
316A Acap  197508081 1409 1317 1317 1317 1409 1439 1470 1500 1470 1409 1317 1256
316A Acap  197508082 1195 1165 1165 1226 1317 1439 1561 1622 1683 1683 1653 1592
316A Acap  197508091 1500 1378 1317 1256 1287 1317 1378 1439 1500 1500 1500 1439
316A Acap  197508092 1348 1287 1226 1195 1226 1317 1409 1500 1592 1653 1683 1683
316A Acap  197508101 1622 1500 1378 1287 1195 1195 1256 1348 1439 1561 1592 1561
316A Acap  197508102 1500 1409 1317 1226 1165 1195 1256 1348 1470 1592 1683 1683
316A Acap  197508111 1653 1531 1409 1287 1165 1134 1165 1226 1348 1470 1622 1683
316A Acap  197508112 1683 1622 1500 1378 1256 1195 1195 1256 1348 1439 1561 1592
316A Acap  197508121 1561 1500 1409 1226 1104 1012  982 1012 1134 1287 1470 1622
316A Acap  197508122 1683 1683 1653 1561 1378 1226 1195 1165 1195 1287 1409 1531
316A Acap  197508131 1592 1592 1500 1378 1226 1073  952  952 1043 1165 1348 1531
316A Acap  197508132 1714 1774 1805 1683 1592 1439 1287 1226 1226 1256 1378 1500
316A Acap  197508141 1592 1622 1592 1439 1287 1165 1012  952  982 1073 1256 1439
316A Acap  197508142 1622 1774 1805 1774 1683 1531 1409 1287 1195 1195 1287 1409
316A Acap  197508151 1531 1592 1592 1531 1439 1287 1073  952  921  921 1073 1256
316A Acap  197508152 1409 1653 1774 1774 1714 1622 1439 1317 1195 1195 1226 1317
316A Acap  197508161 1439 1531 1561 1561 1470 1378 1195 1043  952  921  982 1104
316A Acap  197508162 1317 1470 1653 1744 1744 1714 1561 1470 1378 1287 1256 1287
316A Acap  197508171 1378 1470 1561 1561 1531 1470 1317 1165 1043 1012  982 1073
316A Acap  197508172 1195 1378 1561 1683 1714 1714 1653 1500 1409 1317 1287 1287
316A Acap  197508181 1317 1409 1500 1531 1531 1470 1378 1256 1165 1073 1043 1073
316A Acap  197508182 1134 1256 1409 1561 1622 1653 1622 1561 1439 1378 1317 1317
316A Acap  197508191 1348 1378 1470 1531 1531 1500 1439 1348 1226 1134 1104 1073
316A Acap  197508192 1104 1195 1348 1470 1531 1592 1592 1561 1531 1439 1409 1378
316A Acap  197508201 1348 1378 1409 1470 1531 1500 1470 1439 1378 1317 1256 1226
316A Acap  197508202 1256 1287 1378 1470 1561 1653 1683 1683 1683 1622 1592 1561
316A Acap  197508211 1531 1531 1531 1531 1561 1561 1561 1561 1531 1470 1439 1409
316A Acap  197508212 1378 1439 1470 1531 1592 1622 1683 1714 1744 1744 1714 1683
316A Acap  197508221 1622 1561 1531 1500 1500 1531 1561 1561 1592 1592 1561 1531
316A Acap  197508222 1500 1470 1470 1470 1531 1561 1592 1653 1653 1683 1683 1653
316A Acap  197508231 1622 1592 1500 1470 1439 1439 1500 1531 1531 1561 1561 1531
316A Acap  197508232 1531 1470 1470 1470 1470 1500 1500 1531 1561 1622 1653 1653
316A Acap  197508241 1592 1531 1470 1409 1378 1378 1378 1439 1500 1531 1622 1653
316A Acap  197508242 1622 1592 1531 1470 1439 1409 1409 1439 1470 1561 1622 1653
316A Acap  197508251 1653 1622 1500 1409 1378 1348 1348 1378 1439 1531 1592 1653
316A Acap  197508252 1714 1683 1622 1561 1470 1409 1378 1378 1409 1470 1561 1653
316A Acap  197508261 1683 1622 1561 1470 1378 1348 1317 1317 1378 1470 1592 1653
316A Acap  197508262 1714 1714 1683 1622 1500 1409 1378 1378 1439 1500 1561 1653
316A Acap  197508271 1683 1683 1622 1531 1409 1317 1287 1256 1317 1409 1561 1653
316A Acap  197508272 1744 1805 1774 1714 1561 1470 1378 1317 1287 1348 1439 1531
316A Acap  197508281 1592 1622 1592 1531 1439 1317 1226 1195 1195 1287 1470 1561
316A Acap  197508282 1744 1774 1774 1744 1683 1561 1378 1317 1317 1348 1409 1531
316A Acap  197508291 1592 1653 1622 1561 1439 1317 1195 1134 1165 1256 1378 1500
316A Acap  197508292 1653 1744 1805 1805 1683 1592 1439 1348 1256 1287 1348 1439
316A Acap  197508301 1531 1592 1592 1561 1439 1317 1165 1104 1104 1134 1256 1409
316A Acap  197508302 1592 1744 1835 1835 1774 1653 1561 1470 1378 1348 1378 1470
316A Acap  197508311 1531 1592 1622 1592 1470 1348 1226 1104 1073 1104 1165 1317
316A Acap  197508312 1531 1653 1774 1835 1835 1744 1622 1500 1378 1378 1409 1439
316A Acap  197509011 1531 1592 1653 1622 1561 1439 1256 1165 1104 1104 1165 1287
316A Acap  197509012 1439 1622 1744 1805 1805 1714 1622 1531 1409 1378 1348 1378
316A Acap  197509021 1470 1500 1592 1622 1622 1531 1378 1256 1134 1073 1104 1165
316A Acap  197509022 1317 1500 1622 1744 1805 1774 1714 1592 1470 1378 1348 1378
316A Acap  197509031 1439 1531 1592 1622 1592 1531 1439 1317 1165 1104 1104 1165
316A Acap  197509032 1287 1409 1531 1653 1714 1744 1714 1622 1531 1470 1409 1378
316A Acap  197509041 1409 1470 1531 1561 1592 1592 1500 1378 1256 1165 1134 1134
316A Acap  197509042 1195 1287 1378 1531 1622 1683 1714 1683 1622 1500 1439 1409
316A Acap  197509051 1378 1409 1470 1531 1592 1653 1622 1561 1500 1317 1226 1226
316A Acap  197509052 1226 1256 1317 1409 1531 1653 1683 1714 1653 1592 1500 1439
316A Acap  197509061 1378 1348 1378 1439 1531 1592 1653 1653 1622 1592 1531 1439
316A Acap  197509062 1348 1317 1317 1348 1439 1531 1592 1622 1653 1622 1592 1500
316A Acap  197509071 1409 1378 1317 1317 1378 1470 1561 1653 1714 1744 1683 1653
316A Acap  197509072 1561 1470 1378 1348 1409 1409 1500 1592 1653 1683 1653 1592
316A Acap  197509081 1500 1409 1287 1226 1256 1287 1409 1531 1622 1744 1805 1805
316A Acap  197509082 1714 1592 1439 1348 1317 1317 1348 1409 1500 1592 1622 1622
316A Acap  197509091 1592 1470 1348 1195 1165 1195 1256 1378 1561 1744 1835 1896
316A Acap  197509092 1896 1835 1714 1531 1378 1317 1256 1287 1378 1500 1592 1653
316A Acap  197509101 1622 1592 1470 1317 1165 1073 1104 1165 1348 1531 1744 1866
316A Acap  197509102 1927 1927 1805 1653 1470 1378 1287 1256 1317 1439 1561 1683
316A Acap  197509111 1714 1714 1622 1470 1317 1165 1104 1104 1195 1378 1561 1774
316A Acap  197509112 1927 1988 1988 1866 1683 1531 1378 1317 1317 1378 1500 1653
316A Acap  197509121 1744 1774 1774 1653 1470 1256 1134 1104 1134 1287 1439 1653
316A Acap  197509122 1866 1988 2018 1957 1805 1622 1470 1378 1348 1378 1409 1531
316A Acap  197509131 1653 1714 1714 1653 1500 1348 1226 1104 1073 1134 1256 1439
316A Acap  197509132 1653 1774 1866 1866 1805 1653 1500 1378 1287 1256 1317 1378
316A Acap  197509141 1500 1592 1622 1622 1561 1439 1287 1165 1073 1073 1165 1317
316A Acap  197509142 1500 1653 1774 1835 1835 1714 1561 1439 1287 1317 1317 1378
316A Acap  197509151 1470 1531 1622 1622 1592 1470 1348 1226 1134 1073 1104 1195
316A Acap  197509152 1348 1470 1622 1714 1744 1683 1561 1470 1348 1287 1287 1317
316A Acap  197509161 1409 1470 1531 1592 1592 1500 1439 1317 1195 1165 1134 1165
316A Acap  197509162 1287 1409 1531 1622 1653 1622 1531 1439 1348 1287 1256 1287
316A Acap  197509171 1317 1378 1470 1500 1531 1500 1439 1317 1256 1165 1104 1134
316A Acap  197509172 1195 1287 1378 1470 1531 1561 1561 1470 1409 1317 1287 1256
316A Acap  197509181 1287 1348 1409 1470 1500 1470 1470 1409 1348 1287 1256 1226
316A Acap  197509182 1226 1287 1317 1409 1470 1500 1500 1470 1409 1348 1317 1287
316A Acap  197509191 1287 1317 1378 1439 1470 1470 1470 1439 1409 1378 1348 1287
316A Acap  197509192 1287 1287 1287 1317 1378 1378 1409 1470 1470 1439 1378 1348
316A Acap  197509201 1348 1348 1317 1317 1378 1409 1409 1439 1439 1409 1378 1378
316A Acap  197509202 1317 1317 1317 1317 1317 1348 1378 1378 1439 1439 1439 1378
316A Acap  197509211 1378 1378 1348 1317 1317 1317 1378 1409 1470 1500 1500 1470
316A Acap  197509212 1439 1378 1317 1256 1226 1195 1226 1287 1317 1409 1409 1409
316A Acap  197509221 1409 1348 1317 1256 1256 1287 1287 1378 1439 1531 1561 1561
316A Acap  197509222 1531 1439 1348 1287 1226 1195 1195 1256 1287 1348 1409 1409
316A Acap  197509231 1409 1348 1256 1165 1134 1165 1165 1226 1317 1439 1500 1531
316A Acap  197509232 1561 1531 1409 1287 1195 1134 1104 1104 1134 1256 1317 1409
316A Acap  197509241 1409 1409 1317 1226 1134 1073 1073 1134 1226 1378 1500 1592
316A Acap  197509242 1592 1561 1470 1378 1226 1134 1073 1073 1134 1195 1287 1378
316A Acap  197509251 1409 1378 1317 1195 1134 1073 1012 1043 1134 1317 1470 1622
316A Acap  197509252 1653 1683 1622 1500 1317 1195 1104 1073 1104 1165 1226 1348
316A Acap  197509261 1409 1378 1317 1226 1134 1043 1012 1043 1134 1256 1378 1561
316A Acap  197509262 1653 1683 1622 1531 1378 1226 1104 1043 1043 1104 1226 1317
316A Acap  197509271 1409 1409 1378 1287 1134 1043  982  921  952 1043 1256 1439
316A Acap  197509272 1592 1653 1683 1592 1439 1348 1195 1104 1043 1073 1195 1287
316A Acap  197509281 1378 1439 1439 1378 1256 1134 1012  982  982 1043 1226 1378
316A Acap  197509282 1531 1683 1714 1714 1561 1409 1317 1165 1104 1134 1195 1287
316A Acap  197509291 1409 1470 1470 1439 1317 1165 1043  982  952 1012 1134 1256
316A Acap  197509292 1439 1561 1653 1653 1592 1470 1348 1226 1165 1165 1195 1256
316A Acap  197509301 1378 1470 1500 1500 1439 1287 1165 1043  982  982 1073 1226
316A Acap  197509302 1409 1531 1622 1683 1683 1561 1470 1348 1226 1195 1195 1256
316A Acap  197510011 1348 1500 1531 1561 1531 1409 1287 1134 1043 1012 1073 1165
316A Acap  197510012 1287 1500 1592 1653 1653 1592 1439 1378 1226 1165 1134 1165
316A Acap  197510021 1287 1409 1500 1561 1531 1470 1348 1195 1104 1043 1043 1104
316A Acap  197510022 1195 1348 1470 1561 1592 1531 1500 1378 1256 1165 1134 1134
316A Acap  197510031 1195 1256 1378 1500 1561 1561 1470 1378 1256 1165 1104 1104
316A Acap  197510032 1165 1287 1378 1500 1531 1531 1500 1439 1348 1226 1165 1134
316A Acap  197510041 1134 1226 1348 1409 1531 1592 1592 1561 1470 1348 1287 1226
316A Acap  197510042 1226 1256 1317 1409 1470 1500 1531 1500 1439 1348 1256 1195
316A Acap  197510051 1195 1226 1287 1409 1500 1592 1683 1714 1683 1622 1500 1409
316A Acap  197510052 1348 1317 1348 1378 1409 1470 1500 1500 1500 1439 1378 1287
316A Acap  197510061 1226 1195 1195 1256 1348 1439 1561 1653 1714 1714 1683 1561
316A Acap  197510062 1500 1378 1348 1287 1287 1348 1378 1439 1500 1500 1470 1409
316A Acap  197510071 1317 1226 1165 1134 1195 1287 1439 1531 1683 1774 1805 1774
316A Acap  197510072 1683 1561 1439 1317 1256 1226 1256 1317 1409 1470 1470 1470
316A Acap  197510081 1409 1348 1226 1104 1073 1104 1226 1378 1561 1683 1805 1835
316A Acap  197510082 1805 1683 1531 1348 1195 1165 1165 1226 1317 1439 1500 1531
316A Acap  197510091 1470 1409 1287 1134 1043 1012 1073 1195 1378 1592 1774 1835
316A Acap  197510092 1835 1744 1622 1470 1317 1165 1104 1104 1195 1317 1439 1531
316A Acap  197510101 1561 1531 1409 1256 1134 1012  952 1012 1165 1317 1561 1714
316A Acap  197510102 1805 1805 1744 1592 1409 1226 1104 1073 1104 1195 1348 1500
316A Acap  197510111 1561 1561 1500 1378 1195 1043  921  921 1012 1165 1378 1531
316A Acap  197510112 1714 1805 1774 1653 1500 1348 1195 1104 1104 1165 1287 1409
316A Acap  197510121 1500 1592 1592 1500 1348 1165 1043  982  982  982 1226 1409
316A Acap  197510122 1561 1683 1744 1683 1531 1348 1226 1134 1104 1134 1226 1348
316A Acap  197510131 1470 1561 1592 1531 1439 1287 1165 1073 1043 1073 1165 1287
316A Acap  197510132 1439 1592 1653 1653 1592 1470 1348 1226 1165 1134 1195 1287
316A Acap  197510141 1409 1500 1561 1561 1500 1409 1287 1165 1073 1073 1134 1256
316A Acap  197510142 1409 1500 1622 1653 1622 1500 1378 1256 1165 1134 1165 1256
316A Acap  197510151 1348 1470 1531 1561 1531 1470 1378 1256 1165 1104 1134 1195
316A Acap  197510152 1317 1409 1500 1561 1561 1531 1439 1317 1226 1195 1195 1256
316A Acap  197510161 1317 1378 1470 1531 1531 1470 1439 1348 1256 1226 1226 1256
316A Acap  197510162 1348 1439 1470 1531 1500 1470 1409 1348 1256 1226 1195 1226
316A Acap  197510171 1287 1378 1439 1500 1531 1531 1500 1439 1378 1317 1287 1256
316A Acap  197510172 1287 1317 1378 1409 1439 1439 1409 1348 1287 1226 1226 1226
316A Acap  197510181 1256 1317 1378 1409 1470 1500 1500 1470 1439 1409 1409 1378
316A Acap  197510182 1348 1348 1348 1378 1409 1378 1378 1348 1317 1256 1226 1226
316A Acap  197510191 1226 1226 1287 1348 1378 1470 1470 1470 1470 1439 1409 1378
316A Acap  197510192 1348 1287 1287 1287 1287 1287 1287 1287 1287 1256 1256 1226
316A Acap  197510201 1226 1195 1226 1226 1287 1348 1409 1470 1500 1531 1531 1500
316A Acap  197510202 1439 1378 1287 1256 1226 1226 1256 1287 1287 1317 1317 1287
316A Acap  197510211 1256 1226 1195 1195 1287 1348 1409 1470 1531 1561 1592 1561
316A Acap  197510212 1531 1470 1378 1317 1287 1256 1226 1256 1287 1348 1348 1317
316A Acap  197510221 1287 1256 1226 1226 1256 1317 1378 1439 1531 1622 1683 1683
316A Acap  197510222 1653 1561 1439 1348 1287 1256 1256 1287 1317 1348 1409 1409
316A Acap  197510231 1378 1348 1287 1256 1226 1256 1317 1409 1531 1622 1714 1744
316A Acap  197510232 1714 1683 1561 1409 1317 1256 1226 1226 1256 1317 1378 1409
316A Acap  197510241 1409 1348 1287 1226 1165 1165 1195 1287 1409 1531 1653 1714
316A Acap  197510242 1744 1714 1622 1470 1348 1226 1165 1165 1195 1287 1378 1409
316A Acap  197510251 1470 1439 1378 1287 1165 1104 1104 1165 1287 1409 1531 1683
316A Acap  197510252 1744 1744 1683 1561 1409 1256 1165 1134 1195 1256 1348 1439
316A Acap  197510261 1470 1439 1409 1317 1195 1104 1043 1073 1165 1317 1470 1592
316A Acap  197510262 1714 1744 1714 1592 1439 1317 1195 1134 1104 1165 1287 1409
316A Acap  197510271 1470 1500 1470 1409 1287 1134 1073 1073 1104 1256 1378 1531
316A Acap  197510272 1653 1744 1744 1683 1561 1348 1226 1134 1104 1134 1226 1348
316A Acap  197510281 1470 1561 1531 1439 1348 1195 1104 1043 1043 1195 1287 1470
316A Acap  197510282 1622 1714 1714 1653 1531 1409 1256 1165 1104 1104 1226 1348
316A Acap  197510291 1439 1500 1561 1531 1439 1317 1165 1073 1043 1073 1195 1317
316A Acap  197510292 1470 1592 1653 1653 1592 1470 1317 1195 1104 1104 1195 1287
316A Acap  197510301 1409 1531 1592 1592 1531 1439 1317 1195 1104 1104 1134 1226
316A Acap  197510302 1378 1500 1592 1622 1592 1470 1317 1226 1134 1073 1073 1165
316A Acap  197510311 1287 1439 1561 1622 1622 1561 1470 1317 1226 1165 1134 1195
316A Acap  197510312 1287 1409 1500 1531 1531 1439 1378 1226 1134 1104 1073 1043
316A Acap  197511011 1134 1287 1409 1561 1592 1592 1531 1409 1317 1226 1165 1165
316A Acap  197511012 1226 1287 1378 1439 1470 1439 1348 1256 1165 1073 1043 1012
316A Acap  197511021 1073 1165 1287 1439 1561 1622 1622 1531 1500 1409 1287 1256
316A Acap  197511022 1226 1256 1287 1348 1378 1378 1378 1317 1256 1134 1073 1012
316A Acap  197511031 1043 1043 1104 1256 1409 1531 1592 1622 1622 1561 1470 1378
316A Acap  197511032 1287 1226 1195 1226 1256 1287 1317 1317 1287 1226 1165 1073
316A Acap  197511041 1043 1012 1012 1104 1226 1348 1500 1622 1683 1683 1622 1531
316A Acap  197511042 1439 1287 1195 1165 1195 1226 1287 1348 1348 1378 1317 1195
316A Acap  197511051 1104 1043 1012 1012 1073 1226 1378 1561 1683 1774 1744 1653
316A Acap  197511052 1561 1378 1256 1134 1104 1134 1195 1287 1348 1409 1378 1348
316A Acap  197511061 1256 1104 1012  952  952 1012 1165 1348 1531 1683 1744 1744
316A Acap  197511062 1683 1561 1409 1226 1104 1043 1043 1104 1226 1348 1409 1409
316A Acap  197511071 1348 1256 1134 1012  952  952 1012 1165 1317 1531 1683 1744
316A Acap  197511072 1744 1592 1470 1287 1134 1012  982 1012 1104 1226 1348 1439
316A Acap  197511081 1439 1378 1256 1104  982  921  921 1012 1134 1348 1531 1653
316A Acap  197511082 1744 1683 1500 1317 1165 1043  982  982 1043 1104 1256 1378
316A Acap  197511091 1470 1470 1409 1287 1134 1043  952  982 1104 1256 1439 1622
316A Acap  197511092 1744 1744 1683 1531 1409 1226 1073 1012 1012 1134 1256 1409
316A Acap  197511101 1500 1561 1531 1470 1287 1165 1073 1012 1073 1165 1378 1531
316A Acap  197511102 1683 1714 1714 1592 1470 1287 1165 1073 1073 1104 1226 1348
316A Acap  197511111 1470 1561 1561 1531 1439 1287 1165 1104 1043 1134 1256 1409
316A Acap  197511112 1531 1653 1683 1622 1470 1348 1226 1134 1073 1073 1165 1287
316A Acap  197511121 1409 1500 1561 1561 1500 1378 1287 1195 1134 1165 1226 1317
316A Acap  197511122 1470 1531 1561 1531 1500 1378 1226 1165 1073 1073 1104 1195
316A Acap  197511131 1317 1409 1500 1531 1500 1439 1348 1256 1195 1134 1165 1226
316A Acap  197511132 1348 1439 1470 1500 1470 1409 1287 1165 1104 1073 1043 1134
316A Acap  197511141 1195 1317 1409 1470 1500 1470 1409 1317 1226 1195 1195 1226
316A Acap  197511142 1287 1348 1409 1439 1409 1348 1317 1195 1104 1073 1043 1104
316A Acap  197511151 1165 1256 1378 1470 1500 1500 1470 1439 1348 1317 1256 1226
316A Acap  197511152 1256 1317 1348 1348 1378 1378 1317 1287 1195 1165 1134 1165
316A Acap  197511161 1195 1287 1378 1439 1500 1561 1561 1531 1470 1409 1378 1348
316A Acap  197511162 1317 1317 1317 1348 1348 1378 1348 1287 1256 1226 1195 1165
316A Acap  197511171 1165 1195 1256 1348 1409 1470 1531 1561 1561 1531 1470 1409
316A Acap  197511172 1348 1287 1287 1287 1317 1317 1317 1317 1287 1256 1195 1195
316A Acap  197511181 1195 1195 1287 1348 1439 1500 1592 1622 1622 1622 1561 1531
316A Acap  197511182 1470 1378 1348 1287 1256 1226 1256 1287 1287 1256 1195 1195
316A Acap  197511191 1165 1134 1134 1195 1287 1378 1439 1500 1561 1622 1622 1561
316A Acap  197511192 1500 1439 1317 1256 1256 1195 1195 1195 1226 1256 1226 1195
316A Acap  197511201 1195 1165 1134 1134 1226 1287 1378 1500 1592 1653 1653 1683
316A Acap  197511202 1653 1561 1439 1317 1226 1226 1195 1226 1287 1287 1317 1287
316A Acap  197511211 1256 1195 1165 1134 1134 1165 1287 1409 1531 1622 1714 1714
316A Acap  197511212 1683 1561 1439 1317 1134 1134 1134 1165 1226 1287 1348 1348
316A Acap  197511221 1348 1287 1195 1134 1104 1165 1226 1317 1439 1592 1714 1744
316A Acap  197511222 1774 1714 1592 1470 1317 1195 1165 1165 1195 1256 1348 1409
316A Acap  197511231 1409 1378 1287 1195 1134 1125 1162 1239 1348 1500 1653 1744
316A Acap  197511232 1805 1774 1653 1500 1348 1226 1165 1134 1165 1256 1378 1439
316A Acap  197511241 1470 1470 1409 1317 1195 1134 1104 1165 1256 1409 1561 1714
316A Acap  197511242 1805 1805 1714 1561 1439 1256 1165 1104 1134 1195 1317 1409
316A Acap  197511251 1500 1500 1500 1439 1317 1195 1165 1165 1226 1348 1500 1622
316A Acap  197511252 1744 1805 1744 1622 1470 1317 1165 1104 1073 1134 1287 1409
316A Acap  197511261 1531 1592 1561 1500 1378 1226 1134 1073 1104 1195 1317 1470
316A Acap  197511262 1622 1683 1653 1592 1439 1317 1134 1012  982 1043 1165 1287
316A Acap  197511271 1439 1561 1592 1561 1470 1317 1195 1104 1073 1104 1195 1317
316A Acap  197511272 1470 1561 1592 1531 1439 1317 1165 1043  952  952 1012 1165
316A Acap  197511281 1317 1470 1561 1592 1531 1439 1348 1195 1104 1104 1134 1226
316A Acap  197511282 1378 1439 1500 1500 1439 1317 1134 1043  921  921  952 1043
316A Acap  197511291 1226 1378 1500 1561 1592 1561 1409 1287 1195 1134 1134 1165
316A Acap  197511292 1256 1348 1378 1409 1409 1348 1226 1073  982  921  891  952
316A Acap  197511301 1043 1226 1409 1531 1592 1592 1561 1439 1348 1226 1165 1195
316A Acap  197511302 1195 1256 1348 1378 1378 1317 1226 1134 1012  921  921  921
316A Acap  197512011  952 1104 1256 1409 1531 1592 1622 1561 1470 1378 1317 1226
316A Acap  197512012 1165 1226 1256 1317 1348 1348 1287 1226 1104 1012  921  921
316A Acap  197512021  921  982 1134 1256 1409 1518 1585 1601 1561 1500 1409 1317
316A Acap  197512022 1226 1195 1226 1256 1287 1287 1287 1256 1195 1134 1012  982
316A Acap  197512031  952  921 1012 1134 1256 1409 1531 1622 1653 1622 1531 1439
316A Acap  197512032 1317 1226 1165 1134 1165 1195 1226 1256 1256 1195 1134 1073
316A Acap  197512041 1012  982  952 1012 1165 1287 1409 1531 1622 1683 1622 1561
316A Acap  197512042 1439 1348 1226 1165 1134 1134 1165 1195 1256 1287 1256 1195
316A Acap  197512051 1104 1012  952  952  982 1073 1195 1378 1500 1607 1658 1642
316A Acap  197512052 1570 1455 1319 1195 1134 1073 1104 1165 1226 1317 1348 1317
316A Acap  197512061 1287 1226 1134 1043  982 1043 1134 1287 1409 1561 1653 1683
316A Acap  197512062 1622 1561 1409 1256 1134 1043 1043 1104 1165 1256 1317 1378
316A Acap  197512071 1378 1317 1226 1104 1012  982 1012 1104 1256 1409 1561 1653
316A Acap  197512072 1653 1592 1500 1348 1165 1043  982 1012 1073 1165 1317 1409
316A Acap  197512081 1439 1439 1348 1317 1165 1073 1043 1073 1165 1317 1439 1561
316A Acap  197512082 1653 1653 1561 1470 1287 1134 1043 1012 1012 1104 1226 1348
316A Acap  197512091 1439 1500 1470 1378 1256 1165 1073 1043 1104 1195 1348 1470
316A Acap  197512092 1561 1622 1592 1500 1317 1165 1043  982  982 1043 1165 1287
316A Acap  197512101 1409 1470 1500 1470 1409 1256 1165 1134 1104 1134 1256 1409
316A Acap  197512102 1500 1531 1561 1500 1348 1195 1104 1012  952 1043 1134 1226
316A Acap  197512111 1348 1470 1531 1531 1500 1409 1317 1256 1195 1195 1226 1348
316A Acap  197512112 1439 1531 1561 1561 1439 1317 1195 1073 1012 1012 1073 1195
316A Acap  197512121 1317 1439 1531 1561 1561 1470 1409 1287 1226 1195 1226 1317
316A Acap  197512122 1409 1476 1514 1504 1439 1348 1256 1165 1104 1073 1073 1165
316A Acap  197512131 1317 1439 1561 1592 1622 1561 1470 1409 1348 1317 1287 1317
316A Acap  197512132 1378 1378 1409 1409 1409 1317 1226 1134 1073 1043 1073 1134
316A Acap  197512141 1195 1348 1439 1561 1622 1592 1561 1500 1439 1348 1317 1317
316A Acap  197512142 1317 1378 1409 1409 1378 1378 1287 1195 1104 1012 1012 1073
316A Acap  197512151 1165 1317 1409 1500 1561 1592 1561 1531 1470 1409 1378 1317
316A Acap  197512152 1317 1317 1348 1348 1348 1317 1226 1165 1104 1012  982 1012
316A Acap  197512161 1043 1134 1256 1378 1470 1531 1561 1561 1531 1470 1378 1317
316A Acap  197512162 1317 1287 1287 1317 1287 1287 1195 1165 1134 1043 1012 1012
316A Acap  197512171 1043 1104 1226 1317 1439 1500 1561 1622 1561 1531 1470 1409
316A Acap  197512172 1348 1317 1287 1287 1256 1226 1226 1165 1134 1073 1012  982
316A Acap  197512181  982 1012 1073 1165 1287 1409 1470 1592 1592 1561 1531 1439
316A Acap  197512182 1378 1317 1256 1226 1195 1195 1195 1195 1165 1165 1104 1073
316A Acap  197512191 1043 1043 1043 1134 1195 1348 1409 1500 1592 1592 1561 1561
316A Acap  197512192 1470 1348 1256 1165 1134 1104 1104 1134 1165 1165 1165 1134
316A Acap  197512201 1073 1043 1012 1012 1043 1134 1256 1409 1500 1592 1622 1592
316A Acap  197512202 1531 1409 1287 1195 1165 1104 1104 1134 1195 1226 1287 1256
316A Acap  197512211 1195 1134 1073 1043 1073 1104 1195 1317 1439 1531 1622 1653
316A Acap  197512212 1592 1500 1409 1256 1165 1073 1073 1104 1165 1226 1287 1317
316A Acap  197512221 1287 1256 1195 1104 1043 1043 1073 1195 1348 1470 1561 1622
316A Acap  197512222 1622 1561 1439 1317 1165 1073 1043 1043 1104 1165 1287 1348
316A Acap  197512231 1409 1378 1287 1195 1134 1073 1073 1134 1226 1348 1470 1592
316A Acap  197512232 1622 1622 1531 1378 1256 1073 1012 1012 1043 1165 1287 1409
316A Acap  197512241 1470 1500 1439 1348 1195 1104 1012 1012 1104 1226 1348 1500
316A Acap  197512242 1592 1592 1531 1409 1256 1073  952  918  953 1041 1165 1348
316A Acap  197512251 1470 1531 1508 1430 1317 1195 1104 1043 1073 1165 1287 1409
316A Acap  197512252 1531 1592 1561 1500 1317 1134 1012  891  891  982 1134 1317
316A Acap  197512261 1439 1592 1683 1622 1531 1378 1256 1134 1104 1134 1195 1317
316A Acap  197512262 1439 1531 1561 1500 1378 1226 1043  921  860  860  952 1134
316A Acap  197512271 1317 1500 1622 1653 1592 1470 1317 1226 1134 1104 1134 1226
316A Acap  197512272 1317 1439 1470 1470 1378 1256 1073  921  830  830  860 1012
316A Acap  197512281 1165 1348 1561 1653 1653 1592 1500 1409 1256 1195 1195 1256
316A Acap  197512282 1348 1409 1470 1470 1439 1348 1165 1043  921  860  891  982
316A Acap  197512291 1134 1317 1500 1622 1714 1714 1653 1531 1409 1348 1287 1287
316A Acap  197512292 1348 1378 1470 1500 1470 1409 1287 1165 1043  952  921  982
316A Acap  197512301 1104 1256 1409 1592 1683 1744 1744 1683 1592 1500 1409 1378
316A Acap  197512302 1348 1348 1409 1439 1439 1409 1348 1287 1134 1012  982  982
316A Acap  197512311 1043 1134 1256 1409 1561 1653 1744 1744 1714 1592 1500 1409
316A Acap  197512312 1378 1348 1348 1378 1409 1378 1378 1317 1256 1195 1104 1043
