316A Acapulco           Mexico              1982 16504N 099547W 0000 3 00000R MM
316A Acap  198201011 1409 1439 1409 1378 1317 1256 1226 1226 1256 1348 1470 1561
316A Acap  198201012 1622 1653 1622 1500 1409 1256 1134 1104 1104 1134 1226 1348
316A Acap  198201021 1439 1500 1500 1470 1378 1287 1195 1134 1134 1226 1317 1439
316A Acap  198201022 1531 1592 1592 1531 1409 1256 1134 1073 1073 1134 1195 1317
316A Acap  198201031 1409 1500 1531 1500 1439 1348 1226 1195 1165 1195 1287 1409
316A Acap  198201032 1500 1561 1561 1500 1409 1256 1134 1012  982 1043 1104 1195
316A Acap  198201041 1378 1500 1561 1592 1561 1409 1317 1226 1165 1165 1195 1256
316A Acap  198201042 1348 1439 1470 1409 1348 1256 1134 1012  952  921  982 1104
316A Acap  198201051 1226 1348 1470 1531 1561 1500 1409 1287 1226 1165 1165 1226
316A Acap  198201052 1287 1348 1378 1409 1348 1256 1104 1012  952  891  921 1012
316A Acap  198201061 1134 1317 1470 1561 1622 1592 1531 1439 1317 1226 1195 1195
316A Acap  198201062 1226 1287 1348 1378 1348 1287 1165 1073  952  891  891  921
316A Acap  198201071 1043 1195 1348 1500 1622 1653 1622 1531 1439 1317 1256 1195
316A Acap  198201072 1195 1226 1256 1317 1317 1287 1226 1073  982  921  860  860
316A Acap  198201081  921 1043 1195 1378 1500 1622 1653 1622 1531 1439 1348 1256
316A Acap  198201082 1226 1226 1256 1287 1317 1317 1256 1195 1104  982  891  860
316A Acap  198201091  891  952 1073 1195 1378 1500 1653 1683 1683 1622 1500 1409
316A Acap  198201092 1287 1256 1226 1256 1287 1317 1317 1317 1256 1195 1073  982
316A Acap  198201101  921  921  952 1073 1226 1378 1531 1653 1714 1714 1653 1531
316A Acap  198201102 1439 1317 1256 1226 1226 1256 1317 1348 1378 1317 1256 1134
316A Acap  198201111 1043  982  952 1012 1104 1226 1409 1561 1683 1774 1774 1683
316A Acap  198201112 1592 1439 1317 1226 1165 1165 1226 1317 1348 1409 1409 1348
316A Acap  198201121 1256 1165 1043 1012 1043 1134 1287 1439 1592 1714 1774 1774
316A Acap  198201122 1683 1531 1378 1256 1134 1104 1134 1226 1317 1409 1439 1470
316A Acap  198201131 1409 1317 1195 1104 1043 1073 1165 1317 1439 1561 1714 1774
316A Acap  198201132 1774 1683 1531 1348 1226 1134 1104 1134 1226 1348 1439 1531
316A Acap  198201141 1561 1500 1378 1256 1195 1104 1104 1165 1287 1409 1561 1683
316A Acap  198201142 1774 1714 1622 1470 1317 1134 1043 1012 1073 1226 1348 1500
316A Acap  198201151 1592 1592 1531 1439 1287 1165 1104 1104 1165 1287 1439 1592
316A Acap  198201152 1683 1714 1653 1500 1348 1165 1043 1012 1043 1165 1287 1409
316A Acap  198201161 1561 1653 1653 1561 1439 1317 1195 1134 1134 1226 1317 1439
316A Acap  198201162 1561 1622 1622 1531 1409 1226 1073  982  982 1012 1134 1317
316A Acap  198201171 1470 1592 1683 1653 1561 1439 1287 1195 1165 1165 1287 1378
316A Acap  198201172 1470 1561 1592 1561 1470 1317 1165 1073 1012  982 1073 1195
316A Acap  198201181 1378 1531 1622 1653 1653 1561 1439 1348 1256 1226 1256 1317
316A Acap  198201182 1409 1500 1531 1531 1439 1317 1226 1134 1043 1043 1104 1226
316A Acap  198201191 1378 1500 1653 1714 1714 1622 1531 1409 1348 1256 1256 1287
316A Acap  198201192 1348 1439 1470 1561 1439 1348 1256 1134 1043  982 1012 1073
316A Acap  198201201 1195 1317 1470 1592 1653 1653 1592 1500 1378 1317 1226 1226
316A Acap  198201202 1287 1348 1378 1409 1409 1348 1287 1165 1073 1043 1043 1073
316A Acap  198201211 1165 1317 1439 1531 1622 1653 1622 1561 1470 1378 1348 1287
316A Acap  198201212 1287 1348 1378 1409 1409 1348 1287 1195 1134 1104 1012 1043
316A Acap  198201221 1073 1195 1317 1470 1592 1653 1653 1622 1561 1470 1409 1378
316A Acap  198201222 1378 1378 1378 1409 1409 1348 1287 1226 1195 1134 1073 1073
316A Acap  198201231 1104 1165 1256 1378 1439 1531 1622 1622 1592 1500 1470 1409
316A Acap  198201232 1409 1409 1378 1378 1348 1317 1287 1256 1226 1195 1134 1134
316A Acap  198201241 1134 1195 1256 1348 1439 1500 1561 1592 1592 1561 1561 1500
316A Acap  198201242 1470 1439 1409 1378 1348 1317 1287 1256 1256 1226 1195 1195
316A Acap  198201251 1195 1195 1195 1256 1317 1439 1500 1561 1592 1622 1592 1592
316A Acap  198201252 1531 1439 1409 1378 1348 1317 1287 1287 1317 1317 1287 1256
316A Acap  198201261 1256 1256 1256 1256 1287 1378 1439 1500 1592 1622 1622 1622
316A Acap  198201262 1561 1500 1439 1348 1317 1287 1287 1287 1317 1317 1317 1317
316A Acap  198201271 1287 1256 1256 1256 1287 1348 1409 1470 1531 1622 1653 1683
316A Acap  198201272 1653 1592 1500 1409 1348 1317 1287 1256 1287 1348 1378 1409
316A Acap  198201281 1409 1378 1348 1287 1256 1287 1317 1378 1470 1561 1622 1683
316A Acap  198201282 1653 1622 1531 1439 1317 1256 1226 1287 1317 1348 1409 1439
316A Acap  198201291 1500 1470 1409 1348 1256 1256 1287 1287 1378 1470 1561 1622
316A Acap  198201292 1683 1653 1592 1470 1378 1287 1226 1226 1256 1348 1439 1531
316A Acap  198201301 1592 1592 1592 1531 1439 1348 1287 1348 1378 1439 1561 1653
316A Acap  198201302 1714 1683 1622 1500 1409 1287 1226 1226 1256 1317 1409 1531
316A Acap  198201311 1622 1683 1653 1592 1439 1378 1317 1256 1287 1378 1470 1561
316A Acap  198201312 1622 1653 1622 1500 1378 1226 1134 1073 1104 1195 1348 1470
316A Acap  198202011 1592 1683 1714 1653 1561 1439 1317 1256 1226 1287 1378 1439
316A Acap  198202012 1531 1592 1561 1500 1409 1256 1134 1043 1043 1134 1226 1378
316A Acap  198202021 1592 1683 1774 1744 1683 1592 1439 1348 1256 1256 1287 1378
316A Acap  198202022 1470 1531 1561 1531 1439 1287 1134 1012  982 1012 1104 1256
316A Acap  198202031 1470 1622 1714 1774 1744 1653 1500 1378 1256 1226 1226 1287
316A Acap  198202032 1409 1439 1500 1500 1439 1287 1195 1043  952  921  952 1104
316A Acap  198202041 1287 1470 1622 1744 1774 1744 1622 1500 1378 1287 1226 1256
316A Acap  198202042 1348 1439 1500 1531 1500 1409 1256 1134 1012  952  982 1073
316A Acap  198202051 1195 1409 1561 1714 1805 1774 1714 1592 1470 1378 1287 1287
316A Acap  198202052 1317 1378 1439 1500 1470 1439 1348 1195 1073  982  921  952
316A Acap  198202061 1012 1165 1348 1500 1653 1744 1744 1653 1561 1470 1378 1287
316A Acap  198202062 1287 1317 1378 1439 1500 1470 1409 1317 1195 1043  982  952
316A Acap  198202071  982 1073 1226 1378 1561 1683 1744 1744 1714 1592 1500 1439
316A Acap  198202072 1348 1348 1348 1378 1439 1470 1439 1409 1317 1226 1134 1043
316A Acap  198202081 1043 1043 1134 1287 1439 1561 1653 1714 1714 1683 1592 1500
316A Acap  198202082 1439 1378 1348 1378 1378 1439 1470 1500 1470 1409 1348 1226
316A Acap  198202091 1165 1134 1165 1226 1348 1439 1561 1622 1714 1714 1683 1622
316A Acap  198202092 1531 1439 1348 1287 1287 1317 1378 1409 1470 1500 1470 1409
316A Acap  198202101 1348 1256 1195 1195 1256 1348 1439 1531 1622 1714 1714 1714
316A Acap  198202102 1622 1500 1409 1317 1287 1256 1287 1317 1409 1500 1531 1531
316A Acap  198202111 1500 1409 1348 1256 1226 1256 1317 1409 1500 1592 1653 1683
316A Acap  198202112 1653 1592 1500 1378 1287 1226 1226 1226 1287 1409 1500 1561
316A Acap  198202121 1561 1531 1470 1348 1256 1195 1195 1256 1317 1439 1531 1622
316A Acap  198202122 1683 1622 1531 1378 1256 1165 1104 1104 1195 1317 1409 1561
316A Acap  198202131 1622 1622 1592 1470 1348 1256 1195 1195 1226 1317 1439 1561
316A Acap  198202132 1622 1622 1592 1439 1348 1195 1104 1073 1134 1195 1348 1470
316A Acap  198202141 1622 1683 1683 1622 1500 1348 1256 1195 1195 1226 1317 1439
316A Acap  198202142 1561 1622 1622 1531 1409 1287 1134 1073 1073 1165 1317 1500
316A Acap  198202151 1622 1744 1774 1744 1653 1470 1348 1256 1226 1226 1287 1378
316A Acap  198202152 1500 1561 1592 1531 1439 1287 1195 1104 1073 1073 1165 1348
316A Acap  198202161 1531 1653 1805 1835 1744 1622 1500 1409 1317 1287 1317 1378
316A Acap  198202162 1500 1561 1622 1592 1531 1439 1317 1195 1134 1134 1226 1317
316A Acap  198202171 1500 1622 1744 1805 1774 1683 1561 1439 1348 1317 1317 1378
316A Acap  198202172 1470 1561 1622 1622 1561 1470 1378 1287 1195 1165 1195 1287
316A Acap  198202181 1439 1561 1714 1805 1835 1805 1683 1592 1439 1409 1348 1378
316A Acap  198202182 1439 1500 1561 1561 1531 1470 1378 1256 1195 1134 1165 1226
316A Acap  198202191 1348 1500 1653 1774 1805 1805 1714 1622 1531 1470 1409 1378
316A Acap  198202192 1439 1500 1561 1561 1531 1500 1378 1256 1165 1104 1104 1165
316A Acap  198202201 1287 1409 1561 1653 1744 1744 1714 1622 1531 1470 1409 1409
316A Acap  198202202 1439 1500 1500 1500 1500 1470 1378 1317 1256 1165 1134 1165
316A Acap  198202211 1226 1317 1439 1561 1622 1683 1683 1561 1531 1470 1470 1439
316A Acap  198202212 1470 1500 1531 1500 1500 1470 1439 1348 1317 1226 1226 1226
316A Acap  198202221 1256 1348 1409 1500 1592 1653 1683 1683 1622 1561 1531 1500
316A Acap  198202222 1470 1500 1500 1500 1500 1470 1439 1409 1378 1317 1287 1256
316A Acap  198202231 1256 1287 1348 1439 1500 1561 1622 1622 1622 1592 1561 1561
316A Acap  198202232 1531 1500 1470 1439 1439 1439 1409 1409 1378 1378 1317 1317
316A Acap  198202241 1287 1287 1287 1317 1378 1470 1500 1531 1561 1561 1561 1531
316A Acap  198202242 1500 1470 1439 1439 1439 1439 1439 1439 1439 1439 1409 1409
316A Acap  198202251 1378 1378 1348 1348 1378 1378 1439 1470 1531 1561 1592 1561
316A Acap  198202252 1531 1470 1439 1378 1348 1317 1348 1378 1439 1470 1500 1500
316A Acap  198202261 1500 1470 1439 1378 1348 1348 1409 1439 1500 1561 1622 1622
316A Acap  198202262 1592 1561 1500 1409 1348 1317 1317 1348 1409 1500 1561 1592
316A Acap  198202271 1592 1561 1500 1409 1348 1317 1317 1317 1378 1470 1500 1561
316A Acap  198202272 1561 1500 1439 1348 1256 1256 1226 1287 1348 1470 1592 1653
316A Acap  198202281 1683 1683 1622 1531 1409 1317 1287 1287 1317 1378 1439 1561
316A Acap  198202282 1561 1561 1531 1439 1317 1256 1165 1165 1226 1348 1470 1653
316A Acap  198203011 1744 1774 1744 1683 1500 1378 1256 1226 1226 1256 1378 1500
316A Acap  198203012 1561 1592 1561 1439 1317 1195 1134 1073 1104 1195 1378 1592
316A Acap  198203021 1744 1835 1866 1774 1653 1470 1317 1226 1165 1195 1287 1409
316A Acap  198203022 1500 1561 1561 1500 1348 1226 1073 1012 1043 1134 1287 1500
316A Acap  198203031 1683 1805 1866 1866 1774 1622 1500 1348 1256 1256 1287 1378
316A Acap  198203032 1500 1622 1653 1622 1500 1378 1226 1104 1043 1104 1195 1378
316A Acap  198203041 1592 1774 1866 1927 1896 1805 1653 1500 1317 1256 1256 1317
316A Acap  198203042 1439 1561 1622 1622 1561 1439 1256 1134 1043 1012 1073 1195
316A Acap  198203051 1409 1592 1744 1835 1866 1805 1683 1500 1378 1256 1226 1256
316A Acap  198203052 1317 1439 1531 1592 1561 1470 1317 1165 1043  952  982 1073
316A Acap  198203061 1226 1409 1592 1714 1805 1805 1744 1622 1470 1378 1317 1287
316A Acap  198203062 1317 1378 1470 1561 1561 1531 1439 1317 1195 1073 1012 1012
316A Acap  198203071 1104 1226 1409 1561 1683 1744 1744 1683 1561 1439 1348 1287
316A Acap  198203072 1256 1317 1378 1439 1500 1500 1439 1348 1256 1134 1043 1012
316A Acap  198203081 1043 1134 1256 1378 1500 1592 1622 1592 1531 1439 1348 1256
316A Acap  198203082 1256 1226 1287 1348 1378 1439 1409 1378 1317 1256 1195 1134
316A Acap  198203091 1104 1134 1195 1256 1348 1439 1531 1561 1561 1531 1470 1378
316A Acap  198203092 1317 1287 1256 1256 1287 1317 1348 1378 1378 1378 1317 1256
316A Acap  198203101 1226 1195 1195 1195 1226 1287 1378 1439 1500 1531 1500 1470
316A Acap  198203102 1409 1348 1287 1256 1256 1287 1348 1378 1470 1470 1470 1439
316A Acap  198203111 1378 1348 1287 1226 1256 1256 1287 1348 1439 1500 1500 1500
316A Acap  198203112 1470 1409 1317 1256 1195 1195 1256 1317 1409 1500 1592 1592
316A Acap  198203121 1592 1531 1439 1348 1287 1256 1287 1287 1378 1439 1531 1561
316A Acap  198203122 1561 1531 1439 1317 1226 1195 1195 1256 1317 1439 1561 1653
316A Acap  198203131 1683 1622 1531 1409 1256 1165 1134 1165 1195 1287 1409 1500
316A Acap  198203132 1561 1531 1439 1348 1195 1134 1104 1134 1195 1348 1470 1622
316A Acap  198203141 1714 1714 1653 1531 1378 1256 1165 1104 1134 1226 1317 1439
316A Acap  198203142 1531 1561 1531 1439 1317 1195 1134 1073 1134 1226 1378 1561
316A Acap  198203151 1683 1774 1774 1653 1500 1317 1195 1134 1104 1134 1256 1348
316A Acap  198203152 1439 1500 1500 1439 1317 1195 1104 1043 1073 1195 1317 1500
316A Acap  198203161 1622 1714 1744 1683 1561 1439 1287 1195 1134 1165 1256 1348
316A Acap  198203162 1439 1470 1470 1409 1287 1195 1104 1043 1043 1104 1226 1378
316A Acap  198203171 1531 1653 1714 1683 1592 1470 1287 1195 1134 1104 1165 1256
316A Acap  198203172 1348 1439 1439 1378 1317 1226 1134 1073 1043 1073 1195 1348
316A Acap  198203181 1500 1622 1683 1683 1622 1531 1378 1256 1165 1134 1165 1226
316A Acap  198203182 1317 1378 1409 1409 1317 1226 1134 1073 1043 1012 1043 1165
316A Acap  198203191 1317 1500 1592 1653 1622 1561 1409 1287 1195 1165 1195 1256
316A Acap  198203192 1317 1378 1439 1439 1378 1256 1195 1073 1012 1012 1073 1195
316A Acap  198203201 1317 1439 1561 1622 1683 1592 1470 1348 1287 1226 1226 1256
316A Acap  198203202 1317 1348 1409 1439 1439 1348 1287 1195 1104 1043 1043 1104
316A Acap  198203211 1195 1317 1439 1531 1622 1622 1561 1470 1378 1287 1256 1256
316A Acap  198203212 1287 1348 1409 1439 1439 1409 1317 1226 1134 1104 1073 1104
316A Acap  198203221 1165 1317 1439 1531 1622 1622 1592 1500 1439 1348 1317 1317
316A Acap  198203222 1317 1348 1409 1470 1470 1439 1409 1348 1256 1195 1165 1165
316A Acap  198203231 1195 1287 1409 1500 1561 1592 1592 1531 1470 1409 1378 1348
316A Acap  198203232 1348 1348 1409 1470 1500 1470 1439 1378 1348 1317 1256 1226
316A Acap  198203241 1226 1256 1348 1409 1470 1531 1561 1531 1500 1439 1378 1348
316A Acap  198203242 1317 1317 1348 1378 1409 1470 1500 1500 1470 1409 1378 1348
316A Acap  198203251 1317 1317 1348 1378 1409 1439 1470 1470 1470 1439 1409 1378
316A Acap  198203252 1348 1317 1317 1348 1378 1409 1439 1470 1470 1470 1439 1439
316A Acap  198203261 1378 1348 1317 1317 1317 1317 1348 1378 1378 1409 1409 1378
316A Acap  198203262 1348 1287 1256 1256 1256 1287 1348 1378 1439 1500 1531 1531
316A Acap  198203271 1500 1439 1378 1317 1287 1256 1256 1287 1317 1378 1378 1378
316A Acap  198203272 1348 1317 1256 1195 1195 1226 1256 1317 1439 1531 1622 1653
316A Acap  198203281 1622 1592 1470 1378 1287 1226 1195 1256 1287 1348 1409 1439
316A Acap  198203282 1409 1317 1256 1195 1134 1104 1165 1256 1378 1500 1592 1714
316A Acap  198203291 1744 1714 1592 1439 1317 1226 1165 1134 1165 1256 1348 1439
316A Acap  198203292 1470 1439 1348 1256 1134 1073 1043 1104 1195 1378 1531 1683
316A Acap  198203301 1805 1866 1805 1622 1470 1348 1226 1134 1134 1195 1317 1439
316A Acap  198203302 1500 1531 1470 1348 1195 1073 1012 1012 1073 1226 1439 1653
316A Acap  198203311 1805 1927 1896 1744 1622 1439 1287 1165 1134 1165 1256 1378
316A Acap  198203312 1500 1592 1561 1470 1317 1165 1043  982 1012 1134 1317 1561
316A Acap  198204011 1774 1896 1927 1835 1714 1531 1348 1195 1134 1134 1195 1317
316A Acap  198204012 1470 1561 1592 1531 1409 1256 1073  982  952 1012 1104 1319
316A Acap  198204021 1539 1722 1835 1866 1805 1653 1439 1287 1165 1104 1134 1226
316A Acap  198204022 1378 1500 1531 1561 1470 1317 1165 1012  952  952 1043 1226
316A Acap  198204031 1409 1622 1774 1835 1805 1683 1531 1348 1226 1134 1134 1226
316A Acap  198204032 1317 1439 1531 1561 1531 1409 1287 1134 1012  952 1012 1134
316A Acap  198204041 1317 1470 1622 1714 1714 1683 1561 1409 1287 1195 1165 1195
316A Acap  198204042 1256 1378 1470 1561 1561 1470 1409 1287 1134 1073 1073 1104
316A Acap  198204051 1226 1378 1531 1653 1683 1683 1622 1500 1378 1256 1226 1195
316A Acap  198204052 1256 1348 1439 1500 1531 1561 1500 1409 1287 1226 1165 1165
316A Acap  198204061 1226 1317 1409 1500 1592 1622 1622 1561 1470 1378 1287 1256
316A Acap  198204062 1287 1287 1378 1439 1500 1561 1561 1500 1470 1378 1317 1287
316A Acap  198204071 1287 1317 1378 1470 1531 1531 1561 1531 1470 1409 1348 1317
316A Acap  198204072 1317 1317 1378 1439 1470 1500 1561 1561 1561 1531 1470 1439
316A Acap  198204081 1409 1378 1378 1409 1439 1470 1470 1500 1470 1470 1409 1378
316A Acap  198204082 1348 1317 1317 1348 1409 1439 1500 1561 1592 1592 1561 1531
316A Acap  198204091 1500 1439 1378 1378 1348 1348 1348 1378 1409 1409 1409 1409
316A Acap  198204092 1409 1378 1348 1348 1317 1348 1378 1500 1561 1622 1622 1653
316A Acap  198204101 1622 1531 1470 1378 1348 1317 1287 1317 1348 1378 1409 1409
316A Acap  198204102 1439 1409 1348 1287 1287 1287 1287 1378 1500 1592 1653 1714
316A Acap  198204111 1683 1622 1531 1439 1378 1287 1256 1256 1287 1317 1378 1409
316A Acap  198204112 1409 1409 1348 1287 1226 1226 1256 1287 1378 1500 1561 1683
316A Acap  198204121 1714 1714 1622 1500 1409 1287 1226 1195 1195 1256 1348 1378
316A Acap  198204122 1439 1439 1409 1348 1256 1226 1195 1226 1287 1409 1561 1653
316A Acap  198204131 1744 1744 1714 1622 1470 1348 1256 1195 1165 1226 1317 1409
316A Acap  198204132 1439 1500 1470 1378 1287 1195 1165 1165 1226 1348 1470 1653
316A Acap  198204141 1744 1774 1744 1683 1531 1378 1287 1195 1165 1195 1256 1348
316A Acap  198204142 1409 1439 1439 1378 1317 1226 1165 1134 1195 1287 1409 1561
316A Acap  198204151 1714 1774 1774 1714 1622 1470 1348 1226 1165 1195 1256 1317
316A Acap  198204152 1409 1439 1470 1409 1317 1226 1165 1134 1134 1195 1317 1500
316A Acap  198204161 1622 1714 1774 1744 1653 1561 1409 1287 1226 1226 1256 1348
316A Acap  198204162 1409 1470 1470 1439 1378 1317 1195 1134 1134 1195 1287 1409
316A Acap  198204171 1561 1653 1714 1714 1653 1531 1409 1256 1195 1195 1195 1256
316A Acap  198204172 1317 1378 1439 1439 1378 1287 1226 1165 1134 1134 1195 1317
316A Acap  198204181 1470 1561 1622 1653 1653 1561 1439 1317 1226 1195 1226 1256
316A Acap  198204182 1348 1439 1470 1500 1439 1378 1287 1226 1165 1134 1195 1287
316A Acap  198204191 1409 1531 1622 1653 1683 1622 1500 1378 1287 1226 1226 1287
316A Acap  198204192 1348 1409 1470 1500 1500 1470 1409 1317 1226 1195 1195 1256
316A Acap  198204201 1348 1439 1561 1592 1592 1561 1500 1439 1317 1256 1256 1287
316A Acap  198204202 1317 1378 1439 1531 1531 1500 1439 1409 1317 1256 1256 1256
316A Acap  198204211 1317 1378 1470 1531 1531 1561 1500 1409 1317 1256 1226 1226
316A Acap  198204212 1256 1317 1409 1500 1500 1531 1500 1470 1409 1348 1317 1317
316A Acap  198204221 1348 1378 1439 1470 1470 1470 1439 1378 1348 1256 1256 1226
316A Acap  198204222 1256 1287 1317 1409 1470 1500 1531 1531 1500 1470 1409 1409
316A Acap  198204231 1378 1378 1378 1409 1409 1439 1409 1409 1348 1317 1256 1256
316A Acap  198204232 1256 1256 1317 1378 1409 1470 1531 1592 1622 1622 1592 1531
316A Acap  198204241 1500 1439 1378 1348 1348 1378 1378 1378 1378 1378 1317 1287
316A Acap  198204242 1256 1226 1226 1256 1317 1439 1531 1622 1653 1714 1683 1683
316A Acap  198204251 1622 1531 1439 1378 1348 1317 1348 1348 1378 1378 1378 1348
316A Acap  198204252 1317 1256 1195 1195 1195 1287 1409 1531 1622 1744 1805 1805
316A Acap  198204261 1774 1683 1531 1409 1317 1256 1256 1287 1348 1378 1409 1409
316A Acap  198204262 1378 1317 1226 1134 1104 1134 1226 1348 1500 1653 1774 1866
316A Acap  198204271 1866 1774 1622 1439 1287 1195 1165 1165 1226 1287 1378 1439
316A Acap  198204272 1439 1378 1256 1165 1073 1043 1104 1195 1378 1561 1744 1866
316A Acap  198204281 1896 1866 1714 1531 1348 1195 1134 1104 1134 1256 1348 1439
316A Acap  198204282 1500 1470 1378 1287 1134 1012 1012 1012 1134 1348 1531 1714
316A Acap  198204291 1866 1866 1835 1653 1470 1287 1134 1043 1043 1134 1256 1378
316A Acap  198204292 1470 1500 1439 1317 1165 1012  952  921 1012 1134 1317 1531
316A Acap  198204301 1744 1835 1835 1774 1622 1409 1226 1073 1012 1043 1165 1287
316A Acap  198204302 1409 1500 1500 1439 1317 1165 1043  952  952 1043 1165 1378
316A Acap  198205011 1561 1714 1774 1774 1653 1439 1287 1134 1043 1012 1073 1195
316A Acap  198205012 1317 1439 1531 1531 1439 1287 1134 1012  952  952 1073 1226
316A Acap  198205021 1409 1561 1683 1714 1653 1531 1348 1195 1073 1012 1012 1104
316A Acap  198205022 1226 1348 1470 1531 1470 1378 1256 1165 1073 1043 1073 1165
316A Acap  198205031 1317 1470 1592 1622 1622 1561 1439 1287 1165 1104 1073 1134
316A Acap  198205032 1226 1348 1470 1561 1592 1561 1470 1348 1226 1165 1165 1195
316A Acap  198205041 1287 1409 1500 1592 1592 1561 1531 1409 1287 1165 1134 1134
316A Acap  198205042 1195 1317 1409 1500 1561 1592 1531 1470 1378 1287 1226 1195
316A Acap  198205051 1226 1317 1409 1470 1531 1531 1470 1409 1287 1226 1134 1134
316A Acap  198205052 1165 1226 1317 1439 1531 1592 1561 1561 1470 1409 1348 1287
316A Acap  198205061 1256 1287 1348 1409 1439 1439 1439 1409 1317 1256 1226 1195
316A Acap  198205062 1165 1195 1256 1317 1409 1470 1561 1561 1561 1500 1470 1409
316A Acap  198205071 1378 1348 1348 1348 1378 1378 1409 1409 1378 1348 1287 1287
316A Acap  198205072 1226 1195 1226 1287 1378 1439 1500 1561 1592 1592 1531 1500
316A Acap  198205081 1439 1378 1317 1317 1287 1287 1287 1317 1348 1317 1317 1287
316A Acap  198205082 1256 1226 1226 1226 1287 1348 1439 1561 1653 1683 1683 1653
316A Acap  198205091 1592 1531 1409 1348 1287 1256 1256 1287 1317 1348 1348 1348
316A Acap  198205092 1317 1256 1226 1226 1226 1287 1348 1439 1561 1653 1683 1683
316A Acap  198205101 1653 1592 1500 1378 1287 1256 1195 1195 1226 1287 1348 1378
316A Acap  198205102 1378 1317 1287 1226 1195 1226 1256 1348 1470 1622 1714 1774
316A Acap  198205111 1774 1744 1622 1500 1378 1287 1226 1195 1256 1317 1348 1409
316A Acap  198205112 1409 1378 1348 1287 1226 1195 1226 1287 1409 1531 1622 1774
316A Acap  198205121 1805 1805 1744 1622 1500 1317 1256 1226 1195 1226 1317 1348
316A Acap  198205122 1409 1409 1378 1348 1256 1226 1256 1287 1378 1500 1622 1744
316A Acap  198205131 1835 1866 1805 1714 1561 1439 1317 1256 1226 1256 1317 1378
316A Acap  198205132 1439 1439 1439 1378 1317 1256 1226 1226 1287 1409 1531 1653
316A Acap  198205141 1805 1835 1835 1774 1622 1500 1378 1317 1226 1256 1317 1409
316A Acap  198205142 1470 1500 1500 1439 1378 1287 1256 1226 1287 1348 1500 1622
316A Acap  198205151 1744 1835 1835 1774 1683 1531 1409 1287 1256 1287 1317 1378
316A Acap  198205152 1470 1500 1531 1500 1439 1378 1317 1256 1287 1348 1439 1561
316A Acap  198205161 1653 1744 1774 1744 1683 1561 1439 1348 1287 1287 1317 1378
316A Acap  198205162 1439 1561 1561 1531 1500 1439 1348 1287 1226 1256 1378 1470
316A Acap  198205171 1622 1714 1774 1744 1683 1561 1439 1317 1256 1226 1287 1378
316A Acap  198205172 1439 1561 1592 1592 1561 1500 1378 1317 1256 1256 1317 1409
316A Acap  198205181 1561 1653 1714 1744 1683 1592 1500 1378 1287 1256 1256 1317
316A Acap  198205182 1439 1531 1592 1622 1622 1561 1500 1409 1348 1348 1378 1470
316A Acap  198205191 1531 1592 1683 1683 1683 1622 1531 1409 1348 1317 1287 1348
316A Acap  198205192 1439 1531 1592 1683 1683 1683 1592 1531 1470 1409 1378 1409
316A Acap  198205201 1500 1561 1622 1683 1653 1622 1561 1470 1348 1287 1287 1287
316A Acap  198205202 1378 1470 1592 1653 1714 1714 1714 1653 1592 1531 1500 1500
316A Acap  198205211 1500 1531 1592 1622 1592 1561 1531 1470 1378 1287 1256 1256
316A Acap  198205212 1287 1378 1470 1592 1683 1774 1774 1744 1683 1653 1561 1531
316A Acap  198205221 1531 1561 1561 1592 1592 1561 1531 1500 1439 1348 1287 1256
316A Acap  198205222 1226 1317 1409 1531 1622 1744 1835 1896 1896 1866 1805 1714
316A Acap  198205231 1622 1561 1531 1531 1531 1531 1531 1531 1500 1439 1378 1317
316A Acap  198205232 1287 1287 1317 1409 1531 1683 1805 1866 1957 1957 1927 1866
316A Acap  198205241 1805 1683 1592 1531 1500 1500 1500 1531 1531 1500 1439 1378
316A Acap  198205242 1317 1256 1256 1287 1378 1500 1622 1774 1866 1957 2018 1988
316A Acap  198205251 1896 1805 1683 1561 1470 1439 1439 1470 1531 1531 1531 1470
316A Acap  198205252 1409 1317 1226 1165 1226 1317 1439 1592 1744 1927 2049 2049
316A Acap  198205261 2018 1896 1744 1561 1439 1378 1378 1378 1439 1500 1561 1561
316A Acap  198205262 1470 1378 1287 1195 1195 1195 1287 1439 1592 1774 1957 2049
316A Acap  198205271 2049 1988 1866 1683 1470 1348 1287 1256 1287 1378 1500 1561
316A Acap  198205272 1592 1531 1439 1317 1195 1134 1134 1226 1348 1500 1683 1896
316A Acap  198205281 1988 1988 1896 1774 1592 1439 1348 1256 1256 1317 1439 1531
316A Acap  198205282 1622 1622 1561 1470 1348 1226 1134 1134 1195 1348 1561 1744
316A Acap  198205291 1866 1927 1896 1805 1653 1439 1287 1195 1165 1195 1287 1439
316A Acap  198205292 1561 1653 1653 1622 1500 1378 1256 1195 1195 1287 1409 1561
316A Acap  198205301 1744 1835 1866 1805 1683 1531 1378 1256 1134 1165 1226 1348
316A Acap  198205302 1500 1592 1653 1653 1592 1500 1378 1287 1226 1256 1317 1470
316A Acap  198205311 1622 1744 1774 1805 1714 1622 1470 1287 1195 1134 1195 1287
316A Acap  198205312 1439 1561 1653 1714 1683 1622 1500 1378 1317 1287 1317 1409
316A Acap  198206011 1531 1622 1714 1714 1683 1592 1470 1378 1256 1195 1195 1226
316A Acap  198206012 1348 1500 1592 1683 1744 1714 1653 1561 1439 1409 1378 1439
316A Acap  198206021 1500 1561 1653 1683 1683 1622 1561 1439 1348 1287 1226 1256
316A Acap  198206022 1348 1439 1561 1683 1744 1774 1744 1683 1592 1500 1470 1439
316A Acap  198206031 1470 1500 1561 1622 1653 1622 1561 1500 1409 1317 1256 1256
316A Acap  198206032 1317 1378 1470 1592 1683 1744 1774 1744 1714 1653 1561 1531
316A Acap  198206041 1500 1500 1500 1531 1531 1531 1531 1500 1439 1378 1317 1287
316A Acap  198206042 1317 1348 1409 1500 1592 1683 1744 1774 1774 1714 1683 1592
316A Acap  198206051 1531 1500 1470 1470 1470 1470 1500 1470 1439 1409 1348 1317
316A Acap  198206052 1317 1317 1378 1439 1531 1622 1683 1774 1774 1774 1744 1683
316A Acap  198206061 1592 1531 1470 1439 1439 1409 1409 1409 1409 1378 1378 1348
316A Acap  198206062 1317 1317 1317 1348 1409 1500 1592 1653 1744 1744 1744 1744
316A Acap  198206071 1683 1561 1531 1470 1439 1409 1378 1378 1378 1378 1378 1348
316A Acap  198206072 1348 1348 1317 1348 1378 1439 1531 1561 1683 1744 1805 1805
316A Acap  198206081 1744 1683 1592 1500 1409 1378 1348 1348 1348 1378 1409 1409
316A Acap  198206082 1409 1409 1378 1348 1348 1378 1439 1531 1622 1714 1774 1805
316A Acap  198206091 1805 1714 1592 1500 1409 1348 1317 1317 1317 1317 1378 1378
316A Acap  198206092 1378 1378 1378 1317 1317 1317 1378 1470 1561 1653 1744 1774
316A Acap  198206101 1774 1744 1683 1561 1470 1378 1348 1287 1287 1317 1378 1409
316A Acap  198206102 1409 1439 1409 1348 1287 1287 1287 1348 1439 1561 1653 1744
316A Acap  198206111 1774 1805 1744 1622 1500 1387 1309 1276 1287 1256 1287 1317
316A Acap  198206112 1378 1409 1409 1378 1317 1287 1287 1317 1409 1500 1592 1714
316A Acap  198206121 1805 1805 1774 1683 1561 1439 1317 1256 1226 1256 1317 1378
316A Acap  198206122 1439 1470 1470 1439 1348 1287 1287 1287 1348 1439 1531 1653
316A Acap  198206131 1714 1744 1744 1653 1531 1439 1317 1287 1256 1256 1317 1378
316A Acap  198206132 1409 1470 1470 1439 1409 1348 1287 1256 1317 1378 1439 1561
316A Acap  198206141 1653 1683 1744 1653 1561 1470 1348 1256 1226 1226 1256 1378
316A Acap  198206142 1439 1531 1561 1531 1470 1439 1348 1287 1287 1317 1378 1470
316A Acap  198206151 1592 1653 1683 1653 1592 1470 1317 1256 1195 1195 1226 1348
316A Acap  198206152 1409 1500 1561 1561 1531 1470 1378 1317 1256 1287 1348 1439
316A Acap  198206161 1531 1592 1653 1622 1561 1470 1348 1226 1165 1134 1165 1256
316A Acap  198206162 1378 1500 1561 1592 1561 1531 1439 1378 1317 1256 1317 1348
316A Acap  198206171 1439 1500 1561 1561 1500 1409 1348 1195 1104 1073 1073 1195
316A Acap  198206172 1287 1439 1531 1592 1622 1592 1531 1500 1409 1317 1317 1317
316A Acap  198206181 1378 1409 1500 1500 1500 1439 1348 1226 1134 1073 1073 1134
316A Acap  198206182 1226 1378 1500 1592 1622 1683 1653 1622 1531 1439 1409 1378
316A Acap  198206191 1378 1409 1439 1500 1500 1439 1378 1287 1195 1104 1073 1073
316A Acap  198206192 1165 1287 1439 1561 1714 1774 1805 1774 1714 1622 1561 1500
316A Acap  198206201 1439 1470 1500 1531 1561 1531 1500 1439 1348 1256 1165 1134
316A Acap  198206202 1165 1256 1378 1500 1622 1774 1866 1866 1835 1774 1714 1622
316A Acap  198206211 1531 1470 1470 1470 1500 1531 1531 1500 1439 1378 1287 1195
316A Acap  198206212 1165 1165 1256 1348 1500 1653 1805 1896 1927 1927 1866 1774
316A Acap  198206221 1683 1592 1500 1470 1470 1500 1531 1531 1500 1470 1409 1317
316A Acap  198206222 1195 1165 1165 1226 1348 1500 1683 1835 1927 2018 1988 1927
316A Acap  198206231 1835 1714 1592 1500 1439 1439 1470 1500 1531 1561 1531 1439
316A Acap  198206232 1348 1287 1195 1195 1256 1348 1500 1683 1835 1988 2049 2018
316A Acap  198206241 1927 1805 1653 1500 1409 1378 1378 1409 1470 1561 1592 1561
316A Acap  198206242 1500 1409 1287 1195 1165 1195 1317 1470 1622 1805 1896 2018
316A Acap  198206251 1988 1896 1744 1592 1409 1348 1317 1317 1409 1500 1592 1622
316A Acap  198206252 1592 1561 1439 1317 1195 1165 1226 1348 1439 1653 1805 1927
316A Acap  198206261 1988 1927 1805 1653 1470 1348 1256 1226 1287 1409 1531 1622
316A Acap  198206262 1683 1683 1622 1500 1378 1287 1226 1226 1317 1439 1622 1744
316A Acap  198206271 1866 1896 1866 1744 1592 1409 1287 1226 1195 1256 1378 1500
316A Acap  198206272 1592 1714 1714 1683 1592 1439 1317 1287 1287 1409 1500 1622
316A Acap  198206281 1744 1835 1866 1774 1622 1470 1317 1226 1165 1195 1317 1439
316A Acap  198206282 1592 1714 1774 1774 1714 1592 1500 1348 1317 1348 1439 1561
316A Acap  198206291 1683 1805 1835 1805 1744 1592 1439 1348 1256 1256 1317 1439
316A Acap  198206292 1592 1774 1866 1927 1866 1774 1683 1531 1439 1439 1500 1561
316A Acap  198206301 1653 1744 1835 1805 1805 1714 1561 1378 1287 1287 1287 1348
316A Acap  198206302 1500 1683 1835 1896 1927 1896 1805 1683 1531 1500 1470 1500
316A Acap  198207011 1561 1653 1683 1744 1744 1653 1592 1439 1348 1287 1256 1317
316A Acap  198207012 1409 1500 1653 1805 1866 1866 1835 1744 1622 1561 1500 1500
316A Acap  198207021 1561 1561 1622 1653 1653 1622 1531 1439 1378 1287 1256 1287
316A Acap  198207022 1348 1439 1561 1683 1774 1835 1866 1805 1744 1622 1561 1531
316A Acap  198207031 1531 1531 1561 1561 1592 1592 1561 1500 1409 1317 1256 1226
316A Acap  198207032 1287 1378 1470 1592 1683 1744 1805 1805 1744 1683 1622 1561
316A Acap  198207041 1531 1500 1500 1500 1500 1500 1500 1470 1409 1348 1287 1256
316A Acap  198207042 1256 1317 1378 1439 1592 1683 1744 1805 1805 1774 1714 1653
316A Acap  198207051 1592 1531 1500 1470 1470 1439 1439 1439 1409 1378 1317 1287
316A Acap  198207052 1256 1287 1317 1409 1531 1622 1714 1774 1835 1835 1805 1744
316A Acap  198207061 1683 1592 1561 1531 1470 1470 1470 1439 1409 1378 1348 1317
316A Acap  198207062 1256 1256 1287 1348 1439 1531 1622 1714 1774 1805 1835 1805
316A Acap  198207071 1744 1653 1561 1500 1470 1439 1439 1439 1409 1409 1409 1378
316A Acap  198207072 1378 1348 1348 1348 1409 1500 1561 1653 1714 1805 1835 1835
316A Acap  198207081 1774 1683 1622 1500 1470 1409 1378 1378 1378 1409 1439 1439
316A Acap  198207082 1439 1409 1378 1378 1348 1409 1470 1561 1683 1744 1835 1896
316A Acap  198207091 1866 1805 1683 1592 1500 1409 1378 1378 1378 1409 1470 1500
316A Acap  198207092 1500 1500 1439 1378 1378 1378 1439 1500 1561 1653 1744 1835
316A Acap  198207101 1835 1805 1683 1592 1500 1439 1348 1378 1409 1470 1531 1561
316A Acap  198207102 1561 1561 1561 1500 1470 1439 1439 1500 1561 1653 1805 1835
316A Acap  198207111 1896 1896 1835 1714 1592 1470 1439 1409 1409 1470 1531 1592
316A Acap  198207112 1622 1653 1653 1592 1561 1500 1470 1470 1531 1622 1714 1805
316A Acap  198207121 1896 1896 1866 1774 1653 1531 1470 1409 1378 1409 1500 1592
316A Acap  198207122 1653 1714 1744 1683 1622 1531 1500 1470 1470 1531 1622 1744
316A Acap  198207131 1835 1866 1835 1744 1653 1531 1409 1348 1317 1348 1409 1531
316A Acap  198207132 1622 1744 1774 1774 1683 1622 1561 1500 1439 1470 1531 1622
316A Acap  198207141 1714 1774 1774 1774 1653 1561 1439 1348 1317 1348 1378 1500
316A Acap  198207142 1622 1744 1805 1866 1805 1744 1683 1592 1531 1531 1561 1592
316A Acap  198207151 1683 1744 1805 1774 1683 1622 1470 1409 1317 1287 1348 1439
316A Acap  198207152 1592 1744 1835 1927 1927 1866 1805 1683 1622 1561 1561 1561
316A Acap  198207161 1622 1683 1714 1714 1683 1622 1500 1378 1317 1256 1317 1409
316A Acap  198207162 1561 1683 1866 1957 2018 1988 1896 1805 1714 1622 1592 1561
316A Acap  198207171 1622 1653 1714 1744 1744 1653 1592 1439 1317 1287 1287 1348
316A Acap  198207172 1470 1622 1805 1957 2018 2049 2049 1957 1835 1744 1653 1622
316A Acap  198207181 1622 1683 1714 1774 1744 1714 1653 1531 1439 1378 1317 1348
316A Acap  198207182 1409 1561 1714 1866 2018 2079 2110 2079 1957 1896 1805 1714
316A Acap  198207191 1683 1683 1714 1744 1774 1774 1714 1622 1500 1378 1287 1287
316A Acap  198207192 1348 1409 1561 1744 1927 2018 2079 2079 2049 1957 1896 1774
316A Acap  198207201 1683 1653 1653 1683 1714 1714 1744 1683 1622 1500 1409 1348
316A Acap  198207202 1287 1317 1409 1561 1683 1835 1988 2079 2110 2049 1988 1866
316A Acap  198207211 1744 1653 1622 1622 1622 1683 1714 1744 1714 1653 1561 1439
316A Acap  198207212 1348 1317 1317 1378 1500 1683 1805 1927 2079 2079 2079 1988
316A Acap  198207221 1866 1744 1622 1561 1531 1592 1622 1683 1714 1714 1653 1561
316A Acap  198207222 1470 1378 1317 1348 1409 1531 1653 1835 1988 2049 2110 2049
316A Acap  198207231 1927 1805 1653 1531 1470 1439 1500 1592 1683 1744 1744 1714
316A Acap  198207232 1653 1592 1470 1378 1348 1409 1500 1622 1774 1927 2049 2018
316A Acap  198207241 1988 1866 1714 1592 1439 1378 1409 1470 1531 1653 1744 1774
316A Acap  198207242 1774 1714 1622 1470 1378 1348 1378 1470 1622 1744 1896 1988
316A Acap  198207251 1988 1927 1805 1622 1470 1378 1287 1287 1378 1500 1653 1774
316A Acap  198207252 1835 1835 1744 1622 1500 1409 1348 1348 1439 1561 1714 1835
316A Acap  198207261 1896 1896 1835 1714 1561 1409 1317 1287 1317 1439 1561 1714
316A Acap  198207262 1835 1866 1866 1774 1653 1531 1439 1409 1439 1500 1622 1744
316A Acap  198207271 1866 1896 1896 1774 1622 1470 1348 1287 1287 1348 1439 1592
316A Acap  198207272 1744 1835 1927 1866 1774 1683 1561 1439 1378 1439 1531 1592
316A Acap  198207281 1714 1835 1866 1835 1714 1592 1409 1317 1256 1256 1348 1470
316A Acap  198207282 1622 1774 1866 1957 1896 1835 1683 1531 1439 1409 1439 1500
316A Acap  198207291 1622 1714 1774 1774 1714 1622 1470 1348 1256 1226 1256 1348
316A Acap  198207292 1500 1683 1805 1866 1896 1866 1744 1653 1531 1439 1409 1439
316A Acap  198207301 1531 1592 1683 1683 1683 1561 1470 1378 1256 1226 1226 1287
316A Acap  198207302 1439 1561 1683 1805 1866 1805 1744 1653 1561 1470 1439 1439
316A Acap  198207311 1500 1531 1592 1622 1622 1592 1500 1409 1317 1226 1226 1226
316A Acap  198207312 1317 1439 1622 1744 1805 1866 1835 1774 1653 1561 1500 1500
316A Acap  198208011 1500 1531 1561 1592 1622 1592 1531 1439 1378 1287 1226 1226
316A Acap  198208012 1317 1409 1531 1653 1744 1805 1866 1805 1744 1714 1653 1592
316A Acap  198208021 1531 1561 1561 1561 1561 1561 1531 1470 1409 1378 1287 1287
316A Acap  198208022 1287 1378 1470 1592 1683 1805 1835 1866 1805 1744 1683 1653
316A Acap  198208031 1592 1561 1561 1561 1561 1561 1561 1561 1470 1409 1378 1317
316A Acap  198208032 1317 1378 1439 1561 1653 1744 1774 1805 1805 1774 1774 1714
316A Acap  198208041 1653 1622 1592 1592 1561 1561 1561 1500 1470 1409 1378 1317
316A Acap  198208042 1317 1317 1378 1439 1531 1592 1653 1714 1744 1774 1744 1683
316A Acap  198208051 1683 1622 1622 1561 1531 1470 1470 1470 1470 1439 1439 1409
316A Acap  198208052 1378 1348 1348 1378 1439 1531 1592 1653 1714 1744 1744 1744
316A Acap  198208061 1714 1653 1592 1531 1500 1470 1439 1439 1439 1439 1439 1439
316A Acap  198208062 1378 1348 1317 1348 1348 1409 1470 1561 1622 1714 1744 1744
316A Acap  198208071 1714 1622 1592 1500 1470 1409 1409 1409 1439 1500 1531 1561
316A Acap  198208072 1500 1470 1439 1409 1409 1378 1439 1500 1592 1683 1714 1744
316A Acap  198208081 1714 1683 1592 1531 1470 1439 1409 1378 1409 1439 1500 1592
316A Acap  198208082 1622 1561 1500 1470 1439 1378 1378 1439 1531 1592 1653 1744
316A Acap  198208091 1774 1744 1653 1561 1470 1378 1348 1348 1378 1409 1531 1592
316A Acap  198208092 1653 1653 1592 1531 1500 1409 1409 1409 1439 1500 1592 1714
316A Acap  198208101 1774 1774 1714 1622 1500 1409 1348 1348 1378 1470 1561 1653
316A Acap  198208102 1714 1744 1714 1683 1561 1470 1409 1378 1378 1439 1531 1653
316A Acap  198208111 1714 1744 1714 1622 1500 1409 1317 1256 1317 1378 1500 1622
316A Acap  198208112 1744 1805 1805 1774 1683 1592 1470 1409 1409 1439 1500 1592
316A Acap  198208121 1683 1714 1744 1683 1592 1439 1348 1287 1287 1287 1409 1592
316A Acap  198208122 1714 1835 1896 1866 1805 1714 1561 1500 1439 1439 1470 1561
316A Acap  198208131 1653 1714 1744 1714 1592 1470 1348 1226 1195 1226 1287 1500
316A Acap  198208132 1622 1805 1896 1927 1866 1774 1683 1561 1470 1439 1439 1500
316A Acap  198208141 1592 1653 1714 1683 1622 1470 1348 1256 1165 1134 1195 1348
316A Acap  198208142 1500 1653 1866 1927 1957 1896 1805 1653 1500 1439 1409 1439
316A Acap  198208151 1531 1592 1653 1683 1622 1500 1378 1256 1134 1104 1134 1256
316A Acap  198208152 1378 1531 1744 1866 1896 1896 1835 1744 1592 1531 1439 1439
316A Acap  198208161 1500 1561 1622 1683 1683 1622 1500 1348 1195 1104 1073 1134
316A Acap  198208162 1256 1439 1592 1774 1866 1927 1927 1866 1744 1622 1531 1500
316A Acap  198208171 1500 1561 1622 1653 1653 1622 1531 1409 1287 1195 1104 1073
316A Acap  198208172 1134 1256 1409 1622 1744 1835 1866 1866 1805 1683 1592 1500
316A Acap  198208181 1470 1470 1531 1592 1622 1622 1592 1561 1409 1287 1195 1134
316A Acap  198208182 1134 1195 1317 1439 1592 1714 1805 1866 1866 1805 1714 1622
316A Acap  198208191 1561 1500 1470 1500 1561 1622 1622 1622 1592 1500 1439 1317
316A Acap  198208192 1256 1256 1317 1378 1561 1653 1744 1835 1866 1866 1835 1744
316A Acap  198208201 1653 1622 1531 1531 1500 1561 1592 1622 1653 1653 1592 1500
316A Acap  198208202 1439 1409 1378 1378 1439 1561 1622 1714 1805 1866 1866 1805
316A Acap  198208211 1744 1653 1561 1470 1470 1500 1531 1622 1653 1683 1714 1683
316A Acap  198208212 1622 1592 1500 1470 1439 1470 1500 1622 1714 1805 1896 1896
316A Acap  198208221 1835 1744 1653 1531 1470 1439 1470 1531 1592 1714 1774 1805
316A Acap  198208222 1805 1744 1683 1561 1500 1470 1470 1531 1592 1714 1774 1835
316A Acap  198208231 1835 1774 1683 1561 1439 1378 1378 1378 1470 1592 1744 1805
316A Acap  198208232 1866 1835 1805 1683 1531 1439 1409 1378 1470 1531 1653 1714
316A Acap  198208241 1774 1774 1714 1592 1470 1348 1287 1256 1317 1470 1622 1805
316A Acap  198208242 1866 1896 1835 1774 1653 1500 1409 1378 1348 1409 1500 1592
316A Acap  198208251 1714 1744 1714 1653 1531 1409 1287 1226 1226 1317 1439 1622
316A Acap  198208252 1805 1896 1927 1866 1774 1622 1531 1439 1378 1439 1500 1622
316A Acap  198208261 1683 1774 1805 1744 1622 1470 1317 1256 1226 1287 1439 1592
316A Acap  198208262 1744 1866 1927 1957 1866 1744 1622 1500 1439 1409 1470 1531
316A Acap  198208271 1653 1714 1744 1714 1653 1500 1378 1287 1226 1256 1348 1500
316A Acap  198208272 1653 1805 1866 1927 1866 1774 1653 1561 1500 1470 1470 1531
316A Acap  198208281 1622 1714 1714 1683 1653 1561 1439 1317 1256 1256 1317 1439
316A Acap  198208282 1592 1744 1866 1896 1896 1835 1744 1653 1531 1531 1500 1561
316A Acap  198208291 1592 1653 1683 1714 1622 1592 1470 1348 1317 1317 1348 1470
316A Acap  198208292 1592 1744 1866 1927 1957 1927 1896 1774 1683 1592 1561 1592
316A Acap  198208301 1622 1653 1714 1744 1714 1683 1561 1500 1409 1348 1348 1439
316A Acap  198208302 1500 1622 1774 1866 1927 1988 1957 1866 1774 1714 1683 1683
316A Acap  198208311 1714 1744 1805 1805 1774 1744 1653 1561 1470 1409 1409 1470
316A Acap  198208312 1531 1622 1744 1835 1896 1927 1927 1896 1835 1805 1744 1744
316A Acap  198209011 1744 1774 1774 1774 1744 1714 1653 1592 1531 1470 1409 1439
316A Acap  198209012 1500 1592 1683 1774 1835 1896 1927 1896 1866 1774 1744 1714
316A Acap  198209021 1683 1683 1683 1714 1714 1683 1653 1592 1531 1500 1439 1439
316A Acap  198209022 1439 1500 1592 1683 1714 1774 1805 1805 1805 1744 1714 1714
316A Acap  198209031 1714 1714 1714 1714 1714 1683 1653 1653 1622 1561 1500 1531
316A Acap  198209032 1531 1561 1561 1561 1531 1714 1714 1744 1774 1774 1774 1774
316A Acap  198209041 1744 1683 1683 1653 1653 1653 1653 1622 1622 1592 1561 1531
316A Acap  198209042 1531 1531 1531 1500 1531 1622 1653 1683 1744 1774 1774 1774
316A Acap  198209051 1744 1714 1683 1653 1622 1622 1622 1622 1683 1683 1683 1653
316A Acap  198209052 1653 1592 1561 1561 1531 1561 1592 1622 1653 1714 1744 1774
316A Acap  198209061 1744 1714 1622 1561 1531 1500 1531 1561 1622 1653 1714 1744
316A Acap  198209062 1744 1714 1653 1592 1531 1500 1500 1500 1561 1622 1714 1774
316A Acap  198209071 1774 1744 1683 1622 1500 1470 1470 1500 1592 1622 1744 1805
316A Acap  198209072 1866 1835 1805 1683 1592 1531 1470 1500 1531 1622 1714 1774
316A Acap  198209081 1805 1774 1714 1622 1531 1439 1378 1409 1500 1622 1774 1896
316A Acap  198209082 1957 1957 1896 1835 1714 1592 1470 1439 1470 1500 1653 1714
316A Acap  198209091 1805 1774 1744 1653 1531 1409 1348 1348 1378 1531 1683 1835
316A Acap  198209092 1988 2049 1988 1927 1805 1653 1531 1439 1409 1439 1531 1653
316A Acap  198209101 1744 1774 1744 1683 1592 1439 1317 1287 1287 1378 1531 1714
316A Acap  198209102 1896 2018 2079 2049 1957 1774 1622 1470 1409 1409 1470 1592
316A Acap  198209111 1683 1744 1744 1683 1622 1439 1287 1226 1195 1256 1409 1622
316A Acap  198209112 1805 1957 2049 2079 1988 1866 1714 1592 1470 1439 1439 1500
316A Acap  198209121 1592 1714 1774 1805 1744 1561 1409 1256 1165 1165 1226 1378
316A Acap  198209122 1592 1774 1927 2049 2079 1957 1835 1683 1531 1409 1409 1439
316A Acap  198209131 1531 1653 1744 1744 1714 1622 1439 1256 1165 1104 1104 1226
316A Acap  198209132 1439 1653 1866 1957 1988 1957 1835 1714 1531 1439 1409 1409
316A Acap  198209141 1500 1592 1714 1744 1714 1653 1500 1348 1226 1134 1134 1226
316A Acap  198209142 1348 1500 1683 1835 1896 1927 1866 1744 1653 1531 1439 1409
316A Acap  198209151 1439 1531 1622 1683 1744 1714 1653 1500 1378 1256 1195 1195
316A Acap  198209152 1256 1378 1500 1683 1805 1866 1866 1805 1714 1592 1531 1470
316A Acap  198209161 1470 1470 1561 1622 1683 1714 1714 1622 1531 1409 1287 1287
316A Acap  198209162 1256 1317 1439 1531 1653 1744 1805 1805 1744 1714 1622 1531
316A Acap  198209171 1470 1439 1470 1531 1622 1683 1683 1683 1653 1592 1500 1439
316A Acap  198209172 1378 1378 1409 1500 1561 1622 1714 1774 1774 1774 1714 1622
316A Acap  198209181 1561 1500 1439 1470 1500 1561 1622 1683 1714 1683 1653 1592
316A Acap  198209182 1531 1439 1439 1470 1500 1561 1622 1714 1774 1805 1805 1744
316A Acap  198209191 1653 1592 1500 1470 1470 1500 1561 1683 1805 1835 1835 1805
316A Acap  198209192 1744 1653 1561 1500 1470 1500 1561 1622 1683 1774 1805 1835
316A Acap  198209201 1774 1714 1653 1561 1531 1531 1561 1622 1714 1866 1927 1957
316A Acap  198209202 1927 1866 1774 1653 1561 1500 1470 1500 1561 1653 1744 1805
316A Acap  198209211 1774 1714 1653 1561 1470 1439 1439 1500 1592 1683 1835 1896
316A Acap  198209212 1927 1896 1835 1683 1561 1470 1378 1378 1378 1470 1592 1683
316A Acap  198209221 1714 1714 1622 1531 1409 1348 1287 1317 1409 1561 1744 1927
316A Acap  198209222 1988 1988 1927 1835 1653 1561 1409 1348 1348 1409 1500 1622
316A Acap  198209231 1683 1744 1683 1561 1439 1317 1287 1256 1317 1439 1592 1774
316A Acap  198209232 1927 1988 1988 1896 1774 1653 1500 1378 1348 1409 1500 1592
316A Acap  198209241 1683 1744 1744 1683 1561 1470 1348 1287 1317 1409 1561 1744
316A Acap  198209242 1896 2018 2049 2049 1957 1774 1622 1500 1439 1409 1500 1592
316A Acap  198209251 1714 1805 1866 1805 1744 1592 1439 1348 1317 1348 1470 1622
316A Acap  198209252 1805 1957 2049 2049 1988 1866 1714 1561 1439 1409 1439 1470
316A Acap  198209261 1561 1683 1744 1744 1683 1592 1470 1348 1287 1287 1348 1500
316A Acap  198209262 1653 1805 1927 1988 1957 1866 1744 1622 1531 1470 1439 1500
316A Acap  198209271 1561 1683 1744 1774 1744 1653 1531 1439 1348 1348 1378 1500
316A Acap  198209272 1622 1774 1927 1957 1988 1927 1835 1683 1592 1531 1500 1531
316A Acap  198209281 1561 1622 1683 1714 1683 1622 1531 1439 1378 1317 1348 1409
316A Acap  198209282 1531 1653 1774 1835 1866 1835 1805 1683 1561 1500 1500 1500
316A Acap  198209291 1531 1622 1653 1683 1683 1653 1561 1500 1439 1348 1317 1378
316A Acap  198209292 1470 1592 1683 1744 1805 1805 1744 1683 1622 1561 1561 1531
316A Acap  198209301 1592 1622 1683 1683 1683 1653 1592 1500 1439 1409 1378 1409
316A Acap  198209302 1470 1531 1622 1683 1744 1744 1744 1744 1683 1622 1561 1561
316A Acap  198210011 1561 1592 1622 1653 1683 1653 1622 1592 1531 1500 1470 1439
316A Acap  198210012 1439 1500 1561 1622 1653 1683 1714 1714 1683 1653 1622 1592
316A Acap  198210021 1592 1561 1561 1592 1622 1622 1622 1622 1592 1592 1561 1531
316A Acap  198210022 1531 1531 1531 1561 1592 1592 1622 1622 1622 1592 1592 1561
316A Acap  198210031 1531 1500 1531 1531 1561 1592 1622 1622 1653 1653 1622 1592
316A Acap  198210032 1561 1561 1531 1531 1531 1561 1561 1561 1561 1592 1592 1561
316A Acap  198210041 1561 1531 1531 1500 1531 1561 1622 1683 1744 1835 1866 1866
316A Acap  198210042 1835 1774 1683 1622 1592 1561 1561 1592 1653 1683 1683 1714
316A Acap  198210051 1683 1653 1592 1531 1531 1561 1592 1683 1744 1866 1927 1957
316A Acap  198210052 1957 1927 1805 1683 1622 1561 1531 1531 1592 1653 1744 1774
316A Acap  198210061 1744 1714 1653 1561 1500 1500 1500 1592 1683 1805 1927 1988
316A Acap  198210062 2049 2018 1927 1835 1683 1561 1500 1500 1531 1592 1683 1744
316A Acap  198210071 1774 1774 1683 1592 1470 1409 1409 1470 1592 1714 1896 1988
316A Acap  198210072 2079 2110 2049 1927 1744 1592 1500 1470 1439 1500 1592 1683
316A Acap  198210081 1744 1774 1744 1653 1531 1409 1378 1378 1470 1592 1774 1957
316A Acap  198210082 2079 2140 2140 2049 1896 1683 1561 1470 1470 1500 1592 1714
316A Acap  198210091 1774 1805 1774 1683 1561 1439 1317 1287 1348 1470 1653 1835
316A Acap  198210092 1988 2110 2140 2079 1957 1744 1592 1470 1439 1439 1531 1653
316A Acap  198210101 1714 1805 1774 1714 1622 1470 1348 1256 1256 1348 1500 1683
316A Acap  198210102 1896 2049 2140 2140 2049 1896 1653 1500 1439 1378 1409 1500
316A Acap  198210111 1622 1744 1774 1774 1714 1592 1439 1317 1256 1256 1378 1531
316A Acap  198210112 1744 1927 2049 2079 2049 1957 1774 1622 1500 1439 1470 1500
316A Acap  198210121 1622 1714 1805 1835 1774 1653 1531 1409 1287 1287 1348 1439
316A Acap  198210122 1622 1805 1957 2018 2018 1957 1866 1683 1531 1470 1470 1500
316A Acap  198210131 1592 1683 1805 1805 1805 1714 1622 1470 1348 1317 1348 1409
316A Acap  198210132 1531 1653 1805 1866 1866 1866 1805 1683 1622 1500 1470 1500
316A Acap  198210141 1531 1592 1683 1744 1744 1683 1653 1561 1439 1378 1348 1378
316A Acap  198210142 1470 1592 1683 1774 1805 1835 1805 1714 1622 1531 1470 1470
316A Acap  198210151 1470 1500 1592 1683 1744 1774 1744 1683 1592 1531 1470 1439
316A Acap  198210152 1439 1500 1561 1622 1683 1714 1683 1653 1622 1592 1531 1500
316A Acap  198210161 1470 1500 1531 1592 1683 1744 1805 1805 1744 1683 1622 1592
316A Acap  198210162 1531 1531 1561 1561 1622 1622 1653 1653 1653 1622 1592 1561
316A Acap  198210171 1531 1531 1531 1561 1622 1683 1774 1805 1835 1835 1805 1744
316A Acap  198210172 1683 1653 1622 1592 1592 1622 1622 1683 1714 1714 1714 1683
316A Acap  198210181 1622 1592 1531 1561 1561 1622 1714 1805 1896 1957 1957 1927
316A Acap  198210182 1896 1805 1714 1653 1592 1592 1592 1622 1653 1683 1714 1714
316A Acap  198210191 1714 1683 1592 1561 1531 1592 1622 1744 1835 1957 2049 2079
316A Acap  198210192 2049 1988 1866 1714 1622 1561 1561 1592 1622 1683 1774 1805
316A Acap  198210201 1805 1774 1683 1592 1531 1531 1592 1683 1805 1927 2079 2171
316A Acap  198210202 2171 2140 2018 1866 1744 1592 1561 1561 1592 1653 1744 1835
316A Acap  198210211 1835 1805 1774 1683 1561 1500 1500 1531 1653 1774 1927 2049
316A Acap  198210212 2110 2140 2079 1957 1805 1653 1531 1500 1500 1592 1714 1805
316A Acap  198210221 1866 1866 1866 1774 1683 1592 1531 1531 1622 1744 1896 2049
316A Acap  198210222 2171 2232 2201 2079 1927 1805 1653 1592 1592 1622 1683 1774
316A Acap  198210231 1866 1896 1866 1835 1744 1653 1592 1561 1592 1683 1835 1957
316A Acap  198210232 2110 2171 2171 2140 1988 1866 1683 1592 1592 1592 1653 1744
316A Acap  198210241 1835 1896 1896 1866 1805 1683 1592 1500 1531 1622 1714 1866
316A Acap  198210242 2018 2140 2201 2171 2079 1896 1744 1622 1561 1592 1653 1744
316A Acap  198210251 1866 1927 1988 1957 1866 1744 1622 1561 1531 1592 1714 1866
316A Acap  198210252 2049 2140 2201 2171 2110 1957 1805 1714 1653 1653 1683 1744
316A Acap  198210261 1835 1896 1927 1927 1866 1776 1673 1582 1531 1561 1622 1744
316A Acap  198210262 1896 2049 2110 2140 2079 2018 1896 1774 1683 1683 1683 1744
316A Acap  198210271 1805 1927 1957 1957 1896 1805 1683 1592 1531 1561 1622 1714
316A Acap  198210272 1835 1927 2018 2049 2049 1957 1866 1774 1683 1653 1653 1683
316A Acap  198210281 1774 1835 1896 1927 1927 1866 1774 1683 1622 1622 1653 1714
316A Acap  198210282 1805 1896 1957 1988 1988 1957 1866 1805 1714 1683 1653 1683
316A Acap  198210291 1744 1805 1896 1896 1927 1866 1805 1744 1683 1653 1653 1683
316A Acap  198210292 1714 1744 1835 1866 1896 1866 1805 1744 1683 1622 1622 1653
316A Acap  198210301 1683 1774 1805 1866 1866 1896 1866 1835 1774 1714 1653 1653
316A Acap  198210302 1683 1714 1744 1774 1805 1774 1744 1714 1683 1622 1622 1592
316A Acap  198210311 1592 1653 1714 1805 1866 1896 1927 1896 1866 1805 1744 1714
316A Acap  198210312 1683 1683 1714 1714 1714 1744 1714 1714 1653 1622 1592 1561
316A Acap  198211011 1561 1592 1653 1714 1805 1835 1896 1927 1927 1896 1866 1866
316A Acap  198211012 1805 1744 1714 1683 1683 1653 1653 1653 1683 1683 1653 1622
316A Acap  198211021 1592 1561 1592 1622 1683 1774 1866 1927 1988 2049 2049 1988
316A Acap  198211022 1927 1866 1744 1653 1622 1592 1622 1653 1683 1714 1683 1683
316A Acap  198211031 1653 1622 1531 1531 1561 1622 1714 1835 1957 2049 2110 2079
316A Acap  198211032 2018 1927 1835 1683 1561 1500 1470 1500 1592 1653 1683 1683
316A Acap  198211041 1653 1561 1470 1409 1378 1409 1531 1653 1774 1957 2079 2110
316A Acap  198211042 2110 1988 1866 1683 1561 1500 1439 1409 1500 1561 1622 1683
316A Acap  198211051 1653 1561 1470 1378 1317 1287 1348 1439 1622 1805 1988 2110
316A Acap  198211052 2140 2079 1988 1805 1622 1470 1378 1348 1378 1470 1592 1683
316A Acap  198211061 1683 1683 1622 1470 1348 1226 1226 1287 1409 1592 1805 2018
316A Acap  198211062 2140 2171 2079 1927 1744 1592 1439 1378 1348 1439 1561 1744
316A Acap  198211071 1835 1835 1774 1653 1531 1378 1287 1287 1378 1561 1714 1896
316A Acap  198211072 2049 2171 2171 2049 1866 1683 1500 1378 1348 1409 1500 1653
316A Acap  198211081 1744 1835 1835 1774 1653 1500 1378 1317 1317 1439 1561 1774
316A Acap  198211082 1957 2110 2140 2110 1988 1805 1622 1470 1439 1470 1561 1653
316A Acap  198211091 1805 1866 1927 1866 1774 1622 1470 1378 1348 1378 1500 1622
316A Acap  198211092 1835 1988 2110 2110 2049 1927 1744 1561 1470 1439 1439 1561
316A Acap  198211101 1683 1805 1896 1927 1866 1774 1622 1500 1378 1378 1378 1500
316A Acap  198211102 1683 1835 1957 1988 1957 1835 1683 1561 1439 1409 1409 1470
316A Acap  198211111 1592 1714 1805 1866 1805 1835 1714 1592 1439 1378 1378 1439
316A Acap  198211112 1592 1714 1805 1866 1866 1835 1714 1592 1470 1378 1378 1409
316A Acap  198211121 1500 1622 1714 1835 1896 1896 1805 1714 1592 1531 1470 1470
316A Acap  198211122 1531 1622 1653 1714 1744 1714 1683 1592 1500 1409 1378 1378
316A Acap  198211131 1409 1531 1622 1744 1805 1835 1835 1805 1744 1653 1561 1531
316A Acap  198211132 1500 1561 1592 1653 1683 1683 1683 1622 1592 1500 1439 1409
316A Acap  198211141 1409 1439 1531 1653 1714 1774 1805 1835 1805 1744 1683 1653
316A Acap  198211142 1592 1561 1531 1561 1561 1592 1592 1592 1592 1592 1531 1500
316A Acap  198211151 1500 1500 1500 1561 1653 1714 1805 1896 1927 1927 1866 1805
316A Acap  198211152 1714 1653 1561 1561 1531 1531 1531 1561 1592 1561 1561 1561
316A Acap  198211161 1531 1531 1500 1531 1592 1653 1744 1805 1896 1927 1957 1896
316A Acap  198211162 1835 1714 1622 1561 1500 1470 1439 1500 1561 1622 1653 1653
316A Acap  198211171 1622 1531 1470 1470 1500 1592 1683 1774 1866 1988 2018 2018
316A Acap  198211172 1957 1835 1744 1622 1561 1500 1500 1531 1561 1622 1622 1622
316A Acap  198211181 1622 1592 1561 1500 1470 1500 1531 1653 1805 1896 1988 2018
316A Acap  198211182 1988 1896 1744 1592 1470 1378 1348 1378 1439 1500 1592 1622
316A Acap  198211191 1622 1592 1531 1470 1409 1378 1439 1500 1622 1774 1896 1957
316A Acap  198211192 2049 1988 1866 1714 1592 1470 1378 1378 1439 1500 1561 1622
316A Acap  198211201 1683 1683 1592 1500 1439 1409 1409 1470 1531 1683 1805 1927
316A Acap  198211202 1957 1927 1866 1744 1592 1439 1348 1317 1317 1348 1439 1531
316A Acap  198211211 1592 1622 1622 1531 1470 1378 1378 1378 1439 1561 1714 1866
316A Acap  198211212 1957 1988 1988 1866 1744 1592 1470 1409 1378 1439 1500 1592
316A Acap  198211221 1653 1653 1653 1592 1500 1439 1409 1409 1439 1531 1653 1805
316A Acap  198211222 1957 2018 2049 1957 1805 1653 1531 1439 1409 1409 1470 1561
316A Acap  198211231 1653 1714 1744 1714 1622 1531 1439 1439 1470 1531 1653 1774
316A Acap  198211232 1896 1957 1990 1951 1849 1714 1561 1500 1470 1500 1531 1622
316A Acap  198211241 1714 1774 1805 1774 1744 1653 1592 1531 1500 1561 1653 1744
316A Acap  198211242 1866 1957 2018 2018 1927 1805 1683 1561 1500 1500 1531 1592
316A Acap  198211251 1653 1744 1835 1835 1835 1774 1653 1561 1531 1500 1561 1653
316A Acap  198211252 1744 1866 1957 1957 1927 1866 1744 1592 1500 1500 1500 1592
316A Acap  198211261 1653 1774 1835 1866 1866 1805 1714 1622 1561 1531 1561 1622
316A Acap  198211262 1683 1805 1866 1896 1866 1714 1653 1531 1439 1439 1439 1500
316A Acap  198211271 1622 1714 1774 1835 1835 1835 1774 1714 1622 1592 1592 1592
316A Acap  198211272 1622 1714 1774 1805 1805 1744 1653 1561 1470 1439 1439 1500
316A Acap  198211281 1561 1653 1744 1805 1866 1866 1866 1805 1744 1683 1622 1622
316A Acap  198211282 1622 1683 1714 1744 1744 1714 1653 1561 1439 1409 1378 1439
316A Acap  198211291 1470 1561 1683 1774 1866 1927 1927 1896 1835 1774 1714 1683
316A Acap  198211292 1622 1653 1653 1653 1653 1653 1622 1561 1500 1409 1378 1348
316A Acap  198211301 1378 1439 1561 1653 1774 1866 1927 1957 1957 1896 1835 1744
316A Acap  198211302 1683 1622 1592 1592 1592 1622 1622 1592 1561 1500 1409 1378
316A Acap  198212011 1348 1378 1439 1561 1683 1805 1927 2049 2079 2079 2018 1927
316A Acap  198212012 1866 1744 1653 1592 1561 1561 1592 1653 1653 1622 1561 1500
316A Acap  198212021 1439 1409 1439 1561 1653 1805 1988 2110 2171 2171 2140 2049
316A Acap  198212022 1927 1835 1714 1653 1622 1622 1622 1683 1744 1744 1744 1714
316A Acap  198212031 1653 1531 1470 1409 1439 1561 1683 1866 2049 2171 2232 2262
316A Acap  198212032 2232 2110 1896 1744 1622 1561 1561 1622 1714 1774 1805 1835
316A Acap  198212041 1744 1683 1531 1439 1378 1378 1470 1622 1835 2018 2171 2293
316A Acap  198212042 2262 2201 2049 1866 1653 1531 1470 1500 1592 1683 1805 1835
316A Acap  198212051 1835 1774 1683 1500 1378 1348 1348 1470 1622 1835 2049 2232
316A Acap  198212052 2293 2232 2110 1927 1683 1500 1409 1378 1439 1592 1714 1805
316A Acap  198212061 1866 1835 1774 1653 1500 1378 1317 1378 1500 1653 1866 2049
316A Acap  198212062 2171 2201 2110 1988 1774 1592 1439 1348 1378 1470 1622 1774
316A Acap  198212071 1896 1927 1896 1774 1653 1500 1378 1317 1348 1500 1683 1866
316A Acap  198212072 2049 2140 2140 2018 1866 1683 1531 1378 1348 1378 1531 1683
316A Acap  198212081 1835 1957 1957 1896 1805 1653 1500 1409 1378 1439 1592 1744
316A Acap  198212082 1866 1988 2018 1988 1896 1744 1622 1470 1409 1378 1470 1592
316A Acap  198212091 1714 1835 1896 1927 1896 1805 1683 1561 1439 1439 1470 1592
316A Acap  198212092 1683 1835 1927 1927 1896 1744 1622 1470 1409 1348 1348 1439
316A Acap  198212101 1592 1744 1896 1988 1988 1896 1805 1683 1561 1500 1500 1531
316A Acap  198212102 1653 1774 1866 1896 1866 1805 1683 1531 1409 1317 1348 1378
316A Acap  198212111 1531 1683 1805 1896 1927 1927 1896 1805 1714 1622 1561 1561
316A Acap  198212112 1592 1683 1805 1835 1835 1805 1744 1622 1531 1470 1409 1439
316A Acap  198212121 1500 1561 1683 1805 1896 1957 1988 1927 1866 1774 1653 1561
316A Acap  198212122 1531 1561 1622 1714 1744 1774 1744 1683 1592 1500 1470 1439
316A Acap  198212131 1470 1500 1622 1744 1866 1957 1988 2018 1927 1866 1774 1714
316A Acap  198212132 1653 1622 1622 1653 1683 1714 1683 1683 1653 1592 1531 1500
316A Acap  198212141 1439 1470 1531 1622 1744 1835 1927 1988 1988 1957 1896 1835
316A Acap  198212142 1744 1683 1683 1683 1653 1653 1653 1653 1653 1592 1531 1500
316A Acap  198212151 1439 1470 1470 1561 1653 1774 1866 1957 2018 2018 1988 1927
316A Acap  198212152 1805 1714 1622 1592 1561 1561 1561 1622 1622 1622 1592 1561
316A Acap  198212161 1500 1470 1439 1470 1531 1653 1744 1835 1957 1988 2018 1988
316A Acap  198212162 1896 1835 1714 1653 1592 1561 1531 1561 1592 1622 1622 1622
316A Acap  198212171 1592 1561 1531 1500 1500 1561 1653 1744 1866 1957 2018 1988
316A Acap  198212172 1957 1835 1714 1622 1500 1470 1470 1500 1531 1592 1622 1622
316A Acap  198212181 1592 1561 1470 1439 1439 1470 1561 1683 1805 1927 1988 2049
316A Acap  198212182 2018 1952 1841 1701 1561 1500 1470 1500 1531 1592 1622 1683
316A Acap  198212191 1683 1622 1592 1500 1470 1439 1470 1561 1653 1774 1896 1957
316A Acap  198212192 1988 1927 1835 1714 1561 1470 1409 1409 1439 1500 1561 1622
316A Acap  198212201 1622 1622 1592 1500 1439 1409 1409 1470 1592 1683 1835 1927
316A Acap  198212202 1988 2018 1957 1866 1714 1592 1470 1409 1409 1439 1531 1622
316A Acap  198212211 1714 1744 1714 1653 1531 1470 1439 1439 1531 1683 1805 1896
316A Acap  198212212 1988 2049 2018 1927 1774 1622 1531 1470 1470 1470 1561 1653
316A Acap  198212221 1744 1805 1805 1774 1714 1622 1561 1561 1561 1622 1744 1866
316A Acap  198212222 1957 2018 2018 1988 1866 1744 1622 1561 1500 1531 1592 1683
316A Acap  198212231 1744 1835 1866 1866 1805 1714 1622 1592 1561 1592 1683 1805
316A Acap  198212232 1896 1988 2018 1957 1866 1714 1622 1531 1470 1470 1531 1622
316A Acap  198212241 1683 1744 1866 1927 1866 1744 1683 1622 1561 1561 1622 1683
316A Acap  198212242 1805 1896 1957 1957 1866 1744 1622 1561 1470 1470 1500 1592
316A Acap  198212251 1683 1805 1896 1927 1927 1835 1774 1714 1653 1622 1622 1683
316A Acap  198212252 1744 1805 1866 1896 1866 1774 1683 1592 1500 1470 1500 1561
316A Acap  198212261 1683 1774 1866 1927 1988 1927 1866 1835 1744 1683 1622 1653
316A Acap  198212262 1683 1714 1805 1835 1805 1744 1653 1561 1470 1439 1409 1470
316A Acap  198212271 1561 1714 1866 1927 1988 2018 1988 1927 1835 1744 1683 1683
316A Acap  198212272 1683 1744 1774 1805 1774 1744 1653 1592 1500 1439 1378 1409
316A Acap  198212281 1470 1592 1774 1866 1988 2049 2049 2049 1957 1896 1835 1774
316A Acap  198212282 1744 1744 1744 1805 1805 1774 1744 1683 1561 1500 1439 1409
316A Acap  198212291 1439 1531 1653 1835 1957 2079 2140 2171 2110 2049 1988 1896
316A Acap  198212292 1835 1805 1835 1805 1805 1805 1774 1744 1653 1592 1531 1439
316A Acap  198212301 1439 1531 1592 1744 1866 2018 2110 2201 2232 2201 2140 2049
316A Acap  198212302 1988 1866 1805 1774 1774 1774 1805 1805 1744 1683 1622 1531
316A Acap  198212311 1470 1439 1470 1561 1744 1896 2018 2171 2232 2262 2232 2171
316A Acap  198212312 2049 1927 1835 1774 1744 1744 1744 1805 1805 1774 1714 1622
