316A Acapulco           Mexico              1967 16504N 099547W 0000 3 00000R MM
316A Acap  196701011 1439 1409 1317 1226 1134 1073 1104 1134 1256 1409 1561 1683
316A Acap  196701012 1744 1714 1622 1470 1317 1195 1104 1073 1104 1226 1348 1439
316A Acap  196701021 1531 1531 1470 1348 1226 1165 1104 1134 1195 1348 1500 1622
316A Acap  196701022 1683 1714 1653 1531 1378 1226 1104 1073 1073 1195 1317 1439
316A Acap  196701031 1561 1622 1622 1531 1409 1317 1195 1165 1195 1287 1378 1500
316A Acap  196701032 1622 1653 1653 1561 1378 1256 1104 1012  982 1073 1226 1378
316A Acap  196701041 1531 1653 1683 1683 1561 1439 1317 1195 1165 1165 1287 1409
316A Acap  196701042 1531 1592 1622 1561 1439 1287 1134 1012  982 1012 1104 1287
316A Acap  196701051 1439 1592 1683 1744 1714 1592 1470 1348 1256 1226 1256 1348
316A Acap  196701052 1409 1500 1531 1531 1409 1287 1134  982  952  921  982 1134
316A Acap  196701061 1287 1470 1622 1714 1744 1653 1561 1439 1317 1256 1226 1256
316A Acap  196701062 1348 1409 1470 1500 1439 1348 1226 1073  982  952  952 1073
316A Acap  196701071 1226 1409 1561 1622 1774 1774 1714 1622 1500 1409 1348 1287
316A Acap  196701072 1317 1378 1409 1439 1409 1348 1256 1134 1043  952  921  952
316A Acap  196701081 1043 1195 1378 1531 1653 1714 1744 1683 1592 1500 1409 1348
316A Acap  196701082 1348 1348 1378 1409 1409 1378 1317 1256 1165 1043  982  982
316A Acap  196701091 1012 1134 1256 1439 1561 1653 1683 1714 1683 1653 1561 1439
316A Acap  196701092 1378 1378 1348 1348 1348 1348 1317 1256 1195 1104 1043 1012
316A Acap  196701101 1012 1043 1134 1287 1439 1561 1653 1683 1683 1653 1622 1531
316A Acap  196701102 1409 1378 1348 1317 1287 1287 1287 1256 1226 1195 1165 1104
316A Acap  196701111 1073 1043 1073 1134 1256 1378 1470 1531 1653 1653 1622 1561
316A Acap  196701112 1470 1409 1348 1317 1256 1226 1287 1226 1256 1256 1195 1134
316A Acap  196701121 1165 1165 1134 1165 1195 1317 1409 1470 1592 1653 1683 1683
316A Acap  196701122 1622 1561 1470 1348 1287 1226 1226 1256 1256 1317 1317 1348
316A Acap  196701131 1317 1287 1256 1226 1226 1256 1378 1470 1561 1683 1774 1744
316A Acap  196701132 1744 1683 1592 1470 1378 1287 1226 1256 1287 1378 1409 1409
316A Acap  196701141 1439 1439 1378 1317 1287 1317 1317 1378 1500 1592 1683 1714
316A Acap  196701142 1744 1714 1622 1531 1439 1317 1256 1256 1287 1378 1409 1500
316A Acap  196701151 1531 1531 1500 1439 1378 1348 1317 1378 1409 1500 1622 1683
316A Acap  196701152 1744 1714 1653 1531 1409 1287 1226 1195 1256 1287 1348 1439
316A Acap  196701161 1500 1531 1531 1470 1409 1317 1287 1287 1317 1378 1470 1592
316A Acap  196701162 1653 1653 1622 1561 1409 1287 1195 1165 1165 1256 1317 1409
316A Acap  196701171 1500 1592 1592 1561 1500 1378 1317 1287 1287 1317 1378 1470
316A Acap  196701172 1592 1622 1622 1561 1439 1317 1226 1134 1134 1195 1287 1409
316A Acap  196701181 1531 1622 1683 1653 1592 1500 1378 1317 1287 1317 1378 1470
316A Acap  196701182 1531 1592 1622 1561 1439 1348 1226 1134 1104 1134 1226 1317
316A Acap  196701191 1470 1592 1683 1683 1653 1592 1500 1378 1317 1317 1317 1378
316A Acap  196701192 1439 1470 1500 1561 1500 1378 1256 1165 1134 1165 1226 1317
316A Acap  196701201 1470 1592 1714 1774 1774 1744 1653 1531 1439 1409 1378 1409
316A Acap  196701202 1470 1531 1561 1592 1531 1439 1317 1226 1195 1134 1165 1256
316A Acap  196701211 1378 1531 1653 1744 1774 1774 1683 1592 1500 1439 1378 1378
316A Acap  196701212 1409 1439 1500 1531 1470 1409 1287 1195 1104 1073 1104 1195
316A Acap  196701221 1317 1439 1592 1714 1744 1774 1744 1622 1561 1470 1409 1378
316A Acap  196701222 1378 1439 1470 1500 1470 1409 1317 1226 1104 1073 1012 1073
316A Acap  196701231 1195 1348 1500 1653 1744 1774 1774 1714 1622 1500 1439 1409
316A Acap  196701232 1378 1378 1439 1439 1409 1378 1317 1226 1104 1012 1012 1012
316A Acap  196701241 1073 1195 1348 1500 1622 1683 1744 1714 1683 1592 1531 1500
316A Acap  196701242 1439 1409 1409 1439 1439 1378 1348 1287 1226 1134 1073 1012
316A Acap  196701251 1043 1165 1287 1409 1500 1622 1683 1744 1714 1683 1592 1561
316A Acap  196701252 1470 1409 1378 1409 1409 1378 1317 1317 1287 1195 1134 1104
316A Acap  196701261 1073 1104 1165 1256 1348 1470 1592 1683 1714 1683 1653 1592
316A Acap  196701262 1531 1470 1409 1378 1378 1378 1348 1348 1317 1287 1226 1165
316A Acap  196701271 1104 1104 1104 1195 1256 1378 1500 1622 1683 1744 1744 1683
316A Acap  196701272 1622 1561 1470 1378 1348 1348 1317 1348 1378 1378 1348 1287
316A Acap  196701281 1226 1195 1134 1165 1195 1317 1409 1531 1622 1714 1744 1714
316A Acap  196701282 1653 1561 1439 1348 1287 1256 1287 1317 1378 1439 1470 1439
316A Acap  196701291 1409 1348 1287 1195 1165 1195 1256 1348 1470 1592 1683 1683
316A Acap  196701292 1653 1592 1470 1348 1226 1165 1165 1226 1317 1439 1531 1592
316A Acap  196701301 1592 1531 1409 1317 1256 1165 1195 1256 1348 1470 1561 1622
316A Acap  196701302 1653 1592 1500 1378 1226 1134 1073 1104 1195 1317 1470 1622
316A Acap  196701311 1683 1653 1592 1500 1378 1256 1195 1195 1256 1348 1500 1561
316A Acap  196701312 1622 1622 1561 1409 1287 1104 1012 1012 1073 1226 1409 1561
316A Acap  196702011 1683 1744 1744 1653 1531 1409 1256 1195 1165 1226 1348 1439
316A Acap  196702012 1531 1592 1561 1470 1317 1165 1043 1012  952 1043 1195 1317
316A Acap  196702021 1561 1683 1774 1744 1622 1500 1317 1195 1134 1134 1226 1287
316A Acap  196702022 1409 1470 1470 1470 1348 1195 1043  891  860  891 1012 1195
316A Acap  196702031 1439 1622 1744 1774 1714 1622 1470 1317 1195 1165 1195 1256
316A Acap  196702032 1348 1439 1500 1500 1409 1287 1104  952  891  891  952 1104
316A Acap  196702041 1256 1470 1622 1744 1744 1683 1561 1409 1287 1226 1165 1195
316A Acap  196702042 1287 1378 1439 1439 1409 1317 1165 1012  921  830  860  982
316A Acap  196702051 1134 1317 1470 1622 1714 1714 1653 1500 1378 1256 1195 1195
316A Acap  196702052 1226 1317 1378 1409 1409 1317 1226 1104  982  891  891  921
316A Acap  196702061 1043 1226 1378 1531 1653 1683 1683 1622 1500 1409 1287 1256
316A Acap  196702062 1256 1287 1348 1409 1409 1378 1317 1226 1104  982  952  891
316A Acap  196702071  982 1073 1226 1378 1500 1592 1622 1622 1531 1470 1378 1317
316A Acap  196702072 1317 1317 1317 1348 1378 1378 1317 1287 1195 1104 1012 1012
316A Acap  196702081 1012 1073 1195 1317 1409 1500 1561 1622 1592 1561 1470 1378
316A Acap  196702082 1348 1317 1317 1348 1317 1348 1317 1317 1256 1195 1134 1104
316A Acap  196702091 1043 1104 1165 1256 1317 1409 1500 1531 1561 1592 1531 1470
316A Acap  196702092 1439 1378 1317 1317 1287 1287 1287 1256 1287 1256 1226 1195
316A Acap  196702101 1195 1134 1195 1226 1287 1348 1409 1470 1531 1592 1592 1561
316A Acap  196702102 1500 1439 1378 1317 1256 1226 1226 1226 1256 1287 1287 1256
316A Acap  196702111 1256 1256 1226 1195 1226 1256 1317 1378 1439 1500 1531 1531
316A Acap  196702112 1531 1439 1378 1317 1256 1226 1195 1195 1256 1287 1317 1378
316A Acap  196702121 1378 1378 1317 1256 1226 1226 1226 1256 1317 1378 1439 1500
316A Acap  196702122 1500 1470 1378 1287 1165 1134 1104 1104 1134 1226 1317 1378
316A Acap  196702131 1409 1409 1378 1317 1256 1226 1195 1195 1226 1287 1378 1470
316A Acap  196702132 1500 1470 1409 1348 1226 1165 1134 1104 1134 1195 1317 1439
316A Acap  196702141 1500 1531 1500 1439 1348 1256 1195 1134 1165 1195 1287 1378
316A Acap  196702142 1439 1439 1409 1317 1195 1104  982  952  982 1043 1195 1348
316A Acap  196702151 1470 1531 1531 1470 1378 1256 1134 1073 1073 1104 1195 1317
316A Acap  196702152 1409 1439 1409 1348 1256 1134 1043 1012 1012 1073 1195 1317
316A Acap  196702161 1470 1561 1592 1561 1470 1348 1226 1134 1073 1104 1165 1256
316A Acap  196702162 1348 1409 1409 1348 1256 1134 1012  952  921  982 1134 1256
316A Acap  196702171 1439 1531 1622 1622 1561 1439 1317 1195 1134 1073 1134 1226
316A Acap  196702172 1317 1378 1409 1378 1287 1165 1043  982  982 1012 1073 1226
316A Acap  196702181 1378 1531 1622 1653 1622 1531 1409 1256 1134 1073 1073 1134
316A Acap  196702182 1195 1287 1317 1317 1256 1165 1073  982  921  921 1012 1165
316A Acap  196702191 1348 1439 1561 1653 1653 1531 1378 1226 1073 1012  982 1012
316A Acap  196702192 1073 1134 1195 1226 1226 1165 1073  982  891  891  921 1043
316A Acap  196702201 1195 1378 1531 1622 1653 1622 1561 1439 1317 1195 1165 1134
316A Acap  196702202 1165 1226 1287 1287 1256 1165 1073  952  860  830  860  952
316A Acap  196702211 1073 1256 1409 1531 1592 1622 1561 1500 1378 1287 1195 1195
316A Acap  196702212 1195 1256 1287 1317 1287 1226 1104 1012  921  830  830  860
316A Acap  196702221  952 1134 1287 1470 1531 1592 1592 1531 1439 1348 1287 1256
316A Acap  196702222 1226 1256 1287 1348 1317 1287 1226 1134 1043  952  891  891
316A Acap  196702231  952 1073 1195 1378 1500 1561 1592 1561 1500 1439 1378 1317
316A Acap  196702232 1287 1256 1287 1317 1348 1317 1287 1226 1134 1073  982  952
316A Acap  196702241  952 1012 1134 1226 1378 1470 1531 1561 1531 1470 1378 1317
316A Acap  196702242 1287 1256 1226 1226 1287 1317 1348 1317 1287 1226 1134 1073
316A Acap  196702251 1043 1043 1073 1134 1226 1348 1439 1470 1500 1470 1439 1378
316A Acap  196702252 1287 1226 1195 1195 1195 1256 1287 1348 1378 1378 1317 1256
316A Acap  196702261 1226 1134 1134 1134 1195 1256 1317 1409 1470 1470 1470 1409
316A Acap  196702262 1378 1287 1256 1165 1134 1165 1226 1317 1409 1439 1470 1439
316A Acap  196702271 1409 1317 1226 1195 1134 1165 1226 1256 1348 1409 1470 1470
316A Acap  196702272 1409 1348 1256 1165 1104 1104 1134 1195 1348 1439 1531 1592
316A Acap  196702281 1592 1531 1439 1317 1226 1165 1165 1195 1256 1317 1409 1439
316A Acap  196702282 1470 1409 1317 1195 1073 1012  982 1012 1165 1317 1470 1592
316A Acap  196703011 1683 1683 1592 1500 1317 1195 1134 1073 1104 1195 1287 1378
316A Acap  196703012 1470 1470 1378 1256 1104  982  891  891 1012 1165 1378 1561
316A Acap  196703021 1744 1774 1744 1622 1470 1287 1165 1073 1073 1104 1226 1348
316A Acap  196703022 1439 1500 1439 1348 1195 1043  921  860  891 1012 1195 1409
316A Acap  196703031 1622 1774 1805 1744 1622 1439 1256 1073 1012 1012 1104 1256
316A Acap  196703032 1378 1470 1470 1409 1287 1134  952  860  799  860 1012 1226
316A Acap  196703041 1470 1683 1774 1805 1714 1561 1348 1195 1073 1043 1104 1195
316A Acap  196703042 1287 1378 1439 1439 1317 1165 1012  891  799  799  921 1073
316A Acap  196703051 1287 1500 1653 1744 1744 1622 1439 1287 1165 1104 1104 1165
316A Acap  196703052 1256 1378 1439 1470 1378 1287 1104  952  830  799  891 1012
316A Acap  196703061 1165 1378 1561 1653 1714 1683 1531 1378 1256 1165 1134 1165
316A Acap  196703062 1226 1317 1409 1500 1439 1348 1226 1073  952  891  891  952
316A Acap  196703071 1073 1226 1409 1531 1622 1622 1531 1470 1348 1226 1165 1165
316A Acap  196703072 1226 1287 1378 1439 1439 1409 1317 1195 1073  982  952  982
316A Acap  196703081 1073 1195 1348 1470 1592 1622 1592 1531 1409 1317 1256 1226
316A Acap  196703082 1256 1287 1317 1378 1409 1409 1378 1256 1165 1104 1012 1043
316A Acap  196703091 1073 1165 1256 1348 1439 1500 1500 1439 1409 1317 1287 1226
316A Acap  196703092 1226 1226 1256 1287 1287 1317 1287 1256 1195 1134 1104 1073
316A Acap  196703101 1073 1104 1165 1226 1287 1317 1378 1409 1378 1348 1317 1287
316A Acap  196703102 1256 1226 1226 1226 1226 1226 1256 1256 1226 1226 1195 1195
316A Acap  196703111 1165 1165 1165 1195 1226 1256 1287 1317 1348 1378 1348 1317
316A Acap  196703112 1317 1256 1226 1195 1195 1195 1226 1226 1287 1287 1317 1317
316A Acap  196703121 1287 1256 1195 1195 1226 1195 1226 1226 1256 1317 1378 1378
316A Acap  196703122 1317 1287 1256 1195 1165 1134 1165 1195 1226 1317 1348 1378
316A Acap  196703131 1378 1348 1317 1226 1195 1165 1134 1165 1195 1256 1317 1317
316A Acap  196703132 1317 1317 1256 1195 1134 1134 1134 1134 1226 1287 1378 1439
316A Acap  196703141 1439 1439 1378 1317 1226 1134 1134 1104 1134 1195 1256 1317
316A Acap  196703142 1348 1317 1256 1195 1104 1043 1043 1073 1165 1256 1378 1500
316A Acap  196703151 1561 1561 1500 1409 1287 1195 1104 1073 1073 1134 1195 1287
316A Acap  196703152 1348 1317 1287 1226 1165 1073 1043 1043 1073 1195 1348 1470
316A Acap  196703161 1561 1592 1561 1470 1348 1226 1134 1073 1043 1073 1165 1226
316A Acap  196703162 1317 1378 1348 1256 1134 1043  982  982 1043 1165 1317 1470
316A Acap  196703171 1561 1622 1653 1531 1439 1287 1165 1043  982 1012 1073 1165
316A Acap  196703172 1256 1317 1317 1256 1134 1043  952  921  921 1043 1195 1348
316A Acap  196703181 1531 1622 1653 1622 1531 1378 1226 1104 1043 1043 1104 1165
316A Acap  196703182 1287 1317 1348 1317 1195 1073  952  891  891  952 1104 1256
316A Acap  196703191 1439 1592 1653 1653 1561 1409 1256 1134 1043 1012 1043 1134
316A Acap  196703192 1226 1317 1348 1317 1226 1104  952  860  830  891 1012 1195
316A Acap  196703201 1378 1531 1622 1653 1592 1500 1378 1226 1104 1043 1073 1134
316A Acap  196703202 1226 1317 1378 1348 1256 1165 1012  891  830  830  921 1104
316A Acap  196703211 1256 1470 1592 1683 1683 1622 1470 1348 1195 1134 1134 1165
316A Acap  196703212 1256 1317 1378 1378 1348 1256 1104  952  891  830  921 1043
316A Acap  196703221 1195 1348 1531 1653 1653 1592 1500 1378 1226 1134 1104 1134
316A Acap  196703222 1195 1317 1378 1409 1409 1287 1165 1012  921  830  860  921
316A Acap  196703231 1043 1195 1378 1531 1592 1592 1500 1409 1287 1195 1134 1134
316A Acap  196703232 1195 1226 1348 1378 1378 1378 1256 1165 1012  921  891  921
316A Acap  196703241  982 1134 1256 1378 1470 1470 1470 1409 1287 1226 1134 1134
316A Acap  196703242 1104 1104 1226 1287 1317 1378 1317 1256 1134 1043  982  982
316A Acap  196703251  982 1043 1165 1287 1378 1439 1439 1409 1378 1256 1195 1165
316A Acap  196703252 1134 1134 1165 1226 1287 1348 1378 1348 1317 1256 1195 1134
316A Acap  196703261 1104 1073 1104 1165 1256 1317 1348 1378 1348 1317 1256 1195
316A Acap  196703262 1134 1104 1104 1134 1195 1256 1348 1409 1439 1439 1378 1317
316A Acap  196703271 1287 1195 1165 1134 1165 1195 1226 1256 1287 1317 1287 1226
316A Acap  196703272 1165 1104 1073 1043 1043 1134 1226 1317 1439 1500 1531 1500
316A Acap  196703281 1439 1348 1256 1165 1104 1073 1104 1134 1195 1256 1256 1256
316A Acap  196703282 1195 1134 1043  982  952  952 1043 1134 1317 1500 1561 1653
316A Acap  196703291 1622 1561 1409 1256 1134 1043 1012 1043 1104 1165 1256 1317
316A Acap  196703292 1287 1226 1134 1012  921  860  891 1012 1134 1317 1531 1653
316A Acap  196703301 1714 1683 1561 1409 1226 1104 1012  982  982 1073 1195 1287
316A Acap  196703302 1317 1317 1226 1073  952  860  799  830  952 1165 1348 1561
316A Acap  196703311 1714 1744 1683 1531 1378 1165 1012  921  952 1012 1134 1226
316A Acap  196703312 1317 1348 1287 1195 1043  891  769  769  860 1012 1195 1439
316A Acap  196704011 1622 1714 1714 1653 1470 1287 1104  982  921  952 1043 1165
316A Acap  196704012 1287 1348 1348 1287 1165  982  830  769  769  891 1073 1256
316A Acap  196704021 1500 1653 1744 1714 1622 1439 1226 1043  982  982 1043 1134
316A Acap  196704022 1256 1348 1409 1348 1256 1104  952  830  799  860  982 1165
316A Acap  196704031 1378 1531 1683 1683 1653 1500 1348 1195 1073 1043 1073 1165
316A Acap  196704032 1256 1378 1409 1409 1348 1256 1104  982  891  891  952 1073
316A Acap  196704041 1256 1439 1561 1622 1622 1561 1378 1256 1165 1073 1073 1104
316A Acap  196704042 1195 1287 1378 1378 1378 1317 1195 1073  982  921  952 1043
316A Acap  196704051 1165 1287 1439 1531 1531 1500 1439 1317 1195 1134 1104 1134
316A Acap  196704052 1195 1256 1317 1378 1348 1287 1226 1165 1073 1012  982 1043
316A Acap  196704061 1134 1226 1348 1439 1500 1500 1439 1348 1287 1195 1195 1195
316A Acap  196704062 1226 1256 1317 1378 1378 1378 1317 1256 1195 1134 1134 1165
316A Acap  196704071 1195 1256 1317 1348 1409 1439 1378 1348 1287 1226 1226 1195
316A Acap  196704072 1195 1287 1317 1348 1348 1378 1378 1348 1317 1287 1256 1256
316A Acap  196704081 1287 1317 1317 1378 1409 1409 1409 1409 1348 1317 1287 1287
316A Acap  196704082 1287 1287 1317 1317 1348 1378 1378 1409 1409 1378 1378 1378
316A Acap  196704091 1348 1348 1317 1317 1317 1317 1317 1317 1317 1317 1317 1317
316A Acap  196704092 1317 1287 1287 1317 1348 1348 1378 1378 1409 1409 1439 1439
316A Acap  196704101 1439 1378 1348 1287 1256 1226 1256 1256 1256 1256 1287 1287
316A Acap  196704102 1287 1256 1256 1256 1256 1256 1287 1348 1439 1470 1470 1531
316A Acap  196704111 1531 1470 1378 1287 1256 1195 1165 1134 1165 1226 1256 1287
316A Acap  196704112 1287 1226 1195 1195 1195 1195 1226 1287 1378 1439 1500 1561
316A Acap  196704121 1561 1531 1470 1348 1256 1195 1134 1104 1104 1195 1256 1287
316A Acap  196704122 1287 1287 1256 1195 1165 1134 1165 1195 1287 1409 1500 1592
316A Acap  196704131 1622 1592 1531 1378 1256 1195 1104 1043 1043 1104 1165 1226
316A Acap  196704132 1256 1256 1226 1134 1073 1043 1073 1134 1195 1317 1439 1531
316A Acap  196704141 1622 1622 1561 1439 1317 1195 1073 1012  982 1043 1134 1195
316A Acap  196704142 1256 1226 1195 1134 1073 1012  982 1043 1134 1287 1409 1561
316A Acap  196704151 1653 1683 1622 1500 1348 1226 1104 1012  982 1043 1104 1195
316A Acap  196704152 1256 1256 1256 1165 1073  982  952  952 1012 1134 1317 1470
316A Acap  196704161 1622 1683 1653 1592 1439 1287 1134 1043  982 1043 1134 1195
316A Acap  196704162 1287 1317 1317 1256 1134 1043  952  921  952 1043 1195 1409
316A Acap  196704171 1561 1683 1683 1653 1531 1378 1195 1073 1012  982 1043 1134
316A Acap  196704172 1226 1317 1317 1256 1165 1073  952  891  921 1012 1134 1317
316A Acap  196704181 1470 1622 1653 1653 1592 1439 1256 1134 1043 1012 1043 1104
316A Acap  196704182 1226 1287 1348 1317 1226 1104 1012  891  860  891  982 1165
316A Acap  196704191 1317 1500 1622 1622 1592 1470 1317 1226 1104 1012 1043 1104
316A Acap  196704192 1195 1287 1348 1348 1317 1226 1073  982  921  891  952 1104
316A Acap  196704201 1256 1409 1531 1592 1561 1500 1378 1226 1134 1043 1043 1104
316A Acap  196704202 1195 1317 1378 1409 1378 1287 1195 1073  982  982  952 1043
316A Acap  196704211 1165 1317 1439 1500 1531 1500 1409 1287 1134 1073 1012 1043
316A Acap  196704212 1134 1226 1317 1409 1409 1378 1317 1195 1104 1043 1012 1012
316A Acap  196704221 1104 1226 1317 1409 1439 1439 1378 1256 1165 1073 1012 1012
316A Acap  196704222 1043 1134 1226 1317 1409 1439 1439 1348 1256 1165 1104 1104
316A Acap  196704231 1104 1165 1226 1317 1348 1348 1317 1256 1165 1073  982  952
316A Acap  196704232  952 1012 1104 1195 1317 1409 1470 1470 1409 1348 1287 1226
316A Acap  196704241 1165 1134 1165 1195 1256 1256 1287 1226 1195 1104 1012  952
316A Acap  196704242  921  921  982 1073 1195 1317 1439 1531 1531 1561 1500 1409
316A Acap  196704251 1317 1226 1195 1165 1165 1165 1165 1195 1195 1165 1104 1012
316A Acap  196704252  982  952  952  952 1043 1165 1317 1439 1561 1622 1653 1592
316A Acap  196704261 1500 1378 1256 1165 1104 1104 1134 1165 1195 1195 1226 1165
316A Acap  196704262 1104 1043  952  891  921 1012 1165 1348 1531 1683 1744 1744
316A Acap  196704271 1683 1561 1409 1226 1134 1043 1043 1104 1165 1226 1256 1226
316A Acap  196704272 1226 1165 1012  891  860  891 1012 1134 1348 1561 1714 1774
316A Acap  196704281 1805 1714 1561 1348 1165 1043  982  982 1073 1165 1256 1317
316A Acap  196704282 1317 1256 1134 1012  891  830  891 1012 1165 1378 1592 1744
316A Acap  196704291 1805 1774 1653 1470 1317 1134 1043  982 1012 1104 1195 1317
316A Acap  196704292 1348 1348 1256 1134  982  891  830  830  952 1134 1378 1561
316A Acap  196704301 1683 1805 1744 1592 1378 1195 1073  982  982 1043 1134 1256
316A Acap  196704302 1348 1409 1378 1273 1134  982  891  860  921 1073 1226 1439
316A Acap  196705011 1592 1683 1714 1653 1470 1317 1165 1043  982 1012 1104 1226
316A Acap  196705012 1317 1409 1409 1348 1226 1073 1012  952  891  952 1104 1287
316A Acap  196705021 1439 1592 1653 1622 1531 1378 1195 1104 1012 1012 1043 1134
316A Acap  196705022 1256 1348 1378 1348 1317 1195 1073  982  921  952 1043 1165
316A Acap  196705031 1317 1470 1531 1531 1470 1378 1256 1104 1012  952  982 1073
316A Acap  196705032 1165 1287 1378 1409 1378 1287 1195 1104 1043 1012 1012 1104
316A Acap  196705041 1226 1348 1439 1470 1439 1409 1317 1195 1073 1043 1012 1073
316A Acap  196705042 1165 1256 1317 1378 1409 1348 1287 1195 1134 1104 1104 1134
316A Acap  196705051 1195 1287 1348 1409 1439 1378 1348 1226 1134 1073 1043 1073
316A Acap  196705052 1134 1195 1256 1317 1378 1378 1348 1317 1256 1195 1165 1165
316A Acap  196705061 1195 1256 1287 1348 1348 1317 1287 1226 1165 1104 1073 1073
316A Acap  196705062 1104 1134 1195 1287 1348 1409 1409 1378 1348 1317 1256 1256
316A Acap  196705071 1256 1256 1256 1287 1287 1287 1226 1195 1165 1104 1073 1104
316A Acap  196705072 1104 1134 1195 1256 1317 1348 1409 1439 1409 1409 1378 1317
316A Acap  196705081 1256 1226 1195 1226 1195 1195 1195 1195 1195 1134 1134 1134
316A Acap  196705082 1134 1104 1134 1195 1256 1317 1378 1439 1470 1470 1470 1439
316A Acap  196705091 1378 1317 1256 1195 1134 1104 1104 1134 1165 1165 1165 1165
316A Acap  196705092 1134 1104 1104 1134 1195 1256 1378 1470 1531 1592 1592 1561
316A Acap  196705101 1500 1409 1287 1226 1134 1104 1104 1134 1165 1165 1165 1165
316A Acap  196705102 1134 1104 1073 1073 1073 1165 1256 1348 1439 1531 1592 1592
316A Acap  196705111 1561 1470 1348 1226 1134 1104 1104 1104 1165 1195 1195 1195
316A Acap  196705112 1195 1165 1104 1073 1073 1134 1195 1317 1439 1561 1622 1683
316A Acap  196705121 1683 1592 1439 1317 1195 1134 1073 1073 1104 1165 1226 1226
316A Acap  196705122 1195 1165 1104 1073 1043 1043 1104 1195 1348 1470 1622 1683
316A Acap  196705131 1683 1683 1561 1409 1256 1165 1073 1043 1073 1134 1195 1256
316A Acap  196705132 1256 1226 1165 1073 1012 1012 1043 1134 1256 1439 1592 1683
316A Acap  196705141 1744 1714 1653 1500 1348 1195 1073 1043 1073 1134 1195 1256
316A Acap  196705142 1287 1287 1226 1104 1043  982 1012 1043 1165 1287 1470 1592
316A Acap  196705151 1714 1744 1683 1561 1439 1287 1134 1073 1043 1104 1165 1226
316A Acap  196705152 1287 1317 1287 1195 1073 1012  982 1012 1104 1226 1378 1531
316A Acap  196705161 1683 1744 1714 1592 1470 1317 1165 1073 1043 1043 1165 1256
316A Acap  196705162 1348 1348 1317 1256 1195 1104 1012  982 1012 1104 1287 1439
316A Acap  196705171 1622 1683 1714 1653 1531 1409 1226 1104 1043 1043 1134 1195
316A Acap  196705172 1287 1348 1378 1378 1317 1195 1104 1012  982 1043 1195 1348
316A Acap  196705181 1500 1622 1683 1683 1592 1470 1317 1165 1104 1043 1073 1195
316A Acap  196705182 1317 1439 1470 1500 1500 1348 1256 1165 1104 1073 1165 1287
316A Acap  196705191 1439 1561 1622 1622 1592 1470 1348 1226 1134 1104 1104 1195
316A Acap  196705192 1317 1439 1500 1592 1592 1531 1439 1317 1226 1226 1256 1256
316A Acap  196705201 1378 1500 1592 1653 1622 1561 1470 1317 1195 1104 1104 1195
316A Acap  196705202 1287 1409 1561 1653 1683 1683 1622 1531 1439 1348 1317 1348
316A Acap  196705211 1378 1470 1561 1622 1622 1531 1470 1348 1195 1104 1073 1104
316A Acap  196705212 1195 1287 1439 1592 1683 1744 1744 1683 1622 1500 1439 1378
316A Acap  196705221 1378 1409 1470 1470 1500 1470 1409 1317 1256 1134 1073 1043
316A Acap  196705222 1073 1165 1287 1439 1592 1683 1774 1774 1744 1653 1561 1470
316A Acap  196705231 1409 1378 1378 1409 1439 1439 1439 1409 1317 1226 1165 1104
316A Acap  196705232 1073 1073 1165 1287 1439 1592 1714 1774 1774 1774 1714 1622
316A Acap  196705241 1500 1378 1348 1317 1317 1317 1348 1348 1317 1256 1195 1134
316A Acap  196705242 1073 1012 1043 1134 1287 1439 1592 1714 1805 1866 1835 1774
316A Acap  196705251 1653 1531 1409 1348 1317 1287 1287 1317 1317 1317 1317 1256
316A Acap  196705252 1134 1073 1043 1043 1134 1226 1378 1561 1744 1866 1896 1896
316A Acap  196705261 1805 1714 1531 1409 1317 1287 1256 1317 1348 1409 1409 1348
316A Acap  196705262 1317 1256 1165 1104 1104 1195 1287 1439 1653 1805 1896 1957
316A Acap  196705271 1927 1805 1653 1531 1378 1287 1256 1287 1348 1409 1439 1500
316A Acap  196705272 1470 1378 1317 1195 1134 1104 1165 1287 1500 1653 1805 1927
316A Acap  196705281 1957 1896 1774 1592 1439 1317 1256 1256 1256 1348 1439 1500
316A Acap  196705282 1531 1470 1378 1317 1195 1165 1165 1256 1378 1561 1714 1835
316A Acap  196705291 1927 1927 1835 1683 1500 1378 1256 1226 1256 1317 1409 1470
316A Acap  196705292 1561 1561 1531 1470 1348 1256 1226 1226 1287 1439 1592 1744
316A Acap  196705301 1835 1866 1866 1744 1592 1439 1287 1256 1226 1287 1348 1470
316A Acap  196705302 1561 1622 1592 1531 1439 1348 1256 1195 1226 1317 1439 1561
316A Acap  196705311 1714 1805 1835 1744 1592 1439 1317 1195 1134 1165 1226 1348
316A Acap  196705312 1470 1561 1592 1592 1561 1470 1348 1287 1256 1287 1348 1470
316A Acap  196706011 1592 1683 1744 1714 1622 1500 1348 1195 1134 1104 1134 1256
316A Acap  196706012 1378 1500 1592 1622 1592 1561 1439 1348 1287 1256 1256 1348
316A Acap  196706021 1470 1561 1622 1653 1622 1531 1409 1287 1195 1165 1165 1226
316A Acap  196706022 1317 1470 1592 1653 1653 1622 1531 1470 1378 1348 1317 1348
316A Acap  196706031 1439 1531 1622 1622 1592 1531 1470 1317 1226 1134 1165 1195
316A Acap  196706032 1256 1378 1500 1622 1683 1714 1653 1592 1531 1470 1409 1378
316A Acap  196706041 1409 1470 1500 1531 1531 1500 1439 1348 1287 1226 1195 1195
316A Acap  196706042 1226 1317 1439 1531 1622 1653 1683 1683 1592 1531 1470 1439
316A Acap  196706051 1409 1409 1439 1439 1470 1470 1439 1409 1287 1226 1226 1195
316A Acap  196706052 1195 1256 1378 1500 1561 1683 1714 1714 1714 1653 1622 1561
316A Acap  196706061 1500 1470 1439 1409 1409 1409 1409 1348 1317 1287 1226 1195
316A Acap  196706062 1195 1256 1317 1409 1500 1592 1653 1714 1714 1653 1622 1561
316A Acap  196706071 1500 1439 1409 1378 1378 1378 1348 1317 1287 1256 1226 1195
316A Acap  196706072 1195 1226 1256 1317 1409 1531 1622 1683 1744 1744 1744 1683
316A Acap  196706081 1592 1500 1409 1348 1317 1287 1317 1317 1287 1287 1256 1226
316A Acap  196706082 1195 1195 1195 1226 1287 1378 1500 1622 1714 1744 1744 1714
316A Acap  196706091 1622 1500 1409 1348 1287 1256 1226 1287 1256 1256 1287 1226
316A Acap  196706092 1195 1165 1134 1165 1195 1317 1439 1531 1653 1744 1774 1774
316A Acap  196706101 1714 1622 1500 1378 1256 1226 1195 1195 1226 1256 1256 1287
316A Acap  196706102 1226 1195 1134 1134 1165 1195 1317 1439 1561 1683 1774 1835
316A Acap  196706111 1805 1714 1592 1439 1348 1256 1226 1256 1256 1317 1348 1378
316A Acap  196706112 1378 1317 1226 1165 1134 1165 1256 1348 1470 1592 1714 1774
316A Acap  196706121 1805 1774 1622 1470 1348 1226 1165 1165 1195 1256 1348 1378
316A Acap  196706122 1378 1348 1317 1226 1165 1104 1134 1226 1348 1470 1653 1744
316A Acap  196706131 1774 1774 1653 1531 1378 1256 1165 1134 1165 1226 1317 1409
316A Acap  196706132 1531 1500 1409 1317 1195 1104 1104 1134 1226 1348 1500 1653
316A Acap  196706141 1744 1774 1714 1622 1470 1287 1165 1104 1134 1195 1287 1409
316A Acap  196706142 1470 1500 1500 1409 1317 1195 1134 1134 1195 1287 1378 1531
316A Acap  196706151 1683 1744 1714 1622 1500 1378 1256 1165 1134 1165 1287 1409
316A Acap  196706152 1500 1592 1622 1561 1500 1409 1287 1256 1256 1317 1439 1561
316A Acap  196706161 1653 1714 1805 1714 1622 1470 1348 1226 1165 1195 1287 1409
316A Acap  196706162 1531 1622 1714 1744 1683 1592 1500 1378 1317 1348 1409 1470
316A Acap  196706171 1561 1622 1653 1653 1592 1439 1317 1195 1104 1134 1165 1256
316A Acap  196706172 1409 1561 1683 1744 1744 1683 1592 1500 1409 1317 1287 1348
316A Acap  196706181 1439 1500 1531 1561 1531 1439 1317 1195 1073 1012 1043 1104
316A Acap  196706182 1226 1378 1561 1683 1744 1744 1683 1592 1470 1378 1287 1287
316A Acap  196706191 1317 1378 1439 1470 1439 1409 1348 1195 1073 1012  952  982
316A Acap  196706192 1073 1226 1409 1561 1683 1774 1744 1683 1592 1500 1378 1317
316A Acap  196706201 1287 1317 1348 1378 1409 1378 1348 1226 1134 1043  982  952
316A Acap  196706202  982 1134 1287 1439 1592 1714 1774 1805 1744 1653 1500 1409
316A Acap  196706211 1348 1317 1348 1348 1378 1348 1348 1348 1226 1134 1012  952
316A Acap  196706212  982 1043 1165 1317 1500 1653 1774 1835 1866 1774 1683 1622
316A Acap  196706221 1531 1439 1378 1409 1378 1439 1439 1409 1378 1317 1287 1195
316A Acap  196706222 1134 1134 1195 1317 1439 1592 1714 1835 1866 1927 1866 1774
316A Acap  196706231 1683 1561 1500 1439 1409 1470 1470 1500 1500 1470 1409 1317
316A Acap  196706232 1287 1195 1165 1165 1256 1409 1531 1653 1774 1835 1896 1835
316A Acap  196706241 1744 1622 1500 1409 1317 1317 1317 1348 1409 1409 1409 1378
316A Acap  196706242 1317 1226 1134 1104 1134 1226 1378 1531 1683 1774 1866 1835
316A Acap  196706251 1774 1683 1531 1409 1348 1287 1287 1287 1348 1378 1409 1409
316A Acap  196706252 1378 1317 1256 1165 1134 1195 1287 1378 1470 1622 1744 1805
316A Acap  196706261 1774 1714 1561 1439 1287 1195 1134 1165 1226 1287 1409 1439
316A Acap  196706262 1439 1409 1317 1256 1134 1104 1104 1195 1287 1409 1561 1653
316A Acap  196706271 1714 1653 1592 1439 1317 1195 1104 1104 1104 1195 1287 1378
316A Acap  196706272 1439 1439 1409 1348 1256 1195 1134 1165 1195 1317 1439 1561
316A Acap  196706281 1622 1653 1622 1561 1409 1256 1165 1104 1073 1104 1195 1317
316A Acap  196706282 1409 1470 1470 1409 1378 1287 1226 1165 1165 1226 1348 1439
316A Acap  196706291 1531 1622 1653 1561 1470 1317 1226 1134 1073 1104 1165 1287
316A Acap  196706292 1378 1500 1500 1531 1500 1409 1348 1256 1256 1287 1348 1439
316A Acap  196706301 1500 1561 1622 1592 1531 1409 1287 1165 1073 1104 1165 1287
316A Acap  196706302 1409 1531 1622 1683 1622 1561 1470 1439 1348 1348 1348 1378
316A Acap  196707011 1470 1531 1592 1561 1531 1470 1378 1256 1195 1165 1195 1287
316A Acap  196707012 1378 1531 1592 1683 1714 1683 1622 1531 1439 1378 1378 1409
316A Acap  196707021 1439 1531 1592 1592 1561 1500 1378 1317 1226 1165 1195 1256
316A Acap  196707022 1378 1500 1622 1683 1744 1774 1744 1714 1622 1531 1470 1470
316A Acap  196707031 1439 1470 1470 1500 1500 1470 1409 1317 1256 1195 1165 1195
316A Acap  196707032 1287 1409 1531 1653 1744 1774 1774 1714 1622 1531 1500 1470
316A Acap  196707041 1439 1439 1470 1470 1470 1439 1409 1317 1256 1165 1134 1134
316A Acap  196707042 1226 1317 1439 1561 1653 1744 1744 1714 1653 1592 1531 1470
316A Acap  196707051 1470 1470 1439 1470 1439 1439 1378 1287 1226 1165 1104 1104
316A Acap  196707052 1134 1256 1378 1500 1622 1714 1774 1774 1774 1714 1653 1592
316A Acap  196707061 1531 1470 1439 1439 1409 1348 1378 1348 1256 1195 1134 1104
316A Acap  196707062 1134 1165 1256 1439 1531 1653 1744 1805 1835 1805 1714 1653
316A Acap  196707071 1561 1500 1470 1439 1409 1409 1378 1378 1317 1287 1226 1165
316A Acap  196707072 1134 1165 1226 1317 1439 1561 1683 1805 1805 1835 1805 1744
316A Acap  196707081 1683 1561 1500 1439 1409 1409 1378 1378 1378 1348 1287 1256
316A Acap  196707082 1195 1165 1195 1256 1348 1439 1592 1714 1805 1866 1866 1774
316A Acap  196707091 1714 1622 1531 1439 1409 1378 1378 1378 1409 1409 1378 1348
316A Acap  196707092 1287 1226 1195 1226 1256 1378 1470 1561 1683 1774 1866 1835
316A Acap  196707101 1805 1683 1622 1500 1439 1378 1378 1378 1409 1439 1470 1439
316A Acap  196707102 1409 1348 1317 1256 1256 1317 1378 1500 1592 1714 1805 1866
316A Acap  196707111 1835 1744 1622 1500 1439 1348 1348 1378 1378 1409 1470 1500
316A Acap  196707112 1531 1470 1378 1317 1317 1287 1317 1378 1531 1622 1744 1835
316A Acap  196707121 1835 1774 1653 1531 1439 1348 1317 1287 1317 1378 1500 1561
316A Acap  196707122 1561 1561 1531 1378 1317 1287 1256 1317 1409 1500 1622 1714
316A Acap  196707131 1744 1714 1683 1561 1409 1256 1195 1195 1226 1348 1439 1561
316A Acap  196707132 1622 1653 1622 1561 1470 1409 1378 1317 1378 1470 1561 1683
316A Acap  196707141 1744 1744 1683 1592 1439 1317 1256 1165 1226 1287 1378 1500
316A Acap  196707142 1653 1744 1744 1714 1622 1500 1409 1348 1348 1378 1439 1531
316A Acap  196707151 1653 1683 1653 1592 1500 1378 1226 1134 1104 1165 1287 1409
316A Acap  196707152 1592 1714 1774 1805 1714 1653 1561 1439 1378 1378 1378 1500
316A Acap  196707161 1561 1653 1714 1653 1561 1439 1256 1165 1134 1134 1195 1317
316A Acap  196707162 1470 1653 1774 1835 1866 1835 1744 1592 1439 1439 1409 1439
316A Acap  196707171 1531 1561 1622 1622 1561 1500 1378 1226 1134 1104 1134 1195
316A Acap  196707172 1348 1561 1744 1866 1896 1927 1866 1744 1622 1531 1470 1500
316A Acap  196707181 1500 1561 1622 1653 1622 1561 1500 1348 1195 1134 1134 1165
316A Acap  196707182 1256 1409 1653 1835 1896 1957 1896 1835 1744 1622 1561 1500
316A Acap  196707191 1500 1531 1561 1592 1622 1561 1500 1378 1256 1134 1104 1073
316A Acap  196707192 1134 1287 1439 1653 1805 1866 1927 1896 1835 1774 1653 1592
316A Acap  196707201 1561 1531 1561 1561 1592 1592 1531 1439 1348 1256 1165 1104
316A Acap  196707202 1104 1165 1317 1470 1683 1805 1896 1957 1927 1866 1744 1622
316A Acap  196707211 1561 1531 1531 1531 1531 1531 1531 1500 1439 1317 1256 1195
316A Acap  196707212 1134 1134 1226 1348 1470 1653 1774 1866 1927 1866 1805 1714
316A Acap  196707221 1622 1561 1531 1500 1470 1500 1531 1500 1409 1317 1317 1256
316A Acap  196707222 1195 1165 1226 1317 1409 1561 1714 1805 1835 1835 1805 1744
316A Acap  196707231 1653 1561 1500 1439 1439 1439 1439 1470 1470 1439 1409 1378
316A Acap  196707232 1317 1287 1256 1256 1287 1378 1500 1622 1714 1774 1805 1774
316A Acap  196707241 1714 1592 1531 1439 1409 1378 1378 1378 1439 1470 1470 1470
316A Acap  196707242 1439 1378 1317 1287 1287 1317 1409 1500 1592 1683 1774 1805
316A Acap  196707251 1774 1714 1653 1531 1439 1378 1348 1378 1439 1500 1592 1622
316A Acap  196707252 1592 1561 1561 1470 1439 1378 1409 1470 1500 1622 1714 1805
316A Acap  196707261 1774 1774 1683 1592 1470 1409 1348 1348 1378 1439 1561 1592
316A Acap  196707262 1653 1683 1683 1622 1561 1500 1470 1470 1500 1592 1683 1774
316A Acap  196707271 1835 1866 1805 1683 1561 1439 1378 1287 1317 1378 1500 1592
316A Acap  196707272 1683 1744 1774 1714 1622 1531 1439 1409 1409 1470 1561 1653
316A Acap  196707281 1714 1744 1744 1683 1561 1439 1317 1287 1287 1287 1409 1531
316A Acap  196707282 1653 1744 1774 1744 1683 1561 1470 1409 1378 1409 1470 1561
316A Acap  196707291 1653 1714 1714 1653 1561 1439 1317 1226 1165 1195 1287 1409
316A Acap  196707292 1561 1714 1774 1805 1774 1714 1592 1470 1409 1317 1378 1439
316A Acap  196707301 1500 1561 1622 1622 1531 1439 1317 1226 1195 1165 1256 1378
316A Acap  196707302 1500 1592 1744 1774 1774 1744 1622 1561 1470 1409 1378 1378
316A Acap  196707311 1439 1500 1531 1561 1500 1439 1317 1226 1165 1104 1134 1256
316A Acap  196707312 1409 1531 1653 1744 1805 1744 1683 1561 1470 1409 1409 1378
316A Acap  196708011 1409 1470 1500 1531 1500 1439 1348 1226 1165 1134 1134 1226
316A Acap  196708012 1348 1500 1683 1744 1805 1805 1774 1683 1622 1531 1500 1439
316A Acap  196708021 1439 1470 1500 1531 1470 1439 1409 1317 1195 1134 1134 1165
316A Acap  196708022 1256 1409 1561 1683 1774 1805 1805 1714 1683 1592 1531 1500
316A Acap  196708031 1500 1470 1500 1500 1531 1439 1378 1317 1226 1134 1073 1104
316A Acap  196708032 1165 1287 1439 1561 1653 1744 1774 1805 1744 1683 1622 1592
316A Acap  196708041 1500 1500 1531 1531 1470 1470 1439 1348 1226 1134 1104 1134
316A Acap  196708042 1134 1226 1348 1470 1592 1714 1774 1774 1744 1714 1622 1592
316A Acap  196708051 1531 1500 1470 1500 1500 1470 1439 1378 1317 1226 1195 1165
316A Acap  196708052 1165 1226 1317 1409 1500 1653 1744 1774 1774 1774 1714 1622
316A Acap  196708061 1561 1500 1439 1439 1409 1439 1409 1378 1378 1348 1287 1195
316A Acap  196708062 1165 1165 1165 1256 1378 1470 1592 1653 1714 1744 1714 1622
316A Acap  196708071 1561 1500 1409 1378 1348 1348 1439 1409 1348 1409 1378 1287
316A Acap  196708072 1226 1195 1195 1195 1287 1378 1500 1592 1653 1683 1683 1653
316A Acap  196708081 1622 1531 1439 1348 1317 1317 1348 1378 1409 1409 1378 1378
316A Acap  196708082 1317 1287 1226 1226 1226 1287 1348 1439 1531 1622 1683 1683
316A Acap  196708091 1622 1531 1409 1317 1256 1226 1256 1317 1409 1439 1500 1531
316A Acap  196708092 1470 1439 1378 1287 1226 1226 1287 1317 1409 1500 1592 1653
316A Acap  196708101 1653 1592 1470 1378 1287 1195 1165 1226 1317 1409 1500 1592
316A Acap  196708102 1622 1592 1531 1439 1317 1256 1256 1287 1348 1439 1561 1653
316A Acap  196708111 1683 1622 1500 1439 1317 1195 1134 1104 1226 1378 1500 1653
316A Acap  196708112 1744 1774 1744 1653 1531 1409 1317 1287 1317 1348 1470 1531
316A Acap  196708121 1653 1683 1592 1500 1317 1195 1134 1073 1104 1226 1409 1592
316A Acap  196708122 1774 1866 1866 1805 1653 1531 1378 1287 1256 1317 1439 1531
316A Acap  196708131 1592 1653 1622 1561 1439 1287 1165 1104 1104 1165 1287 1470
316A Acap  196708132 1683 1805 1927 1896 1805 1714 1531 1409 1317 1287 1317 1409
316A Acap  196708141 1531 1622 1653 1592 1500 1348 1226 1104 1012 1073 1165 1348
316A Acap  196708142 1531 1714 1835 1957 1927 1805 1653 1531 1409 1317 1317 1409
316A Acap  196708151 1500 1531 1592 1592 1561 1439 1256 1104 1012  982 1043 1165
316A Acap  196708152 1317 1531 1744 1866 1927 1866 1744 1622 1500 1439 1378 1378
316A Acap  196708161 1439 1500 1561 1592 1561 1470 1348 1195 1073  982 1012 1073
316A Acap  196708162 1226 1409 1622 1744 1805 1805 1774 1683 1531 1439 1378 1348
316A Acap  196708171 1409 1470 1500 1531 1500 1470 1348 1195 1073 1012  952  982
316A Acap  196708172 1073 1226 1439 1592 1714 1714 1714 1653 1561 1470 1409 1378
316A Acap  196708181 1348 1378 1378 1470 1500 1470 1409 1287 1165 1043  952  952
316A Acap  196708182  952 1073 1195 1378 1500 1592 1622 1592 1561 1470 1409 1348
316A Acap  196708191 1317 1348 1348 1378 1439 1409 1409 1348 1256 1165 1104 1073
316A Acap  196708192 1073 1104 1165 1317 1378 1470 1531 1592 1622 1531 1439 1378
316A Acap  196708201 1348 1348 1287 1378 1378 1409 1378 1348 1317 1287 1226 1134
316A Acap  196708202 1134 1104 1134 1195 1287 1378 1439 1500 1561 1531 1500 1470
316A Acap  196708211 1470 1409 1348 1287 1317 1378 1348 1317 1317 1348 1317 1317
316A Acap  196708212 1287 1256 1226 1256 1317 1348 1439 1470 1561 1561 1531 1531
316A Acap  196708221 1531 1470 1378 1348 1317 1317 1317 1378 1409 1470 1470 1470
316A Acap  196708222 1470 1409 1348 1317 1317 1348 1378 1409 1470 1561 1592 1622
316A Acap  196708231 1592 1561 1470 1378 1317 1317 1348 1378 1439 1500 1500 1531
316A Acap  196708232 1561 1531 1470 1378 1317 1287 1287 1317 1378 1500 1561 1592
316A Acap  196708241 1592 1592 1500 1409 1317 1256 1226 1256 1287 1378 1500 1592
316A Acap  196708242 1622 1653 1622 1500 1409 1317 1287 1287 1317 1378 1470 1561
316A Acap  196708251 1622 1622 1561 1439 1348 1256 1256 1226 1317 1378 1500 1622
316A Acap  196708252 1653 1653 1653 1592 1470 1378 1317 1287 1287 1348 1439 1500
316A Acap  196708261 1622 1622 1592 1500 1378 1256 1195 1134 1165 1287 1378 1531
316A Acap  196708262 1653 1714 1744 1683 1622 1470 1378 1287 1256 1287 1348 1470
316A Acap  196708271 1531 1592 1592 1561 1470 1287 1195 1134 1134 1226 1348 1500
316A Acap  196708272 1653 1744 1774 1805 1714 1622 1470 1378 1317 1287 1378 1470
316A Acap  196708281 1561 1592 1622 1592 1500 1378 1226 1134 1165 1226 1317 1470
316A Acap  196708282 1622 1774 1866 1896 1835 1744 1622 1531 1409 1409 1439 1500
316A Acap  196708291 1592 1653 1622 1653 1561 1531 1409 1287 1287 1287 1378 1531
316A Acap  196708292 1683 1835 1927 1988 1988 1866 1774 1622 1531 1470 1470 1531
316A Acap  196708301 1592 1683 1714 1714 1653 1500 1378 1256 1195 1226 1256 1378
316A Acap  196708302 1561 1683 1866 1927 1957 1896 1805 1683 1561 1500 1439 1470
316A Acap  196708311 1531 1592 1592 1592 1561 1500 1378 1256 1165 1134 1134 1256
316A Acap  196708312 1409 1561 1714 1805 1835 1835 1774 1683 1561 1470 1409 1439
316A Acap  196709011 1439 1500 1592 1592 1561 1500 1348 1195 1134 1104 1104 1134
316A Acap  196709012 1226 1409 1592 1714 1774 1805 1774 1744 1653 1561 1500 1500
316A Acap  196709021 1500 1500 1531 1561 1561 1500 1409 1287 1195 1104 1104 1104
316A Acap  196709022 1195 1317 1470 1592 1683 1744 1774 1714 1683 1592 1531 1470
316A Acap  196709031 1439 1439 1500 1531 1561 1561 1500 1409 1287 1195 1165 1165
316A Acap  196709032 1195 1256 1409 1531 1622 1683 1744 1744 1683 1622 1531 1470
316A Acap  196709041 1470 1470 1500 1561 1561 1561 1561 1500 1470 1378 1317 1256
316A Acap  196709042 1256 1287 1348 1439 1531 1622 1714 1744 1714 1683 1622 1592
316A Acap  196709051 1531 1500 1500 1500 1500 1531 1561 1592 1561 1531 1470 1409
316A Acap  196709052 1409 1348 1348 1378 1439 1500 1531 1592 1622 1653 1622 1561
316A Acap  196709061 1531 1470 1439 1439 1409 1470 1531 1561 1592 1653 1622 1592
316A Acap  196709062 1500 1470 1470 1409 1409 1409 1500 1561 1622 1683 1683 1653
316A Acap  196709071 1592 1500 1409 1317 1317 1317 1378 1470 1561 1653 1714 1744
316A Acap  196709072 1714 1653 1561 1500 1439 1378 1378 1378 1470 1561 1653 1622
316A Acap  196709081 1592 1531 1439 1317 1226 1226 1256 1378 1470 1622 1744 1835
316A Acap  196709082 1866 1835 1744 1622 1470 1409 1378 1378 1409 1439 1561 1622
316A Acap  196709091 1622 1622 1500 1409 1287 1195 1165 1226 1317 1470 1683 1866
316A Acap  196709092 1896 1927 1866 1744 1561 1409 1317 1317 1317 1409 1470 1561
316A Acap  196709101 1622 1622 1561 1439 1287 1134 1043 1043 1134 1317 1531 1744
316A Acap  196709102 1866 1957 1957 1866 1714 1531 1378 1256 1226 1256 1378 1500
316A Acap  196709111 1592 1622 1561 1470 1348 1195 1073 1043 1073 1195 1348 1561
316A Acap  196709112 1774 1927 1988 1927 1805 1622 1470 1348 1287 1287 1348 1470
316A Acap  196709121 1561 1653 1622 1561 1409 1226 1073  982  982 1043 1165 1378
316A Acap  196709122 1592 1774 1896 1927 1835 1714 1561 1409 1348 1287 1317 1439
316A Acap  196709131 1531 1653 1714 1683 1561 1409 1226 1104 1043 1043 1165 1317
316A Acap  196709132 1531 1714 1866 1957 1927 1835 1714 1561 1439 1409 1409 1470
316A Acap  196709141 1531 1622 1683 1714 1622 1500 1409 1226 1073 1073 1104 1226
316A Acap  196709142 1348 1531 1683 1805 1835 1805 1683 1592 1470 1439 1409 1439
316A Acap  196709151 1531 1561 1653 1683 1622 1561 1439 1317 1195 1104 1134 1165
316A Acap  196709152 1317 1439 1561 1653 1744 1744 1744 1622 1531 1439 1378 1348
316A Acap  196709161 1378 1470 1500 1561 1561 1561 1500 1439 1317 1195 1165 1195
316A Acap  196709162 1226 1317 1409 1531 1622 1653 1653 1622 1561 1470 1409 1378
316A Acap  196709171 1378 1409 1439 1500 1500 1531 1500 1470 1409 1348 1287 1256
316A Acap  196709172 1287 1287 1348 1439 1500 1561 1592 1592 1592 1531 1470 1439
316A Acap  196709181 1378 1378 1378 1409 1439 1470 1500 1470 1439 1378 1378 1348
316A Acap  196709182 1317 1317 1348 1378 1470 1470 1500 1500 1531 1531 1470 1439
316A Acap  196709191 1439 1378 1378 1378 1409 1409 1439 1439 1470 1470 1439 1409
316A Acap  196709192 1409 1378 1348 1378 1378 1409 1409 1439 1470 1470 1470 1470
316A Acap  196709201 1470 1409 1348 1317 1317 1348 1378 1409 1470 1531 1561 1531
316A Acap  196709202 1531 1470 1439 1378 1348 1317 1317 1348 1378 1409 1439 1470
316A Acap  196709211 1439 1409 1378 1287 1287 1256 1287 1317 1409 1470 1531 1592
316A Acap  196709212 1592 1531 1470 1378 1287 1256 1226 1226 1287 1348 1439 1470
316A Acap  196709221 1470 1439 1409 1317 1287 1256 1256 1317 1378 1470 1592 1653
316A Acap  196709222 1683 1653 1592 1470 1378 1287 1226 1195 1256 1317 1378 1439
316A Acap  196709231 1470 1439 1409 1317 1256 1195 1226 1226 1317 1439 1622 1714
316A Acap  196709232 1744 1774 1744 1653 1500 1378 1287 1256 1256 1317 1409 1500
316A Acap  196709241 1500 1500 1470 1378 1317 1256 1226 1256 1317 1409 1561 1683
316A Acap  196709242 1744 1805 1774 1714 1531 1409 1287 1226 1226 1287 1348 1470
316A Acap  196709251 1531 1561 1531 1439 1348 1287 1226 1195 1226 1317 1500 1622
316A Acap  196709252 1774 1835 1835 1774 1653 1531 1409 1287 1287 1256 1348 1439
316A Acap  196709261 1500 1531 1470 1409 1317 1165 1043 1012 1073 1165 1348 1531
316A Acap  196709262 1683 1744 1805 1774 1622 1470 1348 1256 1195 1195 1256 1348
316A Acap  196709271 1409 1470 1470 1409 1317 1195 1104 1043 1073 1134 1256 1409
316A Acap  196709272 1561 1683 1744 1774 1683 1561 1439 1317 1226 1195 1226 1287
316A Acap  196709281 1378 1439 1470 1439 1378 1256 1134 1043 1012 1012 1104 1256
316A Acap  196709282 1439 1592 1714 1744 1714 1622 1500 1378 1287 1195 1226 1317
316A Acap  196709291 1378 1439 1470 1470 1409 1287 1134 1043  952  921 1012 1134
316A Acap  196709292 1287 1439 1592 1653 1653 1592 1500 1378 1287 1195 1165 1195
316A Acap  196709301 1256 1317 1409 1439 1409 1287 1195 1073  982  952  952 1073
316A Acap  196709302 1195 1348 1500 1592 1622 1592 1531 1439 1317 1256 1195 1256
316A Acap  196710011 1287 1378 1439 1500 1500 1439 1348 1226 1104 1043  982 1012
316A Acap  196710012 1134 1256 1409 1500 1592 1592 1561 1470 1348 1287 1195 1195
316A Acap  196710021 1226 1317 1378 1470 1500 1470 1439 1348 1256 1134 1073 1073
316A Acap  196710022 1104 1226 1317 1409 1470 1500 1500 1439 1378 1317 1256 1195
316A Acap  196710031 1226 1256 1317 1409 1531 1561 1531 1500 1409 1348 1256 1226
316A Acap  196710032 1256 1317 1378 1470 1500 1531 1531 1561 1470 1409 1378 1348
316A Acap  196710041 1317 1317 1348 1439 1500 1561 1622 1622 1622 1592 1531 1439
316A Acap  196710042 1409 1348 1317 1348 1439 1470 1470 1470 1470 1439 1378 1317
316A Acap  196710051 1256 1195 1165 1226 1287 1409 1531 1653 1683 1714 1683 1622
316A Acap  196710052 1561 1470 1439 1439 1409 1439 1409 1439 1470 1500 1470 1409
316A Acap  196710061 1348 1256 1195 1195 1226 1317 1439 1531 1683 1805 1835 1835
316A Acap  196710062 1774 1653 1531 1439 1378 1317 1317 1317 1409 1470 1470 1500
316A Acap  196710071 1439 1348 1256 1134 1104 1104 1195 1378 1531 1714 1835 1896
316A Acap  196710072 1896 1805 1653 1470 1348 1256 1226 1226 1287 1378 1439 1500
316A Acap  196710081 1470 1439 1317 1134 1012  952  982 1073 1256 1470 1683 1835
316A Acap  196710082 1896 1866 1774 1592 1409 1256 1134 1165 1195 1287 1409 1500
316A Acap  196710091 1531 1500 1409 1287 1134 1012  952 1012 1104 1317 1531 1714
316A Acap  196710092 1866 1927 1866 1744 1561 1378 1226 1165 1134 1226 1348 1470
316A Acap  196710101 1561 1592 1531 1409 1256 1134  982  982 1012 1134 1348 1561
316A Acap  196710102 1774 1896 1896 1835 1653 1500 1287 1226 1165 1195 1287 1409
316A Acap  196710111 1500 1561 1561 1500 1317 1165 1012  921  921 1012 1195 1409
316A Acap  196710112 1561 1714 1805 1805 1714 1561 1409 1256 1195 1165 1256 1378
316A Acap  196710121 1470 1561 1592 1561 1439 1317 1165 1012  982  982 1104 1287
316A Acap  196710122 1470 1622 1774 1774 1714 1592 1470 1287 1226 1195 1226 1317
316A Acap  196710131 1409 1500 1592 1561 1500 1409 1256 1134 1073 1073 1043 1195
316A Acap  196710132 1348 1500 1592 1683 1653 1622 1531 1409 1317 1256 1256 1317
316A Acap  196710141 1378 1500 1561 1592 1592 1531 1439 1317 1195 1195 1195 1226
316A Acap  196710142 1317 1439 1561 1622 1653 1622 1531 1470 1378 1348 1317 1348
316A Acap  196710151 1439 1500 1592 1653 1653 1622 1531 1470 1378 1317 1317 1317
316A Acap  196710152 1378 1470 1561 1622 1653 1653 1592 1531 1439 1409 1378 1378
316A Acap  196710161 1378 1439 1500 1561 1592 1592 1592 1531 1500 1439 1439 1409
316A Acap  196710162 1409 1470 1500 1500 1531 1500 1500 1500 1470 1439 1409 1409
316A Acap  196710171 1409 1409 1439 1500 1531 1531 1561 1531 1531 1470 1470 1439
316A Acap  196710172 1409 1409 1378 1378 1378 1378 1378 1409 1409 1409 1378 1348
316A Acap  196710181 1348 1348 1348 1378 1409 1470 1500 1531 1561 1561 1561 1531
316A Acap  196710182 1531 1470 1409 1378 1348 1348 1317 1317 1348 1348 1378 1348
316A Acap  196710191 1348 1348 1317 1317 1348 1409 1470 1500 1592 1592 1622 1592
316A Acap  196710192 1592 1500 1409 1348 1287 1256 1256 1287 1317 1378 1409 1409
316A Acap  196710201 1409 1378 1348 1317 1317 1317 1378 1439 1561 1592 1653 1683
316A Acap  196710202 1683 1622 1500 1348 1287 1226 1165 1165 1226 1256 1317 1378
316A Acap  196710211 1348 1348 1287 1256 1195 1195 1256 1348 1439 1592 1683 1744
316A Acap  196710212 1714 1683 1592 1439 1348 1226 1165 1165 1195 1256 1317 1378
316A Acap  196710221 1409 1378 1348 1287 1226 1195 1226 1287 1409 1500 1622 1744
316A Acap  196710222 1774 1744 1653 1531 1378 1256 1165 1134 1165 1226 1317 1409
316A Acap  196710231 1409 1409 1348 1256 1165 1104 1134 1195 1287 1470 1592 1714
316A Acap  196710232 1774 1774 1683 1561 1409 1256 1195 1165 1195 1226 1348 1409
316A Acap  196710241 1470 1470 1409 1348 1226 1134 1134 1165 1226 1348 1531 1653
316A Acap  196710242 1774 1805 1774 1653 1500 1378 1226 1134 1134 1195 1256 1378
316A Acap  196710251 1439 1470 1409 1348 1226 1134 1073 1073 1134 1256 1439 1592
316A Acap  196710252 1714 1774 1774 1714 1561 1409 1256 1195 1134 1165 1256 1378
316A Acap  196710261 1439 1500 1470 1409 1287 1165 1073 1043 1073 1195 1348 1500
316A Acap  196710262 1683 1805 1805 1744 1653 1500 1317 1226 1165 1195 1256 1348
316A Acap  196710271 1439 1500 1531 1470 1378 1256 1104 1073 1073 1134 1226 1378
316A Acap  196710272 1561 1714 1744 1714 1653 1500 1348 1256 1195 1195 1256 1348
316A Acap  196710281 1439 1531 1561 1531 1439 1317 1195 1104 1073 1104 1226 1378
316A Acap  196710282 1531 1653 1744 1774 1714 1592 1470 1378 1287 1256 1287 1348
316A Acap  196710291 1470 1561 1592 1592 1561 1470 1348 1256 1195 1195 1226 1348
316A Acap  196710292 1500 1622 1683 1714 1714 1622 1500 1409 1317 1287 1256 1317
316A Acap  196710301 1378 1500 1592 1653 1653 1622 1531 1439 1317 1287 1256 1317
316A Acap  196710302 1409 1500 1592 1622 1622 1592 1500 1409 1287 1256 1226 1256
316A Acap  196710311 1348 1470 1561 1653 1714 1683 1622 1592 1500 1439 1409 1378
316A Acap  196710312 1409 1470 1531 1592 1592 1561 1500 1439 1348 1287 1256 1226
316A Acap  196711011 1256 1348 1439 1561 1653 1714 1744 1714 1683 1592 1531 1439
316A Acap  196711012 1439 1439 1470 1500 1500 1500 1500 1439 1378 1317 1256 1256
316A Acap  196711021 1256 1287 1348 1470 1592 1683 1774 1805 1805 1805 1744 1653
316A Acap  196711022 1561 1500 1439 1439 1439 1439 1439 1439 1409 1378 1317 1256
316A Acap  196711031 1226 1195 1195 1287 1378 1531 1653 1774 1866 1896 1866 1805
316A Acap  196711032 1714 1592 1439 1378 1348 1317 1348 1378 1439 1439 1409 1348
316A Acap  196711041 1287 1195 1134 1104 1165 1317 1439 1622 1774 1866 1896 1896
316A Acap  196711042 1805 1653 1500 1348 1256 1195 1226 1256 1348 1409 1470 1439
316A Acap  196711051 1348 1256 1134 1043 1012 1073 1226 1378 1592 1805 1927 1957
316A Acap  196711052 1927 1805 1653 1439 1287 1195 1195 1226 1287 1378 1439 1470
316A Acap  196711061 1439 1348 1256 1104 1012 1012 1073 1195 1378 1592 1774 1896
316A Acap  196711062 1927 1866 1714 1531 1348 1165 1134 1134 1195 1317 1409 1500
316A Acap  196711071 1500 1470 1348 1226 1104 1012 1012 1104 1226 1409 1622 1805
316A Acap  196711072 1896 1896 1774 1622 1439 1256 1134 1073 1104 1195 1317 1439
316A Acap  196711081 1500 1531 1470 1317 1165 1073  982  982 1104 1256 1470 1653
316A Acap  196711082 1805 1866 1835 1744 1561 1409 1256 1165 1134 1195 1317 1409
316A Acap  196711091 1531 1592 1592 1531 1409 1256 1134 1073 1073 1134 1287 1500
316A Acap  196711092 1653 1774 1805 1744 1653 1500 1348 1195 1134 1165 1226 1348
316A Acap  196711101 1470 1592 1622 1561 1470 1378 1256 1165 1134 1134 1256 1378
316A Acap  196711102 1561 1683 1744 1744 1683 1561 1439 1287 1195 1195 1226 1348
316A Acap  196711111 1439 1561 1622 1653 1592 1531 1378 1287 1195 1195 1256 1378
316A Acap  196711112 1470 1592 1653 1653 1622 1500 1409 1317 1226 1195 1195 1317
316A Acap  196711121 1439 1500 1592 1622 1653 1592 1531 1409 1378 1317 1348 1409
316A Acap  196711122 1470 1531 1592 1622 1622 1561 1470 1378 1287 1256 1256 1287
316A Acap  196711131 1348 1439 1531 1592 1592 1561 1561 1500 1439 1409 1378 1378
316A Acap  196711132 1378 1439 1470 1500 1470 1439 1439 1378 1287 1256 1226 1256
316A Acap  196711141 1348 1378 1439 1531 1531 1592 1622 1592 1531 1500 1439 1378
316A Acap  196711142 1378 1378 1409 1409 1409 1378 1378 1317 1287 1256 1226 1256
316A Acap  196711151 1287 1348 1378 1439 1531 1561 1622 1622 1592 1561 1500 1470
316A Acap  196711152 1409 1378 1378 1378 1348 1317 1287 1287 1287 1256 1256 1256
316A Acap  196711161 1287 1287 1317 1378 1439 1500 1561 1622 1653 1622 1622 1561
316A Acap  196711162 1531 1470 1409 1348 1317 1317 1287 1287 1317 1287 1317 1287
316A Acap  196711171 1287 1256 1256 1287 1348 1439 1470 1561 1592 1653 1653 1622
316A Acap  196711172 1561 1500 1409 1317 1256 1226 1226 1226 1226 1226 1226 1256
316A Acap  196711181 1226 1226 1195 1226 1287 1317 1409 1500 1592 1653 1683 1683
316A Acap  196711182 1622 1500 1409 1317 1226 1195 1165 1195 1226 1256 1256 1287
316A Acap  196711191 1256 1195 1165 1165 1165 1226 1348 1439 1531 1622 1683 1714
316A Acap  196711192 1653 1561 1439 1348 1226 1165 1134 1134 1165 1226 1256 1256
316A Acap  196711201 1256 1195 1165 1104 1104 1134 1195 1317 1439 1561 1683 1714
316A Acap  196711202 1683 1622 1500 1378 1226 1134 1104 1104 1134 1195 1256 1287
316A Acap  196711211 1317 1256 1195 1165 1104 1104 1134 1256 1348 1500 1592 1683
316A Acap  196711212 1714 1683 1592 1439 1317 1165 1104 1104 1134 1195 1287 1317
316A Acap  196711221 1348 1348 1287 1195 1134 1073 1104 1134 1256 1409 1561 1683
316A Acap  196711222 1744 1714 1653 1500 1348 1195 1104 1073 1104 1165 1256 1348
316A Acap  196711231 1378 1378 1317 1226 1134 1073 1043 1073 1165 1287 1470 1622
316A Acap  196711232 1714 1774 1744 1622 1500 1348 1195 1134 1104 1165 1226 1348
316A Acap  196711241 1409 1439 1409 1317 1226 1104 1043 1043 1073 1195 1348 1531
316A Acap  196711242 1653 1744 1714 1653 1500 1378 1226 1134 1104 1104 1195 1317
316A Acap  196711251 1409 1470 1470 1409 1317 1226 1104 1043 1043 1134 1256 1409
316A Acap  196711252 1531 1622 1653 1592 1500 1348 1226 1104 1073 1073 1134 1256
316A Acap  196711261 1378 1470 1500 1470 1409 1317 1195 1104 1073 1073 1195 1287
316A Acap  196711262 1439 1531 1592 1531 1439 1287 1134 1073 1012 1012 1043 1134
316A Acap  196711271 1287 1409 1500 1531 1470 1409 1287 1195 1104 1134 1165 1256
316A Acap  196711272 1317 1409 1500 1500 1439 1317 1195 1104 1073 1073 1073 1134
316A Acap  196711281 1256 1409 1531 1592 1561 1500 1439 1378 1256 1226 1195 1226
316A Acap  196711282 1317 1378 1409 1439 1378 1287 1195 1104 1043  982  982 1043
316A Acap  196711291 1134 1317 1439 1531 1592 1622 1592 1500 1409 1348 1287 1287
316A Acap  196711292 1317 1317 1348 1378 1378 1348 1287 1195 1134 1043 1012 1012
316A Acap  196711301 1073 1226 1348 1500 1592 1683 1714 1683 1622 1561 1470 1378
316A Acap  196711302 1348 1317 1348 1348 1348 1348 1287 1226 1165 1073 1012  982
316A Acap  196712011 1012 1073 1195 1317 1439 1592 1683 1744 1714 1653 1561 1500
316A Acap  196712012 1409 1348 1317 1317 1317 1317 1287 1287 1226 1134 1073 1012
316A Acap  196712021  952  982 1043 1165 1287 1439 1622 1714 1805 1805 1744 1653
316A Acap  196712022 1500 1409 1348 1287 1256 1256 1287 1287 1287 1256 1195 1104
316A Acap  196712031 1043  982  952 1012 1134 1256 1409 1592 1714 1805 1805 1744
316A Acap  196712032 1653 1531 1409 1287 1195 1195 1226 1256 1287 1287 1317 1256
316A Acap  196712041 1165 1104 1012  952  982 1104 1256 1409 1592 1744 1805 1835
316A Acap  196712042 1774 1653 1500 1317 1226 1165 1165 1195 1256 1317 1348 1317
316A Acap  196712051 1256 1165 1073 1012 1012 1012 1104 1287 1439 1592 1714 1805
316A Acap  196712052 1774 1714 1622 1439 1287 1165 1104 1134 1195 1317 1409 1409
316A Acap  196712061 1409 1378 1287 1195 1104 1043 1043 1134 1287 1439 1622 1744
316A Acap  196712062 1774 1774 1683 1500 1348 1195 1165 1134 1134 1226 1317 1409
316A Acap  196712071 1439 1439 1348 1256 1165 1104 1043 1073 1165 1317 1470 1653
316A Acap  196712072 1744 1774 1714 1622 1470 1287 1195 1104 1134 1195 1287 1409
316A Acap  196712081 1500 1561 1531 1470 1348 1226 1165 1104 1165 1287 1409 1531
316A Acap  196712082 1653 1714 1714 1653 1500 1348 1195 1134 1104 1134 1226 1348
316A Acap  196712091 1470 1531 1592 1561 1470 1317 1256 1195 1165 1195 1317 1439
316A Acap  196712092 1531 1622 1653 1592 1470 1348 1226 1104 1073 1073 1165 1287
316A Acap  196712101 1409 1500 1592 1622 1561 1470 1378 1287 1226 1226 1287 1378
316A Acap  196712102 1439 1500 1561 1561 1470 1378 1256 1165 1073 1073 1073 1195
316A Acap  196712111 1317 1439 1531 1561 1561 1531 1439 1348 1287 1226 1226 1287
316A Acap  196712112 1348 1409 1470 1470 1409 1317 1256 1134 1073 1012 1043 1104
316A Acap  196712121 1195 1287 1378 1500 1561 1531 1470 1409 1348 1287 1287 1256
316A Acap  196712122 1317 1348 1378 1378 1378 1317 1256 1195 1104 1073 1012 1073
316A Acap  196712131 1165 1256 1378 1439 1500 1531 1531 1500 1439 1378 1317 1317
316A Acap  196712132 1317 1317 1348 1378 1348 1317 1287 1195 1165 1104 1073 1073
316A Acap  196712141 1134 1195 1287 1409 1470 1561 1592 1561 1561 1531 1409 1409
316A Acap  196712142 1348 1348 1317 1317 1317 1287 1256 1226 1165 1134 1104 1134
316A Acap  196712151 1134 1165 1256 1348 1439 1500 1561 1592 1592 1561 1500 1439
316A Acap  196712152 1378 1317 1287 1287 1256 1256 1226 1195 1226 1134 1104 1134
316A Acap  196712161 1104 1134 1226 1287 1409 1500 1561 1653 1653 1653 1622 1561
316A Acap  196712162 1439 1378 1348 1317 1287 1256 1256 1256 1256 1226 1226 1195
316A Acap  196712171 1134 1165 1165 1226 1317 1439 1561 1622 1683 1683 1714 1653
316A Acap  196712172 1592 1470 1378 1317 1256 1226 1195 1195 1195 1195 1195 1165
316A Acap  196712181 1165 1134 1104 1165 1226 1317 1409 1500 1592 1653 1683 1683
316A Acap  196712182 1592 1500 1409 1317 1226 1195 1165 1165 1165 1226 1226 1195
316A Acap  196712191 1195 1165 1104 1104 1134 1195 1317 1409 1500 1592 1653 1683
316A Acap  196712192 1653 1592 1470 1378 1287 1195 1134 1134 1165 1226 1226 1226
316A Acap  196712201 1195 1165 1104 1043 1073 1073 1165 1287 1409 1531 1653 1714
316A Acap  196712202 1714 1653 1561 1439 1287 1195 1134 1134 1165 1226 1256 1317
316A Acap  196712211 1287 1256 1226 1165 1104 1104 1104 1226 1317 1439 1561 1653
316A Acap  196712212 1683 1653 1592 1470 1317 1195 1104 1104 1104 1195 1287 1348
316A Acap  196712221 1378 1378 1317 1226 1134 1104 1073 1134 1226 1348 1500 1622
316A Acap  196712222 1683 1714 1622 1531 1378 1226 1134 1134 1165 1195 1256 1378
316A Acap  196712231 1409 1439 1409 1317 1226 1134 1104 1104 1195 1287 1439 1561
316A Acap  196712232 1653 1683 1653 1531 1378 1226 1104 1043 1043 1104 1256 1348
316A Acap  196712241 1439 1531 1531 1470 1378 1287 1195 1165 1165 1226 1378 1470
316A Acap  196712242 1592 1622 1622 1561 1439 1287 1134 1043 1043 1073 1226 1348
316A Acap  196712251 1470 1561 1622 1622 1561 1439 1348 1256 1195 1226 1317 1439
316A Acap  196712252 1531 1592 1653 1592 1470 1317 1165 1073 1012 1073 1134 1256
316A Acap  196712261 1409 1531 1653 1683 1622 1561 1470 1348 1256 1226 1287 1317
316A Acap  196712262 1409 1470 1500 1470 1409 1287 1165 1073 1043 1043 1104 1226
316A Acap  196712271 1378 1561 1653 1714 1774 1744 1653 1531 1439 1378 1378 1378
316A Acap  196712272 1439 1500 1500 1500 1470 1378 1226 1104 1043  982 1012 1134
316A Acap  196712281 1226 1409 1561 1714 1744 1774 1744 1622 1531 1409 1378 1348
316A Acap  196712282 1378 1470 1500 1500 1470 1378 1317 1165 1073  982  952  982
316A Acap  196712291 1104 1256 1439 1592 1714 1774 1774 1714 1622 1531 1470 1409
316A Acap  196712292 1378 1378 1409 1409 1378 1348 1317 1226 1134 1012  952  921
316A Acap  196712301  982 1073 1226 1409 1592 1653 1744 1744 1744 1622 1531 1470
316A Acap  196712302 1409 1378 1378 1378 1378 1378 1348 1317 1226 1134 1073 1012
316A Acap  196712311 1012 1043 1104 1226 1409 1531 1653 1774 1805 1744 1683 1592
316A Acap  196712312 1470 1378 1317 1317 1287 1317 1348 1348 1287 1256 1165 1073
