316A Acapulco           Mexico              1989 16504N 099547W 0000 3 00000R MM
316A Acap  198901011 9999 9999 9999 9999 9999 9999 9999 9999 9999 9999 9999 9999
316A Acap  198901012 9999 9999 9999 9999 9999 9999 9999 9999 9999 9999 9999 9999
316A Acap  198901021 9999 9999 9999 9999 9999 9999 9999 9999 9999 9999 9999 9999
316A Acap  198901022 9999 9999 9999 9999 9999 9999 9999 9999 9999 9999 9999 9999
316A Acap  198901031 9999 9999 9999 9999 9999 9999 1409 1317 1256 1226 1256 1348
316A Acap  198901032 1439 1470 1531 1531 1470 1378 1256 1165 1134 1073 1104 1134
316A Acap  198901041 1195 1317 1439 1531 1561 1561 1470 1409 1317 1226 1195 1226
316A Acap  198901042 1287 1348 1409 1439 1409 1317 1226 1165 1104 1073 1073 1134
316A Acap  198901051 1256 1378 1500 1592 1622 1622 1592 1592 1561 1500 1500 1500
316A Acap  198901052 1500 1470 1439 1378 1317 1256 1195 1134 1104 1104 1134 1195
316A Acap  198901061 1287 1378 1470 1531 1622 1653 1683 1653 1622 1592 1531 1500
316A Acap  198901062 1470 1470 1439 1409 1378 1317 1256 1226 1165 1134 1134 1195
316A Acap  198901071 1256 1348 1409 1500 1561 1622 1683 1714 1683 1653 1622 1592
316A Acap  198901072 1561 1531 1500 1470 1439 1378 1317 1287 1226 1195 1165 1134
316A Acap  198901081 1165 1195 1287 1409 1500 1592 1683 1714 1744 1683 1653 1592
316A Acap  198901082 1561 1470 1439 1409 1378 1348 1317 1256 1226 1195 1165 1134
316A Acap  198901091 1134 1165 1195 1287 1378 1500 1592 1622 1683 1744 1714 1683
316A Acap  198901092 1653 1561 1500 1409 1378 1348 1317 1287 1256 1256 1256 1195
316A Acap  198901101 1195 1165 1134 1165 1226 1287 1378 1500 1622 1744 1774 1774
316A Acap  198901102 1744 1683 1592 1500 1409 1378 1317 1317 1317 1317 1317 1287
316A Acap  198901111 1226 1226 1195 1195 1226 1317 1439 1561 1683 1774 1835 1835
316A Acap  198901112 1774 1683 1561 1470 1378 1317 1317 1317 1348 1378 1348 1348
316A Acap  198901121 1317 1226 1195 1134 1165 1226 1348 1470 1622 1714 1805 1805
316A Acap  198901122 1774 1683 1561 1470 1348 1287 1226 1256 1287 1348 1378 1378
316A Acap  198901131 1378 1348 1287 1226 1165 1134 1165 1226 1317 1470 1622 1714
316A Acap  198901132 1774 1805 1744 1653 1531 1409 1317 1226 1195 1256 1317 1378
316A Acap  198901141 1439 1470 1470 1409 1348 1256 1226 1195 1256 1348 1439 1561
316A Acap  198901142 1714 1774 1805 1714 1622 1470 1348 1226 1195 1195 1256 1348
316A Acap  198901151 1470 1561 1561 1561 1500 1409 1317 1256 1226 1256 1348 1500
316A Acap  198901152 1622 1714 1774 1714 1653 1500 1348 1226 1134 1134 1165 1287
316A Acap  198901161 1439 1561 1622 1622 1531 1439 1317 1226 1226 1287 1409 1531
316A Acap  198901162 1592 1683 1714 1714 1653 1531 1348 1165 1104 1134 1256 1378
316A Acap  198901171 1500 1622 1653 1653 1592 1500 1378 1317 1256 1256 1317 1378
316A Acap  198901172 1500 1561 1653 1653 1592 1439 1287 1104 1043 1073 1134 1256
316A Acap  198901181 1409 1561 1683 1744 1744 1653 1561 1409 1317 1256 1256 1317
316A Acap  198901182 1378 1439 1500 1561 1500 1378 1256 1134 1043 1012 1043 1134
316A Acap  198901191 1256 1439 1561 1683 1744 1774 1683 1592 1500 1378 1348 1317
316A Acap  198901192 1348 1409 1470 1531 1500 1409 1317 1195 1073 1012 1012 1043
316A Acap  198901201 1165 1287 1470 1622 1744 1805 1805 1714 1592 1500 1439 1348
316A Acap  198901202 1317 1348 1409 1470 1470 1409 1348 1256 1165 1073 1012 1012
316A Acap  198901211 1104 1195 1378 1561 1683 1805 1835 1774 1683 1592 1500 1409
316A Acap  198901212 1378 1378 1439 1470 1470 1439 1378 1348 1226 1134 1073 1012
316A Acap  198901221 1073 1134 1256 1409 1561 1683 1805 1835 1805 1774 1683 1561
316A Acap  198901222 1500 1409 1378 1409 1409 1439 1439 1409 1378 1287 1195 1134
316A Acap  198901231 1073 1073 1134 1226 1378 1531 1683 1774 1866 1805 1744 1653
316A Acap  198901232 1592 1470 1378 1348 1317 1348 1378 1409 1378 1348 1256 1165
316A Acap  198901241 1134 1073 1073 1165 1256 1409 1531 1683 1744 1774 1744 1714
316A Acap  198901242 1622 1531 1439 1348 1317 1256 1287 1287 1348 1348 1348 1287
316A Acap  198901251 1226 1165 1134 1134 1165 1226 1317 1470 1592 1683 1774 1774
316A Acap  198901252 1714 1622 1470 1378 1256 1195 1165 1195 1287 1317 1378 1409
316A Acap  198901261 1348 1287 1226 1165 1134 1165 1195 1317 1439 1561 1653 1744
316A Acap  198901262 1744 1653 1561 1409 1287 1195 1165 1165 1226 1287 1378 1409
316A Acap  198901271 1409 1378 1287 1195 1165 1134 1165 1226 1348 1439 1592 1683
316A Acap  198901272 1744 1683 1592 1500 1317 1195 1195 1195 1195 1256 1348 1439
316A Acap  198901281 1470 1470 1409 1348 1256 1195 1165 1195 1256 1378 1531 1622
316A Acap  198901282 1683 1683 1653 1531 1378 1226 1134 1073 1073 1165 1256 1348
316A Acap  198901291 1439 1470 1470 1409 1348 1226 1195 1165 1195 1287 1378 1500
316A Acap  198901292 1561 1622 1592 1531 1378 1226 1134 1073 1073 1134 1226 1348
316A Acap  198901301 1470 1561 1561 1561 1470 1348 1287 1226 1226 1256 1348 1439
316A Acap  198901302 1531 1622 1622 1561 1439 1287 1195 1104 1073 1134 1195 1348
316A Acap  198901311 1470 1561 1622 1592 1531 1439 1317 1256 1226 1256 1317 1409
316A Acap  198901312 1500 1561 1561 1531 1439 1287 1165 1073 1073 1073 1195 1317
316A Acap  198902011 1439 1561 1622 1653 1592 1500 1409 1317 1256 1256 1317 1378
316A Acap  198902012 1439 1470 1500 1470 1378 1287 1165 1073 1012 1043 1073 1195
316A Acap  198902021 1348 1470 1592 1683 1653 1592 1500 1378 1348 1287 1287 1317
316A Acap  198902022 1409 1439 1470 1439 9999 9999 9999 9999 9999 9999 9999 9999
316A Acap  198902031 9999 9999 9999 9999 9999 9999 9999 9999 9999 9999 9999 9999
316A Acap  198902032 9999 9999 9999 9999 9999 9999 9999 9999 9999 9999 9999 9999
316A Acap  198902041 9999 9999 9999 9999 9999 9999 9999 9999 9999 9999 9999 9999
316A Acap  198902042 9999 9999 9999 9999 9999 9999 9999 9999 9999 9999 9999 9999
316A Acap  198902051 9999 9999 9999 9999 9999 9999 9999 9999 9999 9999 9999 9999
316A Acap  198902052 9999 9999 9999 9999 9999 9999 9999 9999 9999 9999 9999 9999
316A Acap  198902061 9999 9999 9999 9999 9999 9999 9999 9999 9999 9999 9999 9999
316A Acap  198902062 9999 9999 9999 9999 9999 9999 9999 9999 9999 9999 9999 9999
316A Acap  198902071 9999 9999 9999 9999 9999 9999 9999 9999 9999 9999 9999 9999
316A Acap  198902072 9999 9999 9999 9999 9999 9999 9999 9999 9999 9999 9999 9999
316A Acap  198902081 9999 9999 9999 9999 9999 9999 9999 9999 9999 9999 9999 9999
316A Acap  198902082 9999 9999 9999 9999 9999 9999 9999 9999 9999 9999 9999 9999
316A Acap  198902091 9999 9999 9999 9999 9999 9999 9999 9999 9999 9999 9999 9999
316A Acap  198902092 9999 9999 9999 9999 9999 9999 9999 9999 9999 9999 9999 9999
316A Acap  198902101 9999 9999 9999 9999 9999 9999 9999 9999 9999 9999 9999 9999
316A Acap  198902102 9999 9999 9999 9999 9999 9999 9999 9999 9999 9999 9999 9999
316A Acap  198902111 9999 9999 9999 9999 9999 9999 9999 9999 9999 9999 9999 9999
316A Acap  198902112 9999 9999 9999 9999 9999 9999 9999 9999 9999 9999 9999 9999
316A Acap  198902121 9999 9999 9999 9999 9999 9999 9999 9999 9999 9999 9999 9999
316A Acap  198902122 9999 9999 9999 9999 9999 9999 9999 9999 9999 9999 9999 9999
316A Acap  198902131 9999 9999 9999 9999 9999 9999 9999 9999 9999 9999 9999 9999
316A Acap  198902132 9999 9999 9999 9999 9999 9999 9999 9999 9999 9999 9999 9999
316A Acap  198902141 9999 9999 9999 9999 9999 9999 9999 9999 9999 9999 9999 9999
316A Acap  198902142 9999 9999 9999 9999 9999 9999 9999 9999 9999 9999 9999 9999
316A Acap  198902151 9999 9999 9999 9999 9999 9999 9999 9999 9999 9999 9999 9999
316A Acap  198902152 9999 9999 9999 9999 9999 9999 9999 9999 9999 9999 9999 9999
316A Acap  198902161 9999 9999 9999 9999 9999 9999 9999 9999 9999 9999 9999 9999
316A Acap  198902162 9999 9999 9999 9999 9999 9999 9999 9999 9999 9999 9999 9999
316A Acap  198902171 9999 9999 9999 9999 9999 9999 9999 9999 9999 9999 9999 9999
316A Acap  198902172 9999 9999 9999 9999 9999 9999 9999 9999 9999 9999 9999 9999
316A Acap  198902181 9999 9999 9999 9999 9999 9999 9999 9999 9999 9999 9999 9999
316A Acap  198902182 9999 9999 9999 9999 9999 9999 9999 9999 9999 9999 9999 9999
316A Acap  198902191 9999 9999 9999 9999 9999 9999 9999 9999 9999 9999 9999 9999
316A Acap  198902192 9999 9999 9999 9999 9999 9999 9999 9999 9999 9999 9999 9999
316A Acap  198902201 9999 9999 9999 9999 9999 9999 9999 9999 9999 9999 9999 9999
316A Acap  198902202 9999 9999 9999 9999 9999 9999 9999 9999 9999 9999 9999 9999
316A Acap  198902211 9999 9999 9999 9999 9999 9999 9999 9999 9999 9999 9999 9999
316A Acap  198902212 9999 9999 9999 9999 9999 9999 9999 9999 9999 9999 9999 9999
316A Acap  198902221 9999 9999 9999 9999 9999 9999 9999 9999 9999 9999 9999 9999
316A Acap  198902222 9999 9999 9999 9999 9999 9999 9999 9999 9999 9999 9999 9999
316A Acap  198902231 9999 9999 9999 9999 9999 9999 9999 9999 9999 9999 9999 9999
316A Acap  198902232 9999 9999 9999 9999 9999 9999 9999 9999 9999 9999 9999 9999
316A Acap  198902241 9999 9999 9999 9999 9999 9999 9999 9999 9999 9999 9999 9999
316A Acap  198902242 9999 9999 9999 9999 9999 9999 9999 9999 9999 9999 9999 9999
316A Acap  198902251 9999 9999 9999 9999 9999 9999 9999 9999 9999 9999 9999 9999
316A Acap  198902252 9999 9999 9999 9999 9999 9999 9999 9999 9999 9999 9999 9999
316A Acap  198902261 9999 9999 9999 9999 9999 9999 9999 9999 9999 9999 9999 9999
316A Acap  198902262 9999 9999 9999 9999 9999 9999 9999 9999 9999 9999 9999 9999
316A Acap  198902271 9999 9999 9999 9999 9999 9999 9999 9999 9999 9999 9999 9999
316A Acap  198902272 9999 9999 9999 9999 9999 9999 9999 9999 9999 9999 9999 9999
316A Acap  198902281 9999 9999 9999 9999 9999 9999 9999 9999 9999 9999 9999 9999
316A Acap  198902282 9999 9999 9999 9999 9999 9999 9999 9999 9999 9999 9999 9999
316A Acap  198903011 9999 9999 9999 9999 9999 9999 9999 9999 9999 9999 9999 9999
316A Acap  198903012 9999 9999 9999 9999 9999 9999 9999 9999 9999 9999 9999 9999
316A Acap  198903021 9999 9999 9999 9999 9999 9999 9999 9999 9999 9999 9999 9999
316A Acap  198903022 9999 9999 9999 9999 9999 9999 9999 9999 9999 9999 9999 9999
316A Acap  198903031 9999 9999 9999 9999 9999 9999 9999 9999 9999 9999 9999 9999
316A Acap  198903032 9999 9999 9999 9999 9999 9999 9999 9999 9999 9999 9999 9999
316A Acap  198903041 9999 9999 9999 9999 9999 9999 9999 9999 9999 9999 9999 9999
316A Acap  198903042 9999 9999 9999 9999 9999 9999 9999 9999 9999 9999 9999 9999
316A Acap  198903051 9999 9999 9999 9999 9999 9999 9999 9999 9999 9999 9999 9999
316A Acap  198903052 9999 9999 9999 9999 9999 9999 9999 9999 9999 9999 9999 9999
316A Acap  198903061 9999 9999 9999 9999 9999 9999 9999 9999 9999 9999 9999 9999
316A Acap  198903062 9999 9999 9999 9999 9999 9999 9999 9999 9999 9999 9999 9999
316A Acap  198903071 9999 9999 9999 9999 9999 9999 9999 9999 9999 9999 9999 9999
316A Acap  198903072 9999 9999 9999 9999 9999 9999 9999 9999 9999 9999 9999 9999
316A Acap  198903081 9999 9999 9999 9999 9999 9999 9999 9999 9999 9999 9999 9999
316A Acap  198903082 9999 9999 9999 9999 9999 9999 9999 9999 9999 9999 9999 9999
316A Acap  198903091 9999 9999 9999 9999 9999 9999 9999 9999 9999 9999 9999 9999
316A Acap  198903092 9999 9999 9999 9999 9999 9999 9999 9999 9999 9999 9999 9999
316A Acap  198903101 9999 9999 9999 9999 9999 9999 9999 9999 9999 9999 9999 9999
316A Acap  198903102 9999 9999 9999 9999 9999 9999 9999 9999 9999 9999 9999 9999
316A Acap  198903111 9999 9999 9999 9999 9999 9999 9999 9999 9999 9999 9999 9999
316A Acap  198903112 9999 9999 9999 9999 9999 9999 9999 9999 9999 9999 9999 9999
316A Acap  198903121 9999 9999 9999 9999 9999 9999 9999 9999 9999 9999 9999 9999
316A Acap  198903122 9999 9999 9999 9999 9999 9999 9999 9999 9999 9999 9999 9999
316A Acap  198903131 9999 9999 9999 9999 9999 9999 9999 9999 9999 9999 9999 9999
316A Acap  198903132 9999 9999 9999 9999 9999 9999 9999 9999 9999 9999 9999 9999
316A Acap  198903141 9999 9999 9999 9999 9999 9999 9999 9999 9999 9999 9999 9999
316A Acap  198903142 9999 9999 9999 9999 9999 9999 9999 9999 9999 9999 9999 9999
316A Acap  198903151 9999 9999 9999 9999 9999 9999 9999 9999 9999 9999 9999 9999
316A Acap  198903152 9999 9999 9999 9999 9999 9999 9999 9999 9999 9999 9999 9999
316A Acap  198903161 9999 9999 9999 9999 9999 9999 9999 9999 9999 9999 9999 9999
316A Acap  198903162 9999 9999 9999 9999 9999 9999 9999 9999 9999 9999 9999 9999
316A Acap  198903171 9999 9999 9999 9999 9999 9999 9999 9999 9999 9999 9999 9999
316A Acap  198903172 9999 9999 9999 9999 9999 9999 9999 9999 9999 9999 9999 9999
316A Acap  198903181 9999 9999 9999 9999 9999 9999 9999 9999 9999 9999 9999 9999
316A Acap  198903182 9999 9999 9999 9999 9999 9999 9999 9999 9999 9999 9999 9999
316A Acap  198903191 9999 9999 9999 9999 9999 9999 9999 9999 9999 9999 9999 9999
316A Acap  198903192 9999 9999 9999 9999 9999 9999 9999 9999 9999 9999 9999 9999
316A Acap  198903201 9999 9999 9999 9999 9999 9999 9999 9999 9999 9999 9999 9999
316A Acap  198903202 9999 9999 9999 9999 9999 9999 9999 9999 9999 9999 9999 9999
316A Acap  198903211 9999 9999 9999 9999 9999 9999 9999 9999 9999 9999 9999 9999
316A Acap  198903212 9999 9999 9999 9999 9999 9999 9999 9999 9999 9999 9999 9999
316A Acap  198903221 9999 9999 9999 9999 9999 9999 9999 9999 9999 9999 9999 9999
316A Acap  198903222 9999 9999 9999 9999 9999 9999 9999 9999 9999 9999 9999 9999
316A Acap  198903231 9999 9999 9999 9999 9999 9999 9999 9999 9999 9999 9999 9999
316A Acap  198903232 9999 9999 9999 9999 9999 9999 9999 9999 9999 9999 9999 9999
316A Acap  198903241 9999 9999 9999 9999 9999 9999 9999 9999 9999 9999 9999 9999
316A Acap  198903242 9999 9999 9999 9999 9999 9999 9999 9999 9999 9999 9999 9999
316A Acap  198903251 9999 9999 9999 9999 9999 9999 9999 9999 9999 9999 9999 9999
316A Acap  198903252 9999 9999 9999 9999 9999 9999 9999 9999 9999 9999 9999 9999
316A Acap  198903261 9999 9999 9999 9999 9999 9999 9999 9999 9999 9999 9999 9999
316A Acap  198903262 9999 9999 9999 9999 9999 9999 9999 9999 9999 9999 9999 9999
316A Acap  198903271 9999 9999 9999 9999 9999 9999 9999 9999 9999 9999 9999 9999
316A Acap  198903272 9999 9999 9999 9999 9999 9999 9999 9999 9999 9999 9999 9999
316A Acap  198903281 9999 9999 9999 9999 9999 9999 9999 9999 9999 9999 9999 9999
316A Acap  198903282 9999 9999 9999 9999 9999 9999 9999 9999 9999 9999 9999 9999
316A Acap  198903291 9999 9999 9999 9999 9999 9999 9999 9999 9999 9999 9999 9999
316A Acap  198903292 9999 9999 9999 9999 9999 9999 9999 9999 9999 9999 9999 9999
316A Acap  198903301 9999 9999 9999 9999 9999 9999 9999 9999 9999 9999 9999 9999
316A Acap  198903302 9999 9999 9999 9999 9999 9999 9999 9999 9999 9999 9999 9999
316A Acap  198903311 9999 9999 9999 9999 9999 9999 9999 9999 9999 9999 9999 9999
316A Acap  198903312 9999 9999 9999 9999 9999 9999 9999 9999 9999 9999 9999 9999
316A Acap  198904011 9999 9999 9999 9999 9999 9999 9999 9999 9999 9999 9999 9999
316A Acap  198904012 9999 9999 9999 9999 9999 9999 9999 9999 9999 9999 9999 9999
316A Acap  198904021 9999 9999 9999 9999 9999 9999 9999 9999 9999 9999 9999 9999
316A Acap  198904022 9999 9999 9999 9999 9999 9999 9999 9999 9999 9999 9999 9999
316A Acap  198904031 9999 9999 9999 9999 9999 9999 9999 9999 9999 9999 9999 9999
316A Acap  198904032 9999 9999 9999 9999 9999 9999 9999 9999 9999 9999 9999 9999
316A Acap  198904041 9999 9999 9999 9999 9999 9999 9999 9999 9999 9999 9999 9999
316A Acap  198904042 9999 9999 9999 9999 9999 9999 9999 9999 9999 9999 9999 9999
316A Acap  198904051 9999 9999 9999 9999 9999 9999 9999 9999 9999 9999 9999 9999
316A Acap  198904052 9999 9999 9999 9999 9999 9999 9999 9999 9999 9999 9999 9999
316A Acap  198904061 9999 9999 9999 9999 9999 9999 9999 9999 9999 9999 9999 9999
316A Acap  198904062 9999 9999 9999 9999 9999 9999 9999 9999 9999 9999 9999 9999
316A Acap  198904071 9999 9999 9999 9999 9999 9999 9999 9999 9999 9999 9999 9999
316A Acap  198904072 9999 9999 9999 9999 9999 9999 9999 9999 9999 9999 9999 9999
316A Acap  198904081 9999 9999 9999 9999 9999 9999 9999 9999 9999 9999 9999 9999
316A Acap  198904082 9999 9999 9999 9999 9999 9999 9999 9999 9999 9999 9999 9999
316A Acap  198904091 9999 9999 9999 9999 9999 9999 9999 9999 9999 9999 9999 9999
316A Acap  198904092 9999 9999 9999 9999 9999 9999 9999 9999 9999 9999 9999 9999
316A Acap  198904101 9999 9999 9999 9999 9999 9999 9999 9999 9999 9999 9999 9999
316A Acap  198904102 9999 9999 9999 9999 9999 9999 9999 9999 9999 9999 9999 9999
316A Acap  198904111 9999 9999 9999 9999 9999 9999 9999 9999 9999 9999 9999 9999
316A Acap  198904112 9999 9999 9999 9999 9999 9999 9999 9999 9999 9999 9999 9999
316A Acap  198904121 9999 9999 9999 9999 9999 9999 9999 9999 9999 9999 9999 9999
316A Acap  198904122 9999 9999 9999 9999 9999 9999 9999 9999 9999 9999 9999 9999
316A Acap  198904131 9999 9999 9999 9999 9999 9999 9999 9999 9999 9999 9999 9999
316A Acap  198904132 9999 9999 9999 9999 9999 9999 9999 9999 9999 9999 9999 9999
316A Acap  198904141 9999 9999 9999 9999 9999 9999 9999 9999 9999 9999 9999 9999
316A Acap  198904142 9999 9999 9999 9999 9999 9999 9999 9999 9999 9999 9999 9999
316A Acap  198904151 9999 9999 9999 9999 9999 9999 9999 9999 9999 9999 9999 9999
316A Acap  198904152 9999 9999 9999 9999 9999 9999 9999 9999 9999 9999 9999 9999
316A Acap  198904161 9999 9999 9999 9999 9999 9999 9999 9999 9999 9999 9999 9999
316A Acap  198904162 9999 9999 9999 9999 9999 9999 9999 9999 9999 9999 9999 9999
316A Acap  198904171 9999 9999 9999 9999 9999 9999 9999 9999 9999 9999 9999 9999
316A Acap  198904172 9999 9999 9999 9999 9999 9999 9999 9999 9999 9999 9999 9999
316A Acap  198904181 9999 9999 9999 9999 9999 9999 9999 9999 9999 9999 9999 9999
316A Acap  198904182 9999 9999 9999 9999 9999 9999 9999 9999 9999 9999 9999 9999
316A Acap  198904191 9999 9999 9999 9999 9999 9999 9999 9999 9999 9999 9999 9999
316A Acap  198904192 9999 9999 9999 9999 9999 9999 9999 9999 9999 9999 9999 9999
316A Acap  198904201 9999 9999 9999 9999 9999 9999 9999 9999 9999 9999 9999 9999
316A Acap  198904202 9999 9999 9999 9999 9999 9999 9999 9999 9999 9999 9999 9999
316A Acap  198904211 9999 9999 9999 9999 9999 9999 9999 9999 9999 9999 9999 9999
316A Acap  198904212 9999 9999 9999 9999 9999 9999 9999 9999 9999 9999 9999 9999
316A Acap  198904221 9999 9999 9999 9999 9999 9999 9999 9999 9999 9999 9999 9999
316A Acap  198904222 9999 9999 9999 9999 9999 9999 9999 9999 9999 9999 9999 9999
316A Acap  198904231 9999 9999 9999 9999 9999 9999 9999 9999 9999 9999 9999 9999
316A Acap  198904232 9999 9999 9999 9999 9999 9999 9999 9999 9999 9999 9999 9999
316A Acap  198904241 9999 9999 9999 9999 9999 9999 9999 9999 9999 9999 9999 9999
316A Acap  198904242 9999 9999 9999 9999 9999 9999 9999 9999 9999 9999 9999 9999
316A Acap  198904251 9999 9999 9999 9999 9999 9999 9999 9999 9999 9999 9999 9999
316A Acap  198904252 9999 9999 9999 9999 9999 9999 9999 9999 9999 9999 9999 9999
316A Acap  198904261 9999 9999 9999 9999 9999 9999 9999 9999 9999 9999 9999 9999
316A Acap  198904262 9999 9999 9999 9999 9999 9999 9999 9999 9999 9999 9999 9999
316A Acap  198904271 9999 9999 9999 9999 9999 9999 9999 9999 9999 9999 9999 9999
316A Acap  198904272 9999 9999 9999 9999 9999 9999 9999 9999 9999 9999 9999 9999
316A Acap  198904281 9999 9999 9999 9999 9999 9999 9999 9999 9999 9999 9999 9999
316A Acap  198904282 9999 9999 9999 9999 9999 9999 9999 9999 9999 9999 9999 9999
316A Acap  198904291 9999 9999 9999 9999 9999 9999 9999 9999 9999 9999 9999 9999
316A Acap  198904292 9999 9999 9999 9999 9999 9999 9999 9999 9999 9999 9999 9999
316A Acap  198904301 9999 9999 9999 9999 9999 9999 9999 9999 9999 9999 9999 9999
316A Acap  198904302 9999 9999 9999 9999 9999 9999 9999 9999 9999 9999 9999 9999
316A Acap  198905011 9999 9999 9999 9999 9999 9999 9999 9999 9999 9999 9999 9999
316A Acap  198905012 9999 9999 9999 9999 9999 9999 9999 9999 9999 9999 9999 9999
316A Acap  198905021 9999 9999 9999 9999 9999 9999 9999 9999 9999 9999 9999 9999
316A Acap  198905022 9999 9999 9999 9999 9999 9999 9999 9999 9999 9999 9999 9999
316A Acap  198905031 9999 9999 9999 9999 9999 9999 9999 9999 9999 9999 9999 9999
316A Acap  198905032 9999 9999 9999 9999 9999 9999 9999 9999 9999 9999 9999 9999
316A Acap  198905041 9999 9999 9999 9999 9999 9999 9999 9999 9999 9999 9999 9999
316A Acap  198905042 9999 9999 9999 9999 9999 9999 9999 9999 9999 9999 9999 9999
316A Acap  198905051 9999 9999 9999 9999 9999 9999 9999 9999 9999 9999 9999 9999
316A Acap  198905052 9999 9999 9999 9999 9999 9999 9999 9999 9999 9999 9999 9999
316A Acap  198905061 9999 9999 9999 9999 9999 9999 9999 9999 9999 9999 9999 9999
316A Acap  198905062 9999 9999 9999 9999 9999 9999 9999 9999 9999 9999 9999 9999
316A Acap  198905071 9999 9999 9999 9999 9999 9999 9999 9999 9999 9999 9999 9999
316A Acap  198905072 9999 9999 9999 9999 9999 9999 9999 9999 9999 9999 9999 9999
316A Acap  198905081 9999 9999 9999 9999 9999 9999 9999 9999 9999 9999 9999 9999
316A Acap  198905082 9999 9999 9999 9999 9999 9999 9999 9999 9999 9999 9999 9999
316A Acap  198905091 9999 9999 9999 9999 9999 9999 9999 9999 9999 9999 9999 9999
316A Acap  198905092 9999 9999 9999 9999 9999 9999 9999 9999 9999 9999 9999 9999
316A Acap  198905101 9999 9999 9999 9999 9999 9999 9999 9999 9999 9999 9999 9999
316A Acap  198905102 9999 9999 9999 9999 9999 9999 9999 9999 9999 9999 9999 9999
316A Acap  198905111 9999 9999 9999 9999 9999 9999 9999 9999 9999 9999 9999 9999
316A Acap  198905112 9999 9999 9999 9999 9999 9999 9999 9999 9999 9999 9999 9999
316A Acap  198905121 9999 9999 9999 9999 9999 9999 9999 9999 9999 9999 9999 9999
316A Acap  198905122 9999 9999 9999 9999 9999 9999 9999 9999 9999 9999 9999 9999
316A Acap  198905131 9999 9999 9999 9999 9999 9999 9999 9999 9999 9999 9999 9999
316A Acap  198905132 9999 9999 9999 9999 9999 9999 9999 9999 9999 9999 9999 9999
316A Acap  198905141 9999 9999 9999 9999 9999 9999 9999 9999 9999 9999 9999 9999
316A Acap  198905142 9999 9999 9999 9999 9999 9999 9999 9999 9999 9999 9999 9999
316A Acap  198905151 9999 9999 9999 9999 9999 9999 9999 9999 9999 9999 9999 9999
316A Acap  198905152 9999 9999 9999 9999 9999 9999 9999 9999 9999 9999 9999 9999
316A Acap  198905161 9999 9999 9999 9999 9999 9999 9999 9999 9999 9999 9999 9999
316A Acap  198905162 9999 9999 9999 9999 9999 9999 9999 9999 9999 9999 9999 9999
316A Acap  198905171 9999 9999 9999 9999 9999 9999 9999 9999 9999 9999 9999 9999
316A Acap  198905172 9999 9999 9999 9999 9999 9999 9999 9999 9999 9999 9999 9999
316A Acap  198905181 9999 9999 9999 9999 9999 9999 9999 9999 9999 9999 9999 9999
316A Acap  198905182 9999 9999 9999 9999 9999 9999 9999 9999 9999 9999 9999 9999
316A Acap  198905191 9999 9999 9999 9999 9999 9999 9999 9999 9999 9999 9999 9999
316A Acap  198905192 9999 9999 9999 9999 9999 9999 9999 9999 9999 9999 9999 9999
316A Acap  198905201 9999 9999 9999 9999 9999 9999 9999 9999 9999 9999 9999 9999
316A Acap  198905202 9999 9999 9999 9999 9999 9999 9999 9999 9999 9999 9999 9999
316A Acap  198905211 9999 9999 9999 9999 9999 9999 9999 9999 9999 9999 9999 9999
316A Acap  198905212 9999 9999 9999 9999 9999 9999 9999 9999 9999 9999 9999 9999
316A Acap  198905221 9999 9999 9999 9999 9999 9999 9999 9999 9999 9999 9999 9999
316A Acap  198905222 9999 9999 9999 9999 9999 9999 9999 9999 9999 9999 9999 9999
316A Acap  198905231 9999 9999 9999 9999 9999 9999 9999 9999 9999 9999 9999 9999
316A Acap  198905232 9999 9999 9999 9999 9999 9999 9999 9999 9999 9999 9999 9999
316A Acap  198905241 9999 9999 9999 9999 9999 9999 9999 9999 9999 9999 9999 9999
316A Acap  198905242 9999 9999 9999 9999 9999 9999 9999 9999 9999 9999 9999 9999
316A Acap  198905251 9999 9999 9999 9999 9999 9999 9999 9999 9999 9999 9999 9999
316A Acap  198905252 9999 9999 9999 9999 9999 9999 9999 9999 9999 9999 9999 9999
316A Acap  198905261 9999 9999 9999 9999 9999 9999 9999 9999 9999 9999 9999 9999
316A Acap  198905262 9999 9999 9999 9999 9999 9999 9999 9999 9999 9999 9999 9999
316A Acap  198905271 9999 9999 9999 9999 9999 9999 9999 9999 9999 9999 9999 9999
316A Acap  198905272 9999 9999 9999 9999 9999 9999 9999 9999 9999 9999 9999 9999
316A Acap  198905281 9999 9999 9999 9999 9999 9999 9999 9999 9999 9999 9999 9999
316A Acap  198905282 9999 9999 9999 9999 9999 9999 9999 9999 9999 9999 9999 9999
316A Acap  198905291 9999 9999 9999 9999 9999 9999 9999 9999 9999 9999 9999 9999
316A Acap  198905292 9999 9999 9999 9999 9999 9999 9999 9999 9999 9999 9999 9999
316A Acap  198905301 9999 9999 9999 9999 9999 9999 9999 9999 9999 9999 9999 9999
316A Acap  198905302 9999 9999 9999 9999 9999 9999 9999 9999 9999 9999 9999 9999
316A Acap  198905311 9999 9999 9999 9999 9999 9999 9999 9999 9999 9999 9999 9999
316A Acap  198905312 9999 9999 9999 9999 9999 9999 9999 9999 9999 9999 9999 9999
316A Acap  198906011 9999 9999 9999 9999 9999 9999 9999 9999 9999 9999 9999 9999
316A Acap  198906012 9999 9999 9999 9999 9999 9999 9999 9999 9999 9999 9999 9999
316A Acap  198906021 9999 9999 9999 9999 9999 9999 9999 9999 9999 9999 9999 9999
316A Acap  198906022 9999 9999 9999 9999 9999 9999 9999 9999 9999 9999 9999 9999
316A Acap  198906031 9999 9999 9999 9999 9999 9999 9999 9999 9999 9999 9999 9999
316A Acap  198906032 9999 9999 9999 9999 9999 9999 9999 9999 9999 9999 9999 9999
316A Acap  198906041 9999 9999 9999 9999 9999 9999 9999 9999 9999 9999 9999 9999
316A Acap  198906042 9999 9999 9999 9999 9999 9999 9999 9999 9999 9999 9999 9999
316A Acap  198906051 9999 9999 9999 9999 9999 9999 9999 9999 9999 9999 9999 9999
316A Acap  198906052 9999 9999 9999 9999 9999 9999 9999 9999 9999 9999 9999 9999
316A Acap  198906061 9999 9999 9999 9999 9999 9999 9999 9999 9999 9999 9999 9999
316A Acap  198906062 9999 9999 9999 9999 9999 9999 9999 9999 9999 9999 9999 9999
316A Acap  198906071 9999 9999 9999 9999 9999 9999 9999 9999 9999 9999 9999 9999
316A Acap  198906072 9999 9999 9999 9999 9999 9999 9999 9999 9999 9999 9999 9999
316A Acap  198906081 9999 9999 9999 9999 9999 9999 9999 9999 9999 9999 9999 9999
316A Acap  198906082 9999 9999 9999 9999 9999 9999 9999 9999 9999 9999 9999 9999
316A Acap  198906091 9999 9999 9999 9999 9999 9999 9999 9999 9999 9999 9999 9999
316A Acap  198906092 9999 9999 9999 9999 9999 9999 9999 9999 9999 9999 9999 9999
316A Acap  198906101 9999 9999 9999 9999 9999 9999 9999 9999 9999 9999 9999 9999
316A Acap  198906102 9999 9999 9999 9999 9999 9999 9999 9999 9999 9999 9999 9999
316A Acap  198906111 9999 9999 9999 9999 9999 9999 9999 9999 9999 9999 9999 9999
316A Acap  198906112 9999 9999 9999 9999 9999 9999 9999 9999 9999 9999 9999 9999
316A Acap  198906121 9999 9999 9999 9999 9999 9999 9999 9999 9999 9999 9999 9999
316A Acap  198906122 9999 9999 9999 9999 9999 9999 9999 9999 9999 9999 9999 9999
316A Acap  198906131 9999 9999 9999 9999 9999 9999 9999 9999 9999 9999 9999 9999
316A Acap  198906132 9999 9999 9999 9999 9999 9999 9999 9999 9999 9999 9999 9999
316A Acap  198906141 9999 9999 9999 9999 9999 9999 9999 9999 9999 9999 9999 9999
316A Acap  198906142 9999 9999 9999 9999 9999 9999 9999 9999 9999 9999 9999 9999
316A Acap  198906151 9999 9999 9999 9999 9999 9999 9999 9999 9999 9999 9999 9999
316A Acap  198906152 9999 9999 9999 9999 9999 9999 9999 9999 9999 9999 9999 9999
316A Acap  198906161 9999 9999 9999 9999 9999 9999 9999 9999 9999 9999 9999 9999
316A Acap  198906162 9999 9999 9999 9999 9999 9999 9999 9999 9999 9999 9999 9999
316A Acap  198906171 9999 9999 9999 9999 9999 9999 9999 9999 9999 9999 9999 9999
316A Acap  198906172 9999 9999 9999 9999 9999 9999 9999 9999 9999 9999 9999 9999
316A Acap  198906181 9999 9999 9999 9999 9999 9999 9999 9999 9999 9999 9999 9999
316A Acap  198906182 9999 9999 9999 9999 9999 9999 9999 9999 9999 9999 9999 9999
316A Acap  198906191 9999 9999 9999 9999 9999 9999 9999 9999 9999 9999 9999 9999
316A Acap  198906192 9999 9999 9999 9999 9999 9999 9999 9999 9999 9999 9999 9999
316A Acap  198906201 9999 9999 9999 9999 9999 9999 9999 9999 9999 9999 9999 9999
316A Acap  198906202 9999 9999 9999 9999 9999 9999 9999 9999 9999 9999 9999 9999
316A Acap  198906211 9999 9999 9999 9999 9999 9999 9999 9999 9999 9999 9999 9999
316A Acap  198906212 9999 9999 9999 9999 9999 9999 9999 9999 9999 9999 9999 9999
316A Acap  198906221 9999 9999 9999 9999 9999 9999 9999 9999 9999 9999 9999 9999
316A Acap  198906222 9999 9999 9999 9999 9999 9999 9999 9999 9999 9999 9999 9999
316A Acap  198906231 9999 9999 9999 9999 9999 9999 9999 9999 9999 9999 9999 9999
316A Acap  198906232 9999 9999 9999 9999 9999 9999 9999 9999 9999 9999 9999 9999
316A Acap  198906241 9999 9999 9999 9999 9999 9999 9999 9999 9999 9999 9999 9999
316A Acap  198906242 9999 9999 9999 9999 9999 9999 9999 9999 9999 9999 9999 9999
316A Acap  198906251 9999 9999 9999 9999 9999 9999 9999 9999 9999 9999 9999 9999
316A Acap  198906252 9999 9999 9999 9999 9999 9999 9999 9999 9999 9999 9999 9999
316A Acap  198906261 9999 9999 9999 9999 9999 9999 9999 9999 9999 9999 9999 9999
316A Acap  198906262 9999 9999 9999 9999 9999 9999 9999 9999 9999 9999 9999 9999
316A Acap  198906271 9999 9999 9999 9999 9999 9999 9999 9999 9999 9999 9999 9999
316A Acap  198906272 9999 9999 9999 9999 9999 9999 9999 9999 9999 9999 9999 9999
316A Acap  198906281 9999 9999 9999 9999 9999 9999 9999 9999 9999 9999 9999 9999
316A Acap  198906282 9999 9999 9999 9999 9999 9999 9999 9999 9999 9999 9999 9999
316A Acap  198906291 9999 9999 9999 9999 9999 9999 9999 9999 9999 9999 9999 9999
316A Acap  198906292 9999 9999 9999 9999 9999 9999 9999 9999 9999 9999 9999 9999
316A Acap  198906301 9999 9999 9999 9999 9999 9999 9999 9999 9999 9999 9999 9999
316A Acap  198906302 9999 9999 9999 9999 9999 9999 9999 9999 9999 1683 1592 1500
316A Acap  198907011 1439 1500 1470 1531 1561 1561 1531 1470 1348 1226 1134 1073
316A Acap  198907012 1073 1134 1317 1500 1622 1805 1896 1927 1927 1805 1683 1592
316A Acap  198907021 1500 1439 1470 1500 1500 1500 1500 1439 1348 1256 1165 1104
316A Acap  198907022 1102 1163 1279 1431 1597 1747 1860 1922 1927 1851 1744 1622
316A Acap  198907031 1561 1470 1439 1470 1470 1500 1531 1500 1470 1409 1287 1195
316A Acap  198907032 1134 1104 1134 1226 1371 1531 1653 1805 1927 1927 1866 1774
316A Acap  198907041 1714 1592 1470 1439 1409 1439 1470 1500 1500 1470 1409 1317
316A Acap  198907042 1226 1165 1165 1195 1317 1409 1531 1653 1774 1896 1927 1896
316A Acap  198907051 1835 1744 1592 1470 1378 1348 1348 1470 1531 1561 1531 1439
316A Acap  198907052 1317 1226 1226 1256 1348 1470 1561 1683 1774 1835 1896 1866
316A Acap  198907061 1774 1622 1531 1409 1348 1348 1378 1439 1500 1561 1592 1592
316A Acap  198907062 1561 1500 1378 1317 1287 1287 1348 1470 1561 1653 1774 1866
316A Acap  198907071 1835 1774 1683 1561 1439 1348 1317 1348 1439 1561 1622 1653
316A Acap  198907072 1622 1581 1506 1409 1348 1317 1378 1439 1470 1561 1653 1744
316A Acap  198907081 1774 1805 1683 1622 1500 1378 1317 1317 1317 1409 1500 1622
316A Acap  198907082 1683 1683 1653 1592 1470 1439 1378 1409 1439 1500 1592 1683
316A Acap  198907091 1744 1774 1774 1744 1622 1470 1409 1348 1317 1378 1378 1500
316A Acap  198907092 1592 1683 1744 1774 1683 1622 1531 1470 1439 1409 1470 1561
316A Acap  198907101 1622 1744 1744 1744 1653 1561 1470 1378 1287 1317 1378 1470
316A Acap  198907102 1561 1683 1744 1774 1774 1683 1561 1500 1439 1409 1439 1470
316A Acap  198907111 1531 1622 1653 1622 1561 1470 1378 1317 1256 1256 1287 1439
316A Acap  198907112 1561 1653 1744 1774 1744 1683 1592 1500 1378 1409 1439 1500
316A Acap  198907121 1531 1592 1592 1592 1531 1500 1378 1256 1256 1226 1256 1378
316A Acap  198907122 1561 1653 1744 1805 1774 1774 1683 1561 1500 1439 1439 1439
316A Acap  198907131 1470 1531 1531 1531 1561 1500 1470 1348 1256 1226 1226 1348
316A Acap  198907132 1409 1561 1683 1774 1805 1805 1744 1653 1561 1500 1439 1439
316A Acap  198907141 1470 1500 1500 1561 1531 1439 1378 1256 1195 1165 1195 1226
316A Acap  198907142 1287 1439 1561 1683 1714 1744 1714 1653 1592 1531 1470 1439
316A Acap  198907151 1470 1531 1500 1531 1531 1470 1409 1348 1226 1195 1195 1195
316A Acap  198907152 1256 1378 1561 1653 1744 1774 1774 1744 1683 1622 1592 1531
316A Acap  198907161 1531 1531 1561 1561 1531 1470 1439 1317 1226 1134 1134 1165
316A Acap  198907162 1226 1317 1409 1531 1622 1714 1774 1774 1774 1744 1653 1584
316A Acap  198907171 1531 1531 1531 1531 1500 1500 1470 1409 1348 1256 1165 1165
316A Acap  198907172 1165 1256 1378 1439 1561 1653 1714 1774 1774 1714 1653 1622
316A Acap  198907181 1561 1531 1531 1500 1500 1470 1409 1378 1317 1226 1165 1165
316A Acap  198907182 1165 1195 1256 1378 1500 1592 1683 1744 1774 1714 1683 1622
316A Acap  198907191 1561 1531 1506 1500 1470 1470 1409 1409 1317 1287 1195 1195
316A Acap  198907192 1195 1195 1256 1378 1439 1526 1612 1683 1714 1774 1774 1714
316A Acap  198907201 1653 1561 1500 1470 1439 1470 1470 1470 1439 1439 1409 1348
316A Acap  198907202 1287 1256 1287 1287 1317 1409 1470 1592 1683 1714 1744 1714
316A Acap  198907211 1653 1561 1470 1378 1348 1348 1378 1409 1439 1470 1470 1409
316A Acap  198907212 1378 1317 1287 1226 1317 1378 1470 1561 1622 1714 1714 1744
316A Acap  198907221 1683 1592 1500 1409 1348 1317 1317 1348 1439 1531 1561 1561
316A Acap  198907222 1561 1531 1500 1409 1378 1378 1378 1470 1500 1561 1653 1683
316A Acap  198907231 1683 1622 1561 1439 1378 1287 1287 1317 1378 1470 1531 1622
316A Acap  198907232 1683 1714 1653 1622 1500 1439 1378 1378 1409 1439 1531 1622
316A Acap  198907241 1653 1653 1622 1537 1439 1348 1256 1226 1256 1348 1470 1653
316A Acap  198907242 1774 1835 1835 1774 1653 1561 1439 1409 1409 1470 1531 1653
316A Acap  198907251 1714 1714 1683 1622 1531 1409 1287 1226 1256 1317 1409 1561
316A Acap  198907252 1683 1805 1896 1896 1835 1683 1561 1470 1409 1439 1500 1561
316A Acap  198907261 1622 1714 1714 1653 1531 1378 1256 1165 1134 1195 1317 1531
316A Acap  198907262 1714 1866 1988 1988 1866 1774 1653 1561 1439 1409 1439 1531
316A Acap  198907271 1592 1653 1744 1714 1561 1470 1287 1195 1134 1165 1226 1409
316A Acap  198907272 1575 1744 1912 2018 1988 1927 1805 1653 1500 1470 1409 1470
316A Acap  198907281 1500 1592 1622 1622 1622 1500 1378 1256 1134 1104 1134 1226
316A Acap  198907282 1378 1592 1774 1896 1927 1927 1866 1744 1622 1500 1439 1439
316A Acap  198907291 1439 1561 1622 1653 1644 1579 1470 1348 1226 1134 1134 1165
316A Acap  198907292 1256 1439 1683 1805 1896 1927 1896 1866 1744 1592 1531 1470
316A Acap  198907301 1470 1531 1592 1653 1622 1622 1561 1439 1317 1226 1195 1195
316A Acap  198907302 1226 1378 1500 1683 1805 1927 1988 1957 1896 1805 1714 1653
316A Acap  198907311 1592 1561 1653 1683 1714 1683 1683 1653 1531 1439 1348 1256
316A Acap  198907312 1226 1287 1439 1561 1683 1805 1866 1927 1896 1866 1774 1714
316A Acap  198908011 1653 1592 1592 1622 1622 1683 1683 1622 1561 1531 1470 1409
316A Acap  198908012 1287 1317 1378 1470 1592 1714 1805 1866 1866 1835 1805 1774
316A Acap  198908021 1744 1683 1622 1531 1531 1582 1636 1683 1835 1866 1805 1683
316A Acap  198908022 1561 1439 1378 1378 1439 1470 1561 1622 1683 1744 1744 1683
316A Acap  198908031 1622 1531 1470 1409 1378 1378 1439 1561 1683 1774 1774 1683
316A Acap  198908032 1531 1378 1287 1287 1287 1378 1439 1531 1622 1683 1714 1714
316A Acap  198908041 1653 1561 1470 1409 1348 1317 1317 1378 1439 1561 1622 1714
316A Acap  198908042 1714 1622 1470 1348 1256 1256 1317 1409 1500 1592 1653 1683
316A Acap  198908051 1683 1592 1500 1409 1348 1287 1287 1317 1409 1470 1561 1653
316A Acap  198908052 1683 1683 1622 1527 1439 1378 1287 1287 1317 1409 1500 1561
316A Acap  198908061 1622 1622 1561 1500 1409 1317 1226 1195 1256 1348 1470 1561
316A Acap  198908062 1653 1683 1653 1592 1531 1439 1348 1317 1348 1409 1470 1561
316A Acap  198908071 1592 1592 1531 1439 1348 1287 1165 1165 1226 1317 1439 1561
316A Acap  198908072 1653 1714 1714 1622 1531 1409 1317 1317 1348 1409 1500 1561
316A Acap  198908081 1592 1592 1561 1470 1378 1287 1195 1134 1134 1195 1317 1439
316A Acap  198908082 1592 1683 1744 1714 1653 1531 1439 1348 1317 1348 1409 1500
316A Acap  198908091 1561 1592 1592 1561 1500 1378 1226 1195 1226 1256 1348 1500
316A Acap  198908092 1622 1714 1774 1805 1744 1683 1561 1470 1409 1378 1409 1470
316A Acap  198908101 1531 1561 1592 1592 1531 1439 1317 1226 1195 1226 1256 1348
316A Acap  198908102 1531 1653 1744 1774 1774 1653 1561 1439 1378 1348 1378 1409
316A Acap  198908111 1470 1500 1531 1500 1470 1378 1287 1195 1165 1165 1226 1348
316A Acap  198908112 1500 1592 1744 1774 1744 1683 1683 1561 1470 1409 1378 1409
316A Acap  198908121 1500 1531 1561 1531 1500 1409 1287 1195 1134 1104 1134 1226
316A Acap  198908122 1348 1500 1653 1744 1805 1805 1714 1653 1531 1500 1470 1439
316A Acap  198908131 1439 1470 1517 1530 1500 1439 1378 1287 1165 1104 1073 1167
316A Acap  198908132 1302 1460 1618 1744 1805 1805 1774 1714 1622 1561 1470 1439
316A Acap  198908141 1470 1500 1531 1561 1500 1470 1348 1256 1195 1134 1073 1134
316A Acap  198908142 1226 1378 1500 1653 1744 1774 1774 1714 1653 1561 1531 1500
316A Acap  198908151 1500 1531 1561 1561 1561 1531 1470 1378 1256 1195 1134 1165
316A Acap  198908152 1226 1348 1439 1592 1683 1774 1805 1774 1714 1653 1592 1561
316A Acap  198908161 1561 1592 1622 1653 1653 1622 1592 1531 1470 1378 1348 1287
316A Acap  198908162 1348 1378 1470 1592 1714 1774 1835 1866 1835 1805 1744 1683
316A Acap  198908171 1653 1622 1683 1683 1683 1653 1683 1622 1561 1470 1439 1409
316A Acap  198908172 1378 1348 1378 1500 1592 1683 1744 1774 1835 1805 1774 1714
316A Acap  198908181 1683 1653 1592 1622 1622 1622 1653 1653 1592 1561 1531 1531
316A Acap  198908182 1470 1439 1439 1470 1531 1561 1653 1714 1744 1774 1714 1683
316A Acap  198908191 1622 1561 1500 1439 1470 1531 1531 1592 1622 1683 1653 1653
316A Acap  198908192 1622 1592 1531 1500 1500 1531 1561 1592 1653 1714 1714 1714
316A Acap  198908201 1622 1561 1500 1409 1409 1439 1500 1561 1653 1774 1805 1805
316A Acap  198908202 1774 1714 1592 1500 1500 1470 1500 1531 1592 1653 1714 1714
316A Acap  198908211 1714 1592 1470 1378 1317 1317 1378 1439 1592 1714 1835 1866
316A Acap  198908212 1835 1805 1714 1592 1500 1409 1409 1378 1470 1561 1622 1683
316A Acap  198908221 1683 1592 1500 1378 1256 1195 1134 1134 1226 1378 1561 1714
316A Acap  198908222 1835 1896 1866 1774 1622 1470 1378 1348 1317 1378 1531 1622
316A Acap  198908231 1683 1653 1561 1439 1256 1165 1104 1134 1226 1348 1561 1744
316A Acap  198908232 1896 1957 1957 1866 1714 1531 1409 1348 1317 1378 1500 1592
316A Acap  198908241 9999 9999 9999 9999 9999 9999 9999 9999 9999 9999 9999 9999
316A Acap  198908242 9999 9999 9999 9999 9999 9999 9999 9999 9999 9999 9999 9999
316A Acap  198908251 9999 9999 9999 9999 9999 9999 9999 9999 9999 9999 9999 9999
316A Acap  198908252 9999 1835 1866 1988 1957 1805 1653 1500 1409 1348 1348 1409
316A Acap  198908261 1470 1622 1653 1653 1561 1439 1256 1104 1012  982 1073 1226
316A Acap  198908262 1409 1622 1774 1866 1927 1866 1744 1592 1470 1409 1378 1378
316A Acap  198908271 1470 1531 1592 1622 1592 1500 1378 1226 1134 1104 1134 1195
316A Acap  198908272 1348 1500 1714 1805 1835 1866 1835 1683 1561 1500 1409 1439
316A Acap  198908281 1470 1561 1592 1653 1592 1561 1439 1317 1195 1165 1195 1287
316A Acap  198908282 1378 1500 1653 1744 1774 1835 1774 1683 1592 1500 1470 1439
316A Acap  198908291 1470 1531 1592 1592 1561 1531 1470 1378 1317 1226 1195 1226
316A Acap  198908292 1256 1378 1500 1622 1714 1744 1774 1774 1683 1653 1561 1500
316A Acap  198908301 1470 1470 1470 1561 1622 1592 1592 1561 1500 1409 1348 1317
316A Acap  198908302 1287 1318 1378 1470 1561 1653 1714 1744 1805 1774 1744 1683
316A Acap  198908311 1622 1592 1592 1592 1622 1683 1714 1683 1653 1653 1622 1592
316A Acap  198908312 1531 1500 1439 1470 1531 1592 1622 1683 1744 1744 1714 1622
316A Acap  198909011 1622 1592 1531 1470 1500 1500 1531 1592 1622 1653 1653 1592
316A Acap  198909012 1592 1561 1561 1531 1531 1531 1561 1592 1592 1653 1653 1653
316A Acap  198909021 1622 9999 9999 9999 9999 9999 9999 9999 9999 9999 9999 9999
316A Acap  198909022 9999 9999 9999 9999 9999 9999 9999 9999 9999 9999 9999 9999
316A Acap  198909031 9999 9999 9999 9999 9999 9999 9999 9999 9999 9999 9999 9999
316A Acap  198909032 9999 9999 9999 9999 9999 9999 9999 9999 9999 9999 9999 9999
316A Acap  198909041 9999 9999 9999 9999 9999 9999 9999 9999 9999 9999 9999 9999
316A Acap  198909042 9999 9999 9999 9999 9999 9999 9999 9999 9999 9999 9999 9999
316A Acap  198909051 9999 9999 9999 9999 9999 9999 9999 9999 9999 9999 9999 9999
316A Acap  198909052 9999 9999 9999 9999 9999 9999 9999 9999 9999 9999 9999 9999
316A Acap  198909061 9999 9999 9999 9999 9999 9999 9999 9999 9999 9999 9999 9999
316A Acap  198909062 9999 9999 9999 9999 9999 9999 9999 9999 9999 9999 9999 9999
316A Acap  198909071 9999 9999 9999 9999 9999 9999 9999 9999 9999 9999 9999 9999
316A Acap  198909072 9999 9999 9999 9999 9999 9999 9999 9999 9999 9999 9999 9999
316A Acap  198909081 9999 9999 9999 9999 9999 9999 9999 9999 9999 9999 9999 9999
316A Acap  198909082 9999 9999 9999 9999 9999 9999 9999 9999 9999 9999 9999 9999
316A Acap  198909091 9999 9999 9999 9999 9999 9999 9999 9999 9999 9999 9999 9999
316A Acap  198909092 9999 9999 9999 9999 9999 9999 9999 9999 9999 9999 9999 9999
316A Acap  198909101 9999 9999 9999 9999 9999 9999 9999 9999 9999 9999 9999 9999
316A Acap  198909102 9999 9999 9999 9999 9999 9999 9999 9999 9999 9999 9999 9999
316A Acap  198909111 9999 9999 9999 9999 9999 9999 9999 9999 9999 9999 9999 9999
316A Acap  198909112 9999 9999 9999 9999 9999 9999 9999 9999 9999 9999 9999 9999
316A Acap  198909121 9999 9999 9999 9999 9999 9999 9999 9999 9999 9999 9999 9999
316A Acap  198909122 9999 9999 9999 9999 9999 9999 9999 9999 9999 9999 9999 9999
316A Acap  198909131 9999 9999 9999 9999 9999 9999 9999 9999 9999 9999 9999 9999
316A Acap  198909132 9999 9999 9999 9999 9999 9999 9999 9999 9999 9999 9999 9999
316A Acap  198909141 9999 9999 9999 9999 9999 9999 9999 9999 9999 9999 9999 9999
316A Acap  198909142 9999 9999 9999 9999 9999 9999 9999 9999 9999 9999 9999 9999
316A Acap  198909151 9999 9999 9999 9999 9999 9999 9999 9999 9999 9999 9999 9999
316A Acap  198909152 9999 9999 9999 9999 9999 9999 9999 9999 9999 9999 9999 9999
316A Acap  198909161 9999 9999 9999 9999 9999 9999 9999 9999 9999 9999 9999 9999
316A Acap  198909162 9999 9999 9999 9999 9999 9999 9999 9999 9999 9999 9999 9999
316A Acap  198909171 9999 9999 9999 9999 9999 9999 9999 9999 9999 9999 9999 9999
316A Acap  198909172 9999 9999 9999 9999 9999 9999 9999 9999 9999 9999 9999 9999
316A Acap  198909181 9999 9999 9999 9999 9999 9999 9999 9999 9999 9999 9999 9999
316A Acap  198909182 9999 9999 9999 9999 9999 9999 9999 9999 9999 9999 9999 9999
316A Acap  198909191 9999 9999 9999 9999 9999 9999 9999 9999 9999 9999 9999 9999
316A Acap  198909192 9999 9999 9999 9999 9999 9999 9999 9999 9999 9999 9999 9999
316A Acap  198909201 9999 9999 9999 9999 9999 9999 9999 9999 9999 9999 9999 9999
316A Acap  198909202 9999 9999 9999 9999 9999 9999 9999 9999 9999 9999 9999 9999
316A Acap  198909211 9999 9999 9999 9999 9999 9999 9999 9999 9999 9999 9999 9999
316A Acap  198909212 9999 9999 9999 9999 9999 9999 9999 9999 9999 9999 9999 9999
316A Acap  198909221 9999 9999 9999 9999 9999 9999 9999 9999 9999 9999 9999 9999
316A Acap  198909222 9999 9999 9999 9999 9999 9999 9999 9999 9999 9999 9999 9999
316A Acap  198909231 9999 9999 9999 9999 9999 9999 9999 9999 9999 9999 9999 9999
316A Acap  198909232 9999 9999 9999 9999 9999 9999 9999 9999 9999 9999 9999 9999
316A Acap  198909241 9999 9999 9999 9999 9999 9999 9999 9999 9999 9999 9999 9999
316A Acap  198909242 9999 9999 9999 9999 9999 9999 9999 9999 9999 9999 9999 9999
316A Acap  198909251 9999 9999 9999 9999 9999 9999 9999 9999 9999 9999 9999 9999
316A Acap  198909252 9999 9999 9999 9999 9999 9999 9999 9999 9999 9999 9999 9999
316A Acap  198909261 9999 9999 9999 9999 9999 9999 9999 9999 9999 9999 9999 9999
316A Acap  198909262 9999 9999 9999 9999 9999 9999 9999 9999 9999 9999 9999 9999
316A Acap  198909271 9999 9999 9999 9999 9999 9999 9999 9999 9999 9999 9999 9999
316A Acap  198909272 9999 9999 9999 9999 9999 9999 9999 9999 9999 9999 9999 9999
316A Acap  198909281 9999 9999 9999 9999 9999 9999 9999 9999 9999 9999 9999 9999
316A Acap  198909282 9999 9999 9999 9999 9999 9999 9999 9999 9999 9999 9999 9999
316A Acap  198909291 9999 9999 9999 9999 9999 9999 9999 9999 9999 9999 9999 9999
316A Acap  198909292 9999 9999 9999 9999 9999 9999 9999 9999 9999 9999 9999 9999
316A Acap  198909301 9999 9999 9999 9999 9999 9999 9999 9999 9999 9999 9999 9999
316A Acap  198909302 9999 9999 9999 9999 9999 9999 9999 9999 9999 9999 9999 9999
316A Acap  198910011 9999 9999 9999 9999 9999 9999 1439 1531 1653 1714 1774 1774
316A Acap  198910012 1744 1653 1531 1439 1348 1256 1256 1317 1317 1317 1317 1348
316A Acap  198910021 1317 1287 1256 1195 1195 1256 1348 1439 1561 1653 1714 1744
316A Acap  198910022 1714 1622 1531 1439 1348 1287 1256 1256 1348 1378 1409 1439
316A Acap  198910031 1439 1409 1317 1256 1226 1226 1256 1317 1439 1531 1653 1714
316A Acap  198910032 1714 1683 1622 1470 1378 1287 1256 1256 1287 1378 1409 1470
316A Acap  198910041 1500 1470 1409 1317 1287 1256 1256 1348 1439 1531 1683 1774
316A Acap  198910042 1774 1774 1714 1592 1470 1378 1317 1287 1317 1348 1409 1470
316A Acap  198910051 1531 1500 1470 1378 1287 1226 1226 1256 1317 1439 1592 1714
316A Acap  198910052 1805 1805 1774 1653 1561 1470 1348 1317 1287 1317 1409 1470
316A Acap  198910061 1531 1531 1500 1409 1348 1226 1195 1195 1287 1409 1561 1683
316A Acap  198910062 1805 1835 1835 1774 1653 1531 1439 1378 1348 1348 1409 1470
316A Acap  198910071 1531 1561 1531 1500 1409 1317 1287 1226 1256 1348 1470 1622
316A Acap  198910072 1805 1896 1896 1866 1774 1622 1531 1409 1348 1348 1348 1439
316A Acap  198910081 1531 1592 1592 1531 1470 1378 1256 1226 1195 1256 1409 1561
316A Acap  198910082 1683 1805 1896 1866 1835 1683 1531 1439 1348 1348 1409 1500
316A Acap  198910091 1561 1622 1622 1592 1531 1439 1317 1226 1195 1226 1323 1459
316A Acap  198910092 1610 1747 1838 1866 1774 1683 1592 1470 1409 1409 1439 1500
316A Acap  198910101 1592 1622 1622 1622 1531 1439 1287 1195 1165 1165 1256 1409
316A Acap  198910102 1531 1653 1744 1805 1774 1683 1561 1439 1378 1348 1348 1409
316A Acap  198910111 1500 1592 1653 1622 1592 1500 1378 1256 1195 1226 1256 1348
316A Acap  198910112 1470 1592 1683 1714 1714 1653 1592 1439 1378 1317 1317 1378
316A Acap  198910121 1470 1531 1622 1683 1653 1622 1531 1439 1348 1256 1287 1317
316A Acap  198910122 1378 1500 1592 1683 1744 1683 1592 1500 1378 1317 1287 1317
316A Acap  198910131 1378 1500 1592 1683 1714 1683 1683 1592 1500 1439 1409 1378
316A Acap  198910132 1439 1470 1531 1561 1622 1653 1592 1531 1439 1348 1287 1287
316A Acap  198910141 1317 1470 1561 1653 1683 1714 1744 1714 1653 1561 1531 1500
316A Acap  198910142 1500 1500 1531 1531 1561 1561 1500 1500 1409 1317 1256 1256
316A Acap  198910151 1256 1287 1348 1409 1500 1592 1653 1774 1835 1835 1774 1714
316A Acap  198910152 1653 1592 1561 1500 1439 1409 1409 1470 1531 1531 1409 1348
316A Acap  198910161 1287 1226 1226 1287 1348 1439 1561 1653 1774 1866 1896 1835
316A Acap  198910162 1744 1653 1561 1500 1378 1348 1378 1439 1470 1500 1500 1470
316A Acap  198910171 1378 1317 1195 1165 1165 1256 1378 1500 1653 1805 1896 1927
316A Acap  198910172 1927 1835 1683 1531 1378 1317 1287 1317 1409 1470 1500 1500
316A Acap  198910181 1439 1378 1256 1165 1073 1073 1165 1287 1439 1592 1805 1927
316A Acap  198910182 1988 1927 1835 1683 1531 1378 1256 1226 1256 1317 1409 1500
316A Acap  198910191 1531 1500 1409 1256 1104 1012 1012 1104 1287 1561 1774 1896
316A Acap  198910192 1988 1927 1805 1592 1531 1378 1195 1226 1256 1439 1561 1653
316A Acap  198910201 1683 1622 1531 1439 1317 1226 1134 1073 1104 1226 1439 1622
316A Acap  198910202 1805 1957 1957 1835 1683 1500 1348 1256 1256 1287 1439 1561
316A Acap  198910211 1653 1683 1653 1561 1378 1256 1134 1104 1165 1256 1500 1683
316A Acap  198910212 1835 1957 1988 1896 1744 1592 1409 1287 1226 1256 1317 1409
316A Acap  198910221 1531 1683 1714 1714 1683 1531 1409 1256 1165 1195 1287 1470
316A Acap  198910222 1653 1835 1927 1957 1866 1653 1470 1317 1226 1226 1287 1409
316A Acap  198910231 1531 1653 1714 1714 1622 1470 1348 1226 1165 1195 1317 1470
316A Acap  198910232 1653 1805 1866 1927 1835 1714 1561 1409 1348 1317 1348 1470
316A Acap  198910241 1561 1683 1744 1774 1744 1653 1531 1378 1317 1317 1348 1439
316A Acap  198910242 1592 1714 1774 1805 1805 1714 1592 1500 1409 1348 1348 1378
316A Acap  198910251 1470 1592 1622 1714 1744 1714 1592 1531 1439 1409 1348 1409
316A Acap  198910252 1470 1561 1653 1683 1683 1653 1592 1500 1439 1378 1348 1378
316A Acap  198910261 1439 1500 1592 1653 1683 1683 1683 1622 1561 1531 1470 1470
316A Acap  198910262 1470 1531 1622 1653 1622 1592 1561 1500 1439 1378 1348 1378
316A Acap  198910271 1378 1439 1500 1561 1622 1622 1653 1653 1622 1592 1531 1500
316A Acap  198910272 1470 1500 1500 1531 1531 1531 1500 1439 1409 1409 1378 1378
316A Acap  198910281 1378 1409 1470 1531 1592 1622 1622 1683 1683 1622 1592 1561
316A Acap  198910282 1561 1500 1500 1500 1500 1470 1470 1470 1500 1439 1409 1409
316A Acap  198910291 1409 1378 1378 1409 1500 1531 1622 1683 1714 1714 1683 1653
316A Acap  198910292 1592 1531 1500 1439 1439 1409 1409 1409 1409 1409 1409 1409
316A Acap  198910301 1439 1409 1409 1439 1470 1500 1592 1683 1714 1774 1744 1744
316A Acap  198910302 1683 1622 1561 1439 1439 1378 1348 1348 1378 1378 1378 1409
316A Acap  198910311 1378 1378 1348 1348 1378 1470 1561 1622 1714 1774 1805 1805
316A Acap  198910312 1744 1683 1592 1500 1409 1378 1317 1348 1348 1378 1378 1439
316A Acap  198911011 1378 1378 1348 1348 1348 1409 1470 1561 1653 1714 1774 1774
316A Acap  198911012 1714 9999 9999 9999 9999 9999 9999 9999 9999 9999 9999 9999
316A Acap  198911021 9999 9999 9999 9999 9999 9999 9999 9999 9999 9999 9999 9999
316A Acap  198911022 9999 9999 9999 9999 9999 9999 9999 9999 9999 9999 9999 9999
316A Acap  198911031 9999 9999 9999 9999 9999 9999 9999 9999 9999 9999 9999 9999
316A Acap  198911032 9999 9999 9999 9999 9999 9999 9999 9999 9999 9999 9999 9999
316A Acap  198911041 9999 9999 9999 9999 9999 9999 9999 9999 9999 9999 9999 9999
316A Acap  198911042 9999 9999 9999 9999 9999 9999 9999 9999 9999 9999 9999 9999
316A Acap  198911051 9999 9999 9999 9999 9999 9999 9999 9999 9999 9999 9999 9999
316A Acap  198911052 9999 9999 9999 9999 9999 9999 9999 9999 9999 9999 9999 9999
316A Acap  198911061 9999 9999 9999 9999 9999 9999 9999 9999 9999 9999 9999 9999
316A Acap  198911062 9999 9999 9999 9999 9999 9999 9999 9999 9999 9999 9999 9999
316A Acap  198911071 9999 9999 9999 9999 9999 9999 9999 9999 9999 9999 9999 9999
316A Acap  198911072 9999 9999 9999 9999 9999 9999 9999 9999 9999 9999 9999 9999
316A Acap  198911081 9999 9999 9999 9999 9999 9999 9999 9999 9999 9999 9999 9999
316A Acap  198911082 9999 9999 9999 9999 9999 9999 9999 9999 9999 9999 9999 9999
316A Acap  198911091 9999 9999 9999 9999 9999 9999 9999 9999 9999 9999 9999 9999
316A Acap  198911092 9999 9999 9999 9999 9999 9999 9999 9999 9999 9999 9999 9999
316A Acap  198911101 9999 9999 9999 9999 9999 9999 9999 9999 9999 9999 9999 9999
316A Acap  198911102 9999 9999 9999 9999 9999 9999 9999 9999 9999 9999 9999 9999
316A Acap  198911111 9999 9999 9999 9999 9999 9999 9999 9999 9999 9999 9999 9999
316A Acap  198911112 9999 9999 9999 9999 9999 9999 9999 9999 9999 9999 9999 9999
316A Acap  198911121 9999 9999 9999 9999 9999 9999 9999 9999 9999 9999 9999 9999
316A Acap  198911122 9999 9999 9999 9999 9999 9999 9999 9999 9999 9999 9999 9999
316A Acap  198911131 9999 9999 9999 9999 9999 9999 9999 9999 9999 9999 9999 9999
316A Acap  198911132 9999 9999 9999 9999 9999 9999 9999 9999 9999 9999 9999 9999
316A Acap  198911141 9999 9999 9999 9999 9999 9999 9999 9999 9999 9999 9999 9999
316A Acap  198911142 9999 9999 9999 9999 9999 9999 9999 9999 9999 9999 9999 9999
316A Acap  198911151 9999 9999 9999 9999 9999 9999 9999 9999 9999 9999 9999 9999
316A Acap  198911152 9999 9999 9999 9999 9999 9999 9999 9999 9999 9999 9999 9999
316A Acap  198911161 9999 9999 9999 9999 9999 9999 9999 9999 9999 9999 9999 9999
316A Acap  198911162 9999 9999 9999 9999 9999 9999 9999 9999 9999 9999 9999 9999
316A Acap  198911171 9999 9999 9999 9999 9999 9999 9999 9999 9999 9999 9999 9999
316A Acap  198911172 9999 9999 9999 9999 9999 9999 9999 9999 9999 9999 9999 9999
316A Acap  198911181 9999 9999 9999 9999 9999 9999 9999 9999 9999 9999 9999 9999
316A Acap  198911182 9999 9999 9999 9999 9999 9999 9999 9999 9999 9999 9999 9999
316A Acap  198911191 9999 9999 9999 9999 9999 9999 9999 9999 9999 9999 9999 9999
316A Acap  198911192 9999 9999 9999 9999 9999 9999 9999 9999 9999 9999 9999 9999
316A Acap  198911201 9999 9999 9999 9999 9999 9999 9999 9999 9999 9999 9999 9999
316A Acap  198911202 9999 9999 9999 9999 9999 9999 9999 9999 9999 9999 9999 9999
316A Acap  198911211 9999 9999 9999 9999 9999 9999 9999 9999 9999 9999 9999 9999
316A Acap  198911212 9999 9999 9999 9999 9999 9999 9999 9999 9999 9999 9999 9999
316A Acap  198911221 9999 9999 9999 9999 9999 9999 9999 9999 9999 9999 9999 9999
316A Acap  198911222 9999 9999 9999 9999 9999 9999 9999 9999 9999 9999 9999 9999
316A Acap  198911231 9999 9999 9999 9999 9999 9999 9999 9999 9999 9999 9999 9999
316A Acap  198911232 9999 9999 9999 9999 9999 9999 9999 9999 9999 9999 9999 9999
316A Acap  198911241 9999 9999 9999 9999 9999 9999 9999 9999 9999 9999 9999 9999
316A Acap  198911242 9999 9999 9999 9999 9999 9999 9999 9999 9999 9999 9999 9999
316A Acap  198911251 9999 9999 9999 9999 9999 9999 9999 9999 9999 9999 9999 9999
316A Acap  198911252 9999 9999 9999 9999 9999 9999 9999 9999 9999 9999 9999 9999
316A Acap  198911261 9999 9999 9999 9999 9999 9999 9999 9999 9999 9999 9999 9999
316A Acap  198911262 9999 9999 9999 9999 9999 9999 9999 9999 9999 9999 9999 9999
316A Acap  198911271 9999 9999 9999 9999 9999 9999 9999 9999 9999 9999 9999 9999
316A Acap  198911272 9999 9999 9999 9999 9999 9999 9999 9999 9999 9999 9999 9999
316A Acap  198911281 9999 9999 9999 9999 9999 9999 9999 9999 9999 9999 9999 9999
316A Acap  198911282 9999 9999 9999 9999 9999 9999 9999 9999 9999 9999 9999 9999
316A Acap  198911291 9999 9999 9999 9999 9999 9999 9999 9999 9999 9999 9999 9999
316A Acap  198911292 9999 9999 9999 9999 9999 9999 9999 9999 9999 9999 9999 9999
316A Acap  198911301 9999 9999 9999 9999 9999 9999 9999 9999 9999 9999 9999 9999
316A Acap  198911302 9999 9999 9999 9999 9999 9999 9999 9999 9999 9999 9999 9999
316A Acap  198912011 9999 9999 9999 9999 9999 9999 1500 1592 1683 1683 1653 1592
316A Acap  198912012 1531 1470 1409 1378 1348 1317 1317 1287 1287 1256 1256 1226
316A Acap  198912021 1195 1195 1226 1256 1348 1470 1531 1653 1714 1714 1714 1653
316A Acap  198912022 1592 1500 1439 1378 1348 1317 1287 1287 1287 1287 1256 1226
316A Acap  198912031 1226 1195 1226 1256 1348 1439 1531 1653 1683 1714 1714 1683
316A Acap  198912032 1622 1531 1409 1348 1256 1256 1226 1256 1287 1287 1287 1256
316A Acap  198912041 1226 1226 1226 1226 1256 1348 1470 1561 1653 1714 1744 1714
316A Acap  198912042 1744 1653 1531 1439 1378 1287 1256 1256 1287 1317 1317 1287
316A Acap  198912051 1287 1256 1195 1195 1195 1226 1317 1439 1531 1653 1744 1774
316A Acap  198912052 1744 1683 1592 1470 1378 1256 1256 1256 1226 1226 1195 1256
316A Acap  198912061 1287 1317 1317 1317 1287 1256 1195 1165 1165 1226 1287 1439
316A Acap  198912062 1561 1683 1744 1774 1714 1622 1500 1348 1256 1165 1165 1195
316A Acap  198912071 1287 1348 1378 1378 1378 1317 1287 1195 1165 1226 1256 1378
316A Acap  198912072 1500 1592 1744 1774 1774 1683 1592 1439 1317 1256 1226 1195
316A Acap  198912081 1195 1226 1317 1409 1531 1592 1683 1744 1774 1744 1683 1531
316A Acap  198912082 1378 1256 1226 1195 1226 1287 1348 1409 1500 1531 1531 1500
316A Acap  198912091 1439 1348 1287 1287 1287 1317 1439 1531 1653 1714 1744 1683
316A Acap  198912092 1592 1470 1348 1256 1226 1226 1287 1378 1470 1561 1622 1622
316A Acap  198912101 1592 1500 1439 1378 1348 1317 1348 1439 1500 1622 1683 1714
316A Acap  198912102 1714 1653 1531 1409 1287 1226 1195 1256 1348 1439 1531 1622
316A Acap  198912111 1714 1744 1683 1622 1500 1439 1378 1348 1348 1439 1531 1622
316A Acap  198912112 1683 1714 1683 1592 1470 1378 1256 1256 1256 1287 1348 1470
316A Acap  198912121 1592 1714 1805 1805 1774 1683 1622 1500 1409 1378 1348 1439
316A Acap  198912122 1500 1531 1592 1622 1592 1500 1378 1195 1165 1104 1104 1165
316A Acap  198912131 1287 1409 1561 1683 1774 1805 1744 1683 1592 1470 1378 1378
316A Acap  198912132 1439 1470 1531 1531 1561 1500 1378 1256 1134 1012  982 1043
316A Acap  198912141 1165 1317 1531 1683 1805 1835 1805 1744 1622 1531 1439 1378
316A Acap  198912142 1378 1409 1470 1470 1470 1439 1348 1256 1104 1043  982  982
316A Acap  198912151 1043 1195 1409 1561 1714 1805 1835 1835 1774 1653 1561 1500
316A Acap  198912152 1439 1409 1439 1439 1470 1470 1409 1348 1256 1165 1043 1043
316A Acap  198912161 1043 1134 1226 1409 1592 1714 1835 1866 1866 1805 1714 1592
316A Acap  198912162 1500 1409 1378 1378 1409 1409 1409 1378 1348 1256 1165 1043
316A Acap  198912171 1012 1043 1104 1226 1378 1592 1744 1866 1896 1896 1866 1744
316A Acap  198912172 1653 1531 1470 1378 1348 1378 1378 1439 1409 1378 1317 1256
316A Acap  198912181 1165 1104 1104 1195 1256 1378 1531 1683 1957 1866 1896 1805
316A Acap  198912182 1714 1592 1470 1378 1317 1287 1287 1348 1409 1439 1439 1348
316A Acap  198912191 1256 1195 1134 1134 1104 1195 1348 1500 1653 1774 1866 1866
316A Acap  198912192 1835 1714 1561 1439 1317 1226 1226 1256 1348 1409 1439 1470
316A Acap  198912201 1439 1378 1287 1195 1195 1195 1226 1348 1531 1653 1774 1835
316A Acap  198912202 1866 1805 1653 1531 1409 1287 1226 1226 1287 1378 1470 1561
316A Acap  198912211 1592 1561 1531 1409 1348 1287 1256 1317 1470 1592 1744 1835
316A Acap  198912212 1896 1896 1805 1683 1500 1378 1317 1256 1287 1348 1470 1592
316A Acap  198912221 1683 1683 1653 1531 1470 1378 1348 1317 1348 1470 1592 1744
316A Acap  198912222 1835 1866 1744 1653 1500 1378 1226 1195 1165 1256 1378 1470
316A Acap  198912231 1622 1683 1653 1561 1500 1409 1317 1317 1348 1409 1470 1592
316A Acap  198912232 1683 1744 1744 1653 1531 1409 1256 1165 1134 1195 1287 1439
316A Acap  198912241 1531 1653 1683 1683 1622 1500 1409 1317 1287 1287 1378 1439
316A Acap  198912242 1561 1653 1683 1622 1531 1409 1256 1165 1073 1073 1134 1256
316A Acap  198912251 1378 1531 1622 1653 1622 1531 1439 1348 1287 1287 1287 1317
316A Acap  198912252 1409 1470 1531 1531 1500 1378 1256 1165 1104 1073 1104 1195
316A Acap  198912261 1317 1470 1592 1683 1683 1622 1561 1439 1348 1287 1287 1317
316A Acap  198912262 1409 1439 1531 1500 1500 1409 1287 1195 1104 1073 1104 1165
316A Acap  198912271 1287 1409 1531 1622 1683 1683 1622 1592 1470 1409 1378 1378
316A Acap  198912272 1409 1439 1470 1500 1470 1439 1348 1256 1165 1104 1073 1134
316A Acap  198912281 1226 1348 1500 1653 1714 1744 1714 1653 1561 1470 1439 1409
316A Acap  198912282 1409 1439 1500 1500 1470 1409 1317 1226 1165 1134 1104 1134
316A Acap  198912291 1226 1348 1470 1592 1653 1714 1714 1683 1622 1592 1531 1470
316A Acap  198912292 1500 1470 1531 1500 1470 1439 1378 1348 1287 1195 1195 1195
316A Acap  198912301 1226 1317 1439 1531 1592 1683 1714 1714 1683 1653 1622 1561
316A Acap  198912302 1531 1500 1500 1470 1439 1409 1348 1317 1287 1256 1226 1195
316A Acap  198912311 1226 1287 1348 1470 1561 1653 1744 1774 1774 1744 1744 1653
316A Acap  198912312 1592 1561 1531 1500 1470 1439 1409 1378 1317 1287 1256 1256
