316A Acapulco           Mexico              1963 16504N 099547W 0000 3 00000R MM
316A Acap  196301011 1378 1378 1317 1256 1165 1104 1073 1134 1195 1348 1470 1592
316A Acap  196301012 1653 1622 1561 1439 1287 1104 1012  952 1012 1104 1226 1348
316A Acap  196301021 1439 1470 1470 1409 1317 1165 1104 1073 1134 1226 1348 1470
316A Acap  196301022 1561 1622 1592 1500 1378 1226 1104 1012 1012 1073 1195 1317
316A Acap  196301031 1439 1500 1561 1561 1439 1348 1226 1165 1134 1165 1256 1409
316A Acap  196301032 1500 1592 1622 1561 1409 1256 1104 1012  952  982 1104 1256
316A Acap  196301041 1409 1561 1622 1683 1622 1531 1409 1287 1195 1134 1195 1287
316A Acap  196301042 1409 1500 1561 1561 1439 1317 1165 1043  952  921  982 1104
316A Acap  196301051 1256 1439 1561 1683 1683 1622 1531 1378 1256 1195 1165 1226
316A Acap  196301052 1317 1409 1500 1531 1500 1378 1256 1104  982  921  921  982
316A Acap  196301061 1104 1317 1500 1622 1683 1714 1592 1500 1348 1256 1195 1165
316A Acap  196301062 1226 1287 1378 1439 1439 1378 1287 1134 1012  921  891  921
316A Acap  196301071 1012 1195 1348 1531 1622 1653 1622 1561 1470 1348 1256 1226
316A Acap  196301072 1226 1256 1348 1409 1378 1378 1317 1195 1073  982  891  921
316A Acap  196301081  982 1104 1256 1409 1561 1653 1714 1683 1622 1500 1439 1348
316A Acap  196301082 1287 1256 1287 1348 1378 1378 1348 1287 1195 1073  982  921
316A Acap  196301091  952 1012 1134 1287 1439 1561 1653 1714 1714 1653 1561 1439
316A Acap  196301092 1378 1348 1317 1317 1317 1348 1348 1348 1317 1256 1165 1073
316A Acap  196301101 1043 1073 1134 1226 1348 1470 1592 1714 1744 1714 1683 1622
316A Acap  196301102 1500 1409 1317 1287 1256 1287 1287 1348 1348 1348 1287 1226
316A Acap  196301111 1195 1104 1104 1134 1195 1317 1439 1561 1653 1714 1714 1653
316A Acap  196301112 1561 1500 1378 1287 1226 1226 1256 1287 1348 1378 1378 1348
316A Acap  196301121 1317 1226 1165 1165 1165 1226 1317 1470 1561 1653 1744 1744
316A Acap  196301122 1683 1561 1409 1317 1226 1195 1195 1256 1317 1378 1439 1439
316A Acap  196301131 1439 1378 1317 1226 1165 1195 1256 1317 1439 1561 1653 1683
316A Acap  196301132 1683 1622 1500 1348 1226 1104 1073 1104 1165 1256 1348 1439
316A Acap  196301141 1470 1439 1348 1256 1195 1134 1165 1200 1279 1387 1503 1598
316A Acap  196301142 1643 1622 1500 1348 1165 1073 1012 1043 1082 1172 1291 1410
316A Acap  196301151 1498 1531 1470 1409 1287 1195 1134 1134 1195 1287 1409 1561
316A Acap  196301152 1622 1653 1592 1500 1378 1195 1073 1012 1043 1104 1226 1348
316A Acap  196301161 1470 1500 1500 1470 1378 1226 1134 1104 1134 1195 1317 1439
316A Acap  196301162 1531 1622 1592 1531 1409 1256 1104 1043 1043 1073 1195 1317
316A Acap  196301171 1439 1531 1561 1531 1470 1348 1256 1195 1134 1165 1226 1348
316A Acap  196301172 1470 1531 1561 1500 1409 1287 1134 1012  982 1012 1104 1256
316A Acap  196301181 1409 1531 1622 1622 1592 1500 1378 1317 1226 1226 1256 1317
316A Acap  196301182 1409 1500 1531 1531 1439 1317 1165 1073 1012 1043 1073 1195
316A Acap  196301191 1317 1439 1561 1592 1561 1500 1409 1317 1226 1195 1226 1256
316A Acap  196301192 1348 1409 1470 1470 1439 1317 1165 1073 1012 1012 1043 1134
316A Acap  196301201 1256 1409 1500 1622 1622 1592 1531 1439 1378 1317 1317 1317
316A Acap  196301202 1378 1409 1470 1470 1439 1348 1256 1165 1073 1043 1043 1104
316A Acap  196301211 1195 1348 1470 1561 1622 1622 1561 1500 1439 1348 1287 1287
316A Acap  196301212 1317 1317 1348 1378 1348 1287 1226 1134 1073 1012 1012 1043
316A Acap  196301221 1134 1226 1348 1470 1531 1561 1561 1500 1409 1378 1317 1287
316A Acap  196301222 1287 1287 1317 1348 1287 1226 1195 1134 1043  982  982 1012
316A Acap  196301231 1043 1134 1287 1378 1470 1561 1561 1561 1500 1439 1409 1348
316A Acap  196301232 1317 1317 1317 1317 1287 1226 1195 1165 1104 1043 1012 1012
316A Acap  196301241 1043 1134 1226 1287 1409 1500 1561 1561 1531 1500 1470 1409
316A Acap  196301242 1348 1317 1317 1287 1287 1256 1226 1195 1134 1104 1043 1012
316A Acap  196301251  982 1012 1073 1195 1287 1378 1470 1531 1561 1531 1531 1470
316A Acap  196301252 1409 1348 1348 1348 1348 1317 1317 1287 1256 1256 1195 1134
316A Acap  196301261 1134 1134 1134 1195 1256 1409 1470 1561 1592 1622 1592 1561
316A Acap  196301262 1470 1378 1317 1287 1256 1226 1226 1256 1287 1256 1226 1195
316A Acap  196301271 1165 1104 1073 1073 1104 1195 1287 1348 1439 1531 1561 1531
316A Acap  196301272 1470 1378 1287 1226 1165 1134 1134 1165 1226 1287 1317 1287
316A Acap  196301281 1256 1195 1134 1073 1104 1134 1226 1317 1439 1531 1592 1592
316A Acap  196301282 1531 1470 1378 1256 1165 1134 1134 1195 1256 1317 1348 1378
316A Acap  196301291 1378 1317 1256 1165 1104 1073 1104 1195 1287 1409 1500 1561
316A Acap  196301292 1561 1500 1409 1256 1134 1012 1012 1043 1134 1256 1348 1439
316A Acap  196301301 1470 1439 1409 1317 1195 1073 1012 1043 1104 1226 1348 1439
316A Acap  196301302 1500 1500 1439 1287 1165 1012  921  921  982 1104 1256 1378
316A Acap  196301311 1470 1561 1531 1470 1317 1165 1104 1073 1104 1165 1287 1409
316A Acap  196301312 1531 1561 1500 1409 1226 1073  952  921  921 1043 1165 1378
316A Acap  196302011 1531 1622 1653 1592 1500 1348 1195 1073 1043 1073 1134 1287
316A Acap  196302012 1409 1500 1531 1439 1317 1134  982  921  830  921 1073 1226
316A Acap  196302021 1409 1592 1714 1714 1653 1500 1348 1195 1104 1073 1134 1195
316A Acap  196302022 1317 1439 1470 1470 1378 1226 1043  891  830  830  921 1073
316A Acap  196302031 1287 1470 1622 1714 1714 1653 1500 1317 1195 1104 1104 1134
316A Acap  196302032 1226 1378 1439 1470 1439 1378 1165 1012  921  830  860  982
316A Acap  196302041 1104 1317 1500 1653 1714 1683 1592 1439 1317 1195 1104 1104
316A Acap  196302042 1195 1256 1378 1439 1439 1348 1256 1134  982  891  860  921
316A Acap  196302051 1012 1195 1378 1500 1622 1683 1653 1561 1409 1317 1195 1165
316A Acap  196302052 1165 1195 1317 1378 1409 1409 1348 1226 1104  982  921  891
316A Acap  196302061  952 1073 1226 1378 1531 1622 1653 1622 1531 1409 1348 1226
316A Acap  196302062 1195 1195 1256 1287 1317 1317 1317 1256 1165 1073  982  952
316A Acap  196302071  952 1012 1104 1226 1378 1500 1592 1622 1592 1531 1439 1378
316A Acap  196302072 1317 1256 1256 1256 1287 1317 1317 1287 1256 1195 1134 1104
316A Acap  196302081 1073 1104 1165 1287 1378 1470 1531 1592 1622 1622 1592 1470
316A Acap  196302082 1439 1378 1317 1317 1317 1287 1317 1348 1348 1317 1256 1195
316A Acap  196302091 1134 1134 1134 1165 1256 1348 1439 1500 1561 1592 1561 1531
316A Acap  196302092 1470 1378 1287 1226 1226 1226 1226 1256 1317 1348 1348 1317
316A Acap  196302101 1256 1226 1195 1165 1195 1226 1287 1409 1470 1531 1561 1561
316A Acap  196302102 1531 1470 1378 1287 1195 1165 1165 1226 1287 1378 1409 1409
316A Acap  196302111 1409 1378 1317 1256 1195 1195 1195 1317 1378 1470 1561 1592
316A Acap  196302112 1592 1531 1439 1317 1195 1104 1104 1134 1195 1287 1378 1439
316A Acap  196302121 1439 1439 1378 1317 1195 1134 1134 1195 1256 1348 1470 1561
316A Acap  196302122 1592 1531 1470 1348 1226 1134 1043 1043 1104 1226 1348 1470
316A Acap  196302131 1531 1531 1500 1409 1317 1195 1165 1165 1195 1287 1378 1500
316A Acap  196302132 1531 1531 1500 1378 1256 1134 1073 1043 1073 1165 1287 1409
316A Acap  196302141 1531 1561 1531 1470 1378 1256 1134 1104 1134 1195 1317 1409
316A Acap  196302142 1531 1531 1531 1470 1348 1226 1134 1043 1073 1134 1256 1409
316A Acap  196302151 1500 1592 1622 1592 1500 1378 1256 1195 1134 1195 1256 1348
316A Acap  196302152 1439 1470 1500 1470 1378 1256 1165 1073 1043 1104 1195 1348
316A Acap  196302161 1470 1622 1653 1683 1622 1500 1378 1256 1195 1195 1256 1317
316A Acap  196302162 1378 1470 1470 1470 1409 1287 1134 1043 1012 1012 1104 1226
316A Acap  196302171 1378 1500 1592 1622 1592 1500 1409 1256 1165 1134 1165 1226
316A Acap  196302172 1317 1378 1409 1439 1378 1256 1134 1043  982  982 1012 1165
316A Acap  196302181 1317 1470 1561 1622 1592 1531 1439 1317 1195 1165 1165 1195
316A Acap  196302182 1287 1348 1378 1378 1348 1256 1134 1012  921  921  952 1043
316A Acap  196302191 1195 1317 1500 1561 1592 1561 1470 1378 1226 1134 1134 1165
316A Acap  196302192 1195 1256 1317 1317 1287 1195 1104  982  891  860  891  982
316A Acap  196302201 1104 1226 1378 1470 1531 1531 1470 1378 1226 1195 1134 1134
316A Acap  196302202 1165 1195 1256 1256 1256 1195 1104 1012  891  830  830  891
316A Acap  196302211  982 1134 1287 1378 1470 1500 1470 1378 1287 1195 1165 1134
316A Acap  196302212 1165 1195 1256 1256 1256 1226 1165 1043  952  891  860  891
316A Acap  196302221  921 1012 1165 1287 1409 1439 1439 1409 1378 1287 1195 1165
316A Acap  196302222 1165 1165 1226 1256 1256 1256 1195 1134 1043  982  921  891
316A Acap  196302231  921  952 1043 1195 1287 1378 1439 1439 1378 1317 1256 1226
316A Acap  196302232 1195 1165 1165 1195 1226 1226 1226 1165 1134 1073 1012  982
316A Acap  196302241  952  982 1012 1073 1195 1287 1348 1409 1409 1378 1348 1256
316A Acap  196302242 1226 1195 1165 1165 1195 1195 1226 1226 1226 1195 1165 1104
316A Acap  196302251 1073 1012 1012 1043 1073 1165 1256 1348 1378 1378 1409 1378
316A Acap  196302252 1317 1226 1165 1134 1134 1165 1165 1226 1287 1348 1317 1317
316A Acap  196302261 1287 1195 1104 1073 1073 1134 1195 1256 1348 1409 1439 1439
316A Acap  196302262 1378 1317 1226 1104 1073 1073 1073 1134 1256 1348 1409 1470
316A Acap  196302271 1439 1378 1287 1165 1073 1043 1043 1104 1195 1317 1409 1470
316A Acap  196302272 1470 1409 1287 1165 1043  982  982 1012 1134 1287 1409 1531
316A Acap  196302281 1592 1531 1439 1348 1195 1043 1012 1012 1073 1165 1317 1409
316A Acap  196302282 1470 1409 1317 1195 1012  891  830  860  952 1134 1317 1470
316A Acap  196303011 1592 1622 1592 1470 1317 1134 1012  952  982 1073 1195 1317
316A Acap  196303012 1409 1439 1409 1287 1134  982  891  830  860 1012 1195 1378
316A Acap  196303021 1561 1683 1714 1653 1470 1287 1104 1012  921  952 1043 1195
316A Acap  196303022 1348 1439 1470 1409 1256 1043  891  769  738  830 1012 1226
316A Acap  196303031 1439 1592 1683 1714 1592 1439 1287 1104 1012  982 1043 1134
316A Acap  196303032 1287 1439 1500 1470 1378 1226 1073  891  799  830  921 1104
316A Acap  196303041 1317 1531 1683 1744 1714 1592 1409 1256 1104  982  982 1073
316A Acap  196303042 1226 1317 1439 1470 1409 1287 1104  952  830  799  830  952
316A Acap  196303051 1134 1348 1531 1653 1714 1653 1561 1409 1226 1104 1073 1104
316A Acap  196303052 1195 1317 1439 1500 1470 1439 1317 1165 1012  921  921  982
316A Acap  196303061 1104 1287 1470 1622 1683 1714 1622 1500 1348 1226 1165 1134
316A Acap  196303062 1165 1256 1348 1439 1439 1439 1348 1226 1073  952  891  921
316A Acap  196303071 1012 1134 1287 1439 1561 1592 1561 1500 1409 1287 1195 1134
316A Acap  196303072 1165 1195 1287 1348 1409 1409 1378 1317 1195 1073  982  952
316A Acap  196303081  982 1073 1165 1287 1409 1500 1531 1470 1439 1378 1256 1195
316A Acap  196303082 1165 1165 1226 1256 1317 1317 1348 1317 1226 1165 1104 1043
316A Acap  196303091 1043 1073 1134 1226 1317 1409 1470 1500 1439 1378 1348 1287
316A Acap  196303092 1226 1165 1195 1226 1256 1287 1317 1317 1317 1256 1226 1165
316A Acap  196303101 1165 1134 1104 1165 1226 1256 1317 1348 1378 1378 1348 1317
316A Acap  196303102 1256 1226 1195 1165 1165 1195 1256 1287 1317 1348 1317 1287
316A Acap  196303111 1256 1195 1165 1134 1165 1195 1226 1256 1317 1348 1378 1378
316A Acap  196303112 1317 1287 1226 1195 1165 1165 1165 1195 1256 1317 1348 1348
316A Acap  196303121 1348 1317 1226 1134 1104 1073 1104 1165 1226 1287 1317 1378
316A Acap  196303122 1348 1317 1226 1134 1073 1073 1073 1134 1195 1287 1348 1409
316A Acap  196303131 1409 1378 1317 1226 1134 1073 1073 1104 1134 1195 1287 1348
316A Acap  196303132 1378 1348 1317 1195 1104 1073 1073 1104 1165 1256 1378 1470
316A Acap  196303141 1500 1470 1409 1317 1195 1134 1073 1043 1073 1165 1256 1317
316A Acap  196303142 1378 1378 1348 1256 1195 1104 1043 1073 1134 1226 1348 1470
316A Acap  196303151 1531 1561 1531 1439 1348 1226 1134 1073 1043 1134 1226 1317
316A Acap  196303152 1378 1409 1378 1317 1195 1104 1043 1012 1073 1165 1317 1470
316A Acap  196303161 1561 1622 1622 1531 1409 1287 1134 1073 1012 1073 1134 1256
316A Acap  196303162 1348 1409 1409 1348 1256 1134 1043 1012 1012 1104 1256 1378
316A Acap  196303171 1531 1592 1622 1592 1470 1348 1195 1134 1073 1073 1134 1195
316A Acap  196303172 1287 1348 1378 1317 1256 1165 1012  952  982 1043 1165 1317
316A Acap  196303181 1470 1561 1622 1592 1500 1409 1256 1134 1073 1043 1073 1165
316A Acap  196303182 1287 1317 1378 1348 1317 1195 1104  982  952  982 1104 1256
316A Acap  196303191 1409 1561 1653 1653 1592 1470 1348 1226 1134 1073 1104 1134
316A Acap  196303192 1256 1317 1378 1378 1317 1226 1104 1012  952  982 1104 1226
316A Acap  196303201 1378 1500 1592 1622 1531 1409 1287 1195 1104 1073 1104 1165
316A Acap  196303202 1226 1287 1348 1348 1317 1226 1104 1012  921  891  952 1043
316A Acap  196303211 1165 1317 1439 1531 1561 1500 1409 1287 1165 1104 1043 1073
316A Acap  196303212 1165 1226 1287 1317 1287 1256 1134 1043  921  891  921 1012
316A Acap  196303221 1134 1256 1409 1500 1531 1500 1439 1317 1256 1165 1134 1134
316A Acap  196303222 1165 1256 1287 1348 1348 1287 1226 1104  982  921  921  952
316A Acap  196303231 1043 1165 1287 1378 1439 1439 1409 1348 1256 1165 1104 1104
316A Acap  196303232 1104 1165 1256 1287 1317 1317 1256 1195 1104 1012  952  952
316A Acap  196303241  982 1104 1195 1317 1409 1439 1439 1378 1317 1226 1165 1165
316A Acap  196303242 1134 1195 1287 1348 1378 1409 1409 1378 1317 1256 1195 1165
316A Acap  196303251 1165 1165 1195 1287 1348 1378 1439 1439 1409 1348 1287 1256
316A Acap  196303252 1195 1195 1226 1287 1348 1409 1439 1470 1470 1409 1409 1348
316A Acap  196303261 1317 1287 1256 1287 1348 1409 1409 1470 1439 1439 1409 1348
316A Acap  196303262 1287 1226 1195 1195 1256 1317 1409 1470 1531 1592 1592 1561
316A Acap  196303271 1470 1439 1348 1287 1256 1287 1348 1378 1409 1439 1439 1439
316A Acap  196303272 1378 1287 1226 1134 1134 1195 1287 1409 1500 1622 1714 1744
316A Acap  196303281 1714 1622 1500 1378 1287 1226 1195 1256 1317 1409 1470 1470
316A Acap  196303282 1470 1378 1287 1165 1104 1073 1134 1226 1378 1531 1683 1805
316A Acap  196303291 1835 1774 1622 1470 1317 1165 1104 1104 1195 1287 1409 1470
316A Acap  196303292 1500 1409 1317 1195 1073  982  982 1043 1165 1348 1531 1714
316A Acap  196303301 1805 1805 1714 1561 1378 1195 1073 1043 1073 1165 1256 1409
316A Acap  196303302 1500 1470 1409 1256 1104  952  891  891  982 1165 1378 1592
316A Acap  196303311 1744 1805 1774 1683 1500 1287 1134 1012 1012 1043 1195 1348
316A Acap  196303312 1470 1531 1531 1409 1287 1104 1012  921  952 1043 1226 1439
316A Acap  196304011 1683 1835 1896 1835 1683 1500 1317 1134 1043 1043 1134 1287
316A Acap  196304012 1439 1531 1561 1531 1409 1226 1073  952  921  982 1073 1287
316A Acap  196304021 1500 1683 1805 1835 1744 1622 1439 1256 1165 1104 1134 1226
316A Acap  196304022 1348 1500 1561 1622 1561 1409 1256 1134 1043 1012 1073 1195
316A Acap  196304031 1409 1592 1744 1805 1774 1683 1531 1409 1256 1195 1165 1195
316A Acap  196304032 1317 1439 1531 1592 1622 1561 1439 1287 1165 1104 1104 1195
316A Acap  196304041 1348 1531 1653 1774 1805 1805 1683 1531 1378 1287 1226 1256
316A Acap  196304042 1317 1409 1500 1592 1622 1592 1500 1378 1256 1195 1165 1195
316A Acap  196304051 1287 1409 1531 1653 1714 1714 1653 1561 1409 1317 1256 1256
316A Acap  196304052 1287 1317 1409 1500 1561 1561 1531 1470 1378 1256 1195 1195
316A Acap  196304061 1256 1348 1439 1500 1561 1592 1592 1531 1439 1348 1317 1287
316A Acap  196304062 1287 1317 1348 1409 1470 1500 1500 1500 1439 1348 1287 1287
316A Acap  196304071 1287 1317 1348 1409 1439 1470 1500 1500 1439 1378 1317 1287
316A Acap  196304072 1256 1256 1317 1348 1378 1439 1439 1470 1439 1439 1378 1348
316A Acap  196304081 1317 1317 1317 1317 1348 1348 1378 1378 1378 1378 1348 1317
316A Acap  196304082 1317 1287 1287 1317 1348 1378 1409 1439 1470 1470 1439 1409
316A Acap  196304091 1409 1348 1348 1317 1287 1287 1287 1317 1317 1348 1348 1317
316A Acap  196304092 1287 1287 1256 1256 1287 1287 1348 1409 1470 1500 1500 1500
316A Acap  196304101 1500 1439 1409 1348 1287 1256 1226 1256 1287 1317 1348 1378
316A Acap  196304102 1378 1317 1287 1256 1195 1195 1226 1287 1348 1439 1500 1531
316A Acap  196304111 1531 1500 1378 1287 1226 1165 1165 1165 1195 1256 1317 1348
316A Acap  196304112 1348 1317 1226 1195 1195 1134 1165 1195 1287 1378 1500 1561
316A Acap  196304121 1592 1531 1439 1317 1226 1134 1073 1073 1104 1165 1226 1287
316A Acap  196304122 1317 1287 1256 1165 1104 1043 1073 1104 1165 1287 1409 1531
316A Acap  196304131 1592 1561 1500 1378 1256 1165 1104 1043 1043 1104 1165 1226
316A Acap  196304132 1287 1256 1256 1165 1104 1043 1012 1043 1104 1226 1378 1500
316A Acap  196304141 1592 1622 1592 1470 1317 1195 1073  982  982 1012 1104 1195
316A Acap  196304142 1256 1256 1256 1226 1134 1012  982  982 1043 1134 1287 1439
316A Acap  196304151 1561 1622 1592 1531 1409 1226 1134 1012  982 1012 1073 1165
316A Acap  196304152 1226 1287 1287 1256 1134 1043  952  952  982 1073 1195 1378
316A Acap  196304161 1500 1592 1622 1561 1470 1287 1134 1073 1012 1012 1073 1165
316A Acap  196304162 1226 1287 1317 1287 1195 1104 1012  982  982 1012 1134 1317
316A Acap  196304171 1470 1592 1592 1592 1531 1409 1256 1134 1043 1043 1073 1165
316A Acap  196304172 1256 1348 1378 1317 1256 1165 1043  952  921  982 1073 1195
316A Acap  196304181 1378 1500 1592 1592 1531 1439 1287 1134 1073 1043 1073 1134
316A Acap  196304182 1226 1317 1348 1378 1317 1256 1134 1043  982  982 1073 1195
316A Acap  196304191 1348 1500 1561 1622 1592 1531 1348 1226 1134 1104 1104 1134
316A Acap  196304192 1256 1317 1378 1409 1378 1317 1195 1104 1043 1012 1043 1134
316A Acap  196304201 1287 1409 1531 1622 1622 1561 1439 1317 1226 1165 1195 1226
316A Acap  196304202 1317 1409 1470 1470 1439 1409 1317 1226 1165 1073 1043 1104
316A Acap  196304211 1195 1348 1409 1470 1531 1500 1470 1348 1226 1165 1134 1165
316A Acap  196304212 1226 1287 1378 1439 1500 1470 1439 1378 1287 1195 1165 1165
316A Acap  196304221 1195 1287 1378 1439 1439 1439 1409 1317 1256 1165 1104 1073
316A Acap  196304222 1104 1165 1256 1378 1439 1500 1500 1500 1439 1348 1287 1226
316A Acap  196304231 1226 1226 1256 1287 1348 1348 1378 1348 1287 1226 1134 1104
316A Acap  196304232 1073 1104 1165 1256 1348 1439 1531 1500 1561 1531 1470 1378
316A Acap  196304241 1317 1256 1226 1226 1226 1256 1287 1317 1287 1256 1226 1134
316A Acap  196304242 1104 1073 1073 1134 1226 1317 1409 1500 1592 1653 1622 1592
316A Acap  196304251 1500 1378 1287 1226 1165 1165 1195 1226 1256 1256 1256 1226
316A Acap  196304252 1165 1073 1012 1012 1073 1165 1287 1439 1592 1683 1774 1744
316A Acap  196304261 1653 1531 1378 1256 1165 1104 1104 1165 1226 1287 1317 1317
316A Acap  196304262 1287 1165 1104 1012  982 1043 1134 1287 1470 1592 1744 1805
316A Acap  196304271 1774 1653 1531 1348 1195 1043 1043 1043 1104 1256 1348 1378
316A Acap  196304272 1378 1287 1195 1073  982  921  952 1073 1226 1439 1622 1774
316A Acap  196304281 1835 1835 1683 1531 1317 1134 1043  952 1012 1165 1287 1378
316A Acap  196304282 1439 1409 1317 1195 1012  921  891  952 1073 1256 1470 1653
316A Acap  196304291 1805 1835 1774 1622 1439 1195 1043  952  952 1043 1195 1378
316A Acap  196304292 1439 1500 1439 1348 1195 1043  921  860  952 1104 1287 1531
316A Acap  196304301 1714 1774 1805 1714 1561 1348 1165 1043  982 1012 1104 1256
316A Acap  196304302 1409 1470 1500 1439 1317 1165 1012  952  891  982 1104 1317
316A Acap  196305011 1531 1653 1744 1744 1622 1439 1226 1104 1012  982 1043 1165
316A Acap  196305012 1287 1409 1500 1500 1409 1256 1134 1012  952  952 1043 1226
316A Acap  196305021 1409 1531 1622 1653 1592 1470 1317 1165 1043 1012 1012 1073
316A Acap  196305022 1226 1348 1439 1500 1470 1378 1256 1104 1012  982 1043 1134
316A Acap  196305031 1287 1409 1531 1592 1592 1470 1378 1226 1134 1043 1043 1104
316A Acap  196305032 1195 1287 1409 1470 1500 1470 1378 1287 1165 1104 1073 1134
316A Acap  196305041 1226 1348 1439 1500 1531 1500 1409 1348 1195 1104 1073 1073
316A Acap  196305042 1165 1226 1317 1409 1470 1500 1470 1378 1287 1195 1195 1195
316A Acap  196305051 1226 1287 1348 1409 1470 1470 1439 1348 1287 1226 1195 1165
316A Acap  196305052 1165 1226 1287 1378 1409 1470 1470 1439 1378 1348 1317 1287
316A Acap  196305061 1287 1287 1317 1348 1378 1378 1348 1348 1317 1226 1226 1226
316A Acap  196305062 1195 1226 1226 1287 1378 1409 1439 1470 1439 1378 1378 1348
316A Acap  196305071 1348 1317 1287 1287 1317 1317 1317 1287 1287 1226 1226 1195
316A Acap  196305072 1195 1195 1226 1256 1317 1378 1439 1500 1500 1470 1470 1409
316A Acap  196305081 1378 1317 1256 1226 1226 1256 1287 1256 1256 1256 1226 1226
316A Acap  196305082 1195 1165 1165 1165 1226 1287 1378 1439 1470 1500 1500 1470
316A Acap  196305091 1439 1348 1287 1226 1195 1165 1165 1165 1195 1195 1226 1195
316A Acap  196305092 1226 1195 1195 1195 1226 1256 1348 1409 1500 1561 1592 1561
316A Acap  196305101 1531 1500 1409 1317 1256 1195 1165 1195 1226 1256 1287 1287
316A Acap  196305102 1287 1256 1256 1226 1226 1256 1317 1378 1500 1592 1653 1683
316A Acap  196305111 1683 1622 1531 1439 1378 1287 1226 1226 1226 1287 1317 1378
316A Acap  196305112 1378 1348 1287 1226 1226 1226 1317 1378 1470 1592 1683 1744
316A Acap  196305121 1774 1744 1622 1500 1409 1317 1256 1226 1226 1256 1317 1378
316A Acap  196305122 1409 1378 1348 1287 1226 1195 1226 1317 1409 1531 1653 1714
316A Acap  196305131 1774 1774 1714 1592 1439 1348 1287 1256 1256 1287 1348 1409
316A Acap  196305132 1439 1409 1378 1317 1256 1195 1195 1256 1348 1470 1622 1744
316A Acap  196305141 1805 1774 1744 1622 1500 1378 1287 1226 1226 1256 1317 1378
316A Acap  196305142 1409 1378 1409 1317 1287 1226 1195 1226 1287 1378 1470 1622
316A Acap  196305151 1774 1805 1774 1653 1561 1409 1317 1256 1256 1287 1317 1378
316A Acap  196305152 1439 1470 1439 1409 1317 1226 1165 1165 1226 1317 1439 1592
316A Acap  196305161 1714 1805 1805 1714 1592 1470 1348 1256 1226 1226 1287 1378
316A Acap  196305162 1439 1500 1531 1470 1378 1317 1226 1165 1165 1256 1409 1531
316A Acap  196305171 1622 1744 1774 1744 1622 1500 1378 1287 1226 1226 1317 1378
316A Acap  196305172 1439 1531 1561 1531 1500 1409 1317 1226 1165 1226 1348 1439
316A Acap  196305181 1561 1653 1714 1714 1653 1531 1409 1287 1226 1195 1256 1348
316A Acap  196305182 1470 1561 1622 1622 1592 1500 1378 1317 1226 1226 1256 1378
316A Acap  196305191 1500 1592 1653 1683 1653 1561 1439 1317 1226 1165 1165 1226
316A Acap  196305192 1348 1500 1561 1622 1653 1653 1531 1439 1378 1317 1317 1378
316A Acap  196305201 1439 1531 1561 1622 1592 1561 1470 1348 1256 1195 1165 1195
316A Acap  196305202 1317 1439 1531 1622 1714 1744 1714 1622 1531 1439 1409 1409
316A Acap  196305211 1409 1470 1531 1561 1561 1561 1531 1409 1317 1195 1134 1134
316A Acap  196305212 1195 1287 1409 1531 1653 1744 1774 1744 1714 1592 1531 1470
316A Acap  196305221 1439 1439 1470 1500 1561 1592 1561 1500 1409 1317 1226 1195
316A Acap  196305222 1165 1195 1317 1439 1592 1714 1835 1866 1835 1805 1714 1622
316A Acap  196305231 1531 1470 1409 1439 1470 1500 1500 1531 1470 1409 1348 1256
316A Acap  196305232 1195 1165 1226 1317 1439 1592 1714 1835 1927 1957 1866 1805
316A Acap  196305241 1683 1561 1470 1378 1378 1378 1409 1439 1470 1470 1409 1348
316A Acap  196305242 1287 1226 1165 1134 1226 1378 1531 1683 1774 1896 1957 1927
316A Acap  196305251 1835 1653 1500 1378 1287 1226 1287 1348 1378 1439 1470 1409
316A Acap  196305252 1348 1256 1104 1043 1073 1134 1287 1439 1622 1774 1896 1927
316A Acap  196305261 1896 1774 1592 1409 1287 1195 1165 1226 1317 1409 1470 1500
316A Acap  196305262 1409 1348 1226 1165 1043 1073 1134 1287 1470 1683 1866 1896
316A Acap  196305271 1927 1866 1683 1470 1317 1195 1165 1165 1256 1378 1470 1531
316A Acap  196305272 1531 1470 1348 1226 1104 1073 1104 1195 1317 1500 1714 1866
316A Acap  196305281 1927 1927 1835 1653 1470 1287 1165 1134 1134 1226 1348 1470
316A Acap  196305282 1561 1561 1531 1409 1256 1134 1104 1104 1195 1348 1500 1683
316A Acap  196305291 1866 1927 1896 1744 1622 1409 1256 1165 1134 1195 1287 1409
316A Acap  196305292 1531 1561 1622 1561 1470 1317 1195 1134 1195 1226 1378 1561
316A Acap  196305301 1714 1805 1835 1805 1653 1470 1317 1195 1104 1134 1195 1317
316A Acap  196305302 1470 1592 1622 1622 1561 1439 1287 1226 1195 1226 1317 1470
316A Acap  196305311 1592 1744 1774 1774 1714 1592 1409 1256 1195 1165 1256 1317
316A Acap  196305312 1409 1561 1622 1683 1653 1561 1470 1317 1287 1256 1317 1378
316A Acap  196306011 1500 1622 1744 1774 1714 1592 1531 1378 1226 1195 1195 1287
316A Acap  196306012 1409 1500 1622 1683 1683 1683 1592 1500 1378 1348 1378 1439
316A Acap  196306021 1500 1592 1622 1653 1683 1622 1500 1409 1317 1256 1195 1256
316A Acap  196306022 1348 1470 1561 1653 1683 1714 1683 1592 1531 1470 1409 1409
316A Acap  196306031 1470 1500 1592 1622 1622 1653 1561 1439 1378 1287 1256 1226
316A Acap  196306032 1317 1348 1500 1622 1683 1714 1714 1683 1592 1500 1470 1500
316A Acap  196306041 1439 1470 1500 1561 1561 1531 1500 1439 1378 1287 1256 1287
316A Acap  196306042 1287 1348 1439 1561 1622 1683 1714 1714 1683 1622 1561 1531
316A Acap  196306051 1470 1439 1470 1470 1500 1470 1439 1439 1378 1348 1287 1256
316A Acap  196306052 1287 1348 1409 1470 1592 1622 1653 1683 1683 1653 1622 1592
316A Acap  196306061 1561 1531 1470 1500 1500 1439 1409 1378 1348 1317 1287 1287
316A Acap  196306062 1256 1287 1317 1409 1500 1592 1653 1714 1744 1744 1683 1653
316A Acap  196306071 1592 1500 1470 1439 1439 1348 1348 1378 1378 1378 1317 1287
316A Acap  196306072 1287 1287 1317 1378 1470 1561 1592 1683 1774 1805 1835 1774
316A Acap  196306081 1714 1592 1500 1500 1439 1348 1378 1378 1409 1378 1348 1348
316A Acap  196306082 1287 1348 1348 1317 1378 1470 1561 1622 1744 1774 1835 1805
316A Acap  196306091 1744 1653 1592 1500 1409 1348 1378 1378 1409 1439 1439 1409
316A Acap  196306092 1378 1348 1317 1317 1378 1439 1500 1592 1714 1805 1835 1835
316A Acap  196306101 1805 1714 1622 1500 1439 1378 1378 1287 1317 1378 1409 1409
316A Acap  196306102 1378 1378 1378 1287 1287 1348 1378 1470 1622 1714 1835 1896
316A Acap  196306111 1866 1774 1714 1592 1500 1409 1348 1317 1317 1409 1470 1500
316A Acap  196306112 1500 1470 1409 1348 1287 1317 1348 1439 1531 1592 1744 1866
316A Acap  196306121 1896 1805 1744 1622 1500 1409 1317 1317 1348 1409 1470 1531
316A Acap  196306122 1531 1500 1439 1378 1287 1256 1226 1317 1378 1531 1653 1774
316A Acap  196306131 1835 1805 1744 1653 1500 1378 1256 1195 1226 1287 1317 1439
316A Acap  196306132 1470 1470 1439 1378 1287 1226 1165 1134 1226 1348 1470 1592
316A Acap  196306141 1683 1744 1683 1592 1470 1287 1195 1104 1104 1134 1226 1317
316A Acap  196306142 1409 1470 1439 1378 1317 1226 1134 1073 1104 1195 1317 1439
316A Acap  196306151 1561 1622 1683 1622 1470 1348 1195 1073 1073 1104 1195 1256
316A Acap  196306152 1409 1500 1531 1531 1470 1378 1256 1195 1165 1195 1256 1409
316A Acap  196306161 1531 1592 1653 1592 1531 1409 1287 1165 1073 1073 1134 1256
316A Acap  196306162 1409 1500 1592 1653 1653 1561 1470 1409 1348 1348 1348 1409
316A Acap  196306171 1531 1592 1653 1653 1592 1470 1317 1256 1134 1073 1104 1195
316A Acap  196306172 1348 1470 1592 1683 1744 1714 1622 1531 1470 1378 1378 1378
316A Acap  196306181 1439 1500 1531 1592 1592 1500 1409 1256 1165 1104 1073 1104
316A Acap  196306182 1226 1348 1531 1653 1774 1805 1774 1683 1561 1470 1378 1378
316A Acap  196306191 1396 1439 1470 1500 1561 1561 1439 1348 1226 1134 1073 1043
316A Acap  196306192 1125 1256 1378 1531 1653 1744 1835 1805 1683 1592 1500 1439
316A Acap  196306201 1439 1409 1439 1470 1500 1500 1500 1439 1317 1195 1134 1043
316A Acap  196306202 1073 1134 1226 1409 1561 1719 1835 1866 1835 1774 1622 1531
316A Acap  196306211 1439 1378 1348 1348 1409 1470 1500 1470 1378 1287 1226 1134
316A Acap  196306212 1012 1012 1104 1195 1378 1531 1714 1774 1866 1835 1744 1683
316A Acap  196306221 1531 1348 1256 1287 1317 1317 1378 1409 1409 1317 1226 1165
316A Acap  196306222 1073 1012 1012 1104 1195 1348 1531 1683 1805 1835 1805 1744
316A Acap  196306231 1653 1500 1378 1287 1256 1256 1317 1378 1409 1409 1378 1256
316A Acap  196306232 1195 1134 1073 1012 1104 1195 1348 1500 1714 1835 1896 1866
316A Acap  196306241 1805 1653 1500 1348 1256 1195 1226 1287 1378 1409 1439 1500
316A Acap  196306242 1439 1256 1195 1104 1104 1134 1226 1378 1561 1714 1805 1896
316A Acap  196306251 1866 1805 1683 1500 1317 1195 1226 1226 1287 1378 1470 1470
316A Acap  196306252 1500 1470 1378 1256 1134 1134 1165 1287 1409 1592 1744 1835
316A Acap  196306261 1866 1866 1774 1561 1378 1256 1195 1165 1195 1317 1439 1531
316A Acap  196306262 1561 1592 1531 1439 1348 1195 1165 1226 1317 1470 1622 1744
316A Acap  196306271 1835 1866 1835 1714 1592 1378 1256 1195 1226 1256 1378 1531
316A Acap  196306272 1592 1683 1653 1592 1470 1348 1287 1256 1287 1378 1531 1683
316A Acap  196306281 1774 1835 1835 1774 1683 1531 1409 1317 1256 1287 1378 1531
316A Acap  196306282 1683 1774 1835 1835 1805 1714 1561 1500 1500 1500 1592 1714
316A Acap  196306291 1774 1896 1927 1896 1774 1653 1531 1409 1317 1317 1439 1531
316A Acap  196306292 1653 1774 1835 1835 1805 1714 1592 1531 1378 1378 1409 1531
316A Acap  196306301 1592 1683 1744 1714 1683 1592 1470 1317 1226 1165 1195 1287
316A Acap  196306302 1409 1531 1653 1714 1714 1653 1622 1561 1439 1409 1439 1439
316A Acap  196307011 1500 1592 1683 1714 1653 1592 1531 1409 1317 1287 1256 1317
316A Acap  196307012 1439 1531 1683 1744 1835 1805 1774 1714 1592 1561 1531 1561
316A Acap  196307021 1592 1622 1653 1683 1653 1592 1531 1470 1378 1317 1287 1317
316A Acap  196307022 1409 1500 1622 1744 1805 1835 1805 1744 1653 1622 1561 1561
316A Acap  196307031 1561 1592 1622 1653 1653 1622 1592 1500 1439 1348 1317 1348
316A Acap  196307032 1409 1470 1561 1683 1774 1805 1805 1805 1774 1683 1622 1592
316A Acap  196307041 1561 1561 1592 1592 1592 1592 1561 1531 1470 1409 1317 1287
316A Acap  196307042 1317 1409 1470 1592 1683 1744 1805 1835 1835 1744 1683 1653
316A Acap  196307051 1592 1592 1561 1561 1592 1561 1531 1470 1409 1378 1317 1287
316A Acap  196307052 1317 1348 1409 1561 1653 1744 1774 1835 1805 1774 1744 1683
316A Acap  196307061 1653 1592 1592 1561 1500 1500 1500 1500 1409 1378 1317 1317
316A Acap  196307062 1317 1317 1409 1470 1561 1622 1714 1774 1835 1835 1805 1744
316A Acap  196307071 1683 1622 1561 1500 1470 1470 1439 1409 1409 1348 1348 1317
316A Acap  196307072 1287 1317 1287 1348 1439 1561 1653 1744 1805 1835 1835 1805
316A Acap  196307081 1744 1653 1561 1500 1470 1470 1470 1470 1439 1439 1409 1378
316A Acap  196307082 1378 1317 1348 1348 1439 1470 1561 1653 1744 1835 1866 1835
316A Acap  196307091 1774 1683 1622 1500 1439 1439 1439 1470 1470 1500 1470 1378
316A Acap  196307092 1409 1378 1348 1317 1348 1378 1470 1561 1653 1744 1805 1835
316A Acap  196307101 1805 1683 1653 1531 1439 1409 1348 1378 1378 1409 1500 1500
316A Acap  196307102 1500 1439 1439 1348 1287 1317 1348 1439 1561 1653 1744 1805
316A Acap  196307111 1805 1744 1683 1561 1470 1378 1317 1317 1378 1409 1470 1561
316A Acap  196307112 1592 1561 1531 1439 1378 1348 1348 1409 1439 1500 1653 1805
316A Acap  196307121 1805 1805 1744 1592 1500 1378 1317 1287 1317 1378 1470 1592
316A Acap  196307122 1592 1622 1622 1561 1470 1378 1378 1378 1409 1500 1622 1683
316A Acap  196307131 1774 1835 1774 1683 1561 1439 1348 1287 1287 1348 1439 1561
316A Acap  196307132 1683 1744 1805 1744 1683 1592 1500 1470 1439 1439 1531 1622
316A Acap  196307141 1744 1774 1774 1714 1622 1500 1348 1226 1226 1256 1348 1470
316A Acap  196307142 1622 1744 1835 1835 1774 1683 1561 1470 1378 1348 1409 1500
316A Acap  196307151 1592 1683 1714 1683 1622 1470 1348 1226 1195 1195 1287 1409
316A Acap  196307152 1592 1714 1835 1866 1866 1774 1683 1561 1470 1409 1409 1470
316A Acap  196307161 1531 1622 1683 1653 1592 1470 1348 1226 1134 1073 1134 1226
316A Acap  196307162 1409 1592 1714 1835 1866 1805 1744 1622 1531 1439 1409 1378
316A Acap  196307171 1439 1531 1622 1683 1683 1592 1470 1317 1226 1134 1104 1165
316A Acap  196307172 1287 1439 1592 1744 1866 1896 1866 1744 1653 1531 1470 1409
316A Acap  196307181 1439 1470 1531 1561 1592 1561 1500 1378 1226 1134 1073 1073
316A Acap  196307182 1165 1348 1531 1653 1805 1927 1957 1866 1774 1714 1592 1470
316A Acap  196307191 1439 1409 1470 1500 1531 1561 1500 1439 1378 1226 1134 1043
316A Acap  196307192 1073 1165 1317 1500 1683 1774 1896 1896 1866 1744 1653 1531
316A Acap  196307201 1439 1409 1409 1439 1500 1470 1500 1500 1409 1317 1195 1104
316A Acap  196307202 1043 1073 1165 1287 1439 1622 1774 1866 1896 1866 1774 1653
316A Acap  196307211 1561 1439 1409 1378 1378 1409 1470 1500 1500 1439 1348 1256
316A Acap  196307212 1165 1104 1104 1195 1348 1470 1622 1744 1835 1866 1896 1835
316A Acap  196307221 1714 1592 1439 1409 1378 1409 1439 1500 1531 1531 1531 1439
316A Acap  196307222 1348 1287 1256 1287 1317 1409 1531 1683 1805 1927 1957 1896
316A Acap  196307231 1835 1744 1622 1470 1409 1409 1409 1470 1531 1592 1622 1592
316A Acap  196307232 1531 1439 1378 1287 1287 1317 1378 1500 1653 1805 1896 1927
316A Acap  196307241 1927 1805 1653 1500 1409 1348 1287 1348 1439 1500 1561 1653
316A Acap  196307242 1653 1592 1500 1409 1317 1348 1348 1378 1500 1622 1744 1835
316A Acap  196307251 1866 1835 1744 1592 1409 1317 1287 1256 1287 1378 1531 1622
316A Acap  196307252 1622 1622 1592 1500 1409 1317 1256 1256 1348 1439 1531 1683
316A Acap  196307261 1774 1805 1774 1653 1470 1378 1287 1195 1226 1348 1439 1561
316A Acap  196307262 1683 1744 1714 1592 1500 1439 1348 1317 1348 1409 1500 1622
316A Acap  196307271 1714 1744 1774 1714 1561 1439 1317 1226 1226 1317 1409 1561
316A Acap  196307272 1683 1774 1744 1744 1653 1561 1439 1378 1348 1378 1470 1561
316A Acap  196307281 1683 1744 1805 1714 1622 1500 1348 1256 1226 1256 1317 1439
316A Acap  196307282 1592 1714 1805 1835 1805 1714 1592 1439 1378 1409 1439 1470
316A Acap  196307291 1622 1714 1714 1714 1653 1531 1378 1256 1195 1226 1256 1409
316A Acap  196307292 1531 1714 1774 1835 1835 1744 1622 1500 1409 1409 1439 1470
316A Acap  196307301 1561 1622 1653 1653 1592 1500 1378 1256 1165 1134 1165 1317
316A Acap  196307302 1409 1592 1714 1805 1805 1744 1653 1561 1439 1378 1348 1409
316A Acap  196307311 1470 1531 1592 1592 1561 1470 1348 1256 1165 1104 1134 1226
316A Acap  196307312 1378 1500 1622 1683 1774 1744 1714 1622 1561 1439 1409 1409
316A Acap  196308011 1470 1470 1531 1561 1561 1470 1409 1317 1226 1165 1165 1195
316A Acap  196308012 1287 1439 1592 1714 1774 1805 1774 1714 1622 1561 1531 1500
316A Acap  196308021 1500 1500 1561 1592 1561 1531 1470 1378 1287 1195 1226 1226
316A Acap  196308022 1287 1409 1500 1622 1714 1774 1805 1774 1744 1653 1561 1531
316A Acap  196308031 1531 1531 1531 1592 1592 1531 1500 1439 1348 1287 1226 1195
316A Acap  196308032 1256 1317 1470 1531 1683 1774 1805 1835 1774 1714 1653 1592
316A Acap  196308041 1561 1500 1500 1500 1531 1531 1500 1470 1348 1287 1256 1226
316A Acap  196308042 1256 1287 1348 1500 1592 1714 1744 1805 1805 1774 1714 1653
316A Acap  196308051 1592 1561 1531 1531 1561 1531 1531 1500 1439 1378 1287 1287
316A Acap  196308052 1256 1287 1317 1409 1470 1561 1653 1744 1774 1774 1744 1683
316A Acap  196308061 1592 1561 1500 1470 1470 1470 1409 1470 1470 1439 1409 1348
316A Acap  196308062 1317 1287 1287 1317 1348 1439 1531 1653 1714 1744 1744 1683
316A Acap  196308071 1653 1561 1500 1439 1439 1409 1409 1470 1500 1500 1439 1378
316A Acap  196308072 1348 1317 1317 1317 1287 1378 1439 1531 1653 1714 1744 1744
316A Acap  196308081 1683 1592 1531 1409 1439 1409 1348 1378 1470 1500 1531 1500
316A Acap  196308082 1500 1470 1409 1348 1287 1317 1348 1439 1561 1653 1714 1744
316A Acap  196308091 1744 1683 1531 1439 1348 1287 1256 1287 1378 1470 1561 1561
316A Acap  196308092 1592 1561 1500 1409 1348 1256 1317 1348 1409 1500 1622 1714
316A Acap  196308101 1714 1683 1622 1500 1378 1256 1195 1226 1317 1409 1531 1653
316A Acap  196308102 1622 1744 1683 1622 1470 1378 1317 1317 1317 1378 1561 1683
316A Acap  196308111 1683 1683 1622 1531 1378 1226 1195 1165 1165 1317 1439 1622
316A Acap  196308112 1774 1835 1805 1774 1683 1500 1378 1317 1317 1317 1439 1592
316A Acap  196308121 1714 1774 1714 1622 1500 1317 1195 1134 1134 1195 1348 1500
316A Acap  196308122 1714 1866 1927 1927 1805 1683 1592 1470 1409 1409 1439 1531
316A Acap  196308131 1653 1744 1744 1714 1561 1470 1287 1165 1134 1165 1256 1470
316A Acap  196308132 1653 1805 1957 2018 1957 1866 1714 1561 1470 1409 1439 1500
316A Acap  196308141 1622 1714 1744 1774 1714 1592 1409 1256 1195 1165 1256 1348
316A Acap  196308142 1531 1744 1957 2018 2049 1988 1866 1714 1561 1470 1470 1500
316A Acap  196308151 1561 1653 1744 1744 1744 1622 1470 1287 1134 1073 1134 1256
316A Acap  196308152 1378 1592 1774 1927 1988 2018 1927 1805 1653 1531 1439 1409
316A Acap  196308161 1470 1561 1622 1683 1683 1653 1531 1409 1256 1195 1165 1165
316A Acap  196308162 1256 1409 1592 1744 1927 1957 1957 1896 1774 1622 1561 1470
316A Acap  196308171 1470 1500 1561 1622 1683 1683 1592 1531 1378 1287 1165 1134
316A Acap  196308172 1165 1287 1409 1561 1744 1835 1896 1927 1805 1714 1622 1592
316A Acap  196308181 1500 1470 1470 1531 1592 1592 1592 1592 1500 1378 1256 1226
316A Acap  196308182 1226 1287 1348 1470 1592 1714 1744 1805 1774 1744 1683 1622
316A Acap  196308191 1531 1470 1409 1470 1500 1500 1531 1531 1500 1409 1348 1317
316A Acap  196308192 1287 1226 1256 1348 1470 1531 1622 1683 1744 1774 1714 1683
316A Acap  196308201 1622 1531 1470 1439 1470 1470 1470 1531 1561 1500 1470 1409
316A Acap  196308202 1409 1378 1348 1348 1378 1470 1592 1622 1714 1774 1805 1774
316A Acap  196308211 1714 1622 1561 1470 1409 1409 1470 1500 1561 1592 1592 1561
316A Acap  196308212 1531 1500 1409 1378 1409 1439 1470 1561 1653 1744 1774 1774
316A Acap  196308221 1774 1714 1622 1500 1439 1439 1409 1470 1531 1592 1683 1683
316A Acap  196308222 1683 1653 1561 1470 1409 1409 1378 1439 1531 1622 1744 1774
316A Acap  196308231 1805 1774 1714 1592 1470 1409 1378 1409 1439 1561 1683 1774
316A Acap  196308232 1805 1774 1714 1622 1531 1470 1439 1439 1470 1561 1653 1744
316A Acap  196308241 1835 1866 1774 1683 1531 1439 1378 1378 1378 1470 1592 1744
316A Acap  196308242 1835 1835 1805 1714 1622 1531 1470 1409 1439 1500 1561 1714
316A Acap  196308251 1805 1774 1744 1683 1592 1439 1378 1348 1378 1439 1561 1714
316A Acap  196308252 1805 1835 1896 1805 1744 1622 1500 1439 1439 1500 1561 1622
316A Acap  196308261 1714 1744 1744 1683 1622 1470 1378 1256 1287 1378 1470 1592
316A Acap  196308262 1714 1805 1896 1866 1805 1683 1531 1439 1409 1378 1439 1500
316A Acap  196308271 1592 1653 1653 1622 1531 1439 1317 1256 1226 1287 1378 1500
316A Acap  196308272 1622 1744 1835 1896 1774 1714 1592 1470 1439 1378 1409 1439
316A Acap  196308281 1531 1592 1622 1622 1561 1439 1348 1226 1195 1226 1348 1470
316A Acap  196308282 1592 1714 1774 1835 1805 1744 1653 1500 1439 1409 1378 1439
316A Acap  196308291 1500 1592 1592 1561 1500 1409 1287 1226 1165 1165 1226 1317
316A Acap  196308292 1470 1622 1714 1805 1805 1744 1653 1561 1531 1409 1409 1409
316A Acap  196308301 1500 1561 1592 1561 1531 1470 1348 1226 1134 1134 1165 1256
316A Acap  196308302 1378 1531 1683 1805 1835 1835 1744 1683 1592 1500 1500 1500
316A Acap  196308311 1531 1561 1622 1622 1561 1500 1409 1317 1226 1165 1165 1195
316A Acap  196308312 1317 1470 1561 1744 1744 1774 1744 1714 1653 1531 1531 1531
316A Acap  196309011 1531 1561 1592 1622 1592 1531 1531 1409 1256 1226 1195 1226
316A Acap  196309012 1256 1409 1531 1653 1714 1744 1744 1714 1653 1561 1500 1470
316A Acap  196309021 1470 1500 1561 1592 1561 1561 1531 1409 1317 1256 1195 1195
316A Acap  196309022 1226 1287 1409 1531 1622 1683 1714 1714 1683 1622 1531 1500
316A Acap  196309031 1470 1439 1470 1500 1531 1592 1561 1561 1500 1439 1348 1317
316A Acap  196309032 1287 1317 1348 1409 1500 1592 1683 1714 1683 1531 1592 1500
316A Acap  196309041 1470 1470 1470 1470 1470 1500 1561 1561 1531 1500 1439 1348
316A Acap  196309042 1317 1287 1287 1348 1470 1531 1592 1683 1714 1683 1653 1592
316A Acap  196309051 1531 1470 1409 1439 1439 1470 1500 1531 1592 1592 1561 1531
316A Acap  196309052 1470 1409 1348 1287 1378 1470 1500 1561 1622 1653 1653 1653
316A Acap  196309061 1561 1470 1439 1378 1317 1378 1439 1500 1592 1653 1683 1683
316A Acap  196309062 1653 1592 1531 1439 1378 1378 1409 1470 1531 1653 1714 1744
316A Acap  196309071 1653 1592 1531 1439 1378 1287 1317 1409 1531 1683 1774 1835
316A Acap  196309072 1866 1805 1744 1653 1500 1439 1409 1439 1470 1561 1683 1744
316A Acap  196309081 1744 1683 1561 1409 1348 1256 1256 1287 1409 1561 1744 1896
316A Acap  196309082 1927 1927 1866 1774 1592 1409 1348 1317 1348 1439 1592 1714
316A Acap  196309091 1774 1744 1714 1531 1378 1256 1226 1195 1256 1378 1592 1805
316A Acap  196309092 1957 1988 1988 1896 1744 1561 1378 1317 1287 1348 1439 1592
316A Acap  196309101 1683 1774 1714 1622 1470 1317 1195 1134 1134 1256 1439 1653
316A Acap  196309102 1835 2018 2079 2049 1957 1774 1622 1470 1409 1378 1470 1592
316A Acap  196309111 1714 1835 1866 1805 1653 1470 1317 1195 1165 1226 1348 1531
316A Acap  196309112 1744 1927 2049 2110 2018 1866 1683 1500 1378 1317 1317 1439
316A Acap  196309121 1561 1683 1744 1714 1653 1531 1348 1226 1134 1104 1195 1348
316A Acap  196309122 1531 1714 1866 1957 1957 1866 1744 1592 1439 1348 1317 1378
316A Acap  196309131 1470 1592 1683 1714 1683 1622 1470 1287 1134 1104 1134 1226
316A Acap  196309132 1378 1531 1683 1835 1896 1835 1774 1653 1500 1409 1287 1317
316A Acap  196309141 1409 1470 1561 1653 1683 1653 1531 1409 1287 1165 1165 1195
316A Acap  196309142 1287 1439 1622 1744 1805 1835 1805 1714 1592 1470 1439 1409
316A Acap  196309151 1439 1500 1561 1622 1683 1653 1592 1470 1378 1287 1226 1195
316A Acap  196309152 1226 1317 1470 1592 1714 1774 1774 1744 1683 1592 1500 1409
316A Acap  196309161 1409 1439 1470 1531 1592 1592 1561 1561 1470 1378 1287 1226
316A Acap  196309162 1226 1317 1409 1500 1592 1683 1714 1714 1622 1592 1531 1409
316A Acap  196309171 1378 1378 1378 1409 1470 1531 1561 1592 1531 1470 1409 1317
316A Acap  196309172 1287 1256 1317 1348 1409 1500 1561 1622 1622 1622 1592 1500
316A Acap  196309181 1470 1409 1409 1409 1439 1470 1531 1561 1592 1561 1500 1439
316A Acap  196309182 1409 1378 1348 1317 1378 1439 1500 1531 1592 1622 1592 1561
316A Acap  196309191 1500 1439 1409 1348 1348 1378 1439 1500 1531 1592 1592 1592
316A Acap  196309192 1531 1439 1409 1348 1317 1317 1348 1439 1500 1561 1592 1592
316A Acap  196309201 1592 1531 1470 1378 1348 1348 1378 1439 1531 1592 1653 1683
316A Acap  196309202 1622 1592 1470 1348 1317 1287 1317 1348 1409 1500 1592 1653
316A Acap  196309211 1653 1592 1531 1439 1348 1317 1348 1378 1470 1561 1683 1714
316A Acap  196309212 1714 1683 1622 1531 1409 1287 1256 1287 1317 1378 1470 1531
316A Acap  196309221 1561 1561 1531 1439 1348 1287 1256 1287 1348 1470 1592 1683
316A Acap  196309222 1774 1774 1714 1622 1531 1439 1317 1287 1287 1378 1439 1531
316A Acap  196309231 1592 1592 1561 1500 1378 1317 1287 1287 1348 1439 1561 1683
316A Acap  196309232 1774 1805 1805 1744 1622 1500 1378 1317 1287 1348 1439 1531
316A Acap  196309241 1592 1622 1622 1592 1470 1378 1287 1287 1317 1409 1531 1683
316A Acap  196309242 1774 1866 1896 1835 1744 1622 1500 1378 1348 1378 1409 1500
316A Acap  196309251 1592 1622 1683 1622 1500 1409 1317 1256 1256 1348 1470 1592
316A Acap  196309252 1714 1835 1866 1805 1744 1653 1500 1409 1317 1317 1348 1409
316A Acap  196309261 1500 1561 1561 1561 1500 1378 1287 1256 1226 1256 1348 1470
316A Acap  196309262 1622 1774 1866 1866 1835 1714 1592 1470 1409 1317 1317 1439
316A Acap  196309271 1470 1561 1561 1531 1439 1378 1287 1165 1134 1165 1256 1378
316A Acap  196309272 1500 1653 1744 1774 1714 1622 1500 1409 1317 1287 1317 1378
316A Acap  196309281 1409 1470 1500 1500 1439 1348 1226 1165 1104 1134 1165 1287
316A Acap  196309282 1409 1561 1653 1714 1683 1592 1500 1409 1317 1256 1256 1317
316A Acap  196309291 1378 1470 1500 1500 1439 1348 1226 1134 1104 1073 1104 1195
316A Acap  196309292 1287 1439 1531 1592 1653 1622 1531 1439 1348 1287 1287 1317
316A Acap  196309301 1378 1409 1470 1500 1439 1409 1317 1226 1134 1104 1104 1165
316A Acap  196309302 1256 1348 1470 1531 1561 1531 1500 1439 1378 1317 1317 1317
316A Acap  196310011 1378 1409 1439 1470 1470 1439 1378 1348 1256 1195 1165 1195
316A Acap  196310012 1256 1317 1409 1500 1561 1531 1500 1439 1348 1317 1348 1348
316A Acap  196310021 1348 1409 1470 1531 1561 1592 1561 1531 1439 1378 1348 1317
316A Acap  196310022 1317 1378 1470 1531 1561 1592 1592 1561 1500 1439 1409 1378
316A Acap  196310031 1378 1409 1439 1470 1531 1561 1592 1592 1561 1500 1439 1409
316A Acap  196310032 1378 1348 1378 1409 1470 1500 1531 1561 1531 1470 1409 1378
316A Acap  196310041 1348 1317 1348 1378 1439 1531 1592 1622 1653 1653 1592 1561
316A Acap  196310042 1500 1409 1378 1378 1378 1409 1470 1500 1531 1531 1531 1470
316A Acap  196310051 1378 1317 1256 1256 1287 1348 1470 1592 1653 1744 1774 1774
316A Acap  196310052 1683 1592 1500 1409 1348 1317 1348 1348 1409 1500 1500 1500
316A Acap  196310061 1470 1378 1287 1226 1195 1226 1287 1409 1531 1683 1805 1835
316A Acap  196310062 1835 1744 1622 1439 1317 1287 1256 1287 1348 1439 1531 1561
316A Acap  196310071 1531 1470 1348 1256 1165 1134 1165 1287 1439 1622 1774 1896
316A Acap  196310072 1927 1927 1805 1653 1500 1317 1226 1226 1287 1348 1500 1592
316A Acap  196310081 1653 1622 1531 1378 1226 1104 1043 1134 1256 1439 1653 1805
316A Acap  196310082 1927 1957 1896 1774 1561 1378 1256 1165 1195 1287 1409 1531
316A Acap  196310091 1622 1622 1561 1439 1287 1165 1043 1043 1104 1256 1470 1683
316A Acap  196310092 1835 1957 1957 1866 1683 1500 1348 1226 1195 1226 1317 1500
316A Acap  196310101 1592 1683 1653 1561 1409 1256 1134 1043 1043 1104 1287 1470
316A Acap  196310102 1683 1835 1927 1927 1805 1653 1470 1317 1226 1195 1256 1378
316A Acap  196310111 1531 1622 1653 1653 1531 1348 1195 1104 1012 1073 1195 1348
316A Acap  196310112 1561 1744 1835 1896 1866 1714 1559 1409 1317 1268 1287 1378
316A Acap  196310121 1470 1592 1683 1683 1622 1500 1348 1226 1134 1104 1165 1287
316A Acap  196310122 1470 1622 1744 1805 1805 1744 1622 1470 1348 1256 1287 1317
316A Acap  196310131 1409 1500 1592 1653 1622 1561 1454 1334 1226 1165 1165 1226
316A Acap  196310132 1348 1500 1622 1714 1744 1714 1653 1531 1409 1328 1284 1286
316A Acap  196310141 1332 1409 1494 1562 1594 1584 1531 1409 1287 1165 1195 1226
316A Acap  196310142 1317 1409 1531 1622 1653 1714 1622 1592 1470 1378 1409 1378
316A Acap  196310151 1348 1439 1470 1561 1622 1622 1622 1531 1470 1409 1348 1378
316A Acap  196310152 1378 1409 1500 1561 1561 1592 1592 1561 1531 1470 1439 1409
316A Acap  196310161 1378 1409 1470 1500 1561 1561 1592 1561 1531 1470 1439 1409
316A Acap  196310162 1409 1439 1470 1470 1531 1500 1500 1500 1500 1470 1439 1409
316A Acap  196310171 1409 1378 1378 1409 1470 1500 1531 1561 1592 1592 1561 1531
316A Acap  196310172 1500 1470 1409 1409 1409 1409 1439 1439 1470 1439 1439 1439
316A Acap  196310181 1409 1378 1348 1378 1409 1439 1500 1531 1592 1622 1622 1592
316A Acap  196310182 1592 1531 1439 1378 1348 1348 1348 1348 1409 1439 1439 1439
316A Acap  196310191 1409 1378 1317 1317 1317 1348 1409 1470 1531 1592 1653 1653
316A Acap  196310192 1622 1561 1470 1409 1348 1287 1287 1287 1348 1409 1439 1439
316A Acap  196310201 1439 1409 1378 1317 1287 1287 1348 1409 1500 1592 1683 1683
316A Acap  196310202 1683 1653 1561 1409 1348 1256 1226 1256 1287 1348 1409 1439
316A Acap  196310211 1439 1409 1378 1317 1287 1256 1317 1348 1439 1531 1622 1714
316A Acap  196310212 1744 1683 1622 1531 1409 1317 1256 1226 1226 1287 1378 1409
316A Acap  196310221 1470 1439 1378 1317 1256 1226 1256 1317 1409 1500 1622 1744
316A Acap  196310222 1774 1774 1744 1592 1500 1378 1287 1256 1256 1287 1378 1439
316A Acap  196310231 1470 1470 1439 1378 1287 1226 1195 1226 1287 1409 1561 1683
316A Acap  196310232 1774 1805 1774 1714 1592 1439 1348 1287 1256 1317 1409 1470
316A Acap  196310241 1531 1531 1500 1439 1348 1256 1226 1226 1287 1409 1470 1592
316A Acap  196310242 1805 1835 1835 1774 1592 1439 1348 1287 1287 1348 1378 1439
316A Acap  196310251 1500 1531 1531 1500 1378 1287 1226 1165 1195 1256 1409 1592
316A Acap  196310252 1714 1805 1835 1805 1714 1561 1409 1317 1256 1256 1317 1409
316A Acap  196310261 1470 1531 1531 1470 1378 1287 1195 1165 1165 1226 1348 1470
316A Acap  196310262 1653 1744 1805 1774 1714 1592 1470 1348 1287 1287 1348 1439
316A Acap  196310271 1531 1592 1622 1592 1531 1409 1317 1256 1195 1226 1317 1409
316A Acap  196310272 1561 1683 1744 1774 1714 1653 1500 1409 1317 1317 1348 1439
316A Acap  196310281 1500 1592 1622 1622 1561 1470 1348 1256 1195 1195 1256 1378
316A Acap  196310282 1531 1622 1714 1744 1714 1622 1500 1378 1287 1256 1256 1348
316A Acap  196310291 1439 1561 1622 1653 1622 1531 1439 1317 1226 1195 1226 1317
316A Acap  196310292 1409 1531 1622 1653 1653 1592 1500 1409 1317 1256 1226 1287
316A Acap  196310301 1348 1439 1561 1592 1622 1561 1500 1409 1317 1226 1226 1256
316A Acap  196310302 1317 1409 1470 1531 1531 1531 1470 1378 1287 1226 1195 1195
316A Acap  196310311 1226 1317 1439 1561 1622 1653 1622 1561 1500 1378 1317 1287
316A Acap  196310312 1287 1348 1409 1470 1531 1500 1470 1409 1317 1256 1195 1165
316A Acap  196311011 1165 1226 1348 1470 1561 1622 1653 1653 1622 1561 1531 1439
316A Acap  196311012 1378 1348 1348 1378 1409 1439 1439 1409 1378 1317 1256 1165
316A Acap  196311021 1134 1134 1226 1317 1439 1531 1622 1714 1714 1683 1683 1592
316A Acap  196311022 1531 1470 1409 1378 1378 1409 1378 1409 1439 1409 1378 1317
316A Acap  196311031 1256 1195 1195 1226 1317 1439 1561 1683 1805 1866 1866 1835
316A Acap  196311032 1744 1653 1531 1409 1378 1317 1348 1378 1439 1470 1500 1439
316A Acap  196311041 1378 1256 1195 1134 1165 1226 1348 1500 1653 1805 1896 1927
316A Acap  196311042 1866 1744 1622 1470 1317 1226 1256 1287 1378 1470 1531 1561
316A Acap  196311051 1500 1439 1317 1165 1073 1073 1134 1287 1470 1683 1866 1957
316A Acap  196311052 1957 1927 1744 1561 1378 1256 1165 1195 1256 1348 1500 1561
316A Acap  196311061 1592 1531 1439 1317 1195 1104 1104 1165 1317 1500 1744 1896
316A Acap  196311062 2018 2018 1927 1744 1561 1348 1226 1165 1195 1317 1439 1592
316A Acap  196311071 1622 1622 1561 1409 1256 1134 1043 1073 1165 1348 1561 1774
316A Acap  196311072 1927 1957 1927 1805 1653 1470 1317 1195 1195 1256 1378 1531
316A Acap  196311081 1653 1683 1683 1592 1439 1287 1134 1104 1134 1256 1439 1622
316A Acap  196311082 1774 1927 1957 1866 1744 1561 1409 1256 1226 1256 1317 1439
316A Acap  196311091 1592 1683 1744 1683 1561 1409 1256 1165 1134 1165 1287 1470
316A Acap  196311092 1622 1774 1835 1866 1774 1592 1409 1287 1195 1195 1226 1348
316A Acap  196311101 1470 1592 1683 1683 1622 1500 1378 1226 1134 1134 1195 1317
316A Acap  196311102 1470 1622 1714 1744 1714 1622 1439 1317 1195 1165 1195 1287
316A Acap  196311111 1378 1500 1592 1653 1622 1531 1409 1287 1195 1165 1226 1256
316A Acap  196311112 1378 1470 1561 1622 1622 1531 1439 1317 1226 1165 1165 1195
316A Acap  196311121 1256 1378 1470 1531 1561 1531 1500 1409 1317 1256 1256 1287
316A Acap  196311122 1348 1439 1500 1561 1592 1531 1470 1439 1317 1256 1195 1195
316A Acap  196311131 1256 1317 1409 1500 1561 1592 1561 1531 1470 1378 1317 1287
316A Acap  196311132 1317 1348 1378 1439 1439 1439 1409 1348 1317 1226 1195 1165
316A Acap  196311141 1195 1256 1317 1409 1470 1531 1531 1500 1470 1409 1348 1317
316A Acap  196311142 1287 1317 1348 1348 1378 1348 1287 1256 1256 1256 1256 1256
316A Acap  196311151 1256 1287 1317 1378 1439 1470 1500 1531 1561 1531 1470 1439
316A Acap  196311152 1409 1378 1348 1348 1317 1287 1287 1287 1287 1287 1256 1287
316A Acap  196311161 1287 1287 1287 1317 1378 1409 1500 1531 1592 1622 1592 1561
316A Acap  196311162 1500 1439 1378 1348 1317 1287 1287 1287 1287 1317 1317 1287
316A Acap  196311171 1287 1256 1226 1256 1317 1378 1439 1531 1592 1653 1683 1653
316A Acap  196311172 1592 1531 1439 1378 1317 1287 1256 1256 1287 1317 1348 1348
316A Acap  196311181 1348 1317 1287 1287 1287 1317 1378 1470 1561 1653 1683 1714
316A Acap  196311182 1653 1592 1500 1378 1287 1226 1195 1226 1226 1287 1348 1348
316A Acap  196311191 1348 1348 1287 1256 1226 1226 1317 1378 1500 1592 1683 1805
316A Acap  196311192 1805 1683 1592 1470 1348 1256 1195 1195 1195 1256 1287 1348
316A Acap  196311201 1378 1378 1317 1287 1256 1226 1256 1317 1378 1531 1622 1714
316A Acap  196311202 1744 1714 1622 1500 1378 1256 1195 1165 1195 1256 1287 1348
316A Acap  196311211 1378 1378 1348 1256 1195 1134 1134 1195 1287 1409 1531 1653
316A Acap  196311212 1714 1714 1683 1561 1439 1317 1195 1165 1165 1226 1317 1378
316A Acap  196311221 1439 1439 1409 1348 1256 1195 1165 1195 1256 1378 1531 1653
316A Acap  196311222 1744 1774 1714 1622 1500 1348 1256 1195 1195 1226 1317 1378
316A Acap  196311231 1470 1470 1470 1378 1317 1195 1165 1165 1226 1348 1470 1592
316A Acap  196311232 1714 1774 1744 1683 1561 1409 1287 1195 1165 1195 1287 1348
316A Acap  196311241 1439 1500 1500 1439 1348 1256 1195 1195 1195 1287 1378 1500
316A Acap  196311242 1653 1714 1744 1683 1592 1439 1317 1226 1195 1195 1287 1378
316A Acap  196311251 1500 1561 1561 1561 1470 1378 1287 1226 1226 1256 1348 1500
316A Acap  196311252 1592 1683 1744 1683 1622 1500 1378 1256 1226 1195 1256 1348
316A Acap  196311261 1500 1561 1592 1622 1561 1439 1348 1287 1226 1226 1287 1378
316A Acap  196311262 1500 1622 1653 1653 1592 1500 1348 1226 1165 1134 1165 1256
316A Acap  196311271 1378 1500 1592 1622 1592 1531 1439 1378 1317 1256 1287 1348
316A Acap  196311272 1439 1531 1561 1592 1531 1470 1348 1226 1165 1134 1134 1195
316A Acap  196311281 1317 1439 1561 1622 1653 1653 1592 1500 1409 1348 1317 1348
316A Acap  196311282 1378 1439 1500 1531 1531 1470 1378 1287 1195 1134 1104 1104
316A Acap  196311291 1195 1287 1409 1531 1622 1683 1683 1622 1531 1439 1378 1317
316A Acap  196311292 1287 1287 1348 1378 1378 1378 1348 1256 1165 1073 1043 1043
316A Acap  196311301 1043 1134 1256 1378 1500 1592 1653 1683 1653 1561 1470 1378
316A Acap  196311302 1317 1287 1287 1287 1287 1317 1317 1317 1256 1195 1104 1073
316A Acap  196312011 1012 1012 1104 1195 1348 1470 1592 1683 1714 1714 1622 1561
316A Acap  196312012 1439 1348 1226 1226 1226 1256 1317 1348 1348 1317 1256 1165
316A Acap  196312021 1104 1012 1012 1073 1165 1317 1500 1653 1744 1805 1774 1714
316A Acap  196312022 1622 1470 1348 1226 1195 1195 1226 1287 1348 1348 1348 1287
316A Acap  196312031 1195 1134 1043 1043 1104 1195 1317 1500 1683 1835 1896 1896
316A Acap  196312032 1805 1683 1500 1348 1226 1134 1195 1256 1348 1439 1470 1470
316A Acap  196312041 1378 1287 1195 1073 1043 1104 1195 1348 1531 1714 1866 1927
316A Acap  196312042 1896 1805 1653 1470 1287 1165 1104 1165 1256 1348 1439 1500
316A Acap  196312051 1500 1409 1317 1195 1104 1043 1073 1165 1317 1500 1714 1866
316A Acap  196312052 1927 1866 1744 1592 1378 1195 1104 1073 1165 1287 1409 1531
316A Acap  196312061 1592 1561 1500 1378 1256 1134 1073 1134 1195 1378 1561 1744
316A Acap  196312062 1866 1896 1805 1683 1531 1317 1165 1073 1104 1195 1348 1500
316A Acap  196312071 1561 1622 1592 1531 1378 1256 1134 1104 1134 1226 1378 1561
316A Acap  196312072 1744 1805 1805 1714 1592 1409 1256 1134 1104 1165 1256 1409
316A Acap  196312081 1561 1683 1683 1653 1561 1409 1287 1195 1165 1226 1348 1500
316A Acap  196312082 1653 1744 1774 1744 1653 1500 1348 1195 1104 1134 1165 1317
316A Acap  196312091 1439 1561 1653 1653 1592 1500 1378 1256 1226 1226 1287 1378
316A Acap  196312092 1531 1653 1714 1714 1622 1531 1378 1256 1195 1134 1165 1256
316A Acap  196312101 1378 1531 1653 1714 1683 1622 1531 1409 1317 1287 1287 1348
316A Acap  196312102 1439 1531 1592 1653 1622 1561 1439 1348 1256 1195 1195 1226
316A Acap  196312111 1348 1470 1561 1683 1714 1683 1622 1531 1439 1348 1317 1348
316A Acap  196312112 1409 1470 1531 1561 1500 1500 1439 1348 1256 1195 1195 1226
316A Acap  196312121 1287 1409 1500 1592 1653 1683 1653 1592 1500 1439 1409 1409
316A Acap  196312122 1439 1470 1500 1531 1531 1500 1439 1378 1317 1256 1195 1226
316A Acap  196312131 1256 1317 1409 1531 1622 1714 1714 1744 1683 1622 1592 1531
316A Acap  196312132 1500 1500 1500 1500 1500 1470 1470 1439 1378 1348 1317 1317
316A Acap  196312141 1317 1348 1409 1500 1561 1653 1714 1744 1714 1714 1683 1622
316A Acap  196312142 1561 1561 1500 1500 1470 1470 1439 1439 1409 1378 1378 1348
316A Acap  196312151 1348 1378 1409 1470 1531 1622 1714 1774 1805 1805 1744 1714
316A Acap  196312152 1622 1592 1561 1531 1470 1409 1409 1409 1409 1409 1378 1348
316A Acap  196312161 1348 1317 1378 1439 1470 1561 1653 1714 1774 1805 1805 1774
316A Acap  196312162 1744 1653 1561 1500 1439 1378 1348 1348 1348 1348 1348 1378
316A Acap  196312171 1348 1348 1348 1378 1409 1439 1531 1622 1683 1744 1774 1774
316A Acap  196312172 1744 1683 1592 1500 1439 1378 1317 1317 1348 1348 1348 1348
316A Acap  196312181 1348 1348 1317 1317 1348 1409 1439 1500 1592 1714 1774 1774
316A Acap  196312182 1744 1683 1592 1470 1378 1317 1287 1287 1287 1317 1317 1348
316A Acap  196312191 1348 1348 1348 1317 1317 1317 1378 1439 1531 1653 1714 1774
316A Acap  196312192 1774 1744 1653 1531 1439 1317 1287 1256 1287 1287 1348 1378
316A Acap  196312201 1378 1348 1317 1256 1226 1226 1256 1317 1378 1531 1653 1744
316A Acap  196312202 1774 1714 1653 1531 1409 1287 1226 1226 1256 1287 1348 1439
316A Acap  196312211 1470 1470 1439 1378 1348 1287 1287 1317 1409 1500 1622 1744
316A Acap  196312212 1805 1805 1744 1653 1500 1378 1256 1226 1226 1256 1317 1409
316A Acap  196312221 1500 1500 1470 1439 1348 1256 1226 1226 1256 1348 1500 1622
316A Acap  196312222 1714 1774 1744 1653 1531 1378 1287 1226 1195 1256 1348 1409
316A Acap  196312231 1500 1561 1561 1500 1439 1378 1317 1287 1287 1378 1470 1561
316A Acap  196312232 1653 1744 1744 1683 1561 1409 1317 1256 1195 1226 1317 1409
316A Acap  196312241 1531 1592 1653 1622 1531 1470 1378 1287 1287 1317 1409 1500
316A Acap  196312242 1622 1683 1714 1683 1622 1470 1317 1256 1195 1226 1287 1409
316A Acap  196312251 1531 1622 1683 1714 1683 1622 1531 1439 1378 1348 1409 1470
316A Acap  196312252 1592 1683 1714 1714 1653 1531 1409 1317 1256 1226 1287 1378
316A Acap  196312261 1531 1653 1744 1835 1835 1805 1714 1592 1500 1439 1409 1470
316A Acap  196312262 1561 1653 1714 1714 1653 1561 1439 1348 1256 1226 1195 1287
316A Acap  196312271 1409 1561 1714 1805 1896 1896 1835 1744 1622 1531 1500 1470
316A Acap  196312272 1500 1561 1653 1683 1683 1592 1500 1378 1256 1134 1134 1195
316A Acap  196312281 1287 1409 1561 1714 1805 1896 1896 1805 1714 1592 1531 1470
316A Acap  196312282 1470 1500 1561 1561 1592 1561 1500 1409 1287 1195 1134 1134
316A Acap  196312291 1165 1256 1409 1561 1714 1835 1896 1866 1835 1744 1622 1531
316A Acap  196312292 1470 1439 1439 1470 1500 1500 1470 1439 1348 1256 1165 1104
316A Acap  196312301 1073 1104 1195 1317 1500 1653 1774 1835 1866 1835 1744 1622
316A Acap  196312302 1500 1439 1378 1348 1378 1409 1409 1439 1378 1317 1226 1134
316A Acap  196312311 1073 1043 1104 1165 1287 1439 1622 1774 1866 1866 1835 1744
316A Acap  196312312 1622 1500 1378 1348 1287 1317 1378 1439 1500 1439 1409 1348
