316A Acapulco           Mexico              1956 16504N 099547W 0000 3 00000R MM
316A Acap  195601011 1402 1280 1189 1097 1067 1097 1219 1341 1494 1646 1737 1737
316A Acap  195601012 1585 1585 1433 1280 1128 1067 1067 1158 1250 1402 1494 1554
316A Acap  195601021 1524 1463 1341 1219 1128 1097 1128 1219 1341 1494 1615 1707
316A Acap  195601022 1707 1646 1494 1341 1189 1067 1006 1036 1158 1311 1463 1554
316A Acap  195601031 1646 1615 1524 1402 1280 1158 1097 1128 1219 1341 1494 1615
316A Acap  195601032 1676 1676 1615 1433 1250 1128 1036 1006 1067 1189 1372 1554
316A Acap  195601041 1676 1768 1737 1646 1494 1341 1189 1128 1158 1250 1372 1494
316A Acap  195601042 1615 1676 1676 1554 1402 1189 1036  945  945 1067 1189 1372
316A Acap  195601051 1554 1676 1737 1707 1585 1463 1311 1189 1158 1189 1250 1372
316A Acap  195601052 1463 1554 1585 1554 1433 1280 1097  975  914  945 1067 1250
316A Acap  195601061 1433 1615 1737 1768 1707 1585 1433 1311 1189 1158 1189 1280
316A Acap  195601062 1402 1494 1554 1554 1494 1341 1189 1067  975  975 1036 1189
316A Acap  195601071 1341 1524 1646 1737 1768 1676 1585 1433 1341 1250 1250 1311
316A Acap  195601072 1372 1463 1524 1554 1524 1433 1311 1158 1067 1006 1006 1097
316A Acap  195601081 1250 1402 1554 1676 1707 1707 1646 1524 1402 1341 1280 1280
316A Acap  195601082 1341 1402 1494 1524 1494 1433 1311 1189 1097 1036 1036 1097
316A Acap  195601091 1189 1341 1463 1585 1676 1707 1676 1615 1524 1433 1372 1341
316A Acap  195601092 1341 1372 1402 1433 1433 1402 1311 1250 1158 1067 1036 1036
316A Acap  195601101 1097 1189 1341 1433 1554 1615 1646 1615 1554 1463 1402 1341
316A Acap  195601102 1341 1372 1402 1402 1402 1372 1311 1250 1189 1128 1067 1036
316A Acap  195601111 1067 1158 1250 1372 1463 1554 1615 1615 1585 1524 1494 1433
316A Acap  195601112 1402 1372 1372 1372 1341 1311 1280 1250 1219 1158 1128 1128
316A Acap  195601121 1128 1158 1219 1311 1402 1463 1524 1554 1585 1554 1524 1494
316A Acap  195601122 1433 1402 1402 1372 1341 1311 1280 1219 1219 1189 1189 1158
316A Acap  195601131 1158 1158 1189 1250 1311 1402 1463 1524 1585 1585 1585 1554
316A Acap  195601132 1494 1433 1402 1341 1311 1280 1250 1250 1250 1250 1250 1250
316A Acap  195601141 1219 1189 1189 1219 1280 1341 1402 1463 1494 1554 1554 1554
316A Acap  195601142 1524 1494 1433 1372 1311 1280 1250 1250 1280 1311 1341 1341
316A Acap  195601151 1311 1311 1280 1250 1280 1311 1372 1433 1494 1554 1585 1615
316A Acap  195601152 1615 1554 1494 1402 1311 1280 1250 1250 1280 1311 1372 1402
316A Acap  195601161 1402 1402 1372 1341 1311 1280 1311 1341 1433 1494 1585 1646
316A Acap  195601162 1646 1585 1494 1402 1280 1219 1158 1158 1219 1280 1341 1402
316A Acap  195601171 1433 1433 1433 1372 1311 1280 1250 1280 1341 1433 1524 1585
316A Acap  195601172 1615 1615 1524 1433 1311 1219 1158 1128 1189 1250 1341 1433
316A Acap  195601181 1494 1524 1524 1463 1402 1341 1280 1250 1280 1341 1433 1524
316A Acap  195601182 1554 1585 1524 1433 1311 1189 1128 1097 1128 1219 1311 1433
316A Acap  195601191 1524 1585 1585 1524 1433 1341 1250 1219 1219 1250 1372 1463
316A Acap  195601192 1554 1554 1524 1463 1311 1189 1097 1067 1067 1158 1250 1402
316A Acap  195601201 1524 1615 1646 1615 1554 1463 1372 1250 1219 1219 1280 1372
316A Acap  195601202 1494 1524 1524 1463 1341 1189 1097 1006 1006 1067 1189 1372
316A Acap  195601211 1524 1646 1737 1737 1676 1554 1433 1311 1250 1250 1280 1372
316A Acap  195601212 1463 1524 1554 1494 1372 1219 1097  975  945 1006 1128 1280
316A Acap  195601221 1463 1646 1768 1798 1768 1676 1524 1372 1250 1219 1250 1311
316A Acap  195601222 1402 1494 1524 1524 1402 1280 1128  975  914  914 1006 1128
316A Acap  195601231 1311 1494 1615 1737 1768 1707 1585 1463 1341 1250 1250 1280
316A Acap  195601232 1341 1433 1494 1494 1433 1341 1189 1067  975  914  945 1067
316A Acap  195601241 1219 1402 1585 1737 1798 1798 1737 1615 1494 1402 1341 1341
316A Acap  195601242 1372 1433 1494 1524 1494 1433 1280 1128 1006  914  914  975
316A Acap  195601251 1097 1280 1463 1615 1707 1768 1737 1676 1554 1433 1341 1311
316A Acap  195601252 1311 1341 1433 1494 1494 1463 1341 1219 1097 1006  914  914
316A Acap  195601261 1006 1128 1311 1463 1615 1737 1737 1707 1646 1524 1433 1341
316A Acap  195601262 1311 1311 1341 1402 1463 1463 1402 1341 1250 1128 1006  975
316A Acap  195601271  975 1036 1128 1280 1433 1554 1646 1676 1646 1585 1494 1402
316A Acap  195601272 1311 1280 1280 1311 1341 1402 1433 1402 1372 1280 1158 1097
316A Acap  195601281 1036 1006 1067 1158 1280 1433 1554 1615 1646 1615 1554 1463
316A Acap  195601282 1372 1280 1219 1219 1219 1280 1341 1402 1402 1402 1341 1250
316A Acap  195601291 1158 1097 1067 1067 1158 1250 1372 1494 1554 1615 1615 1524
316A Acap  195601292 1433 1311 1219 1158 1128 1158 1189 1280 1372 1433 1463 1433
316A Acap  195601301 1341 1280 1158 1128 1097 1158 1219 1341 1433 1524 1585 1615
316A Acap  195601302 1554 1463 1341 1189 1097 1067 1097 1189 1311 1433 1524 1554
316A Acap  195601311 1524 1463 1341 1250 1128 1097 1128 1189 1280 1433 1524 1585
316A Acap  195601312 1585 1494 1372 1250 1097 1006 1006 1067 1189 1311 1463 1585
316A Acap  195602011 1646 1646 1554 1433 1311 1189 1128 1128 1219 1341 1463 1554
316A Acap  195602012 1615 1585 1494 1372 1189 1036  945  945 1006 1158 1341 1524
316A Acap  195602021 1646 1707 1676 1585 1433 1280 1158 1097 1128 1189 1311 1433
316A Acap  195602022 1554 1585 1524 1433 1280 1097  975  914  945 1036 1219 1402
316A Acap  195602031 1585 1707 1737 1676 1585 1433 1250 1128 1097 1128 1219 1341
316A Acap  195602032 1463 1524 1554 1494 1311 1189 1036  945  914  975 1097 1250
316A Acap  195602041 1463 1646 1737 1768 1676 1554 1402 1250 1158 1128 1158 1250
316A Acap  195602042 1372 1463 1524 1494 1433 1280 1128 1006  945  945 1006 1158
316A Acap  195602051 1341 1524 1646 1676 1676 1585 1463 1311 1189 1128 1128 1189
316A Acap  195602052 1250 1341 1402 1402 1372 1250 1128  975  914  853  884 1006
316A Acap  195602061 1158 1341 1494 1585 1615 1585 1494 1372 1250 1189 1158 1189
316A Acap  195602062 1250 1341 1402 1433 1402 1311 1219 1067  975  914  914 1006
316A Acap  195602071 1128 1280 1433 1554 1615 1585 1524 1433 1311 1219 1189 1189
316A Acap  195602072 1219 1311 1341 1372 1372 1311 1219 1128 1036  975  945  975
316A Acap  195602081 1067 1189 1311 1433 1494 1524 1524 1463 1372 1280 1219 1219
316A Acap  195602082 1219 1250 1280 1311 1311 1280 1219 1128 1067  975  975  975
316A Acap  195602091 1036 1128 1219 1311 1402 1463 1494 1463 1402 1341 1280 1250
316A Acap  195602092 1250 1250 1280 1311 1311 1280 1250 1189 1128 1097 1036 1036
316A Acap  195602101 1067 1128 1189 1280 1372 1433 1463 1463 1433 1372 1341 1311
316A Acap  195602102 1280 1280 1280 1280 1250 1250 1219 1219 1158 1128 1097 1097
316A Acap  195602111 1097 1128 1158 1219 1280 1341 1372 1402 1433 1402 1372 1341
316A Acap  195602112 1311 1250 1250 1250 1219 1219 1219 1219 1189 1189 1189 1158
316A Acap  195602121 1158 1158 1158 1158 1189 1219 1280 1341 1372 1402 1372 1372
316A Acap  195602122 1311 1280 1219 1189 1158 1158 1158 1189 1219 1250 1250 1250
316A Acap  195602131 1219 1189 1189 1158 1158 1189 1219 1311 1372 1402 1402 1402
316A Acap  195602132 1372 1311 1280 1189 1158 1158 1158 1189 1250 1311 1372 1372
316A Acap  195602141 1341 1311 1280 1219 1189 1189 1189 1250 1311 1372 1433 1433
316A Acap  195602142 1433 1372 1311 1219 1158 1128 1158 1189 1250 1341 1433 1463
316A Acap  195602151 1494 1463 1402 1341 1250 1219 1189 1219 1250 1311 1372 1402
316A Acap  195602152 1433 1402 1341 1250 1128 1067 1067 1097 1189 1280 1402 1494
316A Acap  195602161 1554 1554 1494 1402 1280 1219 1158 1158 1189 1280 1341 1402
316A Acap  195602162 1463 1463 1372 1280 1189 1097 1036 1067 1128 1250 1372 1524
316A Acap  195602171 1615 1646 1615 1494 1372 1250 1158 1097 1128 1189 1280 1372
316A Acap  195602172 1433 1433 1402 1311 1189 1067  975  975 1036 1158 1341 1494
316A Acap  195602181 1615 1676 1707 1615 1524 1372 1250 1158 1128 1158 1219 1311
316A Acap  195602182 1402 1463 1433 1372 1250 1097  975  914  945 1036 1189 1372
316A Acap  195602191 1554 1676 1707 1676 1585 1463 1280 1158 1097 1097 1158 1250
316A Acap  195602192 1341 1433 1463 1402 1280 1158 1006  914  884  945 1067 1250
316A Acap  195602201 1433 1615 1737 1768 1707 1646 1433 1280 1189 1158 1189 1250
316A Acap  195602202 1372 1463 1494 1463 1372 1219 1036  945  853  884  975 1158
316A Acap  195602211 1341 1554 1707 1737 1737 1646 1524 1372 1250 1158 1158 1219
316A Acap  195602212 1341 1433 1494 1494 1402 1280 1158  975  853  823  884 1036
316A Acap  195602221 1219 1433 1615 1707 1737 1707 1615 1433 1311 1219 1189 1219
316A Acap  195602222 1311 1433 1494 1554 1524 1433 1280 1158 1006  884  884  975
316A Acap  195602231 1128 1311 1494 1646 1707 1707 1646 1524 1402 1280 1250 1219
316A Acap  195602232 1280 1341 1433 1524 1524 1494 1402 1250 1128 1006  975  975
316A Acap  195602241 1067 1219 1372 1524 1646 1676 1676 1585 1494 1372 1280 1250
316A Acap  195602242 1250 1280 1372 1433 1494 1494 1433 1372 1250 1128 1036 1006
316A Acap  195602251 1036 1128 1250 1372 1463 1554 1585 1585 1524 1402 1341 1250
316A Acap  195602252 1219 1219 1250 1341 1402 1463 1494 1463 1402 1341 1219 1158
316A Acap  195602261 1128 1128 1189 1250 1341 1433 1494 1524 1494 1433 1372 1280
316A Acap  195602262 1219 1189 1189 1189 1250 1311 1372 1433 1463 1433 1402 1311
316A Acap  195602271 1250 1189 1158 1158 1219 1250 1341 1372 1433 1433 1402 1372
316A Acap  195602272 1311 1219 1158 1128 1158 1189 1280 1372 1463 1524 1524 1494
316A Acap  195602281 1433 1341 1250 1189 1158 1189 1219 1280 1341 1402 1433 1402
316A Acap  195602282 1372 1280 1189 1128 1067 1097 1158 1219 1341 1463 1554 1585
316A Acap  195602291 1554 1494 1372 1250 1158 1128 1128 1158 1219 1311 1402 1433
316A Acap  195602292 1433 1372 1280 1158 1067 1036 1067 1128 1219 1402 1524 1646
316A Acap  195603011 1676 1615 1524 1402 1280 1158 1128 1128 1189 1280 1372 1463
316A Acap  195603012 1494 1463 1402 1280 1128 1036  975 1036 1128 1280 1463 1615
316A Acap  195603021 1707 1737 1676 1554 1402 1280 1189 1158 1158 1219 1311 1433
316A Acap  195603022 1494 1524 1494 1402 1280 1158 1067 1036 1097 1189 1372 1554
316A Acap  195603031 1707 1798 1798 1737 1615 1463 1311 1219 1158 1189 1250 1372
316A Acap  195603032 1463 1524 1524 1463 1372 1250 1128 1067 1067 1128 1280 1433
316A Acap  195603041 1615 1768 1859 1829 1737 1585 1433 1280 1189 1189 1250 1341
316A Acap  195603042 1433 1524 1554 1524 1433 1311 1189 1067 1036 1067 1158 1311
316A Acap  195603051 1494 1676 1768 1798 1737 1615 1463 1311 1219 1189 1189 1280
316A Acap  195603052 1372 1494 1554 1524 1463 1341 1219 1128 1067 1067 1128 1280
316A Acap  195603061 1433 1585 1707 1768 1768 1676 1554 1433 1341 1280 1280 1311
316A Acap  195603062 1372 1463 1524 1524 1494 1402 1280 1189 1097 1097 1128 1219
316A Acap  195603071 1372 1524 1646 1707 1737 1676 1585 1463 1372 1280 1280 1311
316A Acap  195603072 1341 1433 1463 1494 1463 1402 1280 1189 1097 1067 1067 1128
316A Acap  195603081 1250 1402 1524 1615 1646 1615 1554 1463 1372 1280 1250 1280
316A Acap  195603082 1311 1372 1402 1433 1433 1372 1311 1219 1128 1097 1097 1128
316A Acap  195603091 1219 1311 1402 1494 1554 1554 1524 1433 1372 1280 1250 1250
316A Acap  195603092 1280 1311 1372 1402 1433 1402 1341 1280 1189 1158 1128 1128
316A Acap  195603101 1189 1250 1341 1402 1463 1463 1463 1402 1341 1280 1250 1250
316A Acap  195603102 1250 1280 1341 1372 1372 1372 1341 1311 1280 1219 1219 1219
316A Acap  195603111 1250 1280 1341 1402 1433 1433 1433 1402 1372 1341 1311 1280
316A Acap  195603112 1280 1311 1311 1341 1372 1372 1341 1341 1311 1280 1250 1250
316A Acap  195603121 1250 1250 1250 1280 1311 1341 1372 1372 1372 1372 1341 1341
316A Acap  195603122 1311 1311 1311 1341 1372 1402 1402 1433 1433 1433 1433 1433
316A Acap  195603131 1402 1402 1372 1341 1372 1372 1372 1372 1372 1372 1372 1341
316A Acap  195603132 1311 1280 1250 1250 1250 1280 1311 1372 1402 1433 1463 1463
316A Acap  195603141 1433 1402 1341 1250 1219 1189 1189 1219 1250 1250 1311 1311
316A Acap  195603142 1280 1250 1189 1158 1128 1128 1189 1250 1311 1433 1494 1524
316A Acap  195603151 1524 1463 1402 1311 1250 1189 1189 1189 1219 1280 1311 1341
316A Acap  195603152 1341 1311 1250 1189 1158 1128 1158 1219 1311 1433 1524 1615
316A Acap  195603161 1615 1585 1524 1402 1280 1189 1158 1128 1158 1219 1280 1311
316A Acap  195603162 1311 1280 1219 1128 1067 1006 1006 1067 1158 1311 1463 1585
316A Acap  195603171 1676 1646 1585 1463 1341 1189 1097 1067 1067 1128 1219 1280
316A Acap  195603172 1341 1341 1280 1189 1067  945  914  945 1067 1219 1402 1554
316A Acap  195603181 1676 1737 1707 1585 1463 1280 1158 1067 1036 1067 1158 1280
316A Acap  195603182 1372 1372 1372 1280 1158 1006  945  914  975 1097 1280 1494
316A Acap  195603191 1676 1798 1798 1737 1585 1433 1250 1128 1067 1097 1189 1280
316A Acap  195603192 1402 1463 1463 1402 1280 1097  945  884  914 1006 1158 1341
316A Acap  195603201 1524 1676 1737 1737 1646 1494 1341 1189 1097 1097 1158 1250
316A Acap  195603202 1372 1494 1524 1494 1372 1219 1067  945  914  975 1067 1280
316A Acap  195603211 1463 1646 1737 1768 1737 1615 1463 1280 1189 1128 1158 1219
316A Acap  195603212 1341 1463 1524 1524 1463 1311 1128 1006  945  945 1036 1158
316A Acap  195603221 1341 1494 1615 1737 1707 1615 1494 1372 1219 1128 1128 1158
316A Acap  195603222 1250 1372 1494 1524 1494 1402 1280 1097  975  914  945 1036
316A Acap  195603231 1158 1341 1494 1585 1615 1554 1463 1341 1219 1128 1067 1097
316A Acap  195603232 1158 1280 1372 1463 1494 1463 1372 1250 1158 1067 1036 1067
316A Acap  195603241 1158 1250 1372 1494 1554 1554 1524 1433 1311 1219 1158 1128
316A Acap  195603242 1158 1250 1341 1433 1524 1524 1524 1433 1341 1250 1189 1158
316A Acap  195603251 1158 1219 1311 1402 1463 1494 1494 1433 1372 1280 1219 1189
316A Acap  195603252 1158 1158 1219 1311 1402 1463 1494 1494 1463 1402 1311 1250
316A Acap  195603261 1219 1219 1219 1280 1341 1372 1402 1402 1372 1311 1250 1219
316A Acap  195603262 1189 1158 1158 1189 1280 1341 1433 1494 1524 1524 1494 1463
316A Acap  195603271 1402 1341 1250 1250 1250 1280 1311 1341 1372 1372 1372 1341
316A Acap  195603272 1280 1250 1189 1189 1219 1280 1341 1463 1554 1615 1646 1615
316A Acap  195603281 1554 1494 1372 1280 1250 1219 1250 1280 1311 1372 1372 1372
316A Acap  195603282 1311 1250 1158 1097 1097 1128 1189 1280 1433 1554 1646 1676
316A Acap  195603291 1646 1554 1433 1311 1189 1158 1128 1158 1250 1311 1372 1402
316A Acap  195603292 1402 1341 1250 1189 1097 1097 1128 1219 1341 1494 1646 1768
316A Acap  195603301 1768 1737 1585 1433 1311 1219 1158 1128 1189 1280 1372 1433
316A Acap  195603302 1433 1402 1341 1219 1128 1036 1036 1097 1189 1372 1554 1676
316A Acap  195603311 1768 1768 1737 1524 1341 1219 1097 1036 1067 1128 1219 1311
316A Acap  195603312 1372 1402 1372 1250 1158 1067 1006 1006 1097 1250 1402 1585
316A Acap  195604011 1707 1768 1737 1615 1463 1311 1158 1097 1067 1128 1219 1311
316A Acap  195604012 1402 1433 1433 1341 1250 1128 1036 1006 1036 1158 1311 1494
316A Acap  195604021 1646 1737 1768 1676 1554 1402 1250 1128 1097 1128 1189 1280
316A Acap  195604022 1372 1433 1433 1402 1311 1189 1097 1036 1036 1097 1250 1433
316A Acap  195604031 1585 1737 1768 1737 1615 1463 1341 1189 1097 1097 1158 1250
316A Acap  195604032 1372 1433 1494 1494 1402 1311 1189 1097 1067 1097 1189 1341
316A Acap  195604041 1494 1615 1676 1707 1646 1554 1433 1280 1189 1158 1189 1250
316A Acap  195604042 1341 1433 1494 1524 1463 1372 1250 1158 1097 1097 1158 1280
316A Acap  195604051 1433 1554 1646 1676 1646 1554 1433 1311 1219 1158 1158 1219
316A Acap  195604052 1311 1402 1463 1494 1463 1402 1311 1219 1158 1128 1158 1219
316A Acap  195604061 1341 1463 1554 1615 1615 1585 1463 1341 1250 1189 1189 1219
316A Acap  195604062 1311 1372 1463 1494 1463 1433 1372 1280 1219 1189 1189 1250
316A Acap  195604071 1341 1433 1494 1554 1554 1494 1433 1311 1250 1189 1189 1189
316A Acap  195604072 1250 1341 1402 1463 1463 1433 1402 1341 1250 1219 1189 1219
316A Acap  195604081 1280 1341 1402 1463 1463 1463 1433 1341 1280 1219 1189 1189
316A Acap  195604082 1250 1311 1372 1433 1463 1494 1463 1433 1372 1341 1280 1280
316A Acap  195604091 1311 1341 1372 1402 1433 1433 1402 1341 1280 1219 1189 1189
316A Acap  195604092 1219 1250 1311 1372 1433 1463 1494 1463 1433 1402 1372 1341
316A Acap  195604101 1311 1311 1311 1311 1341 1341 1341 1311 1280 1250 1219 1189
316A Acap  195604102 1189 1189 1250 1280 1341 1402 1463 1494 1494 1494 1463 1433
316A Acap  195604111 1372 1311 1280 1250 1250 1250 1250 1250 1250 1250 1250 1219
316A Acap  195604112 1189 1158 1158 1189 1219 1311 1372 1463 1524 1585 1615 1585
316A Acap  195604121 1524 1433 1341 1280 1219 1189 1189 1219 1250 1250 1280 1250
316A Acap  195604122 1219 1158 1128 1128 1158 1189 1311 1402 1524 1585 1646 1646
316A Acap  195604131 1615 1524 1402 1280 1219 1158 1158 1158 1219 1280 1311 1311
316A Acap  195604132 1280 1189 1128 1067 1036 1067 1158 1280 1402 1585 1676 1737
316A Acap  195604141 1707 1646 1494 1372 1250 1158 1097 1128 1189 1250 1341 1341
316A Acap  195604142 1341 1280 1158 1067 1006  975 1036 1158 1311 1463 1646 1737
316A Acap  195604151 1768 1707 1615 1463 1311 1158 1067 1067 1128 1189 1311 1372
316A Acap  195604152 1402 1372 1250 1128 1036  945  945 1006 1158 1341 1524 1707
316A Acap  195604161 1798 1798 1737 1585 1433 1250 1128 1067 1067 1158 1280 1402
316A Acap  195604162 1463 1463 1402 1280 1128 1006  945  945 1036 1189 1372 1615
316A Acap  195604171 1737 1829 1798 1676 1494 1311 1158 1067 1036 1097 1189 1372
316A Acap  195604172 1494 1524 1494 1402 1250 1128 1006  945  975 1097 1280 1494
316A Acap  195604181 1676 1798 1829 1768 1615 1433 1250 1128 1036 1036 1128 1250
316A Acap  195604182 1433 1524 1554 1524 1402 1250 1097  975  945 1006 1128 1311
316A Acap  195604191 1524 1676 1768 1768 1646 1524 1341 1189 1067 1036 1097 1189
316A Acap  195604192 1341 1494 1585 1585 1524 1402 1250 1128 1006 1006 1067 1219
316A Acap  195604201 1402 1554 1676 1707 1676 1554 1402 1219 1097 1036 1036 1128
316A Acap  195604202 1250 1402 1524 1615 1585 1524 1402 1280 1158 1067 1097 1158
316A Acap  195604211 1280 1433 1554 1615 1615 1554 1433 1311 1158 1067 1067 1097
316A Acap  195604212 1189 1341 1463 1585 1615 1615 1554 1433 1311 1219 1158 1189
316A Acap  195604221 1250 1341 1433 1524 1554 1524 1463 1372 1250 1128 1097 1097
316A Acap  195604222 1128 1219 1372 1494 1585 1615 1615 1585 1494 1402 1341 1280
316A Acap  195604231 1280 1280 1372 1433 1494 1494 1463 1372 1311 1219 1158 1128
316A Acap  195604232 1128 1189 1280 1372 1494 1585 1615 1615 1585 1524 1463 1372
316A Acap  195604241 1341 1311 1311 1341 1372 1372 1402 1372 1311 1280 1219 1158
316A Acap  195604242 1128 1128 1189 1250 1341 1463 1554 1615 1646 1646 1585 1524
316A Acap  195604251 1463 1402 1341 1341 1341 1341 1372 1372 1372 1341 1311 1250
316A Acap  195604252 1219 1189 1189 1189 1280 1372 1463 1585 1646 1707 1707 1676
316A Acap  195604261 1585 1494 1402 1311 1280 1280 1280 1311 1341 1372 1341 1311
316A Acap  195604262 1250 1219 1158 1128 1158 1250 1341 1494 1585 1676 1737 1707
316A Acap  195604271 1676 1585 1463 1341 1250 1219 1219 1219 1250 1311 1341 1311
316A Acap  195604272 1280 1250 1189 1128 1097 1128 1219 1311 1433 1554 1646 1707
316A Acap  195604281 1676 1585 1494 1341 1250 1158 1128 1128 1189 1250 1311 1341
316A Acap  195604282 1341 1311 1250 1158 1097 1097 1128 1219 1311 1463 1615 1707
316A Acap  195604291 1737 1707 1615 1494 1341 1250 1158 1128 1158 1219 1311 1402
316A Acap  195604292 1433 1433 1372 1280 1158 1128 1128 1189 1280 1433 1585 1707
316A Acap  195604301 1798 1768 1707 1585 1463 1341 1219 1189 1189 1219 1311 1402
316A Acap  195604302 1463 1463 1463 1372 1280 1189 1128 1158 1219 1341 1494 1646
316A Acap  195605011 1737 1768 1737 1646 1524 1372 1280 1189 1189 1219 1311 1372
316A Acap  195605012 1463 1494 1494 1433 1341 1250 1189 1158 1189 1280 1433 1585
316A Acap  195605021 1676 1737 1737 1646 1554 1402 1280 1189 1128 1158 1219 1311
316A Acap  195605022 1402 1463 1494 1463 1402 1311 1219 1158 1158 1219 1311 1463
316A Acap  195605031 1585 1676 1707 1646 1554 1433 1280 1189 1128 1128 1189 1280
316A Acap  195605032 1372 1433 1494 1494 1433 1341 1250 1219 1189 1189 1280 1402
316A Acap  195605041 1524 1615 1676 1646 1585 1494 1341 1250 1158 1128 1158 1219
316A Acap  195605042 1311 1433 1494 1494 1494 1433 1372 1311 1250 1219 1250 1311
316A Acap  195605051 1402 1494 1554 1554 1524 1463 1372 1280 1189 1158 1158 1219
316A Acap  195605052 1311 1402 1463 1494 1524 1494 1433 1341 1280 1250 1280 1311
316A Acap  195605061 1372 1463 1524 1554 1524 1494 1402 1280 1189 1158 1158 1189
316A Acap  195605062 1280 1372 1463 1524 1554 1554 1524 1463 1402 1341 1311 1311
316A Acap  195605071 1341 1402 1463 1494 1494 1433 1402 1311 1219 1189 1158 1189
316A Acap  195605072 1250 1341 1433 1494 1554 1585 1585 1524 1463 1433 1402 1372
316A Acap  195605081 1372 1402 1433 1463 1463 1433 1372 1311 1250 1189 1158 1158
316A Acap  195605082 1219 1311 1402 1494 1585 1646 1676 1646 1615 1585 1524 1463
316A Acap  195605091 1433 1433 1433 1433 1433 1433 1402 1341 1280 1219 1189 1189
316A Acap  195605092 1189 1250 1341 1433 1524 1585 1646 1676 1676 1646 1615 1554
316A Acap  195605101 1494 1433 1402 1372 1372 1372 1372 1341 1311 1250 1219 1189
316A Acap  195605102 1158 1189 1219 1311 1402 1524 1615 1707 1768 1768 1737 1707
316A Acap  195605111 1615 1524 1433 1372 1372 1341 1341 1372 1372 1341 1311 1250
316A Acap  195605112 1219 1189 1189 1219 1280 1402 1524 1646 1737 1829 1859 1829
316A Acap  195605121 1737 1646 1524 1402 1341 1311 1311 1341 1402 1433 1402 1372
316A Acap  195605122 1311 1250 1189 1189 1219 1311 1402 1554 1707 1829 1890 1920
316A Acap  195605131 1890 1768 1676 1524 1402 1311 1280 1311 1341 1402 1463 1433
316A Acap  195605132 1402 1341 1250 1189 1158 1189 1280 1402 1554 1707 1859 1920
316A Acap  195605141 1920 1859 1737 1585 1433 1311 1250 1250 1280 1372 1433 1524
316A Acap  195605142 1524 1463 1372 1250 1158 1128 1158 1219 1372 1554 1737 1859
316A Acap  195605151 1890 1859 1737 1615 1433 1280 1158 1128 1189 1280 1372 1463
316A Acap  195605152 1524 1494 1433 1311 1189 1097 1036 1097 1219 1372 1585 1737
316A Acap  195605161 1829 1859 1768 1676 1494 1311 1311 1128 1128 1219 1341 1494
316A Acap  195605162 1585 1615 1585 1494 1372 1250 1158 1128 1189 1311 1463 1615
316A Acap  195605171 1768 1829 1829 1737 1585 1402 1280 1158 1128 1189 1280 1433
316A Acap  195605172 1554 1646 1707 1646 1554 1433 1280 1219 1219 1280 1402 1524
316A Acap  195605181 1676 1798 1829 1768 1676 1554 1402 1250 1189 1189 1250 1372
316A Acap  195605182 1554 1707 1798 1798 1737 1615 1494 1372 1311 1311 1372 1494
316A Acap  195605191 1615 1737 1798 1798 1737 1646 1494 1341 1250 1189 1219 1311
316A Acap  195605192 1463 1615 1737 1829 1829 1768 1646 1554 1463 1372 1402 1463
316A Acap  195605201 1554 1615 1707 1737 1676 1615 1494 1372 1219 1189 1158 1219
316A Acap  195605202 1341 1494 1615 1707 1798 1768 1707 1585 1524 1433 1402 1433
316A Acap  195605211 1463 1554 1585 1615 1646 1585 1524 1402 1280 1219 1189 1219
316A Acap  195605212 1280 1372 1524 1615 1737 1798 1798 1737 1646 1585 1494 1433
316A Acap  195605221 1433 1433 1494 1524 1554 1554 1494 1433 1341 1250 1189 1158
316A Acap  195605222 1189 1280 1372 1494 1615 1707 1768 1768 1737 1646 1585 1494
316A Acap  195605231 1463 1433 1433 1463 1463 1463 1463 1402 1341 1250 1219 1158
316A Acap  195605232 1158 1189 1250 1372 1463 1585 1676 1737 1737 1707 1646 1585
316A Acap  195605241 1494 1433 1402 1372 1402 1433 1433 1433 1402 1372 1311 1250
316A Acap  195605242 1189 1189 1189 1219 1311 1433 1585 1676 1737 1768 1737 1676
316A Acap  195605251 1585 1494 1433 1402 1372 1372 1341 1341 1341 1341 1311 1280
316A Acap  195605252 1250 1189 1189 1189 1280 1402 1494 1615 1707 1768 1768 1737
316A Acap  195605261 1676 1585 1494 1402 1372 1311 1311 1311 1372 1402 1402 1372
316A Acap  195605262 1341 1311 1250 1219 1280 1341 1433 1554 1676 1768 1829 1829
316A Acap  195605271 1798 1707 1615 1463 1372 1311 1311 1311 1341 1402 1433 1463
316A Acap  195605272 1433 1402 1341 1311 1280 1311 1402 1494 1615 1737 1829 1890
316A Acap  195605281 1859 1798 1707 1585 1494 1402 1372 1372 1433 1463 1524 1585
316A Acap  195605282 1615 1615 1585 1524 1463 1463 1494 1554 1646 1737 1859 1951
316A Acap  195605291 1981 1951 1859 1737 1646 1554 1494 1463 1494 1524 1585 1646
316A Acap  195605292 1707 1707 1646 1585 1494 1433 1433 1494 1554 1646 1768 1859
316A Acap  195605301 1920 1920 1859 1768 1676 1554 1463 1402 1402 1433 1524 1615
316A Acap  195605302 1676 1737 1707 1646 1554 1494 1433 1433 1463 1554 1676 1798
316A Acap  195605311 1890 1920 1890 1829 1707 1585 1463 1402 1402 1433 1494 1585
316A Acap  195605312 1676 1737 1737 1737 1646 1554 1494 1463 1463 1524 1615 1707
316A Acap  195606011 1798 1859 1859 1798 1676 1554 1463 1372 1372 1372 1433 1524
316A Acap  195606012 1646 1707 1737 1737 1676 1615 1554 1494 1463 1494 1585 1646
316A Acap  195606021 1737 1798 1829 1798 1676 1585 1463 1372 1311 1341 1372 1494
316A Acap  195606022 1615 1707 1768 1768 1737 1676 1585 1524 1463 1463 1524 1585
316A Acap  195606031 1676 1737 1737 1737 1676 1585 1463 1372 1311 1280 1341 1402
316A Acap  195606032 1524 1615 1707 1768 1768 1737 1676 1585 1524 1463 1463 1494
316A Acap  195606041 1554 1646 1676 1676 1615 1554 1433 1311 1280 1250 1250 1341
316A Acap  195606042 1463 1585 1737 1829 1859 1829 1737 1676 1585 1524 1494 1524
316A Acap  195606051 1554 1615 1646 1646 1646 1585 1494 1372 1280 1250 1250 1280
316A Acap  195606052 1372 1524 1646 1737 1798 1829 1829 1737 1676 1585 1554 1524
316A Acap  195606061 1524 1554 1615 1615 1585 1554 1494 1372 1311 1250 1219 1250
316A Acap  195606062 1311 1433 1554 1676 1798 1859 1890 1859 1768 1707 1646 1554
316A Acap  195606071 1524 1524 1524 1554 1554 1554 1494 1463 1372 1280 1219 1189
316A Acap  195606072 1219 1280 1402 1524 1676 1768 1859 1859 1859 1798 1707 1615
316A Acap  195606081 1554 1494 1463 1494 1494 1494 1463 1402 1372 1280 1219 1158
316A Acap  195606082 1128 1189 1250 1372 1494 1646 1768 1859 1890 1859 1768 1707
316A Acap  195606091 1615 1524 1463 1463 1463 1463 1524 1524 1463 1402 1311 1250
316A Acap  195606092 1219 1189 1219 1311 1433 1585 1707 1859 1920 1951 1951 1859
316A Acap  195606101 1768 1646 1554 1494 1463 1463 1494 1494 1524 1524 1463 1372
316A Acap  195606102 1311 1250 1219 1250 1311 1463 1585 1737 1890 1981 2042 2012
316A Acap  195606111 1920 1798 1676 1554 1463 1433 1433 1494 1554 1615 1615 1585
316A Acap  195606112 1494 1433 1372 1311 1311 1372 1494 1615 1768 1920 2012 2012
316A Acap  195606121 1951 1859 1707 1585 1463 1372 1372 1402 1494 1585 1707 1737
316A Acap  195606122 1707 1615 1554 1433 1341 1311 1402 1494 1615 1798 1920 2012
316A Acap  195606131 1981 1920 1768 1585 1494 1402 1372 1402 1463 1585 1707 1798
316A Acap  195606132 1829 1798 1707 1585 1494 1463 1433 1494 1676 1829 2012 2134
316A Acap  195606141 2195 2195 2103 1951 1737 1554 1433 1402 1463 1585 1737 1859
316A Acap  195606142 1951 1981 1920 1798 1676 1524 1433 1433 1494 1615 1768 1920
316A Acap  195606151 2012 2042 2012 1890 1737 1585 1433 1341 1341 1433 1554 1707
316A Acap  195606152 1859 1981 2012 1981 1890 1737 1585 1494 1463 1494 1524 1646
316A Acap  195606161 1768 1829 1859 1768 1646 1494 1372 1250 1219 1219 1311 1463
316A Acap  195606162 1615 1768 1890 1920 1859 1768 1646 1524 1463 1433 1463 1554
316A Acap  195606171 1646 1737 1798 1798 1707 1615 1494 1341 1250 1219 1250 1372
316A Acap  195606172 1524 1676 1829 1890 1920 1859 1768 1646 1524 1433 1433 1463
316A Acap  195606181 1524 1615 1676 1707 1676 1615 1494 1367 1250 1189 1158 1219
316A Acap  195606182 1372 1524 1676 1798 1859 1859 1798 1707 1615 1494 1463 1463
316A Acap  195606191 1463 1524 1585 1615 1615 1585 1494 1372 1280 1219 1158 1189
316A Acap  195606192 1311 1433 1585 1707 1798 1859 1859 1798 1707 1615 1554 1494
316A Acap  195606201 1494 1494 1524 1554 1585 1554 1494 1402 1280 1219 1189 1158
316A Acap  195606202 1219 1311 1433 1585 1676 1768 1798 1768 1707 1646 1585 1524
316A Acap  195606211 1494 1463 1494 1494 1494 1494 1463 1402 1341 1250 1189 1158
316A Acap  195606212 1158 1219 1341 1463 1554 1646 1737 1768 1737 1707 1646 1585
316A Acap  195606221 1494 1463 1433 1402 1402 1433 1433 1402 1341 1250 1219 1189
316A Acap  195606222 1189 1219 1280 1372 1463 1585 1646 1707 1768 1768 1737 1676
316A Acap  195606231 1615 1524 1494 1463 1463 1463 1463 1433 1433 1402 1372 1341
316A Acap  195606232 1311 1280 1311 1372 1433 1554 1646 1737 1829 1859 1829 1798
316A Acap  195606241 1707 1615 1524 1463 1433 1402 1402 1433 1402 1402 1402 1372
316A Acap  195606242 1341 1311 1311 1341 1372 1463 1554 1646 1707 1768 1798 1798
316A Acap  195606251 1737 1646 1554 1463 1402 1402 1402 1402 1433 1463 1494 1494
316A Acap  195606252 1463 1433 1402 1372 1372 1402 1463 1554 1646 1737 1798 1829
316A Acap  195606261 1829 1768 1646 1554 1433 1402 1372 1341 1372 1433 1463 1494
316A Acap  195606262 1494 1463 1433 1372 1341 1341 1372 1433 1524 1646 1737 1768
316A Acap  195606271 1768 1707 1646 1524 1402 1372 1311 1280 1311 1372 1463 1524
316A Acap  195606272 1554 1554 1524 1463 1402 1372 1372 1402 1463 1585 1676 1768
316A Acap  195606281 1798 1768 1707 1615 1494 1402 1341 1311 1311 1372 1463 1524
316A Acap  195606282 1615 1646 1615 1585 1524 1463 1402 1402 1433 1524 1615 1737
316A Acap  195606291 1798 1798 1737 1646 1524 1402 1341 1280 1280 1341 1433 1554
316A Acap  195606292 1615 1646 1646 1585 1524 1463 1402 1402 1402 1463 1554 1646
316A Acap  195606301 1707 1737 1676 1585 1494 1372 1280 1219 1219 1250 1372 1463
316A Acap  195606302 1585 1646 1676 1676 1615 1554 1463 1402 1372 1402 1463 1585
316A Acap  195607011 1646 1707 1676 1615 1494 1402 1280 1189 1189 1189 1311 1402
316A Acap  195607012 1554 1646 1707 1737 1707 1615 1524 1463 1433 1433 1463 1554
316A Acap  195607021 1615 1646 1676 1646 1554 1463 1341 1250 1219 1219 1311 1433
316A Acap  195607022 1585 1707 1798 1829 1829 1737 1646 1524 1463 1433 1463 1494
316A Acap  195607031 1554 1615 1646 1646 1554 1494 1372 1250 1189 1158 1219 1341
316A Acap  195607032 1433 1585 1707 1798 1829 1768 1707 1615 1524 1494 1463 1494
316A Acap  195607041 1524 1585 1615 1615 1554 1463 1372 1219 1128 1097 1097 1219
316A Acap  195607042 1341 1524 1646 1768 1829 1829 1768 1676 1585 1524 1463 1433
316A Acap  195607051 1463 1494 1524 1554 1524 1463 1372 1250 1128 1067 1067 1158
316A Acap  195607052 1250 1402 1524 1676 1768 1829 1798 1768 1676 1585 1494 1433
316A Acap  195607061 1433 1463 1494 1524 1524 1494 1433 1311 1189 1097 1036 1036
316A Acap  195607062 1097 1250 1463 1615 1737 1859 1890 1859 1798 1707 1585 1494
316A Acap  195607071 1463 1463 1463 1494 1524 1524 1494 1433 1311 1250 1158 1128
316A Acap  195607072 1158 1250 1372 1524 1707 1859 1981 2042 2012 1951 1859 1798
316A Acap  195607081 1707 1615 1585 1615 1646 1676 1676 1646 1615 1524 1433 1341
316A Acap  195607082 1280 1250 1311 1433 1585 1737 1890 1981 2012 2012 1951 1829
316A Acap  195607091 1707 1615 1524 1494 1524 1554 1615 1646 1615 1585 1494 1402
316A Acap  195607092 1311 1250 1250 1311 1402 1554 1676 1829 1920 1951 1951 1859
316A Acap  195607101 1737 1615 1494 1402 1372 1402 1463 1524 1585 1615 1585 1524
316A Acap  195607102 1433 1341 1250 1219 1219 1311 1463 1585 1737 1829 1890 1890
316A Acap  195607111 1829 1676 1554 1433 1372 1341 1372 1463 1524 1615 1676 1707
316A Acap  195607112 1646 1585 1463 1372 1341 1341 1402 1494 1615 1768 1890 1951
316A Acap  195607121 1890 1798 1646 1463 1311 1219 1219 1280 1372 1524 1646 1737
316A Acap  195607122 1768 1707 1615 1494 1402 1311 1280 1341 1463 1585 1737 1829
316A Acap  195607131 1859 1798 1676 1554 1372 1250 1189 1189 1250 1402 1554 1707
316A Acap  195607132 1798 1829 1768 1676 1494 1372 1311 1311 1372 1463 1554 1707
316A Acap  195607141 1798 1829 1768 1615 1433 1280 1158 1128 1158 1250 1433 1585
316A Acap  195607142 1737 1859 1859 1798 1737 1524 1402 1311 1311 1341 1463 1554
316A Acap  195607151 1676 1737 1737 1646 1494 1341 1189 1097 1067 1128 1280 1463
316A Acap  195607152 1646 1798 1890 1890 1798 1676 1524 1402 1341 1341 1402 1494
316A Acap  195607161 1585 1646 1707 1676 1585 1433 1280 1128 1067 1067 1128 1280
316A Acap  195607162 1463 1615 1737 1798 1798 1707 1585 1433 1341 1280 1311 1372
316A Acap  195607171 1463 1554 1615 1615 1554 1463 1311 1158 1036 1006 1067 1158
316A Acap  195607172 1341 1494 1676 1768 1798 1768 1676 1554 1463 1372 1341 1372
316A Acap  195607181 1433 1494 1585 1615 1585 1524 1402 1280 1158 1067 1067 1128
316A Acap  195607182 1250 1402 1585 1707 1768 1798 1737 1646 1524 1463 1433 1402
316A Acap  195607191 1433 1463 1524 1585 1554 1524 1433 1341 1219 1128 1097 1128
316A Acap  195607192 1189 1341 1494 1615 1737 1798 1798 1737 1676 1585 1524 1494
316A Acap  195607201 1463 1463 1494 1524 1524 1494 1433 1372 1280 1219 1189 1189
316A Acap  195607202 1219 1280 1433 1554 1646 1707 1768 1768 1707 1615 1554 1524
316A Acap  195607211 1494 1494 1494 1494 1494 1463 1463 1402 1341 1250 1189 1158
316A Acap  195607212 1158 1219 1311 1402 1494 1585 1676 1676 1676 1646 1585 1494
316A Acap  195607221 1463 1433 1433 1402 1433 1433 1402 1372 1341 1311 1280 1250
316A Acap  195607222 1219 1219 1250 1341 1433 1524 1615 1676 1707 1676 1646 1585
316A Acap  195607231 1524 1494 1463 1433 1433 1433 1433 1433 1433 1402 1402 1372
316A Acap  195607232 1311 1311 1311 1341 1433 1494 1554 1615 1676 1707 1707 1676
316A Acap  195607241 1615 1585 1524 1494 1463 1433 1433 1433 1463 1463 1463 1463
316A Acap  195607242 1463 1433 1402 1402 1402 1463 1524 1585 1676 1737 1768 1798
316A Acap  195607251 1768 1676 1585 1494 1433 1402 1402 1433 1463 1494 1494 1494
316A Acap  195607252 1494 1494 1463 1433 1402 1402 1433 1494 1554 1646 1707 1737
316A Acap  195607261 1737 1676 1585 1494 1402 1372 1341 1372 1402 1463 1524 1554
316A Acap  195607262 1554 1554 1494 1463 1402 1372 1402 1402 1463 1554 1646 1707
316A Acap  195607271 1707 1676 1615 1494 1402 1341 1311 1311 1341 1433 1463 1585
316A Acap  195607272 1615 1615 1585 1494 1433 1372 1372 1372 1433 1494 1585 1646
316A Acap  195607281 1676 1676 1615 1524 1402 1341 1280 1311 1341 1402 1524 1615
316A Acap  195607282 1676 1737 1737 1707 1615 1524 1463 1433 1463 1494 1585 1676
316A Acap  195607291 1707 1737 1707 1615 1524 1402 1341 1280 1311 1372 1494 1615
316A Acap  195607292 1707 1768 1798 1768 1676 1585 1494 1433 1433 1433 1524 1585
316A Acap  195607301 1646 1676 1676 1615 1494 1372 1280 1250 1250 1311 1433 1585
316A Acap  195607302 1707 1798 1859 1829 1768 1676 1554 1463 1433 1433 1463 1554
316A Acap  195607311 1615 1676 1676 1615 1494 1372 1250 1189 1158 1219 1341 1494
316A Acap  195607312 1646 1768 1859 1890 1829 1737 1615 1494 1433 1402 1433 1494
316A Acap  195608011 1554 1615 1646 1615 1554 1433 1280 1158 1097 1128 1219 1372
316A Acap  195608012 1554 1676 1798 1890 1890 1829 1737 1615 1524 1433 1433 1463
316A Acap  195608021 1524 1615 1646 1615 1585 1463 1341 1189 1128 1097 1158 1250
316A Acap  195608022 1433 1615 1768 1890 1951 1920 1829 1707 1585 1463 1433 1463
316A Acap  195608031 1494 1585 1646 1646 1615 1524 1402 1250 1158 1067 1067 1158
316A Acap  195608032 1280 1494 1676 1829 1920 1920 1890 1798 1676 1585 1524 1494
316A Acap  195608041 1524 1585 1615 1676 1676 1615 1494 1372 1219 1097 1067 1097
316A Acap  195608042 1219 1341 1524 1676 1798 1890 1890 1859 1768 1676 1585 1524
316A Acap  195608051 1494 1524 1585 1615 1646 1646 1585 1494 1372 1250 1158 1128
316A Acap  195608052 1158 1250 1402 1554 1707 1829 1890 1890 1829 1768 1676 1585
316A Acap  195608061 1524 1494 1524 1554 1615 1646 1646 1585 1494 1402 1280 1219
316A Acap  195608062 1219 1250 1341 1463 1585 1707 1829 1890 1859 1798 1737 1646
316A Acap  195608071 1554 1494 1433 1463 1494 1554 1615 1615 1615 1554 1494 1372
316A Acap  195608072 1311 1280 1280 1341 1463 1554 1676 1768 1829 1859 1798 1737
316A Acap  195608081 1615 1524 1433 1372 1372 1433 1494 1585 1615 1646 1615 1554
316A Acap  195608082 1433 1341 1280 1250 1311 1402 1524 1615 1707 1768 1768 1737
316A Acap  195608091 1646 1524 1402 1311 1280 1280 1341 1463 1585 1646 1707 1707
316A Acap  195608092 1646 1554 1433 1341 1280 1311 1372 1463 1585 1676 1768 1768
316A Acap  195608101 1676 1585 1463 1311 1189 1128 1158 1280 1402 1554 1676 1768
316A Acap  195608102 1768 1737 1646 1494 1402 1311 1311 1341 1433 1554 1646 1707
316A Acap  195608111 1707 1646 1554 1402 1250 1128 1097 1158 1250 1402 1585 1737
316A Acap  195608112 1829 1829 1768 1646 1494 1372 1280 1280 1341 1433 1554 1646
316A Acap  195608121 1707 1707 1646 1494 1341 1189 1097 1067 1128 1280 1433 1615
316A Acap  195608122 1768 1859 1859 1798 1646 1524 1402 1311 1280 1341 1433 1524
316A Acap  195608131 1646 1707 1676 1585 1463 1280 1158 1067 1067 1158 1311 1494
316A Acap  195608132 1646 1798 1859 1829 1737 1585 1463 1341 1280 1280 1341 1433
316A Acap  195608141 1524 1585 1615 1585 1494 1372 1219 1097 1067 1097 1189 1372
316A Acap  195608142 1554 1707 1829 1890 1859 1737 1615 1463 1372 1341 1341 1433
316A Acap  195608151 1524 1615 1646 1646 1585 1463 1341 1219 1128 1128 1158 1311
316A Acap  195608152 1463 1646 1798 1859 1890 1829 1707 1585 1463 1372 1372 1402
316A Acap  195608161 1494 1554 1646 1646 1615 1524 1402 1280 1189 1128 1128 1219
316A Acap  195608162 1341 1494 1646 1768 1829 1829 1768 1646 1524 1433 1402 1402
316A Acap  195608171 1433 1524 1554 1585 1585 1524 1433 1311 1219 1128 1128 1189
316A Acap  195608172 1280 1433 1554 1676 1737 1737 1707 1646 1585 1494 1463 1433
316A Acap  195608181 1433 1463 1524 1554 1554 1494 1433 1341 1280 1219 1189 1189
316A Acap  195608182 1219 1311 1433 1524 1615 1646 1676 1615 1554 1494 1463 1433
316A Acap  195608191 1402 1433 1463 1494 1494 1494 1433 1402 1341 1280 1219 1219
316A Acap  195608192 1250 1311 1372 1463 1554 1585 1615 1585 1554 1524 1494 1494
316A Acap  195608201 1463 1463 1463 1463 1494 1463 1463 1433 1372 1341 1311 1280
316A Acap  195608202 1280 1311 1372 1433 1494 1554 1585 1615 1646 1615 1615 1585
316A Acap  195608211 1554 1524 1494 1494 1494 1494 1494 1494 1494 1463 1433 1433
316A Acap  195608212 1402 1402 1402 1433 1494 1524 1585 1615 1646 1646 1646 1615
316A Acap  195608221 1585 1554 1494 1463 1463 1463 1494 1494 1494 1494 1494 1494
316A Acap  195608222 1463 1433 1433 1433 1433 1463 1494 1524 1585 1615 1646 1615
316A Acap  195608231 1585 1554 1494 1433 1433 1433 1433 1463 1494 1524 1554 1554
316A Acap  195608232 1554 1524 1494 1433 1372 1402 1402 1433 1494 1554 1585 1585
316A Acap  195608241 1585 1524 1463 1463 1402 1372 1341 1341 1372 1433 1554 1585
316A Acap  195608242 1585 1554 1494 1433 1372 1341 1341 1372 1433 1494 1554 1585
316A Acap  195608251 1585 1554 1494 1402 1341 1280 1280 1311 1402 1494 1585 1646
316A Acap  195608252 1676 1646 1585 1494 1433 1372 1341 1341 1372 1433 1494 1554
316A Acap  195608261 1554 1524 1494 1402 1311 1250 1219 1250 1311 1433 1524 1615
316A Acap  195608262 1707 1707 1676 1585 1494 1372 1311 1280 1311 1372 1463 1524
316A Acap  195608271 1554 1554 1494 1402 1280 1189 1158 1158 1250 1341 1494 1615
316A Acap  195608272 1737 1798 1798 1707 1585 1463 1341 1311 1280 1341 1433 1524
316A Acap  195608281 1585 1615 1585 1463 1341 1250 1158 1158 1189 1280 1433 1615
316A Acap  195608282 1737 1829 1859 1798 1676 1554 1433 1341 1280 1311 1402 1494
316A Acap  195608291 1585 1615 1585 1524 1402 1250 1128 1097 1097 1189 1311 1494
316A Acap  195608292 1676 1829 1890 1890 1768 1646 1463 1341 1311 1311 1372 1463
316A Acap  195608301 1554 1585 1615 1554 1463 1311 1158 1067 1036 1097 1219 1402
316A Acap  195608302 1585 1737 1859 1890 1829 1737 1585 1463 1372 1341 1372 1463
316A Acap  195608311 1554 1646 1676 1646 1554 1402 1250 1097 1036 1036 1128 1280
316A Acap  195608312 1494 1676 1829 1890 1890 1829 1707 1585 1463 1402 1372 1433
316A Acap  195609011 1524 1615 1646 1646 1615 1494 1341 1189 1067 1036 1067 1219
316A Acap  195609012 1372 1554 1707 1829 1890 1859 1798 1676 1554 1463 1433 1433
316A Acap  195609021 1524 1615 1707 1768 1768 1676 1554 1402 1280 1189 1158 1219
316A Acap  195609022 1341 1494 1676 1798 1890 1890 1859 1768 1646 1524 1494 1463
316A Acap  195609031 1463 1524 1615 1676 1737 1707 1646 1554 1433 1311 1250 1250
316A Acap  195609032 1280 1402 1524 1676 1768 1829 1829 1798 1707 1585 1494 1433
316A Acap  195609041 1433 1463 1524 1615 1676 1707 1707 1676 1554 1433 1341 1280
316A Acap  195609042 1280 1311 1402 1494 1585 1676 1707 1707 1676 1615 1524 1463
316A Acap  195609051 1402 1372 1372 1433 1494 1554 1615 1676 1676 1615 1524 1463
316A Acap  195609052 1372 1311 1311 1341 1433 1524 1585 1646 1707 1676 1615 1524
316A Acap  195609061 1433 1372 1311 1311 1372 1463 1554 1646 1737 1737 1707 1646
316A Acap  195609062 1554 1433 1372 1341 1372 1433 1494 1585 1646 1676 1646 1585
316A Acap  195609071 1494 1372 1280 1250 1250 1311 1402 1494 1615 1707 1768 1737
316A Acap  195609072 1646 1554 1463 1341 1280 1280 1341 1402 1524 1615 1646 1646
316A Acap  195609081 1554 1463 1372 1250 1189 1189 1250 1341 1494 1676 1768 1829
316A Acap  195609082 1798 1737 1615 1463 1372 1311 1280 1311 1402 1524 1646 1676
316A Acap  195609091 1646 1585 1463 1311 1219 1158 1158 1219 1372 1554 1707 1829
316A Acap  195609092 1890 1859 1768 1646 1463 1341 1280 1250 1280 1402 1524 1615
316A Acap  195609101 1646 1615 1524 1402 1280 1128 1097 1128 1219 1372 1585 1737
316A Acap  195609102 1829 1859 1798 1676 1524 1372 1250 1219 1219 1311 1433 1524
316A Acap  195609111 1615 1646 1615 1494 1372 1250 1128 1097 1128 1250 1433 1615
316A Acap  195609112 1768 1890 1890 1829 1707 1585 1463 1372 1341 1372 1463 1554
316A Acap  195609121 1646 1707 1676 1615 1494 1341 1219 1128 1158 1219 1341 1524
316A Acap  195609122 1707 1859 1920 1890 1798 1676 1554 1463 1402 1402 1433 1524
316A Acap  195609131 1615 1707 1737 1676 1585 1463 1311 1219 1189 1219 1311 1463
316A Acap  195609132 1615 1768 1859 1890 1829 1737 1615 1494 1433 1402 1433 1494
316A Acap  195609141 1585 1646 1707 1707 1615 1524 1402 1250 1189 1158 1250 1341
316A Acap  195609142 1494 1646 1737 1798 1798 1707 1585 1463 1372 1341 1372 1433
316A Acap  195609151 1524 1615 1646 1646 1615 1524 1433 1311 1250 1219 1280 1341
316A Acap  195609152 1463 1554 1676 1737 1768 1707 1615 1524 1463 1433 1433 1433
316A Acap  195609161 1494 1554 1585 1615 1615 1554 1463 1402 1311 1250 1250 1280
316A Acap  195609162 1341 1463 1554 1646 1676 1646 1615 1554 1463 1402 1372 1341
316A Acap  195609171 1402 1463 1524 1585 1585 1554 1494 1433 1341 1280 1280 1280
316A Acap  195609172 1311 1402 1494 1554 1585 1615 1585 1524 1463 1433 1372 1341
316A Acap  195609181 1372 1402 1463 1524 1524 1554 1524 1494 1433 1372 1311 1311
316A Acap  195609182 1341 1372 1463 1494 1554 1554 1554 1554 1524 1463 1433 1402
316A Acap  195609191 1402 1402 1433 1494 1524 1554 1554 1524 1494 1463 1433 1372
316A Acap  195609192 1341 1311 1311 1341 1402 1433 1463 1463 1463 1463 1433 1402
316A Acap  195609201 1372 1341 1341 1372 1433 1463 1494 1494 1524 1524 1494 1463
316A Acap  195609202 1402 1341 1311 1311 1311 1311 1372 1402 1433 1463 1433 1402
316A Acap  195609211 1372 1341 1341 1341 1402 1433 1494 1524 1554 1585 1554 1554
316A Acap  195609212 1494 1433 1372 1341 1311 1311 1311 1372 1402 1433 1433 1402
316A Acap  195609221 1372 1341 1280 1250 1280 1311 1372 1433 1524 1585 1615 1615
316A Acap  195609222 1554 1524 1433 1372 1341 1311 1311 1341 1372 1433 1463 1463
316A Acap  195609231 1463 1402 1341 1280 1250 1280 1311 1402 1494 1615 1707 1737
316A Acap  195609232 1707 1646 1554 1433 1311 1280 1250 1280 1372 1433 1494 1524
316A Acap  195609241 1494 1463 1402 1311 1219 1219 1250 1341 1433 1585 1707 1798
316A Acap  195609242 1829 1798 1676 1554 1402 1311 1250 1219 1250 1341 1402 1463
316A Acap  195609251 1494 1463 1402 1280 1158 1097 1097 1158 1280 1402 1585 1676
316A Acap  195609252 1768 1768 1707 1585 1463 1311 1219 1219 1250 1311 1402 1494
316A Acap  195609261 1524 1524 1463 1341 1189 1097 1036 1067 1158 1311 1494 1646
316A Acap  195609262 1768 1798 1798 1676 1524 1372 1250 1189 1189 1250 1341 1433
316A Acap  195609271 1524 1524 1494 1402 1280 1158 1067 1036 1067 1189 1372 1524
316A Acap  195609272 1707 1798 1829 1768 1615 1463 1311 1189 1158 1189 1280 1402
316A Acap  195609281 1494 1554 1554 1463 1341 1158 1036  945  914 1006 1128 1341
316A Acap  195609282 1554 1707 1798 1798 1676 1524 1372 1219 1128 1128 1189 1341
316A Acap  195609291 1494 1585 1615 1585 1463 1311 1128 1006  945  975 1097 1280
316A Acap  195609292 1463 1646 1768 1768 1737 1585 1433 1280 1189 1128 1189 1250
316A Acap  195609301 1402 1524 1615 1615 1554 1463 1311 1128 1006  945  975 1097
316A Acap  195609302 1280 1463 1615 1707 1737 1646 1524 1402 1250 1189 1158 1219
316A Acap  195610011 1341 1463 1585 1646 1646 1585 1463 1311 1189 1097 1067 1158
316A Acap  195610012 1280 1433 1585 1646 1707 1676 1585 1463 1341 1250 1219 1250
316A Acap  195610021 1311 1433 1554 1646 1707 1707 1615 1524 1372 1250 1189 1158
316A Acap  195610022 1250 1372 1494 1585 1646 1646 1585 1494 1402 1311 1219 1219
316A Acap  195610031 1250 1341 1463 1585 1676 1707 1707 1676 1585 1463 1372 1311
316A Acap  195610032 1311 1341 1433 1524 1585 1585 1585 1554 1494 1402 1311 1250
316A Acap  195610041 1219 1219 1280 1402 1524 1615 1646 1676 1676 1615 1494 1402
316A Acap  195610042 1341 1280 1250 1280 1372 1463 1494 1524 1494 1463 1402 1311
316A Acap  195610051 1250 1189 1219 1250 1341 1433 1554 1646 1707 1707 1646 1585
316A Acap  195610052 1463 1372 1311 1280 1311 1341 1372 1433 1494 1494 1463 1402
316A Acap  195610061 1341 1250 1189 1189 1219 1311 1402 1524 1615 1707 1707 1676
316A Acap  195610062 1615 1494 1402 1280 1250 1219 1250 1311 1372 1433 1463 1433
316A Acap  195610071 1402 1311 1219 1158 1128 1158 1219 1341 1494 1646 1768 1798
316A Acap  195610072 1737 1646 1524 1372 1280 1189 1189 1219 1311 1372 1433 1494
316A Acap  195610081 1463 1402 1280 1158 1097 1036 1097 1189 1341 1524 1676 1737
316A Acap  195610082 1768 1737 1615 1463 1311 1219 1189 1189 1250 1341 1433 1524
316A Acap  195610091 1554 1524 1433 1311 1189 1097 1097 1158 1250 1402 1585 1737
316A Acap  195610092 1829 1829 1768 1615 1463 1341 1250 1189 1219 1311 1402 1524
316A Acap  195610101 1585 1585 1524 1433 1280 1158 1097 1097 1189 1311 1463 1615
316A Acap  195610102 1768 1829 1798 1707 1554 1402 1280 1219 1219 1280 1372 1494
316A Acap  195610111 1585 1615 1615 1554 1402 1280 1158 1128 1158 1250 1402 1585
316A Acap  195610112 1737 1829 1859 1798 1676 1524 1372 1250 1219 1250 1341 1463
316A Acap  195610121 1554 1646 1676 1615 1524 1372 1250 1158 1128 1189 1341 1494
316A Acap  195610122 1646 1768 1798 1798 1707 1554 1433 1311 1250 1250 1341 1433
316A Acap  195610131 1554 1646 1676 1646 1554 1463 1341 1250 1219 1250 1341 1463
316A Acap  195610132 1585 1707 1798 1798 1737 1646 1524 1402 1341 1311 1372 1433
316A Acap  195610141 1524 1615 1646 1676 1615 1524 1433 1341 1280 1280 1341 1433
316A Acap  195610142 1554 1676 1737 1768 1768 1707 1585 1463 1372 1311 1311 1372
316A Acap  195610151 1463 1554 1615 1646 1646 1615 1524 1433 1341 1311 1311 1341
316A Acap  195610152 1402 1524 1585 1646 1615 1585 1494 1402 1341 1280 1280 1311
316A Acap  195610161 1372 1463 1524 1554 1554 1524 1494 1433 1341 1311 1280 1311
316A Acap  195610162 1372 1433 1524 1554 1554 1524 1463 1402 1341 1280 1280 1311
316A Acap  195610171 1341 1402 1463 1524 1554 1524 1524 1463 1402 1341 1311 1311
316A Acap  195610172 1311 1372 1402 1463 1494 1494 1463 1402 1341 1311 1250 1250
316A Acap  195610181 1250 1311 1372 1433 1494 1494 1524 1494 1463 1433 1402 1341
316A Acap  195610182 1341 1341 1341 1341 1372 1372 1372 1372 1341 1311 1280 1250
316A Acap  195610191 1250 1250 1280 1341 1402 1494 1554 1585 1585 1554 1524 1463
316A Acap  195610192 1402 1341 1311 1311 1341 1341 1372 1372 1372 1341 1311 1250
316A Acap  195610201 1219 1219 1219 1250 1311 1402 1494 1554 1615 1615 1585 1524
316A Acap  195610202 1463 1372 1311 1280 1280 1280 1311 1311 1341 1341 1311 1280
316A Acap  195610211 1219 1189 1158 1189 1250 1341 1433 1554 1615 1676 1707 1676
316A Acap  195610212 1615 1494 1402 1280 1250 1219 1250 1311 1341 1372 1402 1372
316A Acap  195610221 1311 1250 1189 1128 1158 1189 1311 1433 1554 1676 1737 1737
316A Acap  195610222 1707 1615 1463 1341 1250 1219 1219 1250 1311 1372 1402 1433
316A Acap  195610231 1372 1311 1189 1097 1036 1036 1128 1250 1402 1554 1707 1768
316A Acap  195610232 1768 1707 1585 1433 1280 1189 1128 1128 1219 1311 1372 1433
316A Acap  195610241 1433 1372 1280 1189 1097 1067 1097 1189 1311 1494 1676 1798
316A Acap  195610242 1829 1798 1676 1524 1372 1250 1158 1158 1219 1311 1433 1494
316A Acap  195610251 1524 1494 1402 1280 1128 1067 1036 1097 1219 1402 1585 1737
316A Acap  195610252 1829 1859 1768 1646 1463 1311 1189 1128 1158 1250 1372 1494
316A Acap  195610261 1554 1585 1524 1402 1250 1128 1036 1067 1128 1280 1463 1646
316A Acap  195610262 1768 1859 1829 1737 1585 1402 1250 1189 1158 1189 1341 1463
316A Acap  195610271 1585 1646 1615 1554 1402 1250 1128 1067 1097 1189 1372 1524
316A Acap  195610272 1707 1829 1859 1798 1676 1524 1372 1219 1189 1219 1341 1463
316A Acap  195610281 1615 1707 1737 1676 1554 1433 1280 1158 1128 1189 1280 1463
316A Acap  195610282 1615 1737 1798 1798 1707 1554 1402 1250 1158 1158 1219 1372
316A Acap  195610291 1524 1646 1737 1737 1676 1554 1402 1250 1158 1128 1158 1280
316A Acap  195610292 1433 1585 1676 1676 1646 1524 1372 1250 1158 1097 1097 1189
316A Acap  195610301 1341 1494 1615 1676 1676 1615 1524 1372 1250 1189 1189 1219
316A Acap  195610302 1341 1463 1554 1585 1585 1524 1433 1311 1189 1097 1097 1128
316A Acap  195610311 1219 1372 1524 1646 1707 1707 1646 1554 1433 1341 1280 1280
316A Acap  195610312 1311 1372 1463 1494 1524 1463 1402 1311 1219 1128 1097 1097
316A Acap  195611011 1158 1250 1372 1494 1585 1646 1646 1615 1554 1463 1372 1311
316A Acap  195611012 1311 1311 1341 1402 1433 1433 1402 1402 1280 1219 1158 1128
316A Acap  195611021 1128 1158 1219 1341 1463 1585 1646 1707 1676 1585 1524 1463
316A Acap  195611022 1372 1311 1311 1311 1311 1341 1372 1372 1372 1311 1219 1219
316A Acap  195611031 1158 1128 1158 1219 1311 1433 1524 1615 1676 1707 1646 1585
316A Acap  195611032 1463 1372 1311 1250 1250 1280 1280 1311 1341 1341 1341 1280
316A Acap  195611041 1219 1128 1097 1097 1189 1250 1372 1524 1646 1707 1707 1676
316A Acap  195611042 1585 1463 1341 1250 1189 1189 1189 1250 1280 1341 1372 1372
316A Acap  195611051 1311 1219 1158 1097 1158 1189 1280 1402 1554 1676 1737 1768
316A Acap  195611052 1676 1585 1463 1341 1219 1189 1189 1189 1250 1341 1402 1402
316A Acap  195611061 1372 1311 1219 1128 1067 1097 1158 1280 1402 1524 1646 1737
316A Acap  195611062 1737 1646 1524 1402 1280 1189 1158 1158 1219 1280 1372 1433
316A Acap  195611071 1433 1402 1341 1219 1128 1128 1158 1219 1341 1494 1646 1737
316A Acap  195611072 1768 1737 1646 1494 1341 1219 1158 1158 1189 1280 1372 1463
316A Acap  195611081 1494 1463 1402 1311 1189 1128 1097 1158 1250 1402 1554 1676
316A Acap  195611082 1768 1737 1676 1554 1402 1280 1189 1158 1158 1219 1311 1433
316A Acap  195611091 1494 1494 1463 1402 1311 1219 1128 1128 1189 1311 1433 1585
316A Acap  195611092 1676 1737 1707 1615 1494 1341 1219 1189 1158 1219 1311 1433
316A Acap  195611101 1524 1554 1554 1494 1372 1280 1189 1128 1189 1280 1372 1494
316A Acap  195611102 1615 1707 1676 1585 1494 1341 1219 1158 1158 1189 1280 1372
316A Acap  195611111 1494 1524 1554 1524 1433 1341 1250 1189 1189 1219 1311 1433
316A Acap  195611112 1524 1646 1676 1615 1554 1433 1280 1219 1158 1189 1280 1402
316A Acap  195611121 1494 1554 1615 1615 1554 1463 1372 1280 1250 1250 1341 1402
316A Acap  195611122 1494 1585 1615 1615 1554 1433 1341 1250 1189 1219 1250 1341
316A Acap  195611131 1463 1554 1615 1615 1615 1585 1494 1402 1372 1311 1341 1402
316A Acap  195611132 1524 1585 1615 1615 1554 1463 1341 1280 1189 1158 1250 1341
316A Acap  195611141 1433 1524 1615 1676 1676 1646 1585 1494 1433 1402 1372 1402
316A Acap  195611142 1494 1554 1615 1615 1554 1524 1433 1311 1250 1219 1219 1280
316A Acap  195611151 1372 1494 1585 1615 1646 1676 1615 1585 1524 1463 1433 1433
316A Acap  195611152 1463 1524 1524 1554 1554 1524 1463 1372 1280 1219 1219 1250
316A Acap  195611161 1311 1402 1524 1585 1676 1707 1707 1615 1554 1554 1524 1494
316A Acap  195611162 1463 1463 1463 1494 1463 1433 1402 1372 1280 1250 1219 1219
316A Acap  195611171 1250 1311 1402 1524 1615 1676 1737 1768 1737 1707 1676 1585
316A Acap  195611172 1554 1524 1494 1494 1463 1463 1433 1402 1341 1311 1280 1250
316A Acap  195611181 1280 1311 1372 1433 1554 1646 1737 1798 1829 1798 1768 1707
316A Acap  195611182 1646 1554 1494 1463 1433 1433 1433 1463 1402 1402 1341 1311
316A Acap  195611191 1280 1250 1280 1341 1433 1554 1646 1768 1829 1890 1859 1829
316A Acap  195611192 1707 1615 1524 1463 1402 1372 1372 1402 1433 1433 1402 1372
316A Acap  195611201 1341 1280 1250 1250 1280 1372 1494 1646 1798 1859 1859 1859
316A Acap  195611202 1737 1676 1494 1402 1311 1250 1311 1341 1433 1463 1494 1433
316A Acap  195611211 1341 1280 1158 1128 1128 1219 1311 1433 1615 1768 1859 1890
316A Acap  195611212 1859 1768 1585 1402 1311 1250 1219 1250 1311 1402 1494 1494
316A Acap  195611221 1463 1341 1250 1158 1067 1067 1158 1280 1433 1646 1768 1829
316A Acap  195611222 1829 1768 1615 1402 1250 1158 1097 1128 1189 1311 1433 1524
316A Acap  195611231 1524 1494 1372 1250 1097 1036 1036 1067 1219 1402 1585 1737
316A Acap  195611232 1798 1737 1676 1524 1311 1158 1067 1097 1128 1219 1372 1494
316A Acap  195611241 1585 1585 1524 1372 1219 1097 1006 1006 1067 1219 1433 1615
316A Acap  195611242 1707 1768 1707 1554 1402 1219 1036  975 1006 1097 1250 1433
316A Acap  195611251 1524 1615 1585 1494 1372 1189 1067 1006 1067 1158 1311 1463
316A Acap  195611252 1585 1676 1676 1585 1433 1280 1097  975  945  975 1128 1311
316A Acap  195611261 1463 1554 1646 1615 1524 1372 1219 1128 1097 1128 1219 1341
316A Acap  195611262 1524 1615 1676 1615 1494 1341 1158 1036  945  945 1036 1189
316A Acap  195611271 1372 1524 1646 1676 1646 1554 1433 1311 1219 1189 1250 1372
316A Acap  195611272 1463 1585 1646 1646 1554 1433 1311 1158 1067  975 1006 1097
316A Acap  195611281 1250 1433 1585 1676 1707 1676 1554 1433 1341 1280 1250 1280
316A Acap  195611282 1372 1463 1494 1554 1524 1463 1341 1219 1128 1067 1036 1097
316A Acap  195611291 1219 1372 1494 1615 1737 1737 1737 1646 1524 1433 1372 1341
316A Acap  195611292 1372 1402 1463 1494 1524 1463 1402 1311 1189 1097 1067 1067
316A Acap  195611301 1097 1219 1341 1463 1615 1646 1707 1707 1646 1524 1433 1341
316A Acap  195611302 1311 1311 1311 1341 1372 1372 1372 1341 1250 1158 1097 1036
316A Acap  195612011 1036 1097 1219 1341 1463 1585 1676 1707 1676 1615 1524 1433
316A Acap  195612012 1372 1341 1341 1341 1341 1372 1372 1372 1280 1250 1158 1097
316A Acap  195612021 1067 1036 1097 1189 1311 1433 1524 1585 1646 1676 1585 1494
316A Acap  195612022 1402 1311 1280 1280 1250 1250 1280 1280 1280 1250 1219 1158
316A Acap  195612031 1097 1067 1067 1128 1219 1311 1433 1554 1615 1646 1646 1585
316A Acap  195612032 1494 1433 1311 1219 1189 1189 1189 1250 1280 1280 1250 1219
316A Acap  195612041 1219 1128 1097 1128 1158 1250 1311 1433 1554 1615 1646 1646
316A Acap  195612042 1554 1494 1372 1280 1250 1219 1189 1250 1280 1311 1341 1341
316A Acap  195612051 1341 1280 1219 1158 1158 1158 1219 1341 1433 1524 1615 1676
316A Acap  195612052 1646 1585 1463 1341 1250 1189 1158 1158 1189 1280 1311 1372
316A Acap  195612061 1372 1341 1280 1219 1189 1158 1219 1311 1402 1524 1615 1676
316A Acap  195612062 1676 1646 1554 1463 1341 1219 1158 1158 1189 1280 1372 1402
316A Acap  195612071 1433 1433 1372 1311 1250 1219 1219 1250 1341 1433 1554 1615
316A Acap  195612072 1676 1676 1615 1494 1372 1219 1128 1128 1128 1250 1311 1372
316A Acap  195612081 1463 1494 1463 1433 1341 1250 1250 1219 1250 1341 1463 1554
316A Acap  195612082 1646 1676 1646 1554 1433 1311 1189 1097 1128 1158 1250 1372
316A Acap  195612091 1463 1494 1554 1494 1402 1311 1219 1189 1219 1280 1372 1494
316A Acap  195612092 1585 1615 1615 1554 1463 1311 1189 1097 1097 1158 1219 1311
316A Acap  195612101 1433 1524 1554 1524 1494 1402 1311 1250 1189 1219 1341 1433
316A Acap  195612102 1524 1615 1615 1554 1463 1341 1219 1128 1067 1097 1158 1280
316A Acap  195612111 1433 1554 1585 1615 1554 1494 1402 1311 1250 1250 1311 1372
316A Acap  195612112 1433 1524 1585 1554 1494 1341 1219 1128 1097 1128 1158 1280
316A Acap  195612121 1402 1494 1585 1646 1646 1585 1463 1402 1341 1311 1311 1341
316A Acap  195612122 1433 1554 1554 1554 1433 1372 1250 1189 1128 1067 1097 1189
316A Acap  195612131 1311 1433 1554 1615 1585 1554 1524 1433 1341 1250 1250 1280
316A Acap  195612132 1311 1402 1433 1463 1433 1372 1280 1158 1097 1036 1036 1128
316A Acap  195612141 1250 1341 1494 1585 1646 1615 1585 1494 1433 1372 1341 1311
316A Acap  195612142 1372 1402 1402 1402 1372 1341 1250 1128 1067 1006 1006 1036
316A Acap  195612151 1097 1250 1402 1524 1615 1676 1707 1615 1524 1463 1402 1341
316A Acap  195612152 1311 1311 1341 1372 1341 1341 1280 1189 1097 1036  975 1006
316A Acap  195612161 1036 1128 1250 1402 1524 1615 1646 1646 1554 1524 1433 1341
316A Acap  195612162 1311 1280 1280 1280 1311 1280 1250 1219 1158 1067 1006 1006
316A Acap  195612171 1036 1067 1158 1280 1402 1524 1615 1646 1676 1615 1554 1463
316A Acap  195612172 1372 1341 1280 1280 1280 1280 1311 1311 1250 1189 1097 1036
316A Acap  195612181 1006 1006 1036 1158 1311 1463 1554 1646 1707 1707 1676 1554
316A Acap  195612182 1494 1402 1311 1280 1250 1250 1250 1280 1311 1250 1219 1158
316A Acap  195612191 1097 1036 1036 1128 1219 1341 1433 1585 1707 1737 1737 1707
316A Acap  195612192 1615 1494 1402 1280 1219 1219 1250 1311 1372 1402 1372 1341
316A Acap  195612201 1280 1189 1158 1097 1128 1219 1341 1494 1615 1768 1829 1798
316A Acap  195612202 1737 1646 1463 1341 1219 1189 1219 1250 1372 1463 1494 1524
316A Acap  195612211 1463 1402 1250 1189 1128 1158 1219 1341 1494 1615 1737 1829
316A Acap  195612212 1798 1676 1554 1372 1219 1097 1067 1128 1250 1372 1463 1524
316A Acap  195612221 1554 1494 1372 1250 1158 1128 1128 1189 1311 1463 1646 1737
316A Acap  195612222 1798 1737 1615 1463 1250 1097 1006 1006 1097 1250 1433 1554
316A Acap  195612231 1646 1676 1585 1494 1372 1189 1128 1128 1158 1311 1433 1615
316A Acap  195612232 1737 1737 1646 1524 1311 1128 1006  945  975 1067 1250 1433
316A Acap  195612241 1615 1707 1676 1585 1433 1280 1128 1067 1067 1158 1311 1463
316A Acap  195612242 1615 1646 1615 1524 1372 1189 1006  884  884  945 1097 1311
316A Acap  195612251 1494 1646 1676 1676 1554 1402 1280 1097 1036 1067 1158 1280
316A Acap  195612252 1433 1524 1554 1524 1402 1250 1067  945  853  853  945 1128
316A Acap  195612261 1341 1524 1676 1737 1676 1554 1372 1219 1128 1067 1067 1158
316A Acap  195612262 1280 1372 1463 1463 1402 1250 1097  945  823  792  823  884
316A Acap  195612271 1067 1280 1494 1585 1646 1585 1524 1341 1219 1097 1067 1097
316A Acap  195612272 1189 1280 1341 1372 1372 1311 1189 1067  945  884  884  945
316A Acap  195612281 1067 1250 1402 1554 1585 1615 1554 1433 1341 1219 1158 1158
316A Acap  195612282 1189 1311 1372 1463 1463 1372 1280 1189 1067 1006  975 1006
316A Acap  195612291 1067 1219 1402 1524 1615 1676 1646 1615 1524 1433 1311 1311
316A Acap  195612292 1311 1341 1402 1433 1402 1402 1372 1280 1158 1097 1067 1036
316A Acap  195612301 1097 1158 1250 1402 1554 1615 1646 1615 1585 1524 1433 1372
316A Acap  195612302 1341 1311 1341 1372 1372 1341 1341 1311 1219 1128 1067 1067
316A Acap  195612311 1067 1097 1219 1311 1433 1554 1615 1646 1615 1585 1524 1463
316A Acap  195612312 1402 1372 1311 1341 1372 1341 1311 1311 1280 1250 1189 1158
