316A Acapulco           Mexico              1957 16504N 099547W 0000 3 00000R MM
316A Acap  195701011 1128 1128 1158 1219 1341 1433 1524 1615 1646 1646 1585 1524
316A Acap  195701012 1433 1372 1311 1311 1250 1250 1219 1250 1250 1280 1250 1219
316A Acap  195701021 1219 1189 1158 1189 1250 1280 1402 1494 1554 1615 1585 1585
316A Acap  195701022 1554 1463 1372 1280 1250 1250 1219 1219 1219 1280 1280 1280
316A Acap  195701031 1250 1250 1219 1158 1189 1250 1280 1372 1463 1524 1554 1554
316A Acap  195701032 1554 1494 1402 1311 1219 1158 1158 1189 1219 1250 1311 1311
316A Acap  195701041 1280 1280 1219 1189 1158 1158 1219 1280 1372 1463 1524 1585
316A Acap  195701042 1585 1524 1463 1341 1219 1128 1128 1128 1128 1189 1311 1372
316A Acap  195701051 1402 1402 1372 1280 1219 1189 1219 1219 1311 1402 1494 1554
316A Acap  195701052 1585 1585 1524 1402 1250 1189 1128 1097 1128 1189 1280 1372
316A Acap  195701061 1433 1463 1463 1402 1311 1280 1250 1250 1280 1372 1463 1524
316A Acap  195701062 1585 1585 1554 1461 1341 1280 1189 1128 1158 1219 1311 1433
316A Acap  195701071 1494 1554 1524 1494 1433 1341 1280 1280 1250 1280 1372 1433
316A Acap  195701072 1524 1585 1554 1463 1311 1219 1128 1067 1067 1097 1219 1341
316A Acap  195701081 1494 1554 1585 1585 1524 1463 1372 1280 1250 1250 1311 1433
316A Acap  195701082 1494 1585 1554 1494 1402 1280 1158 1067 1067 1097 1219 1311
316A Acap  195701091 1463 1585 1646 1615 1585 1494 1372 1280 1219 1189 1250 1341
316A Acap  195701092 1433 1494 1524 1494 1372 1280 1158 1067 1006 1067 1128 1250
316A Acap  195701101 1402 1554 1615 1676 1615 1554 1433 1341 1280 1219 1219 1280
316A Acap  195701102 1372 1433 1494 1494 1402 1311 1158 1036  975  975 1006 1158
316A Acap  195701111 1311 1494 1646 1707 1707 1615 1524 1402 1280 1219 1219 1219
316A Acap  195701112 1280 1372 1433 1463 1402 1280 1158 1036  975  945 1006 1067
316A Acap  195701121 1250 1402 1554 1646 1676 1646 1585 1494 1402 1311 1250 1219
316A Acap  195701122 1280 1372 1433 1433 1402 1311 1189 1067 1006  914  945 1006
316A Acap  195701131 1128 1280 1402 1554 1646 1646 1615 1524 1433 1372 1311 1250
316A Acap  195701132 1280 1311 1341 1372 1372 1372 1280 1158 1067  945  914  975
316A Acap  195701141 1036 1189 1341 1463 1615 1676 1676 1585 1524 1433 1341 1280
316A Acap  195701142 1280 1311 1372 1402 1372 1372 1311 1250 1128 1036 1006 1006
316A Acap  195701151 1067 1158 1280 1433 1554 1676 1707 1768 1676 1615 1554 1494
316A Acap  195701152 1402 1402 1402 1433 1463 1433 1433 1402 1311 1219 1128 1067
316A Acap  195701161 1067 1097 1189 1372 1463 1585 1676 1737 1737 1676 1646 1585
316A Acap  195701162 1463 1402 1341 1372 1402 1402 1433 1402 1372 1372 1250 1189
316A Acap  195701171 1128 1067 1097 1189 1311 1433 1554 1646 1707 1737 1676 1615
316A Acap  195701172 1524 1433 1341 1311 1311 1341 1372 1402 1463 1463 1402 1341
316A Acap  195701181 1219 1158 1128 1128 1189 1280 1402 1524 1615 1676 1676 1615
316A Acap  195701182 1524 1402 1311 1219 1158 1158 1189 1311 1402 1463 1494 1494
316A Acap  195701191 1433 1311 1219 1128 1067 1128 1189 1341 1463 1554 1646 1676
316A Acap  195701192 1615 1554 1402 1250 1128 1097 1128 1189 1311 1433 1554 1615
316A Acap  195701201 1554 1524 1402 1311 1189 1128 1128 1219 1341 1463 1554 1646
316A Acap  195701202 1646 1615 1524 1341 1189 1036 1036 1067 1189 1341 1524 1646
316A Acap  195701211 1737 1707 1646 1463 1311 1219 1128 1128 1219 1341 1463 1615
316A Acap  195701212 1646 1646 1615 1463 1280 1097 1036 1006 1067 1219 1372 1554
316A Acap  195701221 1707 1798 1798 1707 1585 1402 1250 1189 1189 1280 1372 1524
316A Acap  195701222 1646 1707 1646 1554 1402 1219 1067  975  975 1067 1250 1433
316A Acap  195701231 1646 1798 1859 1829 1707 1554 1372 1250 1189 1189 1280 1402
316A Acap  195701232 1524 1615 1646 1585 1463 1311 1128 1006  945  975 1067 1311
316A Acap  195701241 1494 1676 1768 1829 1768 1646 1494 1341 1219 1189 1219 1341
316A Acap  195701242 1433 1524 1554 1585 1494 1372 1189 1067 1006  975 1036 1189
316A Acap  195701251 1372 1585 1707 1798 1829 1768 1646 1463 1341 1280 1280 1311
316A Acap  195701252 1402 1524 1585 1615 1585 1463 1311 1158 1036  975 1006 1067
316A Acap  195701261 1250 1433 1585 1707 1737 1737 1676 1524 1402 1280 1250 1280
316A Acap  195701262 1341 1433 1524 1554 1524 1463 1341 1219 1097 1036 1036 1067
316A Acap  195701271 1189 1372 1554 1646 1707 1768 1737 1646 1554 1433 1372 1341
316A Acap  195701272 1402 1433 1463 1524 1524 1494 1372 1280 1189 1128 1067 1036
316A Acap  195701281 1097 1189 1311 1463 1585 1707 1676 1646 1585 1463 1433 1341
316A Acap  195701282 1341 1402 1402 1433 1524 1463 1402 1372 1250 1189 1128 1097
316A Acap  195701291 1128 1158 1280 1402 1494 1615 1646 1646 1615 1554 1463 1433
316A Acap  195701292 1433 1402 1402 1402 1433 1433 1402 1372 1311 1250 1219 1189
316A Acap  195701301 1158 1189 1280 1311 1433 1524 1585 1646 1646 1615 1585 1494
316A Acap  195701302 1463 1433 1372 1372 1372 1341 1341 1341 1311 1311 1311 1250
316A Acap  195701311 1219 1219 1219 1250 1341 1433 1463 1524 1554 1554 1554 1524
316A Acap  195701312 1494 1433 1372 1341 1311 1280 1311 1311 1311 1341 1341 1280
316A Acap  195702011 1280 1280 1250 1250 1250 1311 1372 1433 1494 1554 1554 1585
316A Acap  195702012 1524 1463 1433 1341 1280 1280 1250 1250 1311 1341 1372 1402
316A Acap  195702021 1372 1341 1311 1280 1250 1250 1280 1341 1402 1463 1494 1524
316A Acap  195702022 1524 1494 1433 1341 1280 1250 1250 1250 1280 1341 1402 1433
316A Acap  195702031 1433 1463 1433 1372 1280 1250 1250 1311 1372 1433 1463 1554
316A Acap  195702032 1554 1524 1494 1402 1311 1219 1158 1189 1219 1311 1372 1433
316A Acap  195702041 1463 1494 1463 1402 1311 1250 1219 1219 1250 1311 1372 1433
316A Acap  195702042 1494 1463 1433 1341 1219 1128 1097 1067 1158 1219 1341 1433
316A Acap  195702051 1524 1554 1524 1463 1341 1280 1219 1158 1158 1219 1311 1402
316A Acap  195702052 1463 1494 1463 1372 1280 1189 1097 1097 1128 1189 1311 1433
316A Acap  195702061 1524 1585 1585 1524 1433 1311 1219 1158 1189 1219 1280 1372
316A Acap  195702062 1433 1463 1433 1402 1280 1158 1067 1036 1128 1189 1280 1433
316A Acap  195702071 1554 1615 1615 1615 1494 1402 1311 1219 1158 1189 1250 1341
316A Acap  195702072 1433 1463 1463 1402 1280 1158 1036 1006 1006 1067 1158 1341
316A Acap  195702081 1494 1615 1676 1646 1585 1494 1341 1250 1158 1189 1250 1280
316A Acap  195702082 1402 1463 1463 1433 1311 1158 1067  975  945 1036 1128 1280
316A Acap  195702091 1463 1554 1676 1707 1676 1585 1463 1341 1250 1219 1250 1311
316A Acap  195702092 1372 1463 1463 1463 1372 1250 1128 1036 1006 1006 1067 1219
316A Acap  195702101 1372 1524 1676 1737 1737 1676 1554 1433 1341 1280 1250 1311
316A Acap  195702102 1402 1494 1524 1554 1494 1341 1219 1067 1006  975 1006 1128
316A Acap  195702111 1280 1463 1585 1707 1737 1707 1646 1524 1433 1372 1311 1341
316A Acap  195702112 1402 1433 1463 1494 1463 1372 1219 1097 1006  945  945 1036
316A Acap  195702121 1128 1311 1463 1615 1676 1707 1646 1585 1494 1372 1280 1311
316A Acap  195702122 1341 1372 1433 1463 1494 1433 1341 1219 1128 1006  945  975
316A Acap  195702131 1067 1189 1311 1463 1585 1646 1646 1615 1554 1433 1372 1280
316A Acap  195702132 1280 1341 1372 1433 1463 1494 1463 1402 1311 1189 1097 1067
316A Acap  195702141 1067 1097 1219 1341 1463 1585 1615 1646 1585 1494 1433 1372
316A Acap  195702142 1280 1250 1280 1341 1372 1402 1433 1433 1372 1311 1250 1158
316A Acap  195702151 1128 1128 1158 1219 1341 1433 1524 1554 1585 1585 1524 1433
316A Acap  195702152 1341 1311 1250 1250 1280 1341 1402 1433 1494 1524 1463 1372
316A Acap  195702161 1280 1219 1158 1189 1189 1280 1402 1463 1554 1585 1554 1524
316A Acap  195702162 1433 1311 1219 1189 1189 1189 1280 1402 1463 1554 1585 1554
316A Acap  195702171 1524 1433 1311 1280 1250 1250 1280 1341 1463 1554 1585 1585
316A Acap  195702172 1524 1402 1250 1189 1097 1097 1128 1219 1372 1524 1615 1676
316A Acap  195702181 1676 1615 1463 1341 1250 1189 1158 1250 1341 1463 1554 1585
316A Acap  195702182 1585 1524 1402 1250 1128 1067 1006 1067 1219 1402 1554 1707
316A Acap  195702191 1768 1768 1646 1494 1341 1219 1128 1158 1219 1341 1494 1615
316A Acap  195702192 1646 1615 1524 1372 1158 1006  914  945 1036 1189 1402 1615
316A Acap  195702201 1737 1798 1768 1646 1433 1311 1158 1067 1097 1219 1372 1494
316A Acap  195702202 1615 1615 1585 1463 1311 1097  975  914  914 1097 1250 1463
316A Acap  195702211 1707 1829 1890 1768 1676 1494 1280 1189 1097 1128 1250 1372
316A Acap  195702212 1524 1615 1615 1524 1433 1250 1067  945  914  975 1128 1341
316A Acap  195702221 1585 1737 1859 1829 1707 1585 1402 1280 1189 1128 1189 1311
316A Acap  195702222 1433 1585 1615 1585 1494 1341 1219 1067 1006 1006 1097 1250
316A Acap  195702231 1463 1646 1768 1798 1798 1676 1524 1372 1280 1189 1189 1280
316A Acap  195702232 1402 1524 1585 1615 1585 1433 1311 1158 1067 1006 1067 1158
316A Acap  195702241 1341 1494 1646 1768 1768 1707 1585 1433 1311 1219 1219 1250
316A Acap  195702242 1341 1463 1554 1615 1554 1494 1372 1250 1097 1067 1036 1128
316A Acap  195702251 1280 1433 1524 1676 1707 1707 1615 1524 1402 1322 1280 1280
316A Acap  195702252 1280 1372 1494 1554 1554 1494 1402 1311 1219 1158 1128 1128
316A Acap  195702261 1219 1372 1463 1585 1615 1615 1646 1554 1433 1372 1311 1311
316A Acap  195702262 1341 1402 1463 1463 1494 1494 1433 1341 1250 1189 1128 1128
316A Acap  195702271 1158 1250 1341 1402 1494 1554 1524 1524 1463 1372 1372 1280
316A Acap  195702272 1311 1311 1311 1372 1372 1372 1402 1311 1250 1219 1189 1158
316A Acap  195702281 1189 1219 1280 1341 1402 1433 1463 1494 1463 1402 1372 1311
316A Acap  195702282 1311 1311 1280 1341 1341 1311 1311 1311 1311 1280 1250 1250
316A Acap  195703011 1219 1219 1219 1250 1280 1311 1341 1372 1402 1402 1341 1372
316A Acap  195703012 1341 1280 1250 1280 1250 1280 1280 1311 1311 1311 1311 1311
316A Acap  195703021 1280 1250 1250 1219 1250 1250 1311 1341 1372 1402 1402 1372
316A Acap  195703022 1341 1311 1280 1219 1219 1219 1219 1250 1311 1372 1402 1433
316A Acap  195703031 1433 1402 1311 1250 1250 1250 1280 1280 1311 1372 1402 1402
316A Acap  195703032 1402 1372 1311 1250 1219 1219 1219 1250 1311 1402 1463 1524
316A Acap  195703041 1524 1494 1433 1341 1280 1219 1250 1250 1280 1372 1433 1463
316A Acap  195703042 1463 1433 1372 1311 1219 1189 1158 1250 1311 1402 1463 1554
316A Acap  195703051 1554 1554 1494 1372 1280 1189 1128 1128 1158 1250 1311 1372
316A Acap  195703052 1402 1433 1372 1280 1189 1097 1097 1128 1189 1311 1433 1554
316A Acap  195703061 1615 1615 1585 1433 1311 1250 1158 1128 1158 1219 1280 1372
316A Acap  195703062 1402 1433 1372 1280 1158 1067 1036 1067 1128 1250 1433 1524
316A Acap  195703071 1615 1676 1646 1554 1433 1280 1158 1097 1097 1158 1250 1341
316A Acap  195703072 1402 1433 1402 1372 1219 1097 1036 1006 1067 1189 1341 1494
316A Acap  195703081 1585 1676 1707 1615 1463 1341 1219 1128 1067 1097 1219 1311
316A Acap  195703082 1402 1433 1433 1372 1250 1128 1036  975  975 1067 1250 1402
316A Acap  195703091 1554 1676 1737 1676 1585 1463 1311 1189 1128 1128 1189 1280
316A Acap  195703092 1341 1433 1463 1402 1280 1158 1067  975  945 1006 1128 1341
316A Acap  195703101 1524 1676 1798 1798 1585 1524 1402 1250 1128 1158 1067 1128
316A Acap  195703102 1311 1433 1433 1554 1189 1341 1158  884 1097 1219 1036 1372
316A Acap  195703111 1372 1494 1707 1646 1829 1768 1341 1463 1219 1067 1341 1128
316A Acap  195703112 1158 1463 1463 1615 1524 1463 1341 1128 1036 1006 1067 1189
316A Acap  195703121 1402 1494 1601 1646 1646 1615 1554 1372 1250 1158 1189 1250
316A Acap  195703122 1341 1463 1554 1615 1585 1494 1402 1158 1036 1036  945 1097
316A Acap  195703131 1219 1372 1524 1646 1798 1676 1554 1524 1402 1341 1311 1219
316A Acap  195703132 1311 1402 1494 1554 1524 1463 1402 1280 1189 1067 1006 1006
316A Acap  195703141 1128 1250 1402 1554 1615 1646 1646 1494 1372 1311 1250 1219
316A Acap  195703142 1250 1311 1433 1463 1554 1554 1524 1463 1372 1280 1158 1128
316A Acap  195703151 1158 1219 1341 1433 1463 1585 1615 1554 1463 1372 1341 1250
316A Acap  195703152 1219 1250 1311 1372 1463 1554 1524 1554 1463 1402 1341 1219
316A Acap  195703161 1219 1219 1219 1280 1372 1433 1463 1494 1463 1372 1311 1250
316A Acap  195703162 1189 1189 1158 1250 1341 1402 1494 1554 1554 1554 1494 1463
316A Acap  195703171 1402 1341 1250 1250 1311 1341 1372 1433 1463 1463 1433 1372
316A Acap  195703172 1280 1219 1189 1189 1189 1280 1372 1494 1554 1615 1646 1615
316A Acap  195703181 1554 1494 1372 1311 1280 1280 1280 1311 1372 1463 1494 1463
316A Acap  195703182 1402 1280 1219 1128 1128 1097 1189 1311 1433 1585 1676 1737
316A Acap  195703191 1707 1646 1524 1372 1250 1189 1158 1219 1280 1372 1463 1494
316A Acap  195703192 1494 1402 1311 1189 1067 1006 1036 1128 1311 1463 1646 1768
316A Acap  195703201 1768 1768 1646 1463 1280 1128 1067 1067 1128 1250 1372 1433
316A Acap  195703202 1463 1433 1372 1219 1067  975  914  975 1067 1250 1463 1615
316A Acap  195703211 1707 1737 1676 1554 1372 1219 1097 1067 1036 1128 1250 1372
316A Acap  195703212 1494 1463 1463 1372 1189 1036  945  914  975 1097 1311 1524
316A Acap  195703221 1676 1768 1768 1646 1494 1341 1128 1036 1006 1067 1158 1280
316A Acap  195703222 1433 1494 1494 1433 1311 1158  975  914  914 1006 1128 1372
316A Acap  195703231 1554 1676 1737 1707 1585 1402 1250 1097 1036 1006 1097 1189
316A Acap  195703232 1341 1433 1494 1463 1341 1219 1067  914  884  914 1036 1219
316A Acap  195703241 1402 1554 1646 1676 1615 1463 1311 1158 1067 1036 1097 1189
316A Acap  195703242 1311 1402 1494 1494 1433 1280 1128 1006  914  914  975 1128
316A Acap  195703251 1311 1463 1585 1646 1615 1524 1402 1280 1128 1097 1128 1158
316A Acap  195703252 1250 1372 1463 1463 1433 1372 1280 1128 1036  975  975 1067
316A Acap  195703261 1219 1402 1494 1554 1585 1524 1433 1311 1189 1158 1128 1158
316A Acap  195703262 1219 1311 1402 1433 1433 1402 1311 1219 1097 1036 1006 1067
316A Acap  195703271 1158 1250 1402 1433 1494 1463 1433 1341 1219 1158 1097 1128
316A Acap  195703272 1158 1219 1341 1402 1433 1402 1341 1280 1219 1158 1097 1097
316A Acap  195703281 1158 1219 1341 1402 1433 1433 1433 1341 1280 1189 1158 1158
316A Acap  195703282 1158 1219 1280 1372 1402 1433 1433 1372 1341 1280 1219 1219
316A Acap  195703291 1219 1250 1311 1341 1372 1402 1402 1372 1311 1280 1219 1219
316A Acap  195703292 1189 1219 1250 1280 1341 1372 1372 1372 1372 1341 1311 1250
316A Acap  195703301 1280 1250 1280 1341 1341 1341 1372 1372 1372 1341 1280 1250
316A Acap  195703302 1250 1250 1280 1311 1341 1341 1372 1433 1433 1463 1402 1433
316A Acap  195703311 1402 1311 1311 1280 1280 1311 1280 1311 1311 1311 1311 1311
316A Acap  195703312 1280 1250 1250 1280 1280 1341 1372 1433 1463 1494 1494 1524
316A Acap  195704011 1494 1433 1341 1311 1280 1280 1280 1280 1311 1341 1341 1372
316A Acap  195704012 1341 1311 1250 1250 1250 1280 1341 1402 1433 1524 1585 1585
316A Acap  195704021 1585 1524 1402 1341 1280 1250 1219 1250 1250 1280 1311 1372
316A Acap  195704022 1402 1341 1311 1250 1250 1250 1280 1341 1402 1524 1615 1646
316A Acap  195704031 1676 1615 1554 1463 1341 1219 1189 1219 1219 1280 1341 1372
316A Acap  195704032 1372 1341 1280 1250 1128 1097 1128 1189 1280 1433 1554 1646
316A Acap  195704041 1676 1676 1585 1433 1311 1219 1128 1097 1128 1189 1280 1219
316A Acap  195704042 1341 1311 1280 1189 1097 1036 1067 1097 1219 1341 1494 1615
316A Acap  195704051 1707 1707 1676 1524 1372 1280 1158 1097 1067 1128 1219 1311
316A Acap  195704052 1341 1341 1311 1250 1158 1036 1036 1036 1097 1219 1402 1585
316A Acap  195704061 1707 1737 1707 1585 1433 1280 1128 1036 1006 1067 1189 1280
316A Acap  195704062 1341 1402 1372 1280 1189 1067 1006  975 1006 1158 1341 1494
316A Acap  195704071 1676 1737 1768 1707 1554 1402 1280 1158 1128 1128 1189 1341
316A Acap  195704072 1402 1494 1494 1433 1311 1189 1067 1006 1036 1128 1280 1433
316A Acap  195704081 1615 1737 1798 1737 1646 1524 1341 1219 1189 1158 1219 1311
316A Acap  195704082 1433 1524 1554 1524 1433 1280 1158 1067 1036 1097 1189 1341
316A Acap  195704091 1524 1676 1737 1768 1737 1615 1463 1311 1219 1189 1189 1280
316A Acap  195704092 1402 1524 1585 1585 1554 1463 1311 1189 1097 1067 1128 1250
316A Acap  195704101 1433 1585 1707 1768 1768 1646 1524 1402 1219 1158 1158 1219
316A Acap  195704102 1311 1463 1585 1676 1646 1585 1494 1341 1189 1158 1189 1250
316A Acap  195704111 1372 1524 1646 1707 1768 1676 1585 1433 1311 1158 1128 1158
316A Acap  195704112 1250 1402 1524 1615 1676 1676 1585 1494 1341 1219 1189 1219
316A Acap  195704121 1280 1372 1494 1585 1646 1615 1554 1463 1311 1219 1128 1128
316A Acap  195704122 1189 1280 1402 1554 1615 1676 1676 1615 1524 1402 1311 1280
316A Acap  195704131 1311 1341 1433 1494 1554 1554 1524 1494 1402 1280 1189 1189
316A Acap  195704132 1158 1250 1311 1433 1554 1615 1676 1676 1646 1585 1524 1433
316A Acap  195704141 1402 1402 1402 1433 1494 1463 1494 1494 1463 1372 1311 1250
316A Acap  195704142 1189 1219 1250 1311 1433 1494 1646 1707 1707 1707 1646 1615
316A Acap  195704151 1524 1463 1402 1372 1372 1402 1433 1433 1463 1433 1433 1372
316A Acap  195704152 1280 1219 1219 1250 1311 1433 1554 1676 1768 1829 1829 1768
316A Acap  195704161 1737 1615 1494 1402 1341 1341 1372 1372 1463 1494 1494 1494
316A Acap  195704162 1402 1341 1280 1250 1250 1280 1372 1524 1646 1798 1890 1859
316A Acap  195704171 1829 1707 1585 1433 1341 1280 1311 1341 1402 1433 1494 1524
316A Acap  195704172 1463 1402 1280 1189 1158 1158 1219 1341 1494 1676 1829 1890
316A Acap  195704181 1920 1798 1646 1524 1372 1280 1219 1219 1280 1372 1463 1494
316A Acap  195704182 1524 1494 1372 1280 1158 1067 1097 1219 1311 1463 1676 1798
316A Acap  195704191 1859 1859 1737 1615 1463 1341 1219 1158 1219 1250 1402 1463
316A Acap  195704192 1524 1524 1463 1341 1250 1189 1128 1158 1219 1402 1554 1707
316A Acap  195704201 1829 1859 1798 1707 1494 1341 1250 1158 1158 1250 1311 1433
316A Acap  195704202 1524 1554 1554 1463 1372 1250 1158 1097 1158 1280 1402 1615
316A Acap  195704211 1737 1829 1829 1768 1615 1463 1341 1250 1219 1219 1311 1402
316A Acap  195704212 1494 1554 1615 1524 1433 1311 1189 1128 1128 1189 1311 1494
316A Acap  195704221 1615 1707 1798 1737 1646 1524 1372 1280 1189 1219 1250 1311
316A Acap  195704222 1433 1524 1585 1585 1494 1402 1280 1219 1189 1189 1280 1433
316A Acap  195704231 1524 1676 1737 1768 1707 1585 1494 1341 1280 1250 1250 1341
316A Acap  195704232 1372 1524 1615 1646 1615 1524 1433 1341 1280 1250 1280 1372
316A Acap  195704241 1494 1615 1676 1707 1646 1615 1524 1402 1311 1280 1280 1341
316A Acap  195704242 1463 1524 1585 1646 1615 1585 1524 1463 1372 1341 1372 1402
316A Acap  195704251 1463 1554 1646 1646 1646 1615 1494 1433 1341 1311 1311 1311
316A Acap  195704252 1402 1494 1585 1646 1646 1615 1585 1524 1463 1402 1402 1433
316A Acap  195704261 1494 1524 1615 1646 1646 1585 1524 1463 1402 1372 1341 1402
316A Acap  195704262 1433 1524 1585 1646 1707 1707 1707 1646 1554 1554 1524 1524
316A Acap  195704271 1524 1554 1646 1676 1676 1646 1585 1554 1433 1372 1433 1433
316A Acap  195704272 1463 1494 1585 1676 1707 1707 1768 1737 1707 1646 1646 1585
316A Acap  195704281 1585 1585 1585 1646 1615 1615 1554 1554 1524 1433 1433 1433
316A Acap  195704282 1433 1463 1524 1585 1646 1707 1737 1768 1737 1707 1707 1676
316A Acap  195704291 1646 1585 1554 1585 1585 1524 1524 1524 1494 1463 1402 1372
316A Acap  195704292 1372 1402 1433 1494 1524 1615 1646 1676 1707 1737 1768 1707
316A Acap  195704301 1676 1615 1554 1524 1463 1494 1494 1463 1463 1463 1463 1463
316A Acap  195704302 1433 1433 1402 1402 1463 1554 1615 1676 1768 1798 1798 1768
316A Acap  195705011 1737 1707 1646 1524 1494 1433 1463 1463 1463 1494 1494 1494
316A Acap  195705012 1494 1433 1402 1402 1433 1463 1554 1646 1737 1829 1890 1890
316A Acap  195705021 1859 1798 1707 1615 1494 1433 1433 1402 1463 1494 1494 1524
316A Acap  195705022 1494 1463 1402 1372 1372 1433 1494 1585 1707 1829 1920 1951
316A Acap  195705031 1951 1890 1768 1585 1494 1433 1402 1372 1433 1494 1554 1585
316A Acap  195705032 1585 1554 1433 1372 1280 1280 1311 1402 1554 1737 1859 1981
316A Acap  195705041 2012 1951 1890 1707 1524 1433 1372 1372 1372 1433 1554 1615
316A Acap  195705042 1615 1585 1524 1433 1311 1250 1280 1311 1433 1615 1737 1859
316A Acap  195705051 1951 1981 1920 1768 1615 1463 1372 1341 1341 1433 1494 1585
316A Acap  195705052 1676 1676 1585 1494 1372 1250 1189 1189 1280 1433 1585 1737
316A Acap  195705061 1890 1920 1920 1798 1646 1524 1341 1280 1250 1341 1433 1524
316A Acap  195705062 1646 1676 1676 1615 1463 1372 1250 1219 1219 1311 1494 1646
316A Acap  195705071 1798 1859 1859 1829 1707 1554 1372 1250 1250 1250 1372 1463
316A Acap  195705072 1554 1615 1707 1707 1615 1524 1372 1280 1250 1311 1433 1585
316A Acap  195705081 1737 1859 1890 1859 1737 1585 1433 1250 1189 1158 1219 1372
316A Acap  195705082 1494 1615 1707 1707 1707 1554 1463 1372 1311 1311 1341 1463
316A Acap  195705091 1615 1707 1829 1829 1768 1646 1524 1402 1280 1219 1280 1372
316A Acap  195705092 1463 1615 1707 1768 1798 1798 1646 1554 1433 1372 1402 1463
316A Acap  195705101 1524 1615 1768 1798 1737 1707 1585 1463 1341 1280 1280 1311
316A Acap  195705102 1433 1554 1646 1768 1798 1798 1737 1615 1494 1463 1402 1372
316A Acap  195705111 1433 1524 1646 1676 1676 1676 1615 1494 1372 1280 1250 1250
316A Acap  195705112 1311 1402 1524 1646 1768 1798 1768 1707 1646 1524 1463 1433
316A Acap  195705121 1433 1494 1524 1585 1615 1585 1554 1494 1402 1311 1250 1219
316A Acap  195705122 1219 1311 1402 1585 1646 1737 1798 1798 1768 1676 1615 1524
316A Acap  195705131 1463 1463 1463 1524 1554 1554 1554 1554 1463 1402 1341 1280
316A Acap  195705132 1280 1280 1372 1433 1585 1676 1737 1829 1859 1798 1737 1737
316A Acap  195705141 1585 1554 1524 1494 1554 1524 1524 1554 1494 1463 1433 1372
316A Acap  195705142 1311 1311 1311 1372 1463 1554 1646 1768 1859 1859 1829 1768
316A Acap  195705151 1676 1585 1524 1463 1463 1433 1463 1494 1463 1524 1494 1433
316A Acap  195705152 1402 1341 1311 1280 1341 1433 1524 1676 1829 1859 1890 1890
316A Acap  195705161 1829 1707 1554 1463 1433 1433 1402 1402 1433 1494 1494 1524
316A Acap  195705162 1463 1433 1372 1311 1311 1341 1433 1554 1707 1798 1890 1920
316A Acap  195705171 1859 1798 1646 1524 1433 1372 1341 1341 1372 1463 1554 1554
316A Acap  195705172 1554 1494 1433 1341 1280 1280 1311 1433 1554 1676 1798 1859
316A Acap  195705181 1859 1829 1707 1615 1494 1402 1341 1311 1341 1433 1494 1554
316A Acap  195705182 1585 1554 1524 1463 1372 1341 1311 1341 1433 1524 1676 1798
316A Acap  195705191 1890 1859 1798 1676 1524 1433 1311 1280 1311 1372 1463 1554
316A Acap  195705192 1585 1615 1615 1524 1433 1311 1280 1311 1372 1463 1585 1676
316A Acap  195705201 1798 1829 1798 1707 1554 1433 1372 1250 1219 1280 1372 1463
316A Acap  195705202 1554 1615 1585 1554 1494 1372 1311 1280 1311 1372 1494 1646
316A Acap  195705211 1707 1768 1768 1676 1554 1433 1341 1219 1189 1219 1280 1402
316A Acap  195705212 1494 1554 1615 1585 1554 1433 1341 1280 1250 1280 1372 1463
316A Acap  195705221 1585 1676 1707 1646 1585 1494 1341 1250 1189 1158 1219 1311
316A Acap  195705222 1433 1524 1585 1615 1585 1524 1433 1341 1280 1280 1341 1433
316A Acap  195705231 1524 1615 1646 1615 1585 1463 1372 1250 1189 1189 1219 1311
316A Acap  195705232 1463 1524 1615 1615 1646 1615 1494 1402 1341 1280 1311 1372
316A Acap  195705241 1433 1494 1554 1585 1554 1433 1372 1280 1219 1158 1189 1250
316A Acap  195705242 1341 1433 1554 1585 1646 1615 1585 1463 1433 1433 1372 1372
316A Acap  195705251 1433 1524 1554 1554 1554 1524 1433 1341 1280 1219 1219 1250
316A Acap  195705252 1341 1433 1524 1646 1707 1707 1707 1646 1585 1524 1463 1463
316A Acap  195705261 1463 1494 1524 1554 1554 1524 1494 1463 1341 1280 1250 1280
316A Acap  195705262 1341 1402 1524 1615 1676 1768 1768 1737 1676 1615 1585 1554
316A Acap  195705271 1524 1524 1554 1524 1524 1524 1494 1433 1402 1372 1311 1280
316A Acap  195705272 1311 1372 1463 1554 1646 1707 1798 1798 1768 1707 1646 1615
316A Acap  195705281 1524 1524 1494 1494 1494 1494 1494 1463 1372 1341 1311 1280
316A Acap  195705282 1311 1341 1372 1463 1554 1676 1768 1798 1798 1768 1707 1646
316A Acap  195705291 1554 1494 1494 1433 1433 1463 1433 1463 1433 1372 1311 1250
316A Acap  195705292 1250 1219 1280 1372 1433 1585 1646 1737 1798 1829 1798 1707
316A Acap  195705301 1676 1585 1494 1463 1433 1402 1402 1433 1433 1402 1372 1341
316A Acap  195705302 1280 1280 1219 1280 1402 1463 1585 1646 1768 1859 1890 1859
316A Acap  195705311 1768 1646 1585 1463 1463 1372 1341 1402 1402 1433 1463 1402
316A Acap  195705312 1372 1341 1280 1311 1280 1402 1494 1585 1768 1859 2012 1981
316A Acap  195706011 1920 1859 1707 1585 1463 1433 1402 1402 1433 1554 1585 1554
316A Acap  195706012 1524 1494 1433 1372 1341 1372 1463 1585 1707 1798 1920 1981
316A Acap  195706021 1981 1920 1829 1676 1554 1433 1372 1372 1433 1524 1615 1646
316A Acap  195706022 1676 1615 1524 1433 1341 1311 1372 1463 1585 1737 1890 2012
316A Acap  195706031 2042 1951 1859 1737 1554 1433 1341 1341 1372 1463 1585 1676
316A Acap  195706032 1737 1737 1676 1554 1463 1341 1311 1372 1463 1585 1737 1859
316A Acap  195706041 1981 1951 1890 1768 1615 1463 1372 1311 1280 1341 1494 1615
316A Acap  195706042 1707 1768 1737 1676 1585 1433 1372 1311 1341 1433 1554 1676
316A Acap  195706051 1829 1890 1890 1798 1646 1494 1341 1250 1189 1250 1372 1524
316A Acap  195706052 1676 1768 1798 1768 1676 1554 1433 1372 1341 1372 1463 1585
316A Acap  195706061 1737 1798 1829 1768 1646 1524 1341 1219 1158 1128 1250 1402
316A Acap  195706062 1554 1737 1798 1859 1798 1707 1554 1402 1311 1341 1433 1494
316A Acap  195706071 1585 1707 1798 1768 1676 1554 1433 1280 1189 1128 1158 1280
316A Acap  195706072 1433 1585 1737 1798 1859 1798 1676 1554 1433 1372 1372 1433
316A Acap  195706081 1524 1615 1676 1676 1676 1615 1494 1341 1219 1128 1097 1189
316A Acap  195706082 1311 1494 1615 1768 1859 1859 1798 1676 1554 1463 1433 1433
316A Acap  195706091 1433 1463 1554 1585 1585 1524 1433 1311 1189 1128 1067 1097
316A Acap  195706092 1158 1311 1494 1646 1768 1798 1798 1768 1676 1524 1402 1402
316A Acap  195706101 1372 1463 1494 1524 1554 1524 1494 1402 1280 1189 1128 1128
316A Acap  195706102 1189 1280 1402 1524 1676 1768 1829 1829 1768 1676 1585 1524
316A Acap  195706111 1494 1433 1433 1494 1524 1494 1494 1463 1402 1250 1189 1158
316A Acap  195706112 1158 1189 1311 1433 1585 1676 1768 1859 1859 1768 1707 1676
316A Acap  195706121 1554 1494 1463 1463 1494 1494 1494 1494 1463 1402 1372 1341
316A Acap  195706122 1280 1280 1311 1402 1494 1615 1737 1829 1890 1890 1859 1798
316A Acap  195706131 1707 1615 1554 1524 1463 1494 1524 1524 1494 1494 1463 1433
316A Acap  195706132 1341 1311 1280 1341 1402 1494 1615 1676 1768 1890 1859 1829
316A Acap  195706141 1768 1615 1585 1494 1463 1433 1463 1494 1494 1524 1524 1463
316A Acap  195706142 1433 1402 1341 1341 1341 1402 1494 1615 1676 1829 1859 1859
316A Acap  195706151 1829 1707 1585 1463 1402 1372 1341 1402 1433 1494 1524 1494
316A Acap  195706152 1494 1463 1372 1341 1311 1372 1433 1494 1615 1737 1798 1859
316A Acap  195706161 1829 1768 1676 1554 1433 1402 1372 1372 1372 1433 1524 1554
316A Acap  195706162 1554 1554 1494 1433 1372 1341 1372 1433 1494 1585 1737 1829
316A Acap  195706171 1829 1829 1768 1646 1524 1372 1341 1372 1372 1402 1494 1554
316A Acap  195706172 1615 1676 1646 1615 1524 1463 1402 1433 1463 1554 1676 1768
316A Acap  195706181 1829 1829 1798 1707 1585 1524 1433 1372 1341 1402 1494 1524
316A Acap  195706182 1615 1646 1676 1646 1585 1554 1494 1463 1463 1524 1615 1737
316A Acap  195706191 1859 1890 1859 1737 1646 1524 1402 1372 1372 1372 1463 1554
316A Acap  195706192 1676 1768 1798 1768 1707 1615 1554 1524 1494 1524 1585 1676
316A Acap  195706201 1737 1798 1829 1768 1707 1585 1494 1402 1341 1341 1433 1554
316A Acap  195706202 1676 1768 1798 1829 1768 1737 1615 1554 1524 1494 1554 1615
316A Acap  195706211 1676 1737 1737 1737 1676 1585 1524 1372 1311 1311 1372 1463
316A Acap  195706212 1585 1707 1798 1829 1829 1737 1676 1585 1494 1463 1463 1494
316A Acap  195706221 1615 1676 1737 1737 1676 1585 1494 1372 1311 1280 1311 1402
316A Acap  195706222 1494 1585 1737 1829 1859 1829 1798 1737 1615 1554 1494 1585
316A Acap  195706231 1585 1676 1707 1737 1707 1615 1554 1433 1372 1311 1311 1372
316A Acap  195706232 1463 1615 1737 1829 1859 1890 1829 1798 1707 1615 1585 1554
316A Acap  195706241 1554 1585 1646 1676 1646 1615 1524 1433 1341 1250 1250 1250
316A Acap  195706242 1402 1524 1646 1768 1829 1890 1890 1859 1707 1646 1585 1585
316A Acap  195706251 1554 1554 1585 1615 1554 1524 1494 1402 1311 1189 1189 1219
316A Acap  195706252 1250 1402 1554 1646 1737 1859 1859 1829 1768 1707 1646 1554
316A Acap  195706261 1494 1524 1524 1494 1494 1524 1433 1372 1311 1250 1189 1128
316A Acap  195706262 1219 1311 1402 1494 1615 1707 1798 1829 1798 1737 1707 1585
316A Acap  195706271 1554 1494 1524 1524 1524 1524 1494 1463 1402 1311 1250 1189
316A Acap  195706272 1189 1250 1341 1433 1554 1646 1798 1859 1859 1829 1798 1737
316A Acap  195706281 1707 1646 1585 1554 1494 1524 1524 1524 1494 1433 1402 1372
316A Acap  195706282 1341 1280 1280 1341 1494 1585 1768 1890 1981 1981 1951 1890
316A Acap  195706291 1798 1707 1646 1554 1524 1524 1554 1554 1585 1585 1524 1494
316A Acap  195706292 1433 1402 1341 1341 1402 1494 1646 1768 1890 1951 1981 1981
316A Acap  195706301 1920 1798 1707 1585 1524 1494 1524 1615 1646 1707 1676 1646
316A Acap  195706302 1646 1554 1494 1402 1433 1524 1554 1676 1768 1890 2012 2012
316A Acap  195707011 1920 1890 1737 1585 1524 1494 1494 1494 1615 1707 1768 1798
316A Acap  195707012 1798 1737 1646 1554 1494 1463 1494 1554 1646 1798 1951 1951
316A Acap  195707021 1951 1920 1829 1707 1585 1494 1433 1494 1585 1707 1798 1951
316A Acap  195707022 1981 1981 1859 1798 1676 1585 1554 1554 1646 1737 1859 1951
316A Acap  195707031 2042 2012 1951 1829 1676 1524 1433 1433 1463 1585 1707 1829
316A Acap  195707032 1920 1981 1951 1859 1737 1615 1524 1494 1524 1615 1707 1829
316A Acap  195707041 1920 1951 1920 1829 1737 1524 1402 1311 1280 1402 1524 1676
316A Acap  195707042 1829 1920 2012 1920 1859 1737 1646 1524 1494 1494 1554 1676
316A Acap  195707051 1768 1829 1829 1768 1676 1494 1341 1250 1250 1250 1341 1554
316A Acap  195707052 1707 1859 1951 1981 1951 1798 1615 1524 1433 1433 1463 1554
316A Acap  195707061 1676 1768 1829 1829 1737 1585 1433 1341 1250 1250 1311 1433
316A Acap  195707062 1585 1798 1951 2042 2042 1951 1890 1737 1615 1554 1524 1615
316A Acap  195707071 1646 1737 1798 1859 1829 1707 1615 1463 1372 1311 1280 1341
316A Acap  195707072 1524 1737 1890 2012 2134 2134 2012 1920 1798 1707 1615 1615
316A Acap  195707081 1707 1768 1859 1890 1920 1859 1768 1646 1494 1402 1372 1402
316A Acap  195707082 1494 1615 1768 1890 2042 2134 2103 2042 1920 1768 1676 1646
316A Acap  195707091 1676 1676 1737 1798 1798 1829 1768 1676 1524 1433 1372 1372
316A Acap  195707092 1433 1524 1646 1768 1920 2012 2042 2073 2042 1890 1768 1737
316A Acap  195707101 1707 1676 1737 1707 1737 1768 1707 1676 1585 1524 1463 1402
316A Acap  195707102 1433 1494 1585 1707 1798 1951 2042 2042 2042 1981 1920 1859
316A Acap  195707111 1798 1707 1707 1737 1707 1707 1737 1707 1646 1615 1524 1463
316A Acap  195707112 1433 1463 1524 1554 1646 1798 1890 1951 1951 1981 1890 1859
316A Acap  195707121 1798 1737 1646 1585 1615 1646 1615 1676 1646 1646 1585 1524
316A Acap  195707122 1494 1463 1433 1494 1554 1646 1707 1768 1829 1890 1920 1890
316A Acap  195707131 1829 1737 1676 1585 1554 1554 1524 1554 1585 1615 1615 1585
316A Acap  195707132 1585 1524 1433 1433 1463 1524 1585 1676 1768 1829 1859 1859
316A Acap  195707141 1859 1737 1646 1554 1494 1433 1433 1494 1554 1554 1554 1615
316A Acap  195707142 1585 1554 1524 1463 1433 1433 1494 1585 1676 1737 1829 1859
316A Acap  195707151 1798 1737 1676 1585 1463 1402 1402 1372 1402 1524 1585 1615
316A Acap  195707152 1615 1615 1585 1494 1463 1433 1433 1463 1554 1646 1737 1798
316A Acap  195707161 1829 1798 1737 1646 1554 1463 1372 1372 1463 1524 1646 1707
316A Acap  195707162 1737 1768 1707 1646 1585 1494 1494 1463 1524 1646 1768 1829
316A Acap  195707171 1890 1890 1890 1737 1615 1494 1463 1463 1463 1524 1646 1707
316A Acap  195707172 1798 1859 1829 1798 1707 1615 1585 1554 1585 1585 1707 1737
316A Acap  195707181 1798 1890 1798 1768 1646 1554 1494 1463 1433 1463 1554 1646
316A Acap  195707182 1798 1859 1859 1859 1798 1707 1615 1554 1554 1615 1615 1737
316A Acap  195707191 1768 1829 1829 1798 1646 1524 1433 1372 1341 1402 1463 1585
316A Acap  195707192 1737 1829 1890 1920 1859 1737 1646 1585 1524 1524 1524 1676
316A Acap  195707201 1737 1768 1829 1768 1646 1554 1402 1341 1311 1280 1372 1494
316A Acap  195707202 1646 1768 1890 1890 1859 1798 1737 1615 1524 1494 1494 1554
316A Acap  195707211 1646 1676 1737 1707 1646 1585 1463 1341 1311 1280 1372 1494
316A Acap  195707212 1646 1768 1829 1920 1890 1829 1798 1707 1615 1554 1524 1554
316A Acap  195707221 1615 1676 1737 1707 1676 1554 1433 1341 1250 1219 1280 1433
316A Acap  195707222 1494 1676 1798 1920 1951 1920 1859 1737 1615 1585 1524 1554
316A Acap  195707231 1554 1585 1676 1707 1676 1585 1433 1341 1250 1158 1189 1280
316A Acap  195707232 1402 1524 1737 1859 1920 1951 1920 1798 1707 1615 1554 1524
316A Acap  195707241 1554 1615 1646 1707 1676 1676 1554 1433 1280 1250 1219 1280
316A Acap  195707242 1402 1494 1676 1798 1890 1951 1890 1890 1737 1676 1646 1585
316A Acap  195707251 1585 1615 1676 1737 1768 1768 1707 1585 1494 1463 1372 1341
316A Acap  195707252 1433 1524 1737 1829 1951 2042 2073 2012 1981 1920 1829 1798
316A Acap  195707261 1737 1737 1737 1768 1829 1829 1768 1676 1554 1494 1433 1372
316A Acap  195707262 1433 1433 1494 1676 1829 1920 2012 2012 2012 1920 1859 1798
316A Acap  195707271 1676 1615 1646 1676 1707 1737 1737 1737 1676 1554 1433 1402
316A Acap  195707272 1341 1341 1402 1494 1646 1768 1890 1890 1890 1859 1798 1707
316A Acap  195707281 1615 1524 1433 1433 1524 1524 1585 1615 1615 1707 1981 2499
316A Acap  195707282 1768 1859 1707 1554 1798 1768 2012 2012 1768 1920 1829 1768
316A Acap  195707291 1585 1433 1463 1341 1372 1524 1585 1676 1737 1798 1768 1646
316A Acap  195707292 1646 1494 1463 1433 1372 1494 1615 1768 1798 1890 1981 1859
316A Acap  195707301 1798 1646 1524 1433 1402 1433 1463 1524 1646 1798 1829 1798
316A Acap  195707302 1737 1676 1524 1402 1402 1433 1494 1585 1707 1798 1890 1951
316A Acap  195707311 1951 1890 1737 1585 1433 1372 1372 1433 1554 1676 1859 1981
316A Acap  195707312 2012 1981 1920 1768 1615 1554 1524 1554 1615 1707 1859 1920
316A Acap  195708011 1920 1920 1829 1676 1494 1372 1280 1311 1433 1585 1768 1920
316A Acap  195708012 1981 2042 1951 1829 1676 1524 1463 1463 1463 1585 1676 1798
316A Acap  195708021 1859 1859 1798 1676 1554 1372 1250 1189 1250 1372 1524 1676
316A Acap  195708022 1890 1981 2012 1920 1798 1585 1463 1402 1402 1402 1494 1646
316A Acap  195708031 1737 1829 1859 1707 1615 1433 1280 1158 1158 1219 1311 1494
316A Acap  195708032 1707 1890 2012 1951 1890 1798 1676 1494 1402 1402 1463 1615
316A Acap  195708041 1707 1768 1829 1768 1676 1524 1372 1219 1097 1128 1250 1402
316A Acap  195708042 1554 1768 1920 1981 1981 1859 1737 1554 1433 1402 1372 1433
316A Acap  195708051 1554 1676 1737 1737 1707 1554 1402 1280 1189 1128 1189 1311
316A Acap  195708052 1463 1615 1768 1890 1920 1859 1768 1676 1524 1463 1433 1433
316A Acap  195708061 1494 1615 1676 1737 1646 1585 1494 1372 1250 1189 1097 1128
316A Acap  195708062 1311 1494 1707 1829 1920 1951 1890 1768 1646 1494 1433 1433
316A Acap  195708071 1494 1524 1615 1646 1676 1646 1554 1463 1311 1219 1158 1158
316A Acap  195708072 1311 1463 1615 1707 1798 1920 1859 1768 1707 1615 1524 1463
316A Acap  195708081 1494 1554 1585 1646 1646 1646 1615 1524 1402 1311 1280 1250
316A Acap  195708082 1280 1372 1463 1585 1707 1768 1829 1829 1768 1676 1615 1585
316A Acap  195708091 1554 1554 1585 1646 1646 1615 1646 1585 1524 1494 1372 1311
316A Acap  195708092 1341 1372 1463 1524 1646 1768 1798 1829 1829 1798 1768 1676
316A Acap  195708101 1646 1615 1585 1585 1615 1615 1615 1615 1585 1554 1494 1494
316A Acap  195708102 1463 1463 1524 1524 1615 1676 1737 1737 1798 1829 1829 1768
316A Acap  195708111 1707 1615 1585 1585 1585 1585 1585 1646 1615 1615 1646 1585
316A Acap  195708112 1524 1494 1494 1494 1524 1615 1646 1646 1707 1737 1768 1768
316A Acap  195708121 1737 1676 1615 1554 1524 1494 1494 1524 1554 1615 1585 1585
316A Acap  195708122 1554 1554 1494 1463 1494 1494 1524 1585 1676 1707 1737 1768
316A Acap  195708131 1737 1646 1615 1554 1494 1433 1433 1463 1494 1585 1615 1646
316A Acap  195708132 1646 1615 1585 1524 1494 1463 1463 1524 1585 1676 1737 1737
316A Acap  195708141 1737 1676 1615 1524 1494 1402 1402 1433 1524 1585 1737 1768
316A Acap  195708142 1798 1768 1737 1615 1554 1524 1524 1494 1524 1646 1707 1768
316A Acap  195708151 1768 1737 1676 1585 1524 1433 1433 1433 1494 1524 1676 1737
316A Acap  195708152 1798 1829 1798 1707 1615 1524 1494 1494 1494 1585 1676 1707
316A Acap  195708161 1737 1707 1707 1646 1524 1433 1372 1341 1402 1494 1615 1737
316A Acap  195708162 1829 1890 1829 1768 1676 1524 1524 1494 1494 1554 1585 1707
316A Acap  195708171 1707 1676 1646 1554 1402 1341 1250 1250 1280 1372 1494 1615
316A Acap  195708172 1737 1798 1829 1768 1676 1646 1524 1433 1433 1433 1524 1615
316A Acap  195708181 1676 1707 1615 1554 1463 1341 1250 1158 1158 1250 1402 1524
316A Acap  195708182 1676 1798 1859 1829 1768 1676 1554 1463 1402 1402 1494 1585
316A Acap  195708191 1646 1676 1615 1646 1585 1402 1250 1158 1189 1219 1250 1463
316A Acap  195708192 1615 1737 1829 1859 1829 1768 1646 1554 1463 1433 1463 1524
316A Acap  195708201 1615 1707 1707 1676 1554 1402 1311 1250 1158 1189 1280 1463
316A Acap  195708202 1615 1798 1920 1951 1920 1859 1737 1615 1494 1494 1494 1554
316A Acap  195708211 1585 1707 1707 1707 1646 1524 1433 1280 1219 1189 1250 1372
316A Acap  195708212 1524 1646 1768 1890 1920 1890 1829 1707 1646 1524 1463 1524
316A Acap  195708221 1615 1646 1707 1798 1707 1585 1463 1341 1250 1158 1189 1280
316A Acap  195708222 1402 1554 1737 1829 1920 1920 1829 1707 1615 1524 1494 1524
316A Acap  195708231 1554 1646 1676 1676 1707 1676 1585 1433 1311 1189 1158 1219
316A Acap  195708232 1341 1433 1585 1737 1829 1890 1890 1859 1737 1615 1554 1554
316A Acap  195708241 1524 1554 1615 1707 1707 1707 1646 1585 1463 1311 1250 1250
316A Acap  195708242 1250 1372 1494 1615 1737 1798 1859 1859 1798 1707 1615 1585
316A Acap  195708251 1494 1524 1585 1615 1707 1737 1737 1737 1615 1494 1433 1341
316A Acap  195708252 1341 1341 1372 1463 1554 1676 1737 1768 1768 1737 1646 1585
316A Acap  195708261 1524 1463 1494 1524 1494 1585 1676 1737 1707 1646 1585 1524
316A Acap  195708262 1433 1402 1372 1433 1524 1554 1646 1707 1798 1737 1707 1646
316A Acap  195708271 1554 1494 1372 1372 1402 1463 1524 1646 1737 1768 1707 1707
316A Acap  195708272 1615 1524 1463 1402 1402 1463 1524 1615 1707 1768 1829 1768
316A Acap  195708281 1676 1554 1433 1341 1311 1311 1402 1554 1676 1798 1859 1859
316A Acap  195708282 1829 1768 1676 1554 1463 1433 1463 1524 1615 1737 1798 1829
316A Acap  195708291 1768 1646 1554 1433 1311 1280 1311 1433 1554 1707 1829 1890
316A Acap  195708292 1951 1829 1737 1585 1463 1372 1311 1402 1463 1554 1707 1768
316A Acap  195708301 1798 1737 1646 1494 1341 1250 1158 1219 1372 1494 1707 1859
316A Acap  195708302 1981 1981 1920 1768 1585 1463 1341 1311 1372 1433 1585 1707
316A Acap  195708311 1768 1768 1707 1554 1402 1250 1158 1158 1219 1372 1554 1737
316A Acap  195708312 1890 1981 1981 1859 1707 1554 1433 1341 1341 1402 1494 1615
316A Acap  195709011 1676 1768 1707 1646 1494 1311 1189 1158 1158 1250 1433 1615
316A Acap  195709012 1798 1951 1981 1951 1829 1646 1524 1433 1341 1372 1463 1585
316A Acap  195709021 1676 1768 1798 1707 1585 1433 1280 1189 1158 1189 1280 1463
316A Acap  195709022 1646 1798 1920 1981 1890 1768 1585 1433 1341 1311 1311 1463
316A Acap  195709031 1585 1676 1707 1676 1676 1524 1372 1250 1128 1128 1219 1372
316A Acap  195709032 1494 1646 1829 1890 1890 1768 1676 1524 1433 1402 1402 1433
316A Acap  195709041 1554 1615 1676 1737 1676 1554 1433 1250 1189 1158 1158 1219
316A Acap  195709042 1341 1524 1646 1737 1798 1798 1676 1585 1494 1463 1433 1402
316A Acap  195709051 1524 1585 1646 1646 1646 1646 1524 1402 1280 1219 1189 1219
316A Acap  195709052 1280 1433 1554 1676 1737 1707 1707 1615 1524 1463 1402 1433
316A Acap  195709061 1433 1494 1615 1615 1646 1646 1585 1524 1402 1311 1280 1280
316A Acap  195709062 1341 1402 1494 1615 1646 1707 1707 1646 1615 1524 1463 1463
316A Acap  195709071 1433 1494 1524 1554 1554 1585 1585 1554 1463 1402 1372 1402
316A Acap  195709072 1433 1494 1524 1585 1615 1646 1646 1646 1646 1615 1585 1524
316A Acap  195709081 1524 1554 1585 1585 1585 1615 1615 1585 1524 1494 1463 1494
316A Acap  195709082 1433 1433 1524 1524 1554 1585 1615 1646 1615 1615 1615 1554
316A Acap  195709091 1554 1524 1494 1554 1554 1585 1615 1615 1585 1524 1585 1554
316A Acap  195709092 1494 1494 1463 1463 1554 1524 1554 1554 1615 1646 1615 1615
316A Acap  195709101 1585 1554 1524 1494 1494 1524 1554 1554 1646 1615 1615 1615
316A Acap  195709102 1554 1554 1463 1463 1463 1463 1494 1554 1585 1646 1646 1615
316A Acap  195709111 1585 1585 1494 1463 1463 1463 1494 1524 1554 1615 1676 1707
316A Acap  195709112 1646 1585 1554 1524 1463 1494 1494 1524 1524 1585 1646 1646
316A Acap  195709121 1615 1554 1524 1494 1433 1433 1463 1524 1554 1676 1737 1737
316A Acap  195709122 1798 1737 1676 1585 1494 1494 1433 1494 1554 1585 1707 1737
316A Acap  195709131 1707 1676 1646 1554 1494 1463 1463 1463 1554 1615 1707 1859
316A Acap  195709132 1859 1829 1798 1707 1615 1554 1494 1433 1494 1524 1585 1676
316A Acap  195709141 1676 1646 1615 1554 1463 1372 1372 1402 1463 1554 1707 1798
316A Acap  195709142 1859 1920 1890 1798 1707 1554 1463 1463 1433 1494 1585 1676
316A Acap  195709151 1707 1676 1676 1615 1463 1402 1372 1341 1402 1524 1646 1768
316A Acap  195709152 1890 1981 1920 1859 1737 1585 1494 1402 1402 1494 1494 1646
316A Acap  195709161 1737 1768 1707 1646 1524 1402 1311 1311 1372 1494 1585 1737
316A Acap  195709162 1890 1981 2012 1981 1890 1737 1646 1554 1524 1524 1524 1615
316A Acap  195709171 1646 1737 1768 1707 1676 1524 1433 1402 1372 1402 1615 1798
316A Acap  195709172 1981 2134 2164 2164 2073 1951 1920 1768 1829 1737 1737 1829
316A Acap  195709181 1829 1890 1920 1890 1768 1615 1524 1372 1280 1280 1433 1554
316A Acap  195709182 1707 1829 1981 2012 1981 1890 1768 1646 1585 1524 1554 1646
316A Acap  195709191 1737 1829 1859 1829 1798 1676 1494 1372 1311 1280 1341 1463
316A Acap  195709192 1615 1798 1920 1981 2012 1951 1829 1707 1585 1524 1524 1585
316A Acap  195709201 1676 1768 1859 1859 1859 1737 1585 1433 1341 1311 1311 1372
316A Acap  195709202 1554 1676 1829 1920 1951 1920 1859 1707 1585 1494 1494 1524
316A Acap  195709211 1615 1676 1737 1798 1829 1768 1646 1494 1402 1311 1311 1311
316A Acap  195709212 1402 1554 1646 1798 1859 1859 1829 1707 1585 1494 1433 1402
316A Acap  195709221 1463 1524 1646 1737 1768 1737 1737 1615 1463 1311 1280 1250
316A Acap  195709222 1311 1372 1494 1615 1676 1707 1707 1676 1554 1494 1402 1372
316A Acap  195709231 1341 1372 1463 1615 1676 1768 1768 1737 1646 1554 1433 1341
316A Acap  195709232 1280 1311 1311 1433 1554 1585 1646 1676 1615 1494 1433 1341
316A Acap  195709241 1311 1280 1250 1311 1433 1524 1615 1676 1676 1646 1585 1463
316A Acap  195709242 1341 1311 1280 1311 1372 1463 1554 1615 1585 1554 1494 1402
316A Acap  195709251 1341 1280 1219 1250 1372 1433 1585 1676 1737 1768 1737 1676
316A Acap  195709252 1585 1463 1402 1341 1341 1402 1433 1494 1585 1615 1615 1524
316A Acap  195709261 1433 1372 1250 1189 1250 1311 1433 1585 1737 1829 1890 1859
316A Acap  195709262 1798 1707 1554 1463 1372 1402 1433 1494 1585 1646 1676 1707
316A Acap  195709271 1676 1585 1433 1341 1280 1280 1372 1494 1646 1798 1890 1981
316A Acap  195709272 1981 1890 1737 1585 1433 1372 1311 1341 1494 1585 1676 1707
316A Acap  195709281 1707 1646 1524 1402 1280 1219 1189 1250 1433 1585 1798 1951
316A Acap  195709282 1951 1920 1859 1676 1524 1372 1280 1280 1341 1433 1554 1646
316A Acap  195709291 1707 1707 1585 1494 1311 1158 1158 1128 1219 1402 1615 1829
316A Acap  195709292 1920 1951 1920 1798 1646 1463 1341 1280 1280 1372 1463 1615
316A Acap  195709301 1676 1737 1646 1524 1372 1219 1128 1097 1128 1280 1433 1615
316A Acap  195709302 1798 1890 1920 1829 1676 1554 1402 1280 1280 1280 1372 1494
316A Acap  195710011 1585 1707 1707 1615 1524 1372 1280 1189 1158 1219 1372 1494
316A Acap  195710012 1676 1829 1890 1859 1737 1615 1524 1402 1341 1311 1372 1494
316A Acap  195710021 1585 1646 1676 1676 1615 1494 1341 1250 1219 1189 1280 1433
316A Acap  195710022 1585 1707 1798 1829 1798 1676 1554 1433 1341 1341 1372 1433
316A Acap  195710031 1524 1585 1676 1676 1646 1554 1433 1311 1280 1280 1311 1372
316A Acap  195710032 1524 1646 1737 1768 1768 1707 1585 1494 1402 1341 1372 1402
316A Acap  195710041 1463 1554 1585 1646 1646 1615 1524 1433 1372 1311 1311 1341
316A Acap  195710042 1433 1554 1646 1676 1707 1646 1585 1494 1402 1372 1341 1402
316A Acap  195710051 1433 1524 1585 1615 1615 1585 1554 1463 1372 1341 1311 1372
316A Acap  195710052 1402 1463 1554 1615 1646 1585 1554 1494 1463 1463 1433 1433
316A Acap  195710061 1463 1494 1554 1615 1615 1615 1554 1554 1524 1463 1433 1433
316A Acap  195710062 1402 1463 1524 1554 1615 1615 1615 1585 1524 1494 1433 1433
316A Acap  195710071 1463 1463 1524 1524 1585 1615 1615 1585 1554 1494 1494 1524
316A Acap  195710072 1494 1463 1463 1524 1524 1494 1494 1524 1494 1463 1463 1463
316A Acap  195710081 1494 1463 1463 1524 1554 1585 1615 1615 1615 1615 1585 1585
316A Acap  195710082 1524 1463 1463 1463 1433 1433 1433 1463 1463 1433 1463 1433
316A Acap  195710091 1433 1433 1433 1433 1463 1524 1554 1615 1615 1646 1615 1615
316A Acap  195710092 1585 1524 1463 1433 1402 1372 1402 1402 1433 1463 1494 1494
316A Acap  195710101 1494 1463 1402 1372 1402 1463 1494 1554 1585 1646 1676 1676
316A Acap  195710102 1646 1554 1524 1402 1372 1341 1341 1372 1402 1433 1463 1494
316A Acap  195710111 1494 1433 1402 1372 1372 1372 1433 1463 1554 1646 1707 1737
316A Acap  195710112 1768 1707 1585 1494 1402 1341 1311 1341 1402 1433 1494 1494
316A Acap  195710121 1524 1494 1433 1402 1341 1311 1372 1433 1554 1676 1737 1798
316A Acap  195710122 1798 1768 1676 1554 1463 1372 1311 1311 1341 1433 1494 1524
316A Acap  195710131 1524 1524 1494 1402 1341 1250 1311 1372 1494 1646 1737 1798
316A Acap  195710132 1859 1859 1768 1646 1524 1372 1280 1250 1280 1372 1463 1554
316A Acap  195710141 1585 1585 1524 1433 1341 1280 1280 1311 1402 1524 1676 1798
316A Acap  195710142 1890 1890 1829 1707 1585 1463 1341 1311 1280 1341 1433 1494
316A Acap  195710151 1585 1615 1585 1494 1402 1311 1250 1250 1311 1433 1615 1768
316A Acap  195710152 1890 1951 1920 1859 1676 1524 1372 1280 1280 1311 1463 1585
316A Acap  195710161 1646 1707 1676 1585 1463 1311 1189 1189 1219 1311 1524 1676
316A Acap  195710162 1798 1859 1890 1859 1707 1585 1433 1341 1280 1311 1433 1524
316A Acap  195710171 1615 1646 1676 1585 1524 1433 1280 1219 1219 1250 1372 1524
316A Acap  195710172 1676 1798 1920 1859 1768 1615 1494 1341 1280 1250 1311 1433
316A Acap  195710181 1554 1615 1707 1676 1585 1463 1341 1280 1189 1189 1311 1433
316A Acap  195710182 1554 1707 1798 1829 1768 1646 1524 1402 1280 1250 1280 1341
316A Acap  195710191 1463 1554 1707 1737 1707 1615 1463 1372 1250 1250 1280 1341
316A Acap  195710192 1494 1646 1737 1768 1768 1676 1524 1372 1280 1250 1250 1341
316A Acap  195710201 1402 1554 1615 1646 1646 1646 1524 1433 1341 1280 1280 1311
316A Acap  195710202 1402 1494 1585 1676 1646 1615 1524 1402 1311 1219 1219 1280
316A Acap  195710211 1280 1402 1524 1646 1676 1676 1676 1585 1494 1433 1341 1341
316A Acap  195710212 1341 1433 1463 1524 1585 1585 1524 1463 1372 1311 1250 1250
316A Acap  195710221 1280 1311 1433 1554 1676 1737 1768 1707 1646 1554 1524 1463
316A Acap  195710222 1402 1433 1433 1494 1524 1554 1554 1524 1494 1402 1341 1280
316A Acap  195710231 1250 1280 1341 1463 1585 1676 1768 1829 1829 1768 1676 1585
316A Acap  195710232 1494 1433 1402 1402 1433 1463 1494 1554 1524 1494 1433 1341
316A Acap  195710241 1311 1250 1250 1311 1402 1524 1676 1798 1859 1859 1859 1798
316A Acap  195710242 1676 1554 1463 1402 1402 1433 1463 1524 1524 1524 1524 1463
316A Acap  195710251 1402 1280 1219 1250 1280 1372 1494 1646 1798 1890 1920 1859
316A Acap  195710252 1798 1676 1554 1402 1341 1311 1341 1372 1463 1524 1524 1494
316A Acap  195710261 1494 1402 1311 1250 1250 1250 1341 1494 1615 1768 1829 1890
316A Acap  195710262 1859 1768 1646 1494 1372 1280 1219 1280 1341 1463 1554 1585
316A Acap  195710271 1554 1494 1402 1250 1189 1128 1189 1280 1433 1615 1768 1859
316A Acap  195710272 1859 1829 1737 1554 1372 1280 1219 1219 1280 1372 1463 1585
316A Acap  195710281 1615 1585 1524 1402 1250 1158 1128 1158 1280 1402 1585 1737
316A Acap  195710282 1829 1829 1768 1615 1463 1341 1219 1158 1219 1280 1402 1554
316A Acap  195710291 1585 1585 1554 1463 1341 1250 1158 1158 1219 1372 1524 1707
316A Acap  195710292 1829 1890 1890 1798 1676 1494 1341 1280 1250 1311 1433 1554
316A Acap  195710301 1676 1798 1768 1676 1585 1433 1341 1311 1311 1402 1554 1707
316A Acap  195710302 1829 1951 1951 1890 1798 1615 1494 1402 1341 1372 1463 1554
316A Acap  195710311 1707 1768 1798 1798 1676 1554 1463 1402 1341 1402 1524 1615
316A Acap  195710312 1768 1859 1890 1890 1798 1707 1554 1433 1402 1372 1433 1524
316A Acap  195711011 1646 1768 1798 1737 1707 1646 1524 1433 1402 1402 1402 1494
316A Acap  195711012 1615 1737 1798 1798 1768 1676 1585 1494 1402 1372 1402 1463
316A Acap  195711021 1554 1676 1768 1798 1768 1737 1646 1554 1524 1494 1494 1554
316A Acap  195711022 1615 1707 1768 1798 1768 1676 1646 1524 1433 1372 1402 1463
316A Acap  195711031 1494 1585 1707 1798 1798 1737 1707 1585 1494 1494 1463 1433
316A Acap  195711032 1524 1615 1676 1676 1676 1676 1585 1524 1433 1372 1341 1402
316A Acap  195711041 1463 1554 1646 1676 1737 1737 1707 1676 1615 1554 1494 1494
316A Acap  195711042 1524 1554 1585 1585 1615 1585 1554 1494 1463 1372 1341 1372
316A Acap  195711051 1433 1524 1585 1646 1707 1737 1737 1707 1646 1585 1494 1463
316A Acap  195711052 1463 1463 1494 1524 1554 1554 1554 1494 1463 1402 1372 1372
316A Acap  195711061 1372 1402 1463 1554 1646 1707 1737 1737 1707 1646 1615 1585
316A Acap  195711062 1524 1494 1494 1524 1494 1524 1524 1494 1463 1433 1372 1311
316A Acap  195711071 1311 1311 1372 1463 1524 1585 1676 1737 1737 1737 1676 1646
316A Acap  195711072 1615 1524 1433 1402 1402 1402 1402 1402 1402 1402 1402 1372
316A Acap  195711081 1341 1341 1341 1402 1433 1524 1585 1676 1737 1768 1768 1707
316A Acap  195711082 1676 1554 1494 1433 1372 1372 1402 1402 1402 1433 1433 1402
316A Acap  195711091 1372 1311 1280 1311 1341 1402 1494 1585 1676 1768 1829 1829
316A Acap  195711092 1798 1676 1554 1463 1372 1341 1341 1372 1402 1433 1463 1463
316A Acap  195711101 1433 1372 1280 1250 1250 1311 1402 1524 1615 1737 1829 1859
316A Acap  195711102 1829 1707 1615 1463 1372 1311 1311 1341 1372 1463 1524 1524
316A Acap  195711111 1494 1463 1372 1311 1250 1280 1341 1433 1554 1676 1829 1890
316A Acap  195711112 1920 1859 1737 1554 1433 1341 1311 1311 1341 1433 1494 1554
316A Acap  195711121 1585 1524 1433 1341 1250 1219 1219 1341 1463 1615 1768 1859
316A Acap  195711122 1920 1890 1768 1615 1463 1341 1280 1280 1311 1402 1494 1585
316A Acap  195711131 1615 1585 1524 1433 1372 1280 1250 1311 1402 1524 1676 1829
316A Acap  195711132 1920 1920 1859 1707 1585 1372 1341 1280 1280 1372 1463 1585
316A Acap  195711141 1676 1676 1646 1524 1402 1280 1219 1219 1311 1433 1615 1768
316A Acap  195711142 1859 1951 1890 1798 1646 1494 1341 1250 1189 1280 1402 1524
316A Acap  195711151 1615 1676 1646 1615 1494 1372 1280 1250 1250 1341 1463 1646
316A Acap  195711152 1768 1829 1859 1798 1676 1524 1341 1250 1189 1219 1311 1463
316A Acap  195711161 1615 1737 1768 1768 1676 1524 1402 1311 1250 1250 1372 1494
316A Acap  195711162 1615 1707 1768 1768 1676 1524 1341 1250 1158 1158 1219 1341
316A Acap  195711171 1494 1646 1737 1768 1707 1615 1524 1402 1280 1280 1280 1463
316A Acap  195711172 1554 1646 1737 1737 1707 1554 1433 1311 1189 1158 1189 1250
316A Acap  195711181 1433 1554 1707 1798 1768 1768 1676 1554 1402 1341 1341 1402
316A Acap  195711182 1494 1554 1585 1615 1646 1585 1463 1341 1219 1158 1128 1189
316A Acap  195711191 1280 1463 1585 1737 1798 1798 1768 1646 1554 1463 1402 1402
316A Acap  195711192 1433 1494 1554 1585 1615 1585 1494 1402 1311 1189 1128 1128
316A Acap  195711201 1189 1280 1463 1554 1707 1798 1798 1798 1676 1585 1494 1433
316A Acap  195711202 1463 1463 1433 1494 1524 1524 1463 1433 1372 1311 1219 1158
316A Acap  195711211 1158 1189 1280 1463 1585 1707 1737 1798 1798 1768 1615 1524
316A Acap  195711212 1463 1402 1402 1402 1433 1494 1494 1524 1463 1402 1311 1219
316A Acap  195711221 1158 1128 1219 1280 1402 1585 1707 1798 1859 1859 1798 1707
316A Acap  195711222 1585 1494 1402 1402 1402 1402 1433 1494 1494 1463 1433 1372
316A Acap  195711231 1280 1189 1158 1189 1280 1402 1554 1707 1829 1890 1859 1829
316A Acap  195711232 1737 1585 1463 1402 1341 1341 1402 1463 1524 1554 1554 1494
316A Acap  195711241 1433 1311 1250 1189 1189 1280 1402 1524 1707 1829 1890 1890
316A Acap  195711242 1798 1707 1524 1402 1311 1250 1219 1280 1372 1494 1524 1524
316A Acap  195711251 1494 1433 1311 1250 1189 1189 1219 1311 1494 1707 1798 1859
316A Acap  195711252 1859 1768 1646 1463 1341 1250 1189 1219 1280 1372 1494 1585
316A Acap  195711261 1585 1524 1402 1341 1250 1219 1158 1219 1372 1524 1707 1829
316A Acap  195711262 1859 1829 1707 1554 1372 1250 1189 1158 1250 1341 1433 1554
316A Acap  195711271 1646 1646 1585 1494 1402 1250 1219 1250 1341 1463 1615 1768
316A Acap  195711272 1859 1829 1798 1707 1524 1372 1280 1219 1250 1372 1494 1585
316A Acap  195711281 1707 1707 1737 1646 1524 1402 1311 1280 1280 1402 1524 1676
316A Acap  195711282 1829 1890 1890 1798 1676 1494 1372 1280 1250 1280 1372 1494
316A Acap  195711291 1615 1737 1768 1707 1646 1554 1433 1341 1341 1372 1494 1615
316A Acap  195711292 1737 1829 1859 1829 1737 1585 1463 1341 1280 1280 1341 1494
316A Acap  195711301 1615 1707 1768 1798 1737 1615 1524 1402 1341 1372 1433 1524
316A Acap  195711302 1646 1737 1798 1768 1676 1554 1402 1311 1250 1219 1250 1341
316A Acap  195712011 1494 1615 1707 1737 1707 1646 1585 1494 1402 1372 1433 1494
316A Acap  195712012 1554 1646 1707 1737 1707 1615 1494 1372 1280 1250 1280 1372
316A Acap  195712021 1463 1585 1676 1768 1798 1737 1676 1585 1554 1494 1463 1524
316A Acap  195712022 1554 1615 1676 1737 1707 1615 1554 1463 1372 1311 1341 1402
316A Acap  195712031 1463 1585 1737 1829 1859 1859 1829 1737 1676 1615 1585 1585
316A Acap  195712032 1585 1646 1676 1707 1676 1646 1585 1494 1433 1372 1341 1372
316A Acap  195712041 1433 1554 1646 1737 1798 1829 1829 1768 1707 1646 1585 1554
316A Acap  195712042 1585 1615 1585 1585 1615 1615 1554 1463 1402 1372 1372 1402
316A Acap  195712051 1402 1463 1585 1676 1768 1829 1829 1798 1768 1737 1676 1615
316A Acap  195712052 1585 1524 1554 1554 1554 1524 1494 1463 1372 1311 1280 1280
316A Acap  195712061 1250 1311 1402 1494 1585 1646 1737 1737 1737 1707 1646 1585
316A Acap  195712062 1524 1524 1524 1494 1463 1463 1433 1433 1372 1311 1280 1280
316A Acap  195712071 1311 1372 1402 1494 1585 1676 1768 1859 1920 1859 1798 1768
316A Acap  195712072 1707 1646 1585 1524 1494 1463 1463 1463 1433 1402 1372 1341
316A Acap  195712081 1372 1311 1311 1372 1463 1585 1646 1768 1859 1890 1920 1859
316A Acap  195712082 1798 1707 1615 1554 1463 1433 1463 1463 1494 1494 1494 1433
316A Acap  195712091 1402 1341 1311 1311 1341 1433 1524 1646 1768 1829 1859 1859
316A Acap  195712092 1768 1676 1554 1433 1341 1311 1311 1341 1402 1463 1494 1494
316A Acap  195712101 1402 1372 1250 1189 1189 1250 1311 1433 1585 1737 1829 1859
316A Acap  195712102 1829 1798 1676 1554 1433 1341 1311 1341 1433 1494 1554 1615
316A Acap  195712111 1585 1554 1494 1372 1311 1311 1372 1463 1615 1768 1859 1981
316A Acap  195712112 1981 1951 1798 1646 1494 1341 1311 1311 1402 1524 1585 1676
316A Acap  195712121 1707 1646 1585 1463 1372 1311 1250 1341 1463 1585 1676 1829
316A Acap  195712122 1920 1859 1768 1615 1494 1341 1219 1250 1311 1433 1524 1646
316A Acap  195712131 1737 1737 1707 1585 1494 1402 1311 1311 1372 1463 1615 1768
316A Acap  195712132 1890 1890 1859 1768 1585 1433 1280 1189 1219 1311 1463 1615
316A Acap  195712141 1737 1829 1829 1737 1646 1494 1372 1311 1311 1372 1494 1646
316A Acap  195712142 1768 1798 1829 1707 1585 1372 1219 1128 1128 1189 1311 1433
316A Acap  195712151 1615 1737 1798 1768 1707 1585 1463 1372 1311 1311 1402 1554
316A Acap  195712152 1615 1737 1768 1737 1646 1494 1341 1250 1189 1189 1280 1402
316A Acap  195712161 1554 1737 1859 1890 1859 1768 1646 1524 1433 1402 1463 1524
316A Acap  195712162 1615 1707 1768 1737 1646 1554 1402 1280 1189 1128 1158 1250
316A Acap  195712171 1402 1585 1737 1829 1859 1829 1737 1585 1463 1372 1341 1372
316A Acap  195712172 1433 1524 1585 1615 1585 1524 1433 1280 1158 1128 1128 1158
316A Acap  195712181 1311 1494 1615 1768 1829 1859 1829 1737 1615 1494 1433 1433
316A Acap  195712182 1433 1463 1554 1585 1615 1554 1463 1372 1219 1158 1128 1128
316A Acap  195712191 1219 1341 1494 1676 1768 1859 1859 1798 1707 1554 1494 1463
316A Acap  195712192 1433 1463 1494 1494 1554 1524 1463 1402 1280 1189 1128 1097
316A Acap  195712201 1128 1189 1341 1463 1585 1676 1737 1768 1737 1676 1554 1524
316A Acap  195712202 1433 1433 1463 1463 1463 1463 1433 1372 1341 1280 1189 1128
316A Acap  195712211 1097 1128 1219 1311 1433 1554 1676 1707 1737 1737 1646 1554
316A Acap  195712212 1494 1402 1372 1341 1402 1372 1372 1372 1341 1311 1250 1219
316A Acap  195712221 1189 1128 1158 1219 1311 1433 1524 1615 1707 1737 1707 1615
316A Acap  195712222 1554 1494 1372 1341 1311 1311 1341 1341 1402 1402 1341 1311
316A Acap  195712231 1250 1219 1189 1189 1250 1311 1372 1494 1615 1676 1737 1676
316A Acap  195712232 1615 1554 1463 1372 1311 1280 1280 1280 1372 1402 1463 1463
316A Acap  195712241 1402 1372 1311 1250 1250 1280 1341 1463 1554 1676 1737 1768
316A Acap  195712242 1707 1646 1524 1433 1311 1250 1250 1280 1311 1402 1463 1494
316A Acap  195712251 1494 1433 1402 1311 1250 1219 1280 1341 1463 1554 1676 1737
316A Acap  195712252 1737 1707 1615 1494 1341 1219 1189 1189 1280 1341 1402 1524
316A Acap  195712261 1554 1524 1494 1433 1341 1280 1219 1250 1341 1433 1524 1615
316A Acap  195712262 1676 1676 1585 1494 1341 1250 1158 1158 1189 1280 1372 1494
316A Acap  195712271 1554 1554 1524 1524 1433 1311 1280 1250 1311 1402 1463 1585
316A Acap  195712272 1615 1646 1615 1554 1463 1250 1189 1128 1128 1189 1280 1402
316A Acap  195712281 1494 1585 1615 1585 1524 1402 1372 1311 1341 1372 1433 1554
316A Acap  195712282 1646 1676 1676 1615 1524 1372 1250 1189 1189 1250 1311 1402
316A Acap  195712291 1554 1646 1676 1707 1676 1554 1463 1372 1311 1341 1402 1524
316A Acap  195712292 1585 1676 1707 1646 1554 1463 1311 1219 1189 1219 1311 1402
316A Acap  195712301 1524 1646 1768 1768 1737 1676 1524 1494 1402 1402 1494 1554
316A Acap  195712302 1585 1646 1676 1707 1585 1463 1311 1250 1250 1250 1311 1433
316A Acap  195712311 1494 1707 1798 1829 1798 1737 1707 1615 1524 1433 1402 1494
316A Acap  195712312 1524 1585 1646 1646 1585 1524 1402 1280 1219 1158 1219 1311
