316A Acapulco           Mexico              1993 16504N 099547W 0000 3 00000R MM
316A Acap  199301011 9999 9999 9999 9999 9999 9999 9999 9999 9999 9999 9999 9999
316A Acap  199301012 9999 9999 9999 9999 9999 9999 9999 9999 9999 9999 9999 9999
316A Acap  199301021 9999 9999 9999 9999 9999 9999 9999 9999 9999 9999 9999 9999
316A Acap  199301022 9999 9999 9999 9999 9999 9999 9999 9999 9999 9999 9999 9999
316A Acap  199301031 9999 9999 9999 9999 9999 9999 9999 9999 9999 9999 9999 9999
316A Acap  199301032 9999 9999 9999 9999 9999 9999 9999 9999 9999 9999 9999 9999
316A Acap  199301041 9999 9999 9999 9999 9999 9999 9999 9999 9999 9999 9999 9999
316A Acap  199301042 9999 9999 9999 9999 9999 9999 9999 9999 9999 9999 9999 9999
316A Acap  199301051 9999 9999 9999 9999 9999 9999 9999 9999 9999 9999 9999 9999
316A Acap  199301052 9999 9999 9999 9999 9999 9999 9999 9999 9999 9999 9999 9999
316A Acap  199301061 9999 9999 9999 9999 9999 9999 9999 9999 9999 9999 9999 9999
316A Acap  199301062 9999 9999 9999 9999 9999 9999 9999 9999 9999 9999 9999 9999
316A Acap  199301071 9999 9999 9999 9999 9999 9999 9999 9999 9999 9999 9999 9999
316A Acap  199301072 9999 9999 9999 9999 9999 9999 9999 9999 9999 9999 9999 9999
316A Acap  199301081 9999 9999 9999 9999 9999 9999 9999 9999 9999 9999 9999 9999
316A Acap  199301082 9999 9999 9999 9999 9999 9999 9999 9999 9999 9999 9999 9999
316A Acap  199301091 9999 9999 9999 9999 9999 9999 9999 9999 9999 9999 9999 9999
316A Acap  199301092 9999 9999 9999 9999 9999 9999 9999 9999 9999 9999 9999 9999
316A Acap  199301101 9999 9999 9999 9999 9999 9999 9999 9999 9999 9999 9999 9999
316A Acap  199301102 9999 9999 9999 9999 9999 9999 9999 9999 9999 9999 9999 9999
316A Acap  199301111 9999 9999 9999 9999 9999 9999 9999 9999 9999 9999 9999 9999
316A Acap  199301112 9999 9999 9999 9999 9999 9999 9999 9999 9999 9999 9999 9999
316A Acap  199301121 9999 9999 9999 9999 9999 9999 9999 9999 9999 9999 9999 9999
316A Acap  199301122 9999 9999 9999 9999 9999 9999 9999 9999 9999 9999 9999 9999
316A Acap  199301131 9999 9999 9999 9999 9999 9999 9999 9999 9999 9999 9999 9999
316A Acap  199301132 9999 9999 9999 9999 9999 9999 9999 9999 9999 9999 9999 9999
316A Acap  199301141 9999 9999 9999 9999 9999 9999 9999 9999 9999 9999 9999 9999
316A Acap  199301142 9999 9999 9999 9999 9999 9999 9999 9999 9999 9999 9999 9999
316A Acap  199301151 9999 9999 9999 9999 9999 9999 9999 9999 9999 9999 9999 9999
316A Acap  199301152 9999 9999 9999 9999 9999 9999 9999 9999 9999 9999 9999 9999
316A Acap  199301161 9999 9999 9999 9999 9999 9999 9999 9999 9999 9999 9999 9999
316A Acap  199301162 9999 9999 9999 9999 9999 9999 9999 9999 9999 9999 9999 9999
316A Acap  199301171 9999 9999 9999 9999 9999 9999 9999 9999 9999 9999 9999 9999
316A Acap  199301172 9999 9999 9999 9999 9999 9999 9999 9999 9999 9999 9999 9999
316A Acap  199301181 9999 9999 9999 9999 9999 9999 9999 9999 9999 9999 9999 9999
316A Acap  199301182 9999 9999 9999 9999 9999 9999 9999 9999 9999 9999 9999 9999
316A Acap  199301191 9999 9999 9999 9999 9999 9999 9999 9999 9999 9999 9999 9999
316A Acap  199301192 9999 9999 9999 9999 9999 9999 9999 9999 9999 9999 9999 9999
316A Acap  199301201 9999 9999 9999 9999 9999 9999 9999 9999 9999 9999 9999 9999
316A Acap  199301202 9999 9999 9999 9999 9999 9999 9999 9999 9999 9999 9999 9999
316A Acap  199301211 9999 9999 9999 9999 9999 9999 9999 9999 9999 9999 9999 9999
316A Acap  199301212 9999 9999 9999 9999 9999 9999 9999 9999 9999 9999 9999 9999
316A Acap  199301221 9999 9999 9999 9999 9999 9999 9999 9999 9999 9999 9999 9999
316A Acap  199301222 9999 9999 9999 9999 9999 9999 9999 9999 9999 9999 9999 9999
316A Acap  199301231 9999 9999 9999 9999 9999 9999 9999 9999 9999 9999 9999 9999
316A Acap  199301232 9999 9999 9999 9999 9999 9999 9999 9999 9999 9999 9999 9999
316A Acap  199301241 9999 9999 9999 9999 9999 9999 9999 9999 9999 9999 9999 9999
316A Acap  199301242 9999 9999 9999 9999 9999 9999 9999 9999 9999 9999 9999 9999
316A Acap  199301251 9999 9999 9999 9999 9999 9999 9999 9999 9999 9999 9999 9999
316A Acap  199301252 9999 9999 9999 9999 9999 9999 9999 9999 9999 9999 9999 9999
316A Acap  199301261 9999 9999 9999 9999 9999 9999 9999 9999 9999 9999 9999 9999
316A Acap  199301262 9999 9999 9999 9999 9999 9999 9999 9999 9999 9999 9999 9999
316A Acap  199301271 9999 9999 9999 9999 9999 9999 9999 9999 9999 9999 9999 9999
316A Acap  199301272 9999 9999 9999 9999 9999 9999 9999 9999 9999 9999 9999 9999
316A Acap  199301281 9999 9999 9999 9999 9999 9999 9999 9999 9999 9999 9999 9999
316A Acap  199301282 9999 9999 9999 9999 9999 9999 9999 9999 9999 9999 9999 9999
316A Acap  199301291 9999 9999 9999 9999 9999 9999 9999 9999 9999 9999 9999 9999
316A Acap  199301292 9999 9999 9999 9999 9999 9999 9999 9999 9999 9999 9999 9999
316A Acap  199301301 9999 9999 9999 9999 9999 9999 9999 9999 9999 9999 9999 9999
316A Acap  199301302 9999 9999 9999 9999 9999 9999 9999 9999 9999 9999 9999 9999
316A Acap  199301311 9999 9999 9999 9999 9999 9999 9999 9999 9999 9999 9999 9999
316A Acap  199301312 9999 9999 9999 9999 9999 9999 9999 9999 9999 9999 9999 9999
316A Acap  199302011 9999 9999 9999 9999 9999 9999 9999 9999 9999 9999 9999 9999
316A Acap  199302012 9999 9999 9999 9999 9999 9999 9999 9999 9999 9999 9999 9999
316A Acap  199302021 9999 9999 9999 9999 9999 9999 9999 9999 9999 9999 9999 9999
316A Acap  199302022 9999 9999 9999 9999 9999 9999 9999 9999 9999 9999 9999 9999
316A Acap  199302031 9999 9999 9999 9999 9999 9999 9999 9999 9999 9999 9999 9999
316A Acap  199302032 9999 9999 9999 9999 9999 9999 9999 9999 9999 9999 9999 9999
316A Acap  199302041 9999 9999 9999 9999 9999 9999 9999 9999 9999 9999 9999 9999
316A Acap  199302042 9999 9999 9999 9999 9999 9999 9999 9999 9999 9999 9999 9999
316A Acap  199302051 9999 9999 9999 9999 9999 9999 9999 9999 9999 9999 9999 9999
316A Acap  199302052 9999 9999 9999 9999 9999 9999 9999 9999 9999 9999 9999 9999
316A Acap  199302061 9999 9999 9999 9999 9999 9999 9999 9999 9999 9999 9999 9999
316A Acap  199302062 9999 9999 9999 9999 9999 9999 9999 9999 9999 9999 9999 9999
316A Acap  199302071 9999 9999 9999 9999 9999 9999 9999 9999 9999 9999 9999 9999
316A Acap  199302072 9999 9999 9999 9999 9999 9999 9999 9999 9999 9999 9999 9999
316A Acap  199302081 9999 9999 9999 9999 9999 9999 9999 9999 9999 9999 9999 9999
316A Acap  199302082 9999 9999 9999 9999 9999 9999 9999 9999 9999 9999 9999 9999
316A Acap  199302091 9999 9999 9999 9999 9999 9999 9999 9999 9999 9999 9999 9999
316A Acap  199302092 9999 9999 9999 9999 9999 9999 9999 9999 9999 9999 9999 9999
316A Acap  199302101 9999 9999 9999 9999 9999 9999 9999 9999 9999 9999 9999 9999
316A Acap  199302102 9999 9999 9999 9999 9999 9999 9999 9999 9999 9999 9999 9999
316A Acap  199302111 9999 9999 9999 9999 9999 9999 9999 9999 9999 9999 9999 9999
316A Acap  199302112 9999 9999 9999 9999 9999 9999 9999 9999 9999 9999 9999 9999
316A Acap  199302121 9999 9999 9999 9999 9999 9999 9999 9999 9999 9999 9999 9999
316A Acap  199302122 9999 9999 9999 9999 9999 9999 9999 9999 9999 9999 9999 9999
316A Acap  199302131 9999 9999 9999 9999 9999 9999 9999 9999 9999 9999 9999 9999
316A Acap  199302132 9999 9999 9999 9999 9999 9999 9999 9999 9999 9999 9999 9999
316A Acap  199302141 9999 9999 9999 9999 9999 9999 9999 9999 9999 9999 9999 9999
316A Acap  199302142 9999 9999 9999 9999 9999 9999 9999 9999 9999 9999 9999 9999
316A Acap  199302151 9999 9999 9999 9999 9999 9999 9999 9999 9999 9999 9999 9999
316A Acap  199302152 9999 9999 9999 9999 9999 9999 9999 9999 9999 9999 9999 9999
316A Acap  199302161 9999 9999 9999 9999 9999 9999 9999 9999 9999 9999 9999 9999
316A Acap  199302162 9999 9999 9999 9999 9999 9999 9999 9999 9999 9999 9999 9999
316A Acap  199302171 9999 9999 9999 9999 9999 9999 9999 9999 9999 9999 9999 9999
316A Acap  199302172 9999 9999 9999 9999 9999 9999 9999 9999 9999 9999 9999 9999
316A Acap  199302181 9999 9999 9999 9999 9999 9999 9999 9999 9999 9999 9999 9999
316A Acap  199302182 9999 9999 9999 9999 9999 9999 9999 9999 9999 9999 9999 9999
316A Acap  199302191 9999 9999 9999 9999 9999 9999 9999 9999 9999 9999 9999 9999
316A Acap  199302192 9999 9999 9999 9999 9999 9999 9999 9999 9999 9999 9999 9999
316A Acap  199302201 9999 9999 9999 9999 9999 9999 9999 9999 9999 9999 9999 9999
316A Acap  199302202 9999 9999 9999 9999 9999 9999 9999 9999 9999 9999 9999 9999
316A Acap  199302211 9999 9999 9999 9999 9999 9999 9999 9999 9999 9999 9999 9999
316A Acap  199302212 9999 9999 9999 9999 9999 9999 9999 9999 9999 9999 9999 9999
316A Acap  199302221 9999 9999 9999 9999 9999 9999 9999 9999 9999 9999 9999 9999
316A Acap  199302222 9999 9999 9999 9999 9999 9999 9999 9999 9999 9999 9999 9999
316A Acap  199302231 9999 9999 9999 9999 9999 9999 9999 9999 9999 9999 9999 9999
316A Acap  199302232 9999 9999 9999 9999 9999 9999 9999 9999 9999 9999 9999 9999
316A Acap  199302241 9999 9999 9999 9999 9999 9999 9999 9999 9999 9999 9999 9999
316A Acap  199302242 9999 9999 9999 9999 9999 9999 9999 9999 9999 9999 9999 9999
316A Acap  199302251 9999 9999 9999 9999 9999 9999 9999 9999 9999 9999 9999 9999
316A Acap  199302252 9999 9999 9999 9999 9999 9999 9999 9999 9999 9999 9999 9999
316A Acap  199302261 9999 9999 9999 9999 9999 9999 9999 9999 9999 9999 9999 9999
316A Acap  199302262 9999 9999 9999 9999 9999 9999 9999 9999 9999 9999 9999 9999
316A Acap  199302271 9999 9999 9999 9999 9999 9999 9999 9999 9999 9999 9999 9999
316A Acap  199302272 9999 9999 9999 9999 9999 9999 9999 9999 9999 9999 9999 9999
316A Acap  199302281 9999 9999 9999 9999 9999 9999 9999 9999 9999 9999 9999 9999
316A Acap  199302282 9999 9999 9999 9999 9999 9999 9999 9999 9999 9999 9999 9999
316A Acap  199303011 9999 9999 9999 9999 9999 9999 9999 9999 9999 9999 9999 9999
316A Acap  199303012 9999 9999 9999 9999 9999 9999 9999 9999 9999 9999 9999 9999
316A Acap  199303021 9999 9999 9999 9999 9999 9999 9999 9999 9999 9999 9999 9999
316A Acap  199303022 9999 9999 9999 9999 9999 9999 9999 9999 9999 9999 9999 9999
316A Acap  199303031 9999 9999 9999 9999 9999 9999 9999 9999 9999 9999 9999 9999
316A Acap  199303032 9999 9999 9999 9999 9999 9999 9999 9999 9999 9999 9999 9999
316A Acap  199303041 9999 9999 9999 9999 9999 9999 9999 9999 9999 9999 9999 9999
316A Acap  199303042 9999 9999 9999 9999 9999 9999 9999 9999 9999 9999 9999 9999
316A Acap  199303051 9999 9999 9999 9999 9999 9999 9999 9999 9999 9999 9999 9999
316A Acap  199303052 9999 9999 9999 9999 9999 9999 9999 9999 9999 9999 9999 9999
316A Acap  199303061 9999 9999 9999 9999 9999 9999 9999 9999 9999 9999 9999 9999
316A Acap  199303062 9999 9999 9999 9999 9999 9999 9999 9999 9999 9999 9999 9999
316A Acap  199303071 9999 9999 9999 9999 9999 9999 9999 9999 9999 9999 9999 9999
316A Acap  199303072 9999 9999 9999 9999 9999 9999 9999 9999 9999 9999 9999 9999
316A Acap  199303081 9999 9999 9999 9999 9999 9999 9999 9999 9999 9999 9999 9999
316A Acap  199303082 9999 9999 9999 9999 9999 9999 9999 9999 9999 9999 9999 9999
316A Acap  199303091 9999 9999 9999 9999 9999 9999 9999 9999 9999 9999 9999 9999
316A Acap  199303092 9999 9999 9999 9999 9999 9999 9999 9999 9999 9999 9999 9999
316A Acap  199303101 9999 9999 9999 9999 9999 9999 9999 9999 9999 9999 9999 9999
316A Acap  199303102 9999 9999 9999 9999 9999 9999 9999 9999 9999 9999 9999 9999
316A Acap  199303111 9999 9999 9999 9999 9999 9999 9999 9999 9999 9999 9999 9999
316A Acap  199303112 9999 9999 9999 9999 9999 9999 9999 9999 9999 9999 9999 9999
316A Acap  199303121 9999 9999 9999 9999 9999 9999 9999 9999 9999 9999 9999 9999
316A Acap  199303122 9999 9999 9999 9999 9999 9999 9999 9999 9999 9999 9999 9999
316A Acap  199303131 9999 9999 9999 9999 9999 9999 9999 9999 9999 9999 9999 9999
316A Acap  199303132 9999 9999 9999 9999 9999 9999 9999 9999 9999 9999 9999 9999
316A Acap  199303141 9999 9999 9999 9999 9999 9999 9999 9999 9999 9999 9999 9999
316A Acap  199303142 9999 9999 9999 9999 9999 9999 9999 9999 9999 9999 9999 9999
316A Acap  199303151 9999 9999 9999 9999 9999 9999 9999 9999 9999 9999 9999 9999
316A Acap  199303152 9999 9999 9999 9999 9999 9999 9999 9999 9999 9999 9999 9999
316A Acap  199303161 9999 9999 9999 9999 9999 9999 9999 9999 9999 9999 9999 9999
316A Acap  199303162 9999 9999 9999 9999 9999 9999 9999 9999 9999 9999 9999 9999
316A Acap  199303171 9999 9999 9999 9999 9999 9999 9999 9999 9999 9999 9999 9999
316A Acap  199303172 9999 9999 9999 9999 9999 9999 9999 9999 9999 9999 9999 9999
316A Acap  199303181 9999 9999 9999 9999 9999 9999 9999 9999 9999 9999 9999 9999
316A Acap  199303182 9999 9999 9999 9999 9999 9999 9999 9999 9999 9999 9999 9999
316A Acap  199303191 9999 9999 9999 9999 9999 9999 9999 9999 9999 9999 9999 9999
316A Acap  199303192 9999 9999 9999 9999 9999 9999 9999 9999 9999 9999 9999 9999
316A Acap  199303201 9999 9999 9999 9999 9999 9999 9999 9999 9999 9999 9999 9999
316A Acap  199303202 9999 9999 9999 9999 9999 9999 9999 9999 9999 9999 9999 9999
316A Acap  199303211 9999 9999 9999 9999 9999 9999 9999 9999 9999 9999 9999 9999
316A Acap  199303212 9999 9999 9999 9999 9999 9999 9999 9999 9999 9999 9999 9999
316A Acap  199303221 9999 9999 9999 9999 9999 9999 9999 9999 9999 9999 9999 9999
316A Acap  199303222 9999 9999 9999 9999 9999 9999 9999 9999 9999 9999 9999 9999
316A Acap  199303231 9999 9999 9999 9999 9999 9999 9999 9999 9999 9999 9999 9999
316A Acap  199303232 9999 9999 9999 9999 9999 9999 9999 9999 9999 9999 9999 9999
316A Acap  199303241 9999 9999 9999 9999 9999 9999 9999 9999 9999 9999 9999 9999
316A Acap  199303242 9999 9999 9999 9999 9999 9999 9999 9999 9999 9999 9999 9999
316A Acap  199303251 9999 9999 9999 9999 9999 9999 9999 9999 9999 9999 9999 9999
316A Acap  199303252 9999 9999 9999 9999 9999 9999 9999 9999 9999 9999 9999 9999
316A Acap  199303261 9999 9999 9999 9999 9999 9999 9999 9999 9999 9999 9999 9999
316A Acap  199303262 9999 9999 9999 9999 9999 9999 9999 9999 9999 9999 9999 9999
316A Acap  199303271 9999 9999 9999 9999 9999 9999 9999 9999 9999 9999 9999 9999
316A Acap  199303272 9999 9999 9999 9999 9999 9999 9999 9999 9999 9999 9999 9999
316A Acap  199303281 9999 9999 9999 9999 9999 9999 9999 9999 9999 9999 9999 9999
316A Acap  199303282 9999 9999 9999 9999 9999 9999 9999 9999 9999 9999 9999 9999
316A Acap  199303291 9999 9999 9999 9999 9999 9999 9999 9999 9999 9999 9999 9999
316A Acap  199303292 9999 9999 9999 9999 9999 9999 9999 9999 9999 9999 9999 9999
316A Acap  199303301 9999 9999 9999 9999 9999 9999 9999 9999 9999 9999 9999 9999
316A Acap  199303302 9999 9999 9999 9999 9999 9999 9999 9999 9999 9999 9999 9999
316A Acap  199303311 9999 9999 9999 9999 9999 9999 9999 9999 9999 9999 9999 9999
316A Acap  199303312 9999 9999 9999 9999 9999 9999 9999 9999 9999 9999 9999 9999
316A Acap  199304011 9999 9999 9999 9999 9999 9999 9999 9999 9999 9999 9999 9999
316A Acap  199304012 9999 9999 9999 9999 9999 9999 9999 9999 9999 9999 9999 9999
316A Acap  199304021 9999 9999 9999 9999 9999 9999 9999 9999 9999 9999 9999 9999
316A Acap  199304022 9999 9999 9999 9999 9999 9999 9999 9999 9999 9999 9999 9999
316A Acap  199304031 9999 9999 9999 9999 9999 9999 9999 9999 9999 9999 9999 9999
316A Acap  199304032 9999 9999 9999 9999 9999 9999 9999 9999 9999 9999 9999 9999
316A Acap  199304041 9999 9999 9999 9999 9999 9999 9999 9999 9999 9999 9999 9999
316A Acap  199304042 9999 9999 9999 9999 9999 9999 9999 9999 9999 9999 9999 9999
316A Acap  199304051 9999 9999 9999 9999 9999 9999 9999 9999 9999 9999 9999 9999
316A Acap  199304052 9999 9999 9999 9999 9999 9999 9999 9999 9999 9999 9999 9999
316A Acap  199304061 9999 9999 9999 9999 9999 9999 9999 9999 9999 9999 9999 9999
316A Acap  199304062 9999 9999 9999 9999 9999 9999 9999 9999 9999 9999 9999 9999
316A Acap  199304071 9999 9999 9999 9999 9999 9999 9999 9999 9999 9999 9999 9999
316A Acap  199304072 9999 9999 9999 9999 9999 9999 9999 9999 9999 9999 9999 9999
316A Acap  199304081 9999 9999 9999 9999 9999 9999 9999 9999 9999 9999 9999 9999
316A Acap  199304082 9999 9999 9999 9999 9999 9999 9999 9999 9999 9999 9999 9999
316A Acap  199304091 9999 9999 9999 9999 9999 9999 9999 9999 9999 9999 9999 9999
316A Acap  199304092 9999 9999 9999 9999 9999 9999 9999 9999 9999 9999 9999 9999
316A Acap  199304101 9999 9999 9999 9999 9999 9999 9999 9999 9999 9999 9999 9999
316A Acap  199304102 9999 9999 9999 9999 9999 9999 9999 9999 9999 9999 9999 9999
316A Acap  199304111 9999 9999 9999 9999 9999 9999 9999 9999 9999 9999 9999 9999
316A Acap  199304112 9999 9999 9999 9999 9999 9999 9999 9999 9999 9999 9999 9999
316A Acap  199304121 9999 9999 9999 9999 9999 9999 9999 9999 9999 9999 9999 9999
316A Acap  199304122 9999 9999 9999 9999 9999 9999 9999 9999 9999 9999 9999 9999
316A Acap  199304131 9999 9999 9999 9999 9999 9999 9999 9999 9999 9999 9999 9999
316A Acap  199304132 9999 9999 9999 9999 9999 9999 9999 9999 9999 9999 9999 9999
316A Acap  199304141 9999 9999 9999 9999 9999 9999 9999 9999 9999 9999 9999 9999
316A Acap  199304142 9999 9999 9999 9999 9999 9999 9999 9999 9999 9999 9999 9999
316A Acap  199304151 9999 9999 9999 9999 9999 9999 9999 9999 9999 9999 9999 9999
316A Acap  199304152 9999 9999 9999 9999 9999 9999 9999 9999 9999 9999 9999 9999
316A Acap  199304161 9999 9999 9999 9999 9999 9999 9999 9999 9999 9999 9999 9999
316A Acap  199304162 9999 9999 9999 9999 9999 9999 9999 9999 9999 9999 9999 9999
316A Acap  199304171 9999 9999 9999 9999 9999 9999 9999 9999 9999 9999 9999 9999
316A Acap  199304172 9999 9999 9999 9999 9999 9999 9999 9999 9999 9999 9999 9999
316A Acap  199304181 9999 9999 9999 9999 9999 9999 9999 9999 9999 9999 9999 9999
316A Acap  199304182 9999 9999 9999 9999 9999 9999 9999 9999 9999 9999 9999 9999
316A Acap  199304191 9999 9999 9999 9999 9999 9999 9999 9999 9999 9999 9999 9999
316A Acap  199304192 9999 9999 9999 9999 9999 9999 9999 9999 9999 9999 9999 9999
316A Acap  199304201 9999 9999 9999 9999 9999 9999 9999 9999 9999 9999 9999 9999
316A Acap  199304202 9999 9999 9999 9999 9999 9999 9999 9999 9999 9999 9999 9999
316A Acap  199304211 9999 9999 9999 9999 9999 9999 9999 9999 9999 9999 9999 9999
316A Acap  199304212 9999 9999 9999 9999 9999 9999 9999 9999 9999 9999 9999 9999
316A Acap  199304221 9999 9999 9999 9999 9999 9999 9999 9999 9999 9999 9999 9999
316A Acap  199304222 9999 9999 9999 9999 9999 9999 9999 9999 9999 9999 9999 9999
316A Acap  199304231 9999 9999 9999 9999 9999 9999 9999 9999 9999 9999 9999 9999
316A Acap  199304232 9999 9999 9999 9999 9999 9999 9999 9999 9999 9999 9999 9999
316A Acap  199304241 9999 9999 9999 9999 9999 9999 9999 9999 9999 9999 9999 9999
316A Acap  199304242 9999 9999 9999 9999 9999 9999 9999 9999 9999 9999 9999 9999
316A Acap  199304251 9999 9999 9999 9999 9999 9999 9999 9999 9999 9999 9999 9999
316A Acap  199304252 9999 9999 9999 9999 9999 9999 9999 9999 9999 9999 9999 9999
316A Acap  199304261 9999 9999 9999 9999 9999 9999 9999 9999 9999 9999 9999 9999
316A Acap  199304262 9999 9999 9999 9999 9999 9999 9999 9999 9999 9999 9999 9999
316A Acap  199304271 9999 9999 9999 9999 9999 9999 9999 9999 9999 9999 9999 9999
316A Acap  199304272 9999 9999 9999 9999 9999 9999 9999 9999 9999 9999 9999 9999
316A Acap  199304281 9999 9999 9999 9999 9999 9999 9999 9999 9999 9999 9999 9999
316A Acap  199304282 9999 9999 9999 9999 9999 9999 9999 9999 9999 9999 9999 9999
316A Acap  199304291 9999 9999 9999 9999 9999 9999 9999 9999 9999 9999 9999 9999
316A Acap  199304292 9999 9999 9999 9999 9999 9999 9999 9999 9999 9999 9999 9999
316A Acap  199304301 9999 9999 9999 9999 9999 9999 9999 9999 9999 9999 9999 9999
316A Acap  199304302 9999 9999 9999 9999 9999 9999 9999 9999 9999 9999 9999 9999
316A Acap  199305011 9999 9999 9999 9999 9999 9999 9999 9999 9999 9999 9999 9999
316A Acap  199305012 9999 9999 9999 9999 9999 9999 9999 9999 9999 9999 9999 9999
316A Acap  199305021 9999 9999 9999 9999 9999 9999 9999 9999 9999 9999 9999 9999
316A Acap  199305022 9999 9999 9999 9999 9999 9999 9999 9999 9999 9999 9999 9999
316A Acap  199305031 9999 9999 9999 9999 9999 9999 9999 9999 9999 9999 9999 9999
316A Acap  199305032 9999 9999 9999 9999 9999 9999 9999 9999 9999 9999 9999 9999
316A Acap  199305041 9999 9999 9999 9999 9999 9999 9999 9999 9999 9999 9999 9999
316A Acap  199305042 9999 9999 9999 9999 9999 9999 9999 9999 9999 9999 9999 9999
316A Acap  199305051 9999 9999 9999 9999 9999 9999 9999 9999 9999 9999 9999 9999
316A Acap  199305052 9999 9999 9999 9999 9999 9999 9999 9999 9999 9999 9999 9999
316A Acap  199305061 9999 9999 9999 9999 9999 9999 9999 9999 9999 9999 9999 9999
316A Acap  199305062 9999 9999 9999 9999 9999 9999 9999 9999 9999 9999 9999 9999
316A Acap  199305071 9999 9999 9999 9999 9999 9999 9999 9999 9999 9999 9999 9999
316A Acap  199305072 9999 9999 9999 9999 9999 9999 9999 9999 9999 9999 9999 9999
316A Acap  199305081 9999 9999 9999 9999 9999 9999 9999 9999 9999 9999 9999 9999
316A Acap  199305082 9999 9999 9999 9999 9999 9999 9999 9999 9999 9999 9999 9999
316A Acap  199305091 9999 9999 9999 9999 9999 9999 9999 9999 9999 9999 9999 9999
316A Acap  199305092 9999 9999 9999 9999 9999 9999 9999 9999 9999 9999 9999 9999
316A Acap  199305101 9999 9999 9999 9999 9999 9999 9999 9999 9999 9999 9999 9999
316A Acap  199305102 9999 9999 9999 9999 9999 9999 9999 9999 9999 9999 9999 9999
316A Acap  199305111 9999 9999 9999 9999 9999 9999 9999 9999 9999 9999 9999 9999
316A Acap  199305112 9999 9999 9999 9999 9999 9999 9999 9999 9999 9999 9999 9999
316A Acap  199305121 9999 9999 9999 9999 9999 9999 9999 9999 9999 9999 9999 9999
316A Acap  199305122 9999 9999 9999 9999 9999 9999 9999 9999 9999 9999 9999 9999
316A Acap  199305131 9999 9999 9999 9999 9999 9999 9999 9999 9999 9999 9999 9999
316A Acap  199305132 9999 9999 9999 9999 9999 9999 9999 9999 9999 9999 9999 9999
316A Acap  199305141 9999 9999 9999 9999 9999 9999 9999 9999 9999 9999 9999 9999
316A Acap  199305142 9999 9999 9999 9999 9999 9999 9999 9999 9999 9999 9999 9999
316A Acap  199305151 9999 9999 9999 9999 9999 9999 9999 9999 9999 9999 9999 9999
316A Acap  199305152 9999 9999 9999 9999 9999 9999 9999 9999 9999 9999 9999 9999
316A Acap  199305161 9999 9999 9999 9999 9999 9999 9999 9999 9999 9999 9999 9999
316A Acap  199305162 9999 9999 9999 9999 9999 9999 9999 9999 9999 9999 9999 9999
316A Acap  199305171 9999 9999 9999 9999 9999 9999 9999 9999 9999 9999 9999 9999
316A Acap  199305172 9999 9999 9999 9999 9999 9999 9999 9999 9999 9999 9999 9999
316A Acap  199305181 9999 9999 9999 9999 9999 9999 9999 9999 9999 9999 9999 9999
316A Acap  199305182 9999 9999 9999 9999 9999 9999 9999 9999 9999 9999 9999 9999
316A Acap  199305191 9999 9999 9999 9999 9999 9999 9999 9999 9999 9999 9999 9999
316A Acap  199305192 9999 9999 9999 9999 9999 9999 9999 9999 9999 9999 9999 9999
316A Acap  199305201 9999 9999 9999 9999 9999 9999 9999 9999 9999 9999 9999 9999
316A Acap  199305202 9999 9999 9999 9999 9999 9999 9999 9999 9999 9999 9999 9999
316A Acap  199305211 9999 9999 9999 9999 9999 9999 9999 9999 9999 9999 9999 9999
316A Acap  199305212 9999 9999 9999 9999 9999 9999 9999 9999 9999 9999 9999 9999
316A Acap  199305221 9999 9999 9999 9999 9999 9999 9999 9999 9999 9999 9999 9999
316A Acap  199305222 9999 9999 9999 9999 9999 9999 9999 9999 9999 9999 9999 9999
316A Acap  199305231 9999 9999 9999 9999 9999 9999 9999 9999 9999 9999 9999 9999
316A Acap  199305232 9999 9999 9999 9999 9999 9999 9999 9999 9999 9999 9999 9999
316A Acap  199305241 9999 9999 9999 9999 9999 9999 9999 9999 9999 9999 9999 9999
316A Acap  199305242 9999 9999 9999 9999 9999 9999 9999 9999 9999 9999 9999 9999
316A Acap  199305251 9999 9999 9999 9999 9999 9999 9999 9999 9999 9999 9999 9999
316A Acap  199305252 9999 9999 9999 9999 9999 9999 9999 9999 9999 9999 9999 9999
316A Acap  199305261 9999 9999 9999 9999 9999 9999 9999 9999 9999 9999 9999 9999
316A Acap  199305262 9999 9999 9999 9999 9999 9999 9999 9999 9999 9999 9999 9999
316A Acap  199305271 9999 9999 9999 9999 9999 9999 9999 9999 9999 9999 9999 9999
316A Acap  199305272 9999 9999 9999 9999 9999 9999 9999 9999 9999 9999 9999 9999
316A Acap  199305281 9999 9999 9999 9999 9999 9999 9999 9999 9999 9999 9999 9999
316A Acap  199305282 9999 9999 9999 9999 9999 9999 9999 9999 9999 9999 9999 9999
316A Acap  199305291 9999 9999 9999 9999 9999 9999 9999 9999 9999 9999 9999 9999
316A Acap  199305292 9999 9999 9999 9999 9999 9999 9999 9999 9999 9999 9999 9999
316A Acap  199305301 9999 9999 9999 9999 9999 9999 9999 9999 9999 9999 9999 9999
316A Acap  199305302 9999 9999 9999 9999 9999 9999 9999 9999 9999 9999 9999 9999
316A Acap  199305311 9999 9999 9999 9999 9999 9999 9999 9999 9999 9999 9999 9999
316A Acap  199305312 9999 9999 9999 9999 9999 9999 9999 9999 9999 9999 9999 9999
316A Acap  199306011 9999 9999 9999 9999 9999 9999 9999 9999 9999 9999 9999 9999
316A Acap  199306012 9999 9999 9999 9999 9999 9999 9999 9999 9999 9999 9999 9999
316A Acap  199306021 9999 9999 9999 9999 9999 9999 9999 9999 9999 9999 9999 9999
316A Acap  199306022 9999 9999 9999 9999 9999 9999 9999 9999 9999 9999 9999 9999
316A Acap  199306031 9999 9999 9999 9999 9999 9999 9999 9999 9999 9999 9999 9999
316A Acap  199306032 9999 9999 9999 9999 9999 9999 9999 9999 9999 9999 9999 9999
316A Acap  199306041 9999 9999 9999 9999 9999 9999 9999 9999 9999 9999 9999 9999
316A Acap  199306042 9999 9999 9999 9999 9999 9999 9999 9999 9999 9999 9999 9999
316A Acap  199306051 9999 9999 9999 9999 9999 9999 9999 9999 9999 9999 9999 9999
316A Acap  199306052 9999 9999 9999 9999 9999 9999 9999 9999 9999 9999 9999 9999
316A Acap  199306061 9999 9999 9999 9999 9999 9999 9999 9999 9999 9999 9999 9999
316A Acap  199306062 9999 9999 9999 9999 9999 9999 9999 9999 9999 9999 9999 9999
316A Acap  199306071 9999 9999 9999 9999 9999 9999 9999 9999 9999 9999 9999 9999
316A Acap  199306072 9999 9999 9999 9999 9999 9999 9999 9999 9999 9999 9999 9999
316A Acap  199306081 9999 9999 9999 9999 9999 9999 9999 9999 9999 9999 9999 9999
316A Acap  199306082 9999 9999 9999 9999 9999 9999 9999 9999 9999 9999 9999 9999
316A Acap  199306091 9999 9999 9999 9999 9999 9999 9999 9999 9999 9999 9999 9999
316A Acap  199306092 9999 9999 9999 9999 9999 9999 9999 9999 9999 9999 9999 9999
316A Acap  199306101 9999 9999 9999 9999 9999 9999 9999 9999 9999 9999 9999 9999
316A Acap  199306102 9999 9999 9999 9999 9999 9999 9999 9999 9999 9999 9999 9999
316A Acap  199306111 9999 9999 9999 9999 9999 9999 9999 9999 9999 9999 9999 9999
316A Acap  199306112 9999 9999 9999 9999 9999 9999 9999 9999 9999 9999 9999 9999
316A Acap  199306121 9999 9999 9999 9999 9999 9999 9999 9999 9999 9999 9999 9999
316A Acap  199306122 9999 9999 9999 9999 9999 9999 9999 9999 9999 9999 9999 9999
316A Acap  199306131 9999 9999 9999 9999 9999 9999 9999 9999 9999 9999 9999 9999
316A Acap  199306132 9999 9999 9999 9999 9999 9999 9999 9999 9999 9999 9999 9999
316A Acap  199306141 9999 9999 9999 9999 9999 9999 9999 9999 9999 9999 9999 9999
316A Acap  199306142 9999 9999 9999 9999 9999 9999 9999 9999 9999 9999 9999 9999
316A Acap  199306151 9999 9999 9999 9999 9999 9999 9999 9999 9999 9999 9999 9999
316A Acap  199306152 9999 9999 9999 9999 9999 9999 9999 9999 9999 9999 9999 9999
316A Acap  199306161 9999 9999 9999 9999 9999 9999 9999 9999 9999 9999 9999 9999
316A Acap  199306162 9999 9999 9999 9999 9999 9999 9999 9999 9999 9999 9999 9999
316A Acap  199306171 9999 9999 9999 9999 9999 9999 9999 9999 9999 9999 9999 9999
316A Acap  199306172 9999 9999 9999 9999 9999 9999 9999 9999 9999 9999 9999 9999
316A Acap  199306181 9999 9999 9999 9999 9999 9999 9999 9999 9999 9999 9999 9999
316A Acap  199306182 9999 9999 9999 9999 9999 9999 9999 9999 9999 9999 9999 9999
316A Acap  199306191 9999 9999 9999 9999 9999 9999 9999 9999 9999 9999 9999 9999
316A Acap  199306192 9999 9999 9999 9999 9999 9999 9999 9999 9999 9999 9999 9999
316A Acap  199306201 9999 9999 9999 9999 9999 9999 9999 9999 9999 9999 9999 9999
316A Acap  199306202 9999 9999 9999 9999 9999 9999 9999 9999 9999 9999 9999 9999
316A Acap  199306211 9999 9999 9999 9999 9999 9999 9999 9999 9999 9999 9999 9999
316A Acap  199306212 9999 9999 9999 9999 9999 9999 9999 9999 9999 9999 9999 9999
316A Acap  199306221 9999 9999 9999 9999 9999 9999 9999 9999 9999 9999 9999 9999
316A Acap  199306222 9999 9999 9999 9999 9999 9999 9999 9999 9999 9999 9999 9999
316A Acap  199306231 9999 9999 9999 9999 9999 9999 9999 9999 9999 9999 9999 9999
316A Acap  199306232 9999 9999 9999 9999 9999 9999 9999 9999 9999 9999 9999 9999
316A Acap  199306241 9999 9999 9999 9999 9999 9999 9999 9999 9999 9999 9999 9999
316A Acap  199306242 9999 9999 9999 9999 9999 9999 9999 9999 9999 9999 9999 9999
316A Acap  199306251 9999 9999 9999 9999 9999 9999 9999 9999 9999 9999 9999 9999
316A Acap  199306252 9999 9999 9999 9999 9999 9999 9999 9999 9999 9999 9999 9999
316A Acap  199306261 9999 9999 9999 9999 9999 9999 9999 9999 9999 9999 9999 9999
316A Acap  199306262 9999 9999 9999 9999 9999 9999 9999 9999 9999 9999 9999 9999
316A Acap  199306271 9999 9999 9999 9999 9999 9999 9999 9999 9999 9999 9999 9999
316A Acap  199306272 9999 9999 9999 9999 9999 9999 9999 9999 9999 9999 9999 9999
316A Acap  199306281 9999 9999 9999 9999 9999 9999 9999 9999 9999 9999 9999 9999
316A Acap  199306282 9999 9999 9999 9999 9999 9999 9999 9999 9999 9999 9999 9999
316A Acap  199306291 9999 9999 9999 9999 9999 9999 9999 9999 9999 9999 9999 9999
316A Acap  199306292 9999 9999 9999 9999 9999 9999 9999 9999 9999 9999 9999 9999
316A Acap  199306301 9999 9999 9999 9999 9999 9999 9999 9999 9999 9999 9999 9999
316A Acap  199306302 9999 9999 9999 9999 9999 9999 9999 9999 9999 9999 9999 9999
316A Acap  199307011 9999 9999 9999 9999 9999 9999 9999 9999 9999 9999 9999 9999
316A Acap  199307012 9999 9999 9999 9999 9999 9999 9999 9999 9999 9999 9999 9999
316A Acap  199307021 9999 9999 9999 9999 9999 9999 9999 9999 9999 9999 9999 9999
316A Acap  199307022 9999 9999 9999 9999 9999 9999 9999 9999 9999 9999 9999 9999
316A Acap  199307031 9999 9999 9999 9999 9999 9999 9999 9999 9999 9999 9999 9999
316A Acap  199307032 9999 9999 9999 9999 9999 9999 9999 9999 9999 9999 9999 9999
316A Acap  199307041 9999 9999 9999 9999 9999 9999 9999 9999 9999 9999 9999 9999
316A Acap  199307042 9999 9999 9999 9999 9999 9999 9999 9999 9999 9999 9999 9999
316A Acap  199307051 9999 9999 9999 9999 9999 9999 9999 9999 9999 9999 9999 9999
316A Acap  199307052 9999 9999 9999 9999 9999 9999 9999 9999 9999 9999 9999 9999
316A Acap  199307061 9999 9999 9999 9999 9999 9999 9999 9999 9999 9999 9999 9999
316A Acap  199307062 9999 9999 9999 9999 9999 9999 9999 9999 9999 9999 9999 9999
316A Acap  199307071 9999 9999 9999 9999 9999 9999 9999 9999 9999 9999 9999 9999
316A Acap  199307072 9999 9999 9999 9999 9999 9999 9999 9999 9999 9999 9999 9999
316A Acap  199307081 9999 9999 9999 9999 9999 9999 9999 9999 9999 9999 9999 9999
316A Acap  199307082 9999 9999 9999 9999 9999 9999 9999 9999 9999 9999 9999 9999
316A Acap  199307091 9999 9999 9999 9999 9999 9999 9999 9999 9999 9999 9999 9999
316A Acap  199307092 9999 9999 9999 9999 9999 9999 9999 9999 9999 9999 9999 9999
316A Acap  199307101 9999 9999 9999 9999 9999 9999 9999 9999 9999 9999 9999 9999
316A Acap  199307102 9999 9999 9999 9999 9999 9999 9999 9999 9999 9999 9999 9999
316A Acap  199307111 9999 9999 9999 9999 9999 9999 9999 9999 9999 9999 9999 9999
316A Acap  199307112 9999 9999 9999 9999 9999 9999 9999 9999 9999 9999 9999 9999
316A Acap  199307121 9999 9999 9999 9999 9999 9999 9999 9999 9999 9999 9999 9999
316A Acap  199307122 9999 9999 9999 9999 9999 9999 9999 9999 9999 9999 9999 9999
316A Acap  199307131 9999 9999 9999 9999 9999 9999 9999 9999 9999 9999 9999 9999
316A Acap  199307132 9999 9999 9999 9999 9999 9999 9999 9999 9999 9999 9999 9999
316A Acap  199307141 9999 9999 9999 9999 9999 9999 9999 9999 9999 9999 9999 9999
316A Acap  199307142 9999 9999 9999 9999 9999 9999 9999 9999 9999 9999 9999 9999
316A Acap  199307151 9999 9999 9999 9999 9999 9999 9999 9999 9999 9999 9999 9999
316A Acap  199307152 9999 9999 9999 9999 9999 9999 9999 9999 9999 9999 9999 9999
316A Acap  199307161 9999 9999 9999 9999 9999 9999 9999 9999 9999 9999 9999 9999
316A Acap  199307162 9999 9999 9999 9999 9999 9999 9999 9999 9999 9999 9999 9999
316A Acap  199307171 9999 9999 9999 9999 9999 9999 9999 9999 9999 9999 9999 9999
316A Acap  199307172 9999 9999 9999 9999 9999 9999 9999 9999 9999 9999 9999 9999
316A Acap  199307181 9999 9999 9999 9999 9999 9999 9999 9999 9999 9999 9999 9999
316A Acap  199307182 9999 9999 9999 9999 9999 9999 9999 9999 9999 9999 9999 9999
316A Acap  199307191 9999 9999 9999 9999 9999 9999 9999 9999 9999 9999 9999 9999
316A Acap  199307192 9999 9999 9999 9999 9999 9999 9999 9999 9999 9999 9999 9999
316A Acap  199307201 9999 9999 9999 9999 9999 9999 9999 9999 9999 9999 9999 9999
316A Acap  199307202 9999 9999 9999 9999 9999 9999 9999 9999 9999 9999 9999 9999
316A Acap  199307211 9999 9999 9999 9999 9999 9999 9999 9999 9999 9999 9999 9999
316A Acap  199307212 9999 9999 9999 9999 9999 9999 9999 9999 9999 9999 9999 9999
316A Acap  199307221 9999 9999 9999 9999 9999 9999 9999 9999 9999 9999 9999 9999
316A Acap  199307222 9999 9999 9999 9999 9999 9999 9999 9999 9999 9999 9999 9999
316A Acap  199307231 9999 9999 9999 9999 9999 9999 9999 9999 9999 9999 9999 9999
316A Acap  199307232 9999 9999 9999 9999 9999 9999 9999 9999 9999 9999 9999 9999
316A Acap  199307241 9999 9999 9999 9999 9999 9999 9999 9999 9999 9999 9999 9999
316A Acap  199307242 9999 9999 9999 9999 9999 9999 9999 9999 9999 9999 9999 9999
316A Acap  199307251 9999 9999 9999 9999 9999 9999 9999 9999 9999 9999 9999 9999
316A Acap  199307252 9999 9999 9999 9999 9999 9999 9999 9999 9999 9999 9999 9999
316A Acap  199307261 9999 9999 9999 9999 9999 9999 9999 9999 9999 9999 9999 9999
316A Acap  199307262 9999 9999 9999 9999 9999 9999 9999 9999 9999 9999 9999 9999
316A Acap  199307271 9999 9999 9999 9999 9999 9999 9999 9999 9999 9999 9999 9999
316A Acap  199307272 9999 9999 9999 9999 9999 9999 9999 9999 9999 9999 9999 9999
316A Acap  199307281 9999 9999 9999 9999 9999 9999 9999 9999 9999 9999 9999 9999
316A Acap  199307282 9999 9999 9999 9999 9999 9999 9999 9999 9999 9999 9999 9999
316A Acap  199307291 9999 9999 9999 9999 9999 9999 9999 9999 9999 9999 9999 9999
316A Acap  199307292 9999 9999 9999 9999 9999 9999 9999 9999 9999 9999 9999 9999
316A Acap  199307301 9999 9999 9999 9999 9999 9999 9999 9999 9999 9999 9999 9999
316A Acap  199307302 9999 9999 9999 9999 9999 9999 9999 9999 9999 9999 9999 9999
316A Acap  199307311 9999 9999 9999 9999 9999 9999 9999 9999 9999 9999 9999 9999
316A Acap  199307312 9999 9999 9999 9999 9999 9999 9999 9999 9999 9999 9999 9999
316A Acap  199308011 9999 9999 9999 9999 9999 9999 9999 9999 9999 9999 9999 9999
316A Acap  199308012 9999 9999 9999 9999 9999 9999 9999 9999 9999 9999 9999 9999
316A Acap  199308021 9999 9999 9999 9999 9999 9999 9999 9999 9999 9999 9999 9999
316A Acap  199308022 9999 9999 9999 9999 9999 9999 9999 9999 9999 9999 9999 9999
316A Acap  199308031 9999 9999 9999 9999 9999 9999 9999 9999 9999 9999 9999 9999
316A Acap  199308032 9999 9999 9999 9999 9999 9999 9999 9999 9999 9999 9999 9999
316A Acap  199308041 9999 9999 9999 9999 9999 9999 9999 9999 9999 9999 9999 9999
316A Acap  199308042 9999 9999 9999 9999 9999 9999 9999 9999 9999 9999 9999 9999
316A Acap  199308051 9999 9999 9999 9999 9999 9999 9999 9999 9999 9999 9999 9999
316A Acap  199308052 9999 9999 9999 9999 9999 9999 9999 9999 9999 9999 9999 9999
316A Acap  199308061 9999 9999 9999 9999 9999 9999 9999 9999 9999 9999 9999 9999
316A Acap  199308062 9999 9999 9999 9999 9999 9999 9999 9999 9999 9999 9999 9999
316A Acap  199308071 9999 9999 9999 9999 9999 9999 9999 9999 9999 9999 9999 9999
316A Acap  199308072 9999 9999 9999 9999 9999 9999 9999 9999 9999 9999 9999 9999
316A Acap  199308081 9999 9999 9999 9999 9999 9999 9999 9999 9999 9999 9999 9999
316A Acap  199308082 9999 9999 9999 9999 9999 9999 9999 9999 9999 9999 9999 9999
316A Acap  199308091 9999 9999 9999 9999 9999 9999 9999 9999 9999 9999 9999 9999
316A Acap  199308092 9999 9999 9999 9999 9999 9999 9999 9999 9999 9999 9999 9999
316A Acap  199308101 9999 9999 9999 9999 9999 9999 9999 9999 9999 9999 9999 9999
316A Acap  199308102 9999 9999 9999 9999 9999 9999 9999 9999 9999 9999 9999 9999
316A Acap  199308111 9999 9999 9999 9999 9999 9999 9999 9999 9999 9999 9999 9999
316A Acap  199308112 9999 9999 9999 9999 9999 9999 9999 9999 9999 9999 9999 9999
316A Acap  199308121 9999 9999 9999 9999 9999 9999 9999 9999 9999 9999 9999 9999
316A Acap  199308122 9999 9999 9999 9999 9999 9999 9999 9999 9999 9999 9999 9999
316A Acap  199308131 9999 9999 9999 9999 9999 9999 9999 9999 9999 9999 9999 9999
316A Acap  199308132 9999 9999 9999 9999 9999 9999 9999 9999 9999 9999 9999 9999
316A Acap  199308141 9999 9999 9999 9999 9999 9999 9999 9999 9999 9999 9999 9999
316A Acap  199308142 9999 9999 9999 9999 9999 9999 9999 9999 9999 9999 9999 9999
316A Acap  199308151 9999 9999 9999 9999 9999 9999 9999 9999 9999 9999 9999 9999
316A Acap  199308152 9999 9999 9999 9999 9999 9999 9999 9999 9999 9999 9999 9999
316A Acap  199308161 9999 9999 9999 9999 9999 9999 9999 9999 9999 9999 9999 9999
316A Acap  199308162 9999 9999 9999 9999 9999 9999 9999 9999 9999 9999 9999 9999
316A Acap  199308171 9999 9999 9999 9999 9999 9999 9999 9999 9999 9999 9999 9999
316A Acap  199308172 9999 9999 9999 9999 9999 9999 9999 9999 9999 9999 9999 9999
316A Acap  199308181 9999 9999 9999 9999 9999 9999 9999 9999 9999 9999 9999 9999
316A Acap  199308182 9999 9999 9999 9999 9999 9999 9999 9999 9999 9999 9999 9999
316A Acap  199308191 9999 9999 9999 9999 9999 9999 9999 9999 9999 9999 9999 9999
316A Acap  199308192 9999 9999 9999 9999 9999 9999 9999 9999 9999 9999 9999 9999
316A Acap  199308201 9999 9999 9999 9999 9999 9999 9999 9999 9999 9999 9999 9999
316A Acap  199308202 9999 9999 9999 9999 9999 9999 9999 9999 9999 9999 9999 9999
316A Acap  199308211 9999 9999 9999 9999 9999 9999 9999 9999 9999 9999 9999 9999
316A Acap  199308212 9999 9999 9999 9999 9999 9999 9999 9999 9999 9999 9999 9999
316A Acap  199308221 9999 9999 9999 9999 9999 9999 9999 9999 9999 9999 9999 9999
316A Acap  199308222 9999 9999 9999 9999 9999 9999 9999 9999 9999 9999 9999 9999
316A Acap  199308231 9999 9999 9999 9999 9999 9999 9999 9999 9999 9999 9999 9999
316A Acap  199308232 9999 9999 9999 9999 9999 9999 9999 9999 9999 9999 9999 9999
316A Acap  199308241 9999 9999 9999 9999 9999 9999 9999 9999 9999 9999 9999 9999
316A Acap  199308242 9999 9999 9999 9999 9999 9999 9999 9999 9999 9999 9999 9999
316A Acap  199308251 9999 9999 9999 9999 9999 9999 9999 9999 9999 9999 9999 9999
316A Acap  199308252 9999 9999 9999 9999 9999 9999 9999 9999 9999 9999 9999 9999
316A Acap  199308261 9999 9999 9999 9999 9999 9999 9999 9999 9999 9999 9999 9999
316A Acap  199308262 9999 9999 9999 9999 9999 9999 9999 9999 9999 9999 9999 9999
316A Acap  199308271 9999 9999 9999 9999 9999 9999 9999 9999 9999 9999 9999 9999
316A Acap  199308272 9999 9999 9999 9999 9999 9999 9999 9999 9999 9999 9999 9999
316A Acap  199308281 9999 9999 9999 9999 9999 9999 9999 9999 9999 9999 9999 9999
316A Acap  199308282 9999 9999 9999 9999 9999 9999 9999 9999 9999 9999 9999 9999
316A Acap  199308291 9999 9999 9999 9999 9999 9999 9999 9999 9999 9999 9999 9999
316A Acap  199308292 9999 9999 9999 9999 9999 9999 9999 9999 9999 9999 9999 9999
316A Acap  199308301 9999 9999 9999 9999 9999 9999 9999 9999 9999 9999 9999 9999
316A Acap  199308302 9999 9999 9999 9999 9999 9999 9999 9999 9999 9999 9999 9999
316A Acap  199308311 9999 9999 9999 9999 9999 9999 9999 9999 9999 9999 9999 9999
316A Acap  199308312 9999 9999 9999 9999 9999 9999 9999 9999 9999 9999 9999 9999
316A Acap  199309011 9999 9999 9999 9999 9999 9999 9999 9999 9999 9999 9999 9999
316A Acap  199309012 9999 9999 9999 9999 9999 9999 9999 9999 9999 9999 9999 9999
316A Acap  199309021 9999 9999 9999 9999 9999 9999 9999 9999 9999 9999 9999 9999
316A Acap  199309022 9999 9999 9999 9999 9999 9999 9999 9999 9999 9999 9999 9999
316A Acap  199309031 9999 9999 9999 9999 9999 9999 9999 9999 9999 9999 9999 9999
316A Acap  199309032 9999 9999 9999 9999 9999 9999 9999 9999 9999 9999 9999 9999
316A Acap  199309041 9999 9999 9999 9999 9999 9999 9999 9999 9999 9999 9999 9999
316A Acap  199309042 9999 9999 9999 9999 9999 9999 9999 9999 9999 9999 9999 9999
316A Acap  199309051 9999 9999 9999 9999 9999 9999 9999 9999 9999 9999 9999 9999
316A Acap  199309052 9999 9999 9999 9999 9999 9999 9999 9999 9999 9999 9999 9999
316A Acap  199309061 9999 9999 9999 9999 9999 9999 9999 9999 9999 9999 9999 9999
316A Acap  199309062 9999 9999 9999 9999 9999 9999 9999 9999 9999 9999 9999 9999
316A Acap  199309071 9999 9999 9999 9999 9999 9999 9999 9999 9999 9999 9999 9999
316A Acap  199309072 9999 9999 9999 9999 9999 9999 9999 9999 9999 9999 9999 9999
316A Acap  199309081 9999 9999 9999 9999 9999 9999 9999 9999 9999 9999 9999 9999
316A Acap  199309082 9999 9999 9999 9999 9999 9999 9999 9999 9999 9999 9999 9999
316A Acap  199309091 9999 9999 9999 9999 9999 9999 9999 9999 9999 9999 9999 9999
316A Acap  199309092 9999 9999 9999 9999 9999 9999 9999 9999 9999 9999 9999 9999
316A Acap  199309101 9999 9999 9999 9999 9999 9999 9999 9999 9999 9999 9999 9999
316A Acap  199309102 9999 9999 9999 9999 9999 9999 9999 9999 9999 9999 9999 9999
316A Acap  199309111 9999 9999 9999 9999 9999 9999 9999 9999 9999 9999 9999 9999
316A Acap  199309112 9999 9999 9999 9999 9999 9999 9999 9999 9999 9999 9999 9999
316A Acap  199309121 9999 9999 9999 9999 9999 9999 9999 9999 9999 9999 9999 9999
316A Acap  199309122 9999 9999 9999 9999 9999 9999 9999 9999 9999 9999 9999 9999
316A Acap  199309131 9999 9999 9999 9999 9999 9999 9999 9999 9999 9999 9999 9999
316A Acap  199309132 9999 9999 9999 9999 9999 9999 9999 9999 9999 9999 9999 9999
316A Acap  199309141 9999 9999 9999 9999 9999 9999 9999 9999 9999 9999 9999 9999
316A Acap  199309142 9999 9999 9999 9999 9999 9999 9999 9999 9999 9999 9999 9999
316A Acap  199309151 9999 9999 9999 9999 9999 9999 9999 9999 9999 9999 9999 9999
316A Acap  199309152 9999 9999 9999 9999 9999 9999 9999 9999 9999 9999 9999 9999
316A Acap  199309161 9999 9999 9999 9999 9999 9999 9999 9999 9999 9999 9999 9999
316A Acap  199309162 9999 9999 9999 9999 9999 9999 9999 9999 9999 9999 9999 9999
316A Acap  199309171 9999 9999 9999 9999 9999 9999 9999 9999 9999 9999 9999 9999
316A Acap  199309172 9999 9999 9999 9999 9999 9999 9999 9999 9999 9999 9999 9999
316A Acap  199309181 9999 9999 9999 9999 9999 9999 9999 9999 9999 9999 9999 9999
316A Acap  199309182 9999 9999 9999 9999 9999 9999 9999 9999 9999 9999 9999 9999
316A Acap  199309191 9999 9999 9999 9999 9999 9999 9999 9999 9999 9999 9999 9999
316A Acap  199309192 9999 9999 9999 9999 9999 9999 9999 9999 9999 9999 9999 9999
316A Acap  199309201 9999 9999 9999 9999 9999 9999 9999 9999 9999 9999 9999 9999
316A Acap  199309202 9999 9999 9999 9999 9999 9999 9999 9999 9999 9999 9999 9999
316A Acap  199309211 9999 9999 9999 9999 9999 9999 9999 9999 9999 9999 9999 9999
316A Acap  199309212 9999 9999 9999 9999 9999 9999 9999 9999 9999 9999 9999 9999
316A Acap  199309221 9999 9999 9999 9999 9999 9999 9999 9999 9999 9999 9999 9999
316A Acap  199309222 9999 9999 9999 9999 9999 9999 9999 9999 9999 9999 9999 9999
316A Acap  199309231 9999 9999 9999 9999 9999 9999 9999 9999 9999 9999 9999 9999
316A Acap  199309232 9999 9999 9999 9999 9999 9999 9999 9999 9999 9999 9999 9999
316A Acap  199309241 9999 9999 9999 9999 9999 9999 9999 9999 9999 9999 9999 9999
316A Acap  199309242 9999 9999 9999 9999 9999 9999 9999 9999 9999 9999 9999 9999
316A Acap  199309251 9999 9999 9999 9999 9999 9999 9999 9999 9999 9999 9999 9999
316A Acap  199309252 9999 9999 9999 9999 9999 9999 9999 9999 9999 9999 9999 9999
316A Acap  199309261 9999 9999 9999 9999 9999 9999 9999 9999 9999 9999 9999 9999
316A Acap  199309262 9999 9999 9999 9999 9999 9999 9999 9999 9999 9999 9999 9999
316A Acap  199309271 9999 9999 9999 9999 9999 9999 9999 9999 9999 9999 9999 9999
316A Acap  199309272 9999 9999 9999 9999 9999 9999 9999 9999 9999 9999 9999 9999
316A Acap  199309281 9999 9999 9999 9999 9999 9999 9999 9999 9999 9999 9999 9999
316A Acap  199309282 9999 9999 9999 9999 9999 9999 9999 9999 9999 9999 9999 9999
316A Acap  199309291 9999 9999 9999 9999 9999 9999 9999 9999 9999 9999 9999 9999
316A Acap  199309292 9999 9999 9999 9999 9999 9999 9999 9999 9999 9999 9999 9999
316A Acap  199309301 9999 9999 9999 9999 9999 9999 9999 9999 9999 9999 9999 9999
316A Acap  199309302 9999 9999 9999 9999 9999 9999 9999 9999 9999 9999 9999 9999
316A Acap  199310011 9999 9999 9999 9999 9999 9999 9999 9999 9999 9999 9999 9999
316A Acap  199310012 9999 9999 9999 9999 9999 9999 9999 9999 9999 9999 9999 9999
316A Acap  199310021 9999 9999 9999 9999 9999 9999 9999 9999 9999 9999 9999 9999
316A Acap  199310022 9999 9999 9999 9999 9999 9999 9999 9999 9999 9999 9999 9999
316A Acap  199310031 9999 9999 9999 9999 9999 9999 9999 9999 9999 9999 9999 9999
316A Acap  199310032 9999 9999 9999 9999 9999 9999 9999 9999 9999 9999 9999 9999
316A Acap  199310041 9999 9999 9999 9999 9999 9999 9999 9999 9999 9999 9999 9999
316A Acap  199310042 9999 9999 9999 9999 9999 9999 9999 9999 9999 9999 9999 9999
316A Acap  199310051 9999 9999 9999 9999 9999 9999 9999 9999 9999 9999 9999 9999
316A Acap  199310052 9999 9999 9999 9999 9999 9999 9999 9999 9999 9999 9999 9999
316A Acap  199310061 9999 9999 9999 9999 9999 9999 9999 9999 9999 9999 9999 9999
316A Acap  199310062 9999 9999 9999 9999 9999 9999 9999 9999 9999 9999 9999 9999
316A Acap  199310071 9999 9999 9999 9999 9999 9999 9999 9999 9999 9999 9999 9999
316A Acap  199310072 9999 9999 9999 9999 9999 9999 9999 9999 9999 9999 9999 9999
316A Acap  199310081 9999 9999 9999 9999 9999 9999 9999 9999 9999 9999 9999 9999
316A Acap  199310082 9999 9999 9999 9999 9999 9999 9999 9999 9999 9999 9999 9999
316A Acap  199310091 9999 9999 9999 9999 9999 9999 9999 9999 9999 9999 9999 9999
316A Acap  199310092 9999 9999 9999 9999 9999 9999 9999 9999 9999 9999 9999 9999
316A Acap  199310101 9999 9999 9999 9999 9999 9999 9999 9999 9999 9999 9999 9999
316A Acap  199310102 9999 9999 9999 9999 9999 9999 9999 9999 9999 9999 9999 9999
316A Acap  199310111 9999 9999 9999 9999 9999 9999 9999 9999 9999 9999 9999 9999
316A Acap  199310112 9999 9999 9999 9999 9999 9999 9999 9999 9999 9999 9999 9999
316A Acap  199310121 9999 9999 9999 9999 9999 9999 9999 9999 9999 9999 9999 9999
316A Acap  199310122 9999 9999 9999 9999 9999 9999 9999 9999 9999 9999 9999 9999
316A Acap  199310131 9999 9999 9999 9999 9999 9999 9999 9999 9999 9999 9999 9999
316A Acap  199310132 9999 9999 9999 9999 9999 9999 9999 9999 9999 9999 9999 9999
316A Acap  199310141 9999 9999 9999 9999 9999 9999 9999 9999 9999 9999 9999 9999
316A Acap  199310142 9999 9999 9999 9999 9999 9999 9999 9999 9999 9999 9999 9999
316A Acap  199310151 9999 9999 9999 9999 9999 9999 9999 9999 9999 9999 9999 9999
316A Acap  199310152 9999 9999 9999 9999 9999 9999 9999 9999 9999 9999 9999 9999
316A Acap  199310161 9999 9999 9999 9999 9999 9999 9999 9999 9999 9999 9999 9999
316A Acap  199310162 9999 9999 9999 9999 9999 9999 9999 9999 9999 9999 9999 9999
316A Acap  199310171 9999 9999 9999 9999 9999 9999 9999 9999 9999 9999 9999 9999
316A Acap  199310172 9999 9999 9999 9999 9999 9999 9999 9999 9999 9999 9999 9999
316A Acap  199310181 9999 9999 9999 9999 9999 9999 9999 9999 9999 9999 9999 9999
316A Acap  199310182 9999 9999 9999 9999 9999 9999 9999 9999 9999 9999 9999 9999
316A Acap  199310191 9999 9999 9999 9999 9999 9999 9999 9999 9999 9999 9999 9999
316A Acap  199310192 9999 9999 9999 9999 9999 9999 9999 9999 9999 9999 9999 9999
316A Acap  199310201 9999 9999 9999 9999 9999 9999 9999 9999 9999 9999 9999 9999
316A Acap  199310202 9999 9999 9999 9999 9999 9999 9999 9999 9999 9999 9999 9999
316A Acap  199310211 9999 9999 9999 9999 9999 9999 9999 9999 9999 9999 9999 9999
316A Acap  199310212 9999 9999 9999 9999 9999 9999 9999 9999 9999 9999 9999 9999
316A Acap  199310221 9999 9999 9999 9999 9999 9999 9999 9999 9999 9999 9999 9999
316A Acap  199310222 9999 9999 9999 9999 9999 9999 9999 9999 9999 9999 9999 9999
316A Acap  199310231 9999 9999 9999 9999 9999 9999 9999 9999 9999 9999 9999 9999
316A Acap  199310232 9999 9999 9999 9999 9999 9999 9999 9999 9999 9999 9999 9999
316A Acap  199310241 9999 9999 9999 9999 9999 9999 9999 9999 9999 9999 9999 9999
316A Acap  199310242 9999 9999 9999 9999 9999 9999 9999 9999 9999 9999 9999 9999
316A Acap  199310251 9999 9999 9999 9999 9999 9999 9999 9999 9999 9999 9999 9999
316A Acap  199310252 9999 9999 9999 9999 9999 9999 9999 9999 9999 9999 9999 9999
316A Acap  199310261 9999 9999 9999 9999 9999 9999 9999 9999 9999 9999 9999 9999
316A Acap  199310262 9999 9999 9999 9999 9999 9999 9999 9999 9999 9999 9999 9999
316A Acap  199310271 9999 9999 9999 9999 9999 9999 9999 9999 9999 9999 9999 9999
316A Acap  199310272 9999 9999 9999 9999 9999 9999 9999 9999 9999 9999 9999 9999
316A Acap  199310281 9999 9999 9999 9999 9999 9999 9999 9999 9999 9999 9999 9999
316A Acap  199310282 9999 9999 9999 9999 9999 9999 9999 9999 9999 9999 9999 9999
316A Acap  199310291 9999 9999 9999 9999 9999 9999 9999 9999 9999 9999 9999 9999
316A Acap  199310292 9999 9999 9999 9999 9999 9999 9999 9999 9999 9999 9999 9999
316A Acap  199310301 9999 9999 9999 9999 9999 9999 9999 9999 9999 9999 9999 9999
316A Acap  199310302 9999 9999 9999 9999 9999 9999 9999 9999 9999 9999 9999 9999
316A Acap  199310311 9999 9999 9999 9999 9999 9999 9999 9999 9999 9999 9999 9999
316A Acap  199310312 9999 9999 9999 9999 9999 9999 9999 9999 9999 9999 9999 9999
316A Acap  199311011 9999 9999 9999 9999 9999 9999 9999 9999 9999 9999 9999 9999
316A Acap  199311012 9999 9999 9999 9999 9999 9999 9999 9999 9999 9999 9999 9999
316A Acap  199311021 9999 9999 9999 9999 9999 9999 9999 9999 9999 9999 9999 9999
316A Acap  199311022 9999 9999 9999 9999 9999 9999 9999 9999 9999 9999 9999 9999
316A Acap  199311031 9999 9999 9999 9999 9999 9999 9999 9999 9999 9999 9999 9999
316A Acap  199311032 9999 9999 9999 9999 9999 9999 9999 9999 9999 9999 9999 9999
316A Acap  199311041 9999 9999 9999 9999 9999 9999 9999 9999 9999 9999 9999 9999
316A Acap  199311042 9999 9999 9999 9999 9999 9999 9999 9999 9999 9999 9999 9999
316A Acap  199311051 9999 9999 9999 9999 9999 9999 9999 9999 9999 9999 9999 9999
316A Acap  199311052 9999 9999 9999 9999 9999 9999 9999 9999 9999 9999 9999 9999
316A Acap  199311061 9999 9999 9999 9999 9999 9999 9999 9999 9999 9999 9999 9999
316A Acap  199311062 9999 9999 9999 9999 9999 9999 9999 9999 9999 9999 9999 9999
316A Acap  199311071 9999 9999 9999 9999 9999 9999 9999 9999 9999 9999 9999 9999
316A Acap  199311072 9999 9999 9999 9999 9999 9999 9999 9999 9999 9999 9999 9999
316A Acap  199311081 9999 9999 9999 9999 9999 9999 9999 9999 9999 9999 9999 9999
316A Acap  199311082 9999 9999 9999 9999 9999 9999 9999 9999 9999 9999 9999 9999
316A Acap  199311091 9999 9999 9999 9999 9999 9999 9999 9999 9999 9999 9999 9999
316A Acap  199311092 9999 9999 9999 9999 9999 9999 9999 9999 9999 9999 9999 9999
316A Acap  199311101 9999 9999 9999 9999 9999 9999 9999 9999 9999 9999 9999 9999
316A Acap  199311102 9999 9999 9999 9999 9999 9999 9999 9999 9999 9999 9999 9999
316A Acap  199311111 9999 9999 9999 9999 9999 9999 9999 9999 9999 9999 9999 9999
316A Acap  199311112 9999 9999 9999 9999 9999 9999 9999 9999 9999 9999 9999 9999
316A Acap  199311121 9999 9999 9999 9999 9999 9999 9999 9999 9999 9999 9999 9999
316A Acap  199311122 9999 9999 9999 9999 9999 9999 9999 9999 9999 9999 9999 9999
316A Acap  199311131 9999 9999 9999 9999 9999 9999 9999 9999 9999 9999 9999 9999
316A Acap  199311132 9999 9999 9999 9999 9999 9999 9999 9999 9999 9999 9999 9999
316A Acap  199311141 9999 9999 9999 9999 9999 9999 9999 9999 9999 9999 9999 9999
316A Acap  199311142 9999 9999 9999 9999 9999 9999 9999 9999 9999 9999 9999 9999
316A Acap  199311151 9999 9999 9999 9999 9999 9999 9999 9999 9999 9999 9999 9999
316A Acap  199311152 9999 9999 9999 9999 9999 9999 9999 9999 9999 9999 9999 9999
316A Acap  199311161 9999 9999 9999 9999 9999 9999 9999 9999 9999 9999 9999 9999
316A Acap  199311162 9999 9999 9999 9999 9999 9999 9999 9999 9999 9999 9999 9999
316A Acap  199311171 9999 9999 9999 9999 9999 9999 9999 9999 9999 9999 9999 9999
316A Acap  199311172 9999 9999 9999 9999 9999 9999 9999 9999 9999 9999 9999 9999
316A Acap  199311181 9999 9999 9999 9999 9999 9999 9999 9999 9999 9999 9999 9999
316A Acap  199311182 9999 9999 9999 9999 9999 9999 9999 9999 9999 9999 9999 9999
316A Acap  199311191 9999 9999 9999 9999 9999 9999 9999 9999 9999 9999 9999 9999
316A Acap  199311192 9999 9999 9999 9999 9999 9999 9999 9999 9999 9999 9999 9999
316A Acap  199311201 9999 9999 9999 9999 9999 9999 9999 9999 9999 9999 9999 9999
316A Acap  199311202 9999 9999 9999 9999 9999 9999 9999 9999 9999 9999 9999 9999
316A Acap  199311211 9999 9999 9999 9999 9999 9999 9999 9999 9999 9999 9999 9999
316A Acap  199311212 9999 9999 9999 9999 9999 9999 9999 9999 9999 9999 9999 9999
316A Acap  199311221 9999 9999 9999 9999 9999 9999 9999 9999 9999 9999 9999 9999
316A Acap  199311222 9999 9999 9999 9999 9999 9999 9999 9999 9999 9999 9999 9999
316A Acap  199311231 9999 9999 9999 9999 9999 9999 9999 9999 9999 9999 9999 9999
316A Acap  199311232 9999 9999 9999 9999 9999 9999 9999 9999 9999 9999 9999 9999
316A Acap  199311241 9999 9999 9999 9999 9999 9999 9999 9999 9999 9999 9999 9999
316A Acap  199311242 9999 9999 9999 9999 9999 9999 9999 9999 9999 9999 9999 9999
316A Acap  199311251 9999 9999 9999 9999 9999 9999 9999 9999 9999 9999 9999 9999
316A Acap  199311252 9999 9999 9999 9999 9999 9999 9999 9999 9999 9999 9999 9999
316A Acap  199311261 9999 9999 9999 9999 9999 9999 9999 9999 9999 9999 9999 9999
316A Acap  199311262 9999 9999 9999 9999 9999 9999 9999 9999 9999 9999 9999 9999
316A Acap  199311271 9999 9999 9999 9999 9999 9999 9999 9999 9999 9999 9999 9999
316A Acap  199311272 9999 9999 9999 9999 9999 9999 9999 9999 9999 9999 9999 9999
316A Acap  199311281 9999 9999 9999 9999 9999 9999 9999 9999 9999 9999 9999 9999
316A Acap  199311282 9999 9999 9999 9999 9999 9999 9999 9999 9999 9999 9999 9999
316A Acap  199311291 9999 9999 9999 9999 9999 9999 9999 9999 9999 9999 9999 9999
316A Acap  199311292 9999 9999 9999 9999 9999 9999 9999 9999 9999 9999 9999 9999
316A Acap  199311301 9999 9999 9999 9999 9999 9999 9999 9999 9999 9999 9999 9999
316A Acap  199311302 9999 9999 9999 9999 9999 9999 9999 9999 9999 9999 9999 9999
316A Acap  199312011 9999 9999 9999 9999 9999 9999 9999 9999 9999 9999 9999 9999
316A Acap  199312012 9999 9999 9999 9999 9999 9999 9999 9999 9999 9999 9999 9999
316A Acap  199312021 9999 9999 9999 9999 9999 9999 9999 9999 9999 9999 9999 9999
316A Acap  199312022 9999 9999 9999 9999 9999 9999 9999 9999 9999 9999 9999 9999
316A Acap  199312031 9999 9999 9999 9999 9999 9999 9999 9999 9999 9999 9999 9999
316A Acap  199312032 9999 9999 9999 9999 9999 9999 9999 9999 9999 9999 9999 9999
316A Acap  199312041 9999 9999 9999 9999 9999 9999 9999 9999 9999 9999 9999 9999
316A Acap  199312042 9999 9999 9999 9999 9999 9999 9999 9999 9999 9999 9999 9999
316A Acap  199312051 9999 9999 9999 9999 9999 9999 9999 9999 9999 9999 9999 9999
316A Acap  199312052 9999 9999 9999 9999 9999 9999 9999 9999 9999 9999 9999 9999
316A Acap  199312061 9999 9999 9999 9999 9999 9999 9999 9999 9999 9999 9999 9999
316A Acap  199312062 9999 9999 9999 9999 9999 9999 9999 9999 9999 9999 9999 9999
316A Acap  199312071 9999 9999 9999 9999 9999 9999 9999 9999 9999 9999 9999 9999
316A Acap  199312072 9999 9999 9999 9999 9999 9999 9999 9999 9999 9999 9999 9999
316A Acap  199312081 9999 9999 9999 9999 9999 9999 9999 9999 9999 9999 9999 9999
316A Acap  199312082 9999 9999 9999 9999 9999 9999 9999 9999 9999 9999 9999 9999
316A Acap  199312091 9999 9999 9999 9999 9999 9999 9999 9999 9999 9999 9999 9999
316A Acap  199312092 9999 9999 9999 9999 9999 9999 9999 9999 9999 9999 9999 9999
316A Acap  199312101 9999 9999 9999 9999 9999 9999 9999 9999 9999 9999 9999 9999
316A Acap  199312102 9999 9999 9999 9999 9999 9999 9999 9999 9999 9999 9999 9999
316A Acap  199312111 9999 9999 9999 9999 9999 9999 9999 9999 9999 9999 9999 9999
316A Acap  199312112 9999 9999 9999 9999 9999 9999 9999 9999 9999 9999 9999 9999
316A Acap  199312121 9999 9999 9999 9999 9999 9999 9999 9999 9999 9999 9999 9999
316A Acap  199312122 9999 9999 9999 9999 9999 9999 9999 9999 9999 9999 9999 9999
316A Acap  199312131 9999 9999 9999 9999 9999 9999 9999 9999 9999 9999 9999 9999
316A Acap  199312132 9999 9999 9999 9999 9999 9999 9999 9999 9999 9999 9999 9999
316A Acap  199312141 9999 9999 9999 9999 9999 9999 9999 9999 9999 9999 9999 9999
316A Acap  199312142 9999 9999 9999 9999 9999 9999 9999 9999 9999 9999 9999 9999
316A Acap  199312151 9999 9999 9999 9999 9999 9999 9999 9999 9999 9999 9999 9999
316A Acap  199312152 9999 9999 9999 9999 9999 9999 9999 9999 9999 9999 9999 9999
316A Acap  199312161 9999 9999 9999 9999 9999 9999 9999 9999 9999 9999 9999 9999
316A Acap  199312162 9999 9999 9999 9999 9999 9999 9999 9999 9999 9999 9999 9999
316A Acap  199312171 9999 9999 9999 9999 9999 9999 9999 9999 9999 9999 9999 9999
316A Acap  199312172 9999 9999 9999 9999 9999 9999 9999 9999 9999 9999 9999 9999
316A Acap  199312181 9999 9999 9999 9999 9999 9999 9999 9999 9999 9999 9999 9999
316A Acap  199312182 9999 9999 9999 9999 9999 9999 9999 9999 9999 9999 9999 9999
316A Acap  199312191 9999 9999 9999 9999 9999 9999 9999 9999 9999 9999 9999 9999
316A Acap  199312192 9999 9999 9999 9999 9999 9999 9999 9999 9999 9999 9999 9999
316A Acap  199312201 9999 9999 9999 9999 9999 9999 9999 9999 9999 9999 9999 9999
316A Acap  199312202 9999 9999 9999 9999 9999 9999 9999 9999 9999 9999 9999 9999
316A Acap  199312211 9999 9999 9999 9999 9999 9999 9999 9999 9999 9999 9999 9999
316A Acap  199312212 9999 9999 9999 9999 9999 9999 9999 9999 9999 9999 9999 9999
316A Acap  199312221 9999 9999 9999 9999 9999 9999 9999 9999 9999 9999 9999 9999
316A Acap  199312222 9999 9999 9999 9999 9999 9999 9999 9999 9999 9999 9999 9999
316A Acap  199312231 9999 9999 9999 9999 9999 9999 9999 9999 9999 9999 9999 9999
316A Acap  199312232 9999 9999 9999 9999 9999 9999 9999 9999 9999 9999 9999 9999
316A Acap  199312241 9999 9999 9999 9999 9999 9999 9999 9999 9999 9999 9999 9999
316A Acap  199312242 9999 9999 9999 9999 9999 9999 9999 9999 9999 9999 9999 9999
316A Acap  199312251 9999 9999 9999 9999 9999 9999 9999 9999 9999 9999 9999 9999
316A Acap  199312252 9999 9999 9999 9999 9999 9999 9999 9999 9999 9999 9999 9999
316A Acap  199312261 9999 9999 9999 9999 9999 9999 9999 9999 9999 9999 9999 9999
316A Acap  199312262 9999 9999 9999 9999 9999 9999 9999 9999 9999 9999 9999 9999
316A Acap  199312271 9999 9999 9999 9999 9999 9999 9999 9999 9999 9999 9999 9999
316A Acap  199312272 9999 9999 9999 9999 9999 9999 9999 9999 9999 9999 9999 9999
316A Acap  199312281 9999 9999 9999 9999 9999 9999 9999 9999 9999 9999 9999 9999
316A Acap  199312282 9999 9999 9999 9999 9999 9999 9999 9999 9999 9999 9999 9999
316A Acap  199312291 9999 9999 9999 9999 9999 9999 9999 9999 9999 9999 9999 9999
316A Acap  199312292 9999 9999 9999 9999 9999 9999 9999 9999 9999 9999 9999 9999
316A Acap  199312301 9999 9999 9999 9999 9999 9999 9999 9999 9999 9999 9999 9999
316A Acap  199312302 9999 9999 9999 9999 9999 9999 9999 9999 9999 9999 9999 9999
316A Acap  199312311 9999 9999 9999 9999 9999 9999 9999 9999 9999 9999 9999 9999
316A Acap  199312312 9999 9999 9999 9999 9999 9999 9999 9999 9999 9999 9999 9999
