316A Acapulco           Mexico              1980 16504N 099547W 0000 3 00000R MM
316A Acap  198001011 1348 1409 1500 1561 1622 1653 1714 1744 1714 1683 1653 1592
316A Acap  198001012 1500 1409 1317 1287 1317 1348 1378 1378 1348 1287 1195 1134
316A Acap  198001021 1104 1073 1104 1195 1287 1409 1531 1622 1683 1683 1653 1561
316A Acap  198001022 1500 1409 1317 1287 1256 1287 1317 1317 1348 1317 1287 1226
316A Acap  198001031 1195 1134 1104 1134 1195 1317 1409 1531 1622 1683 1683 1653
316A Acap  198001032 1561 1470 1378 1317 1256 1226 1256 1287 1317 1348 1348 1317
316A Acap  198001041 1287 1226 1165 1134 1195 1256 1348 1470 1561 1653 1714 1714
316A Acap  198001042 1683 1561 1470 1348 1256 1195 1226 1256 1287 1317 1348 1378
316A Acap  198001051 1348 1317 1256 1226 1195 1226 1287 1378 1500 1592 1714 1744
316A Acap  198001052 1744 1683 1592 1470 1348 1287 1226 1226 1256 1317 1378 1439
316A Acap  198001061 1470 1439 1378 1317 1256 1226 1226 1287 1348 1470 1561 1653
316A Acap  198001062 1683 1653 1592 1500 1348 1256 1195 1165 1195 1287 1378 1470
316A Acap  198001071 1531 1561 1531 1470 1348 1256 1256 1256 1287 1378 1500 1592
316A Acap  198001072 1683 1683 1653 1592 1439 1287 1195 1134 1134 1195 1287 1378
316A Acap  198001081 1470 1531 1531 1500 1409 1348 1287 1256 1287 1348 1439 1531
316A Acap  198001082 1622 1683 1683 1622 1500 1378 1256 1134 1134 1165 1256 1348
316A Acap  198001091 1470 1561 1592 1561 1500 1378 1287 1256 1226 1256 1317 1439
316A Acap  198001092 1531 1592 1622 1561 1470 1348 1195 1134 1073 1073 1165 1256
316A Acap  198001101 1378 1500 1561 1592 1531 1439 1348 1256 1226 1226 1287 1378
316A Acap  198001102 1470 1531 1592 1561 1470 1378 1226 1134 1073 1073 1104 1226
316A Acap  198001111 1317 1439 1531 1592 1561 1500 1409 1317 1226 1195 1226 1256
316A Acap  198001112 1317 1409 1470 1470 1409 1348 1226 1134 1073 1043 1104 1165
316A Acap  198001121 1287 1409 1531 1592 1622 1561 1500 1378 1317 1256 1256 1287
316A Acap  198001122 1378 1439 1500 1531 1500 1409 1317 1226 1134 1104 1104 1195
316A Acap  198001131 1317 1439 1561 1622 1683 1653 1592 1500 1409 1348 1317 1348
316A Acap  198001132 1378 1439 1500 1500 1470 1439 1348 1226 1134 1104 1104 1165
316A Acap  198001141 1256 1378 1500 1622 1683 1683 1653 1592 1500 1439 1378 1348
316A Acap  198001142 1378 1409 1470 1470 1439 1378 1317 1226 1165 1073 1073 1104
316A Acap  198001151 1165 1287 1409 1531 1622 1653 1653 1622 1531 1470 1409 1378
316A Acap  198001152 1378 1378 1409 1439 1439 1378 1317 1256 1195 1104 1073 1073
316A Acap  198001161 1134 1226 1348 1439 1561 1622 1653 1653 1622 1531 1470 1409
316A Acap  198001162 1378 1378 1409 1439 1439 1409 1378 1317 1256 1165 1104 1073
316A Acap  198001171 1073 1134 1226 1378 1500 1592 1683 1714 1683 1653 1592 1531
316A Acap  198001172 1470 1409 1409 1409 1439 1409 1378 1378 1317 1256 1165 1104
316A Acap  198001181 1073 1073 1134 1256 1378 1500 1592 1683 1714 1683 1622 1561
316A Acap  198001182 1500 1409 1378 1348 1348 1378 1378 1378 1348 1317 1256 1195
316A Acap  198001191 1165 1134 1134 1165 1256 1378 1500 1592 1653 1714 1714 1653
316A Acap  198001192 1592 1500 1439 1348 1317 1317 1348 1378 1378 1409 1378 1348
316A Acap  198001201 1287 1226 1165 1134 1195 1287 1378 1500 1592 1683 1714 1714
316A Acap  198001202 1622 1561 1439 1348 1317 1287 1287 1317 1378 1439 1470 1470
316A Acap  198001211 1439 1409 1317 1256 1226 1226 1287 1378 1500 1592 1683 1744
316A Acap  198001212 1744 1683 1561 1439 1317 1256 1256 1287 1348 1439 1531 1592
316A Acap  198001221 1622 1592 1531 1439 1317 1287 1256 1317 1348 1470 1592 1714
316A Acap  198001222 1774 1744 1653 1531 1378 1226 1165 1165 1226 1317 1439 1561
316A Acap  198001231 1653 1683 1683 1592 1500 1378 1287 1256 1256 1348 1470 1592
316A Acap  198001232 1714 1744 1714 1622 1470 1317 1195 1104 1134 1226 1348 1500
316A Acap  198001241 1653 1714 1774 1744 1653 1531 1378 1287 1256 1287 1378 1500
316A Acap  198001242 1653 1744 1744 1653 1531 1317 1195 1104 1073 1104 1226 1378
316A Acap  198001251 1561 1744 1805 1835 1744 1622 1500 1378 1287 1287 1287 1378
316A Acap  198001252 1531 1622 1683 1653 1592 1409 1256 1134 1073 1073 1134 1256
316A Acap  198001261 1439 1592 1744 1835 1835 1774 1653 1500 1348 1317 1287 1317
316A Acap  198001262 1439 1561 1622 1653 1592 1470 1348 1165 1073 1043 1043 1134
316A Acap  198001271 1287 1439 1622 1744 1774 1744 1683 1561 1409 1317 1256 1287
316A Acap  198001272 1348 1439 1531 1592 1592 1531 1439 1287 1165 1073 1073 1073
316A Acap  198001281 1195 1348 1531 1683 1774 1835 1805 1714 1592 1500 1409 1378
316A Acap  198001282 1378 1409 1470 1531 1561 1531 1470 1348 1226 1104 1043 1043
316A Acap  198001291 1104 1195 1348 1531 1653 1714 1683 1592 1500 1378 1317 1256
316A Acap  198001292 1256 1317 1348 1409 1409 1439 1378 1348 1256 1165 1073 1012
316A Acap  198001301 1012 1104 1226 1348 1500 1592 1653 1683 1653 1561 1470 1378
316A Acap  198001302 1348 1317 1348 1378 1409 1409 1409 1378 1317 1256 1195 1104
316A Acap  198001311 1104 1104 1165 1256 1378 1470 1561 1592 1622 1592 1531 1470
316A Acap  198001312 1409 1348 1317 1317 1317 1348 1378 1378 1348 1317 1256 1195
316A Acap  198002011 1165 1165 1165 1226 1287 1378 1500 1561 1592 1622 1622 1561
316A Acap  198002012 1500 1439 1378 1317 1317 1317 1317 1348 1378 1378 1378 1348
316A Acap  198002021 1317 1287 1256 1256 1287 1348 1409 1500 1561 1622 1653 1622
316A Acap  198002022 1592 1531 1439 1378 1348 1317 1317 1317 1378 1409 1439 1439
316A Acap  198002031 1409 1378 1348 1317 1287 1317 1348 1439 1500 1592 1653 1653
316A Acap  198002032 1653 1592 1500 1439 1348 1287 1256 1256 1317 1378 1439 1500
316A Acap  198002041 1500 1470 1409 1348 1317 1287 1317 1348 1409 1500 1592 1653
316A Acap  198002042 1653 1653 1561 1500 1378 1317 1287 1256 1317 1378 1470 1500
316A Acap  198002051 1561 1561 1561 1500 1409 1348 1317 1317 1348 1439 1500 1592
316A Acap  198002052 1653 1653 1622 1531 1409 1317 1287 1256 1287 1348 1439 1531
316A Acap  198002061 1622 1653 1653 1592 1500 1409 1348 1317 1317 1378 1439 1531
316A Acap  198002062 1622 1653 1653 1592 1500 1378 1256 1226 1195 1256 1378 1500
316A Acap  198002071 1592 1683 1714 1683 1622 1500 1409 1348 1317 1348 1378 1500
316A Acap  198002072 1592 1653 1683 1653 1561 1439 1317 1256 1226 1256 1317 1470
316A Acap  198002081 1592 1683 1774 1774 1714 1622 1500 1409 1348 1317 1378 1470
316A Acap  198002082 1561 1653 1714 1683 1592 1470 1348 1256 1226 1256 1317 1439
316A Acap  198002091 1592 1714 1805 1805 1774 1683 1592 1470 1409 1378 1409 1470
316A Acap  198002092 1561 1622 1683 1683 1622 1531 1439 1348 1287 1287 1348 1439
316A Acap  198002101 1592 1744 1835 1896 1896 1835 1744 1622 1500 1439 1439 1470
316A Acap  198002102 1531 1622 1683 1714 1683 1592 1470 1378 1287 1256 1287 1378
316A Acap  198002111 1531 1683 1805 1896 1927 1866 1805 1683 1561 1500 1470 1470
316A Acap  198002112 1531 1592 1653 1683 1683 1592 1439 1348 1256 1226 1226 1317
316A Acap  198002121 1409 1561 1714 1805 1866 1866 1774 1683 1561 1500 1439 1439
316A Acap  198002122 1500 1561 1592 1622 1592 1531 1439 1348 1256 1195 1165 1226
316A Acap  198002131 1317 1470 1592 1714 1805 1805 1805 1714 1622 1531 1470 1439
316A Acap  198002132 1470 1500 1561 1592 1561 1531 1439 1317 1226 1165 1134 1134
316A Acap  198002141 1195 1348 1470 1622 1714 1774 1774 1744 1683 1592 1500 1470
316A Acap  198002142 1439 1470 1500 1531 1561 1531 1500 1409 1317 1256 1195 1195
316A Acap  198002151 1195 1287 1378 1500 1592 1683 1714 1714 1683 1622 1531 1500
316A Acap  198002152 1470 1439 1470 1470 1500 1500 1500 1470 1378 1317 1256 1195
316A Acap  198002161 1165 1195 1256 1378 1470 1592 1683 1714 1714 1683 1592 1531
316A Acap  198002162 1470 1439 1439 1439 1470 1500 1500 1500 1470 1439 1378 1317
316A Acap  198002171 1287 1256 1226 1256 1317 1439 1531 1592 1653 1653 1653 1561
316A Acap  198002172 1470 1409 1348 1317 1317 1348 1378 1439 1470 1470 1439 1409
316A Acap  198002181 1348 1287 1226 1195 1226 1287 1348 1439 1500 1561 1622 1592
316A Acap  198002182 1531 1439 1348 1287 1226 1226 1256 1317 1409 1470 1531 1531
316A Acap  198002191 1500 1439 1378 1287 1226 1195 1226 1287 1378 1470 1531 1592
316A Acap  198002192 1561 1500 1409 1287 1195 1165 1134 1195 1287 1409 1531 1592
316A Acap  198002201 1622 1592 1531 1409 1287 1226 1195 1195 1256 1348 1470 1561
316A Acap  198002202 1592 1531 1439 1287 1165 1043  982 1012 1134 1256 1409 1592
316A Acap  198002211 1683 1714 1653 1531 1378 1256 1165 1104 1134 1226 1378 1500
316A Acap  198002212 1592 1592 1531 1409 1256 1104  982  952 1012 1134 1287 1470
316A Acap  198002221 1622 1714 1744 1683 1531 1348 1195 1073 1043 1104 1195 1348
316A Acap  198002222 1470 1561 1561 1470 1317 1165 1043  952  921  982 1104 1317
316A Acap  198002231 1500 1653 1714 1714 1622 1470 1287 1134 1073 1043 1104 1226
316A Acap  198002232 1348 1470 1531 1500 1409 1287 1104  982  891  921 1012 1195
316A Acap  198002241 1378 1561 1714 1744 1714 1622 1470 1287 1165 1073 1104 1165
316A Acap  198002242 1287 1409 1500 1531 1470 1348 1226 1043  921  891  921 1043
316A Acap  198002251 1226 1409 1592 1683 1714 1683 1531 1378 1256 1134 1104 1134
316A Acap  198002252 1226 1317 1409 1470 1470 1378 1256 1134 1012  952  921  982
316A Acap  198002261 1104 1256 1439 1561 1653 1653 1561 1439 1287 1195 1134 1104
316A Acap  198002262 1134 1226 1317 1409 1439 1409 1317 1195 1073  982  921  952
316A Acap  198002271 1043 1165 1317 1439 1531 1561 1561 1500 1378 1287 1195 1134
316A Acap  198002272 1134 1165 1226 1287 1348 1348 1317 1226 1104 1043  952  952
316A Acap  198002281 1012 1073 1165 1287 1409 1470 1500 1500 1439 1317 1256 1195
316A Acap  198002282 1165 1165 1195 1256 1317 1317 1317 1287 1226 1165 1104 1073
316A Acap  198002291 1043 1073 1134 1226 1317 1378 1439 1470 1470 1378 1348 1195
316A Acap  198002292 1256 1226 1226 1226 1256 1256 1256 1256 1226 1195 1134 1104
316A Acap  198003011 1073 1073 1104 1165 1226 1287 1317 1378 1409 1409 1378 1378
316A Acap  198003012 1317 1256 1226 1226 1226 1256 1287 1287 1317 1317 1317 1287
316A Acap  198003021 1256 1256 1256 1256 1287 1317 1348 1378 1409 1409 1409 1378
316A Acap  198003022 1348 1287 1256 1226 1195 1195 1195 1226 1287 1287 1317 1317
316A Acap  198003031 1317 1287 1256 1195 1195 1226 1226 1287 1317 1378 1409 1409
316A Acap  198003032 1378 1348 1287 1256 1195 1195 1195 1226 1256 1317 1348 1378
316A Acap  198003041 1378 1348 1317 1256 1226 1195 1195 1195 1226 1317 1348 1378
316A Acap  198003042 1409 1409 1348 1287 1226 1165 1165 1165 1226 1287 1378 1409
316A Acap  198003051 1439 1470 1439 1348 1256 1195 1165 1165 1195 1256 1317 1378
316A Acap  198003052 1409 1317 1287 1195 1134 1104 1104 1104 1165 1256 1317 1409
316A Acap  198003061 1470 1500 1470 1378 1287 1195 1134 1104 1104 1146 1216 1291
316A Acap  198003062 1348 1378 1348 1287 1195 1134 1104 1104 1134 1226 1317 1470
316A Acap  198003071 1561 1592 1592 1561 1470 1348 1256 1195 1165 1195 1256 1317
316A Acap  198003072 1409 1470 1470 1409 1317 1195 1104 1073 1104 1165 1287 1409
316A Acap  198003081 1531 1592 1622 1561 1470 1348 1226 1134 1104 1104 1165 1287
316A Acap  198003082 1348 1409 1439 1409 1348 1256 1134 1073 1073 1134 1256 1409
316A Acap  198003091 1500 1622 1653 1592 1531 1439 1317 1226 1134 1134 1226 1287
316A Acap  198003092 1378 1439 1439 1409 1317 1226 1134 1043 1043 1134 1256 1409
316A Acap  198003101 1531 1622 1683 1683 1592 1500 1378 1287 1195 1134 1195 1256
316A Acap  198003102 1348 1378 1439 1439 1348 1256 1165 1073 1012 1012 1104 1226
316A Acap  198003111 1378 1500 1622 1683 1653 1561 1439 1317 1226 1195 1165 1226
316A Acap  198003112 1317 1378 1439 1439 1378 1287 1165 1073 1012 1012 1043 1134
316A Acap  198003121 1317 1439 1592 1653 1683 1622 1531 1409 1287 1226 1226 1226
316A Acap  198003122 1317 1378 1439 1470 1439 1378 1287 1165 1073 1043 1043 1134
316A Acap  198003131 1256 1409 1561 1653 1714 1683 1622 1531 1409 1317 1287 1287
316A Acap  198003132 1317 1378 1470 1500 1500 1439 1378 1256 1165 1104 1073 1073
316A Acap  198003141 1165 1317 1470 1561 1653 1683 1653 1561 1439 1348 1287 1256
316A Acap  198003142 1287 1348 1409 1470 1500 1470 1409 1317 1226 1134 1073 1073
316A Acap  198003151 1134 1226 1348 1439 1531 1592 1592 1561 1470 1378 1317 1287
316A Acap  198003152 1256 1287 1348 1409 1439 1470 1439 1409 1348 1287 1195 1165
316A Acap  198003161 1165 1195 1256 1348 1409 1500 1531 1531 1500 1409 1348 1256
316A Acap  198003162 1226 1226 1256 1317 1348 1409 1439 1470 1439 1409 1348 1287
316A Acap  198003171 1226 1195 1195 1226 1287 1348 1409 1439 1439 1439 1409 1348
316A Acap  198003172 1256 1226 1195 1195 1226 1287 1348 1439 1470 1500 1470 1409
316A Acap  198003181 1348 1287 1226 1195 1195 1226 1287 1348 1439 1439 1439 1409
316A Acap  198003182 1348 1256 1165 1104 1104 1165 1256 1317 1439 1500 1561 1592
316A Acap  198003191 1531 1470 1378 1256 1195 1165 1195 1256 1317 1378 1439 1470
316A Acap  198003192 1439 1348 1256 1134 1073 1043 1073 1165 1317 1470 1592 1683
316A Acap  198003201 1714 1683 1592 1439 1287 1165 1134 1104 1165 1287 1378 1470
316A Acap  198003202 1500 1470 1348 1226 1104 1012  982 1012 1134 1317 1500 1653
316A Acap  198003211 1774 1805 1744 1622 1439 1287 1165 1104 1104 1165 1287 1409
316A Acap  198003212 1500 1531 1531 1409 1226 1073  982  952 1012 1134 1317 1531
316A Acap  198003221 1714 1805 1805 1714 1561 1348 1195 1073 1043 1073 1195 1348
316A Acap  198003222 1500 1561 1592 1500 1348 1165 1012  952  952 1043 1195 1439
316A Acap  198003231 1653 1805 1866 1805 1683 1470 1287 1104 1043 1012 1104 1256
316A Acap  198003232 1409 1531 1561 1531 1409 1256 1073  952  891  921 1043 1256
316A Acap  198003241 1439 1622 1744 1805 1744 1592 1409 1226 1073 1043 1043 1165
316A Acap  198003242 1317 1470 1531 1561 1500 1378 1226 1073  982  952 1012 1165
316A Acap  198003251 1348 1500 1683 1744 1744 1653 1500 1348 1195 1134 1104 1165
316A Acap  198003252 1287 1409 1500 1531 1531 1470 1317 1195 1043  982 1012 1104
316A Acap  198003261 1256 1409 1561 1683 1714 1683 1592 1439 1287 1195 1134 1134
316A Acap  198003262 1195 1348 1409 1470 1500 1470 1378 1256 1134 1043 1012 1073
316A Acap  198003271 1165 1287 1439 1561 1622 1622 1592 1470 1378 1256 1195 1165
316A Acap  198003272 1195 1256 1378 1439 1500 1470 1439 1348 1226 1134 1104 1104
316A Acap  198003281 1165 1256 1378 1470 1531 1561 1561 1500 1378 1287 1256 1226
316A Acap  198003282 1226 1256 1348 1409 1439 1470 1439 1378 1317 1256 1195 1195
316A Acap  198003291 1195 1226 1317 1409 1470 1500 1500 1500 1439 1378 1317 1256
316A Acap  198003292 1256 1256 1256 1317 1378 1409 1409 1409 1378 1317 1287 1256
316A Acap  198003301 1256 1256 1317 1348 1378 1378 1409 1439 1409 1378 1348 1317
316A Acap  198003302 1287 1287 1287 1317 1348 1378 1378 1409 1409 1409 1378 1378
316A Acap  198003311 1348 1317 1348 1348 1348 1378 1378 1378 1378 1348 1317 1317
316A Acap  198003312 1287 1287 1256 1287 1317 1348 1378 1409 1439 1439 1439 1439
316A Acap  198004011 1409 1378 1348 1317 1317 1287 1287 1287 1317 1317 1348 1348
316A Acap  198004012 1348 1317 1256 1256 1256 1256 1287 1348 1378 1439 1439 1470
316A Acap  198004021 1439 1409 1348 1287 1256 1226 1195 1195 1256 1287 1317 1348
316A Acap  198004022 1348 1317 1287 1226 1195 1195 1226 1287 1348 1409 1500 1531
316A Acap  198004031 1531 1500 1409 1317 1256 1195 1165 1165 1165 1256 1287 1348
316A Acap  198004032 1348 1348 1287 1226 1165 1134 1165 1195 1287 1409 1470 1561
316A Acap  198004041 1592 1561 1500 1378 1287 1226 1165 1134 1134 1195 1256 1317
316A Acap  198004042 1348 1378 1348 1256 1195 1134 1134 1165 1256 1378 1470 1592
316A Acap  198004051 1653 1653 1592 1500 1348 1226 1165 1104 1104 1134 1226 1317
316A Acap  198004052 1348 1378 1348 1287 1195 1104 1043 1043 1104 1256 1378 1531
316A Acap  198004061 1622 1653 1653 1561 1409 1256 1165 1073 1073 1104 1170 1254
316A Acap  198004062 1331 1378 1378 1317 1226 1104 1043 1012 1043 1165 1287 1470
316A Acap  198004071 1622 1683 1683 1653 1531 1378 1226 1134 1104 1073 1165 1256
316A Acap  198004072 1317 1378 1378 1348 1256 1134 1073 1012 1012 1104 1256 1409
316A Acap  198004081 1561 1653 1714 1683 1592 1439 1287 1195 1104 1104 1134 1256
316A Acap  198004082 1317 1378 1409 1409 1317 1226 1073 1012 1012 1043 1165 1317
316A Acap  198004091 1470 1592 1683 1683 1622 1500 1348 1226 1134 1104 1134 1226
316A Acap  198004092 1348 1409 1439 1439 1378 1287 1134 1043 1012 1043 1134 1287
316A Acap  198004101 1439 1561 1683 1714 1683 1592 1470 1348 1256 1195 1195 1256
316A Acap  198004102 1317 1409 1470 1500 1470 1378 1287 1165 1073 1043 1073 1195
316A Acap  198004111 1348 1500 1592 1683 1683 1592 1500 1378 1287 1195 1165 1195
316A Acap  198004112 1317 1409 1500 1531 1531 1470 1348 1226 1134 1073 1104 1165
316A Acap  198004121 1256 1378 1500 1592 1622 1592 1500 1378 1287 1195 1165 1165
316A Acap  198004122 1226 1317 1439 1500 1561 1531 1470 1378 1256 1165 1134 1134
316A Acap  198004131 1195 1287 1378 1500 1531 1561 1531 1470 1378 1287 1226 1195
316A Acap  198004132 1195 1287 1378 1470 1561 1592 1561 1531 1439 1348 1287 1287
316A Acap  198004141 1256 1287 1378 1470 1531 1531 1531 1470 1378 1287 1226 1165
316A Acap  198004142 1134 1165 1256 1348 1439 1500 1561 1592 1561 1470 1409 1317
316A Acap  198004151 1287 1256 1256 1287 1317 1348 1378 1378 1348 1317 1256 1195
316A Acap  198004152 1134 1104 1104 1195 1287 1378 1470 1561 1592 1592 1561 1531
316A Acap  198004161 1439 1348 1287 1256 1256 1256 1287 1317 1348 1348 1348 1287
316A Acap  198004162 1226 1134 1073 1073 1134 1226 1317 1470 1592 1653 1683 1653
316A Acap  198004171 1561 1470 1348 1226 1165 1134 1165 1226 1287 1348 1378 1378
316A Acap  198004172 1317 1226 1134 1012 1012 1012 1165 1317 1439 1592 1714 1744
316A Acap  198004181 1744 1653 1470 1317 1165 1104 1073 1134 1226 1348 1409 1439
316A Acap  198004182 1439 1378 1256 1134 1043 1043 1073 1165 1317 1500 1622 1744
316A Acap  198004191 1805 1774 1714 1561 1378 1226 1134 1104 1134 1226 1348 1439
316A Acap  198004192 1500 1500 1439 1287 1165 1043 1012 1012 1134 1287 1500 1683
316A Acap  198004201 1805 1866 1835 1714 1531 1317 1165 1043 1043 1104 1195 1348
316A Acap  198004202 1439 1500 1500 1409 1256 1104 1012  952 1012 1134 1317 1531
316A Acap  198004211 1714 1835 1846 1765 1618 1436 1260 1130 1073 1073 1157 1283
316A Acap  198004212 1411 1500 1531 1500 1381 1235 1099 1012 1012 1073 1195 1378
316A Acap  198004221 1561 1714 1805 1774 1683 1531 1378 1195 1104 1073 1104 1195
316A Acap  198004222 1317 1439 1500 1531 1470 1378 1195 1073 1012 1012 1104 1226
316A Acap  198004231 1409 1561 1683 1683 1683 1592 1439 1287 1134 1073 1073 1134
316A Acap  198004232 1256 1378 1470 1531 1531 1439 1348 1226 1104 1073 1104 1195
316A Acap  198004241 1348 1470 1561 1653 1653 1531 1439 1317 1195 1104 1073 1104
316A Acap  198004242 1195 1317 1409 1500 1531 1500 1439 1317 1226 1165 1165 1226
316A Acap  198004251 1317 1409 1500 1561 1622 1592 1500 1409 1287 1195 1165 1134
316A Acap  198004252 1195 1287 1378 1470 1500 1531 1500 1409 1317 1256 1226 1226
316A Acap  198004261 1256 1348 1409 1470 1500 1500 1470 1409 1348 1287 1226 1226
316A Acap  198004262 1226 1287 1378 1470 1500 1500 1500 1470 1409 1348 1317 1287
316A Acap  198004271 1317 1348 1409 1470 1500 1500 1470 1439 1378 1317 1256 1226
316A Acap  198004272 1226 1257 1313 1379 1439 1470 1500 1470 1439 1378 1348 1317
316A Acap  198004281 1317 1348 1348 1378 1439 1439 1439 1409 1348 1317 1287 1256
316A Acap  198004282 1256 1256 1287 1348 1378 1439 1439 1470 1470 1470 1409 1378
316A Acap  198004291 1378 1348 1317 1348 1348 1378 1348 1348 1317 1317 1287 1256
316A Acap  198004292 1256 1256 1287 1348 1378 1317 1439 1470 1500 1500 1500 1500
316A Acap  198004301 1439 1439 1378 1348 1317 1317 1317 1317 1317 1317 1317 1317
316A Acap  198004302 1287 1256 1256 1287 1317 1378 1409 1470 1531 1561 1561 1561
316A Acap  198005011 1561 1500 1409 1348 1317 1287 1256 1256 1287 1317 1317 1317
316A Acap  198005012 1317 1287 1226 1226 1226 1256 1317 1409 1500 9999 9999 9999
316A Acap  198005021 9999 9999 9999 9999 9999 9999 9999 9999 9999 9999 9999 9999
316A Acap  198005022 9999 9999 9999 9999 9999 9999 9999 9999 9999 9999 9999 9999
316A Acap  198005031 9999 9999 9999 9999 9999 9999 9999 9999 9999 9999 9999 9999
316A Acap  198005032 9999 9999 9999 9999 9999 9999 9999 9999 9999 9999 9999 9999
316A Acap  198005041 9999 9999 9999 9999 9999 9999 9999 9999 9999 9999 9999 9999
316A Acap  198005042 9999 9999 9999 9999 9999 9999 9999 9999 9999 9999 9999 9999
316A Acap  198005051 9999 9999 9999 9999 9999 9999 9999 9999 9999 9999 9999 9999
316A Acap  198005052 9999 9999 9999 9999 9999 9999 9999 9999 9999 9999 9999 9999
316A Acap  198005061 9999 9999 9999 9999 9999 9999 9999 9999 9999 9999 9999 9999
316A Acap  198005062 9999 9999 9999 9999 9999 9999 9999 9999 9999 9999 9999 9999
316A Acap  198005071 9999 9999 9999 9999 9999 9999 9999 9999 9999 9999 9999 9999
316A Acap  198005072 9999 9999 9999 9999 9999 9999 9999 9999 9999 9999 9999 9999
316A Acap  198005081 9999 9999 9999 9999 9999 9999 9999 9999 9999 9999 9999 9999
316A Acap  198005082 9999 9999 9999 9999 9999 9999 9999 9999 9999 9999 9999 9999
316A Acap  198005091 9999 9999 9999 9999 9999 9999 9999 9999 9999 9999 9999 9999
316A Acap  198005092 9999 9999 9999 9999 9999 9999 9999 9999 9999 9999 9999 9999
316A Acap  198005101 9999 9999 9999 9999 9999 9999 9999 9999 9999 9999 9999 9999
316A Acap  198005102 9999 9999 9999 9999 9999 9999 9999 9999 9999 9999 9999 9999
316A Acap  198005111 9999 9999 9999 9999 9999 9999 9999 9999 9999 9999 9999 9999
316A Acap  198005112 9999 9999 9999 9999 9999 9999 9999 9999 9999 9999 9999 9999
316A Acap  198005121 9999 9999 9999 9999 9999 9999 9999 9999 9999 9999 9999 9999
316A Acap  198005122 9999 9999 9999 9999 9999 9999 9999 9999 9999 9999 9999 9999
316A Acap  198005131 9999 9999 9999 9999 9999 9999 9999 9999 9999 9999 9999 9999
316A Acap  198005132 9999 9999 9999 9999 9999 9999 9999 9999 9999 9999 9999 9999
316A Acap  198005141 9999 9999 9999 9999 9999 9999 9999 9999 9999 9999 9999 9999
316A Acap  198005142 9999 9999 9999 9999 9999 9999 9999 9999 9999 9999 9999 9999
316A Acap  198005151 9999 9999 9999 9999 9999 9999 9999 9999 9999 9999 9999 9999
316A Acap  198005152 9999 9999 9999 9999 9999 9999 9999 9999 9999 9999 9999 9999
316A Acap  198005161 9999 9999 9999 9999 9999 9999 9999 9999 9999 9999 9999 9999
316A Acap  198005162 9999 9999 9999 9999 9999 9999 9999 9999 9999 9999 9999 9999
316A Acap  198005171 9999 9999 9999 9999 9999 9999 9999 9999 9999 9999 9999 9999
316A Acap  198005172 9999 9999 9999 9999 9999 9999 9999 9999 9999 9999 9999 9999
316A Acap  198005181 9999 9999 9999 9999 9999 9999 9999 9999 9999 9999 9999 9999
316A Acap  198005182 9999 9999 9999 9999 9999 9999 9999 9999 9999 9999 9999 9999
316A Acap  198005191 9999 9999 9999 9999 9999 9999 9999 9999 9999 9999 9999 9999
316A Acap  198005192 9999 9999 9999 9999 9999 9999 9999 1104 1195 1348 1500 1683
316A Acap  198005201 1805 1835 1805 1683 1561 1348 1195 1134 1134 1165 1287 1439
316A Acap  198005202 1561 1592 1592 1561 1439 1317 1226 1165 1195 1287 1439 1561
316A Acap  198005211 1714 1805 1835 1774 1653 1500 1317 1195 1104 1134 1195 1317
316A Acap  198005212 1439 1531 1592 1561 1470 1378 1256 1195 1195 1226 1317 1470
316A Acap  198005221 1592 1714 1774 1774 1683 1500 1378 1256 1165 1134 1195 1287
316A Acap  198005222 1378 1500 1592 1592 1561 1470 1348 1256 1256 1256 1287 1378
316A Acap  198005231 1500 1622 1683 1714 1653 1561 1439 1287 1195 1195 1226 1287
316A Acap  198005232 1378 1500 1561 1592 1622 1561 1470 1378 1317 1287 1317 1378
316A Acap  198005241 1470 1561 1592 1653 1653 1561 1470 1409 1317 1256 1287 1287
316A Acap  198005242 1348 1439 1561 1653 1683 1683 1622 1531 1470 1409 1378 1439
316A Acap  198005251 1500 1561 1622 1653 1683 1683 1592 1500 1439 1348 1348 1348
316A Acap  198005252 1409 1500 1592 1653 1714 1744 1744 1683 1622 1561 1500 1531
316A Acap  198005261 1561 1561 1592 1622 1653 1622 1592 1531 1439 1378 1378 1378
316A Acap  198005262 1409 1500 1592 1683 1714 1744 1744 1714 1653 1622 1592 1561
316A Acap  198005271 1561 1592 1622 1622 1622 1592 1531 1500 1439 1378 1348 1348
316A Acap  198005272 1378 1439 1500 1531 1653 1714 1744 1744 1744 1683 1653 1622
316A Acap  198005281 1592 1561 1531 1500 1531 1531 1531 1470 1439 1409 1378 1317
316A Acap  198005282 1348 1378 1409 1500 1561 1622 1683 1744 1744 1744 1683 1622
316A Acap  198005291 1622 1561 1531 1500 1470 1439 1439 1470 1409 1378 1378 1348
316A Acap  198005292 1348 1348 1378 1409 1470 1561 1622 1683 1744 1744 1744 1714
316A Acap  198005301 1653 1592 1531 1500 1439 1409 1378 1378 1409 1378 1348 1348
316A Acap  198005302 1317 1287 1317 1317 1409 1439 1531 1653 1714 1774 1774 1744
316A Acap  198005311 1714 1622 1531 1470 1409 1378 1348 1378 1378 1378 1378 1409
316A Acap  198005312 1378 1348 1317 1317 1348 1409 1500 1622 1683 1774 1835 1805
316A Acap  198006011 1805 1714 1622 1500 1439 1378 1348 1348 1348 1439 1470 1409
316A Acap  198006012 1378 1378 1348 1287 1287 1348 1409 1531 1622 1714 1835 1866
316A Acap  198006021 1835 1774 1683 1561 1439 1378 1317 1317 1348 1378 1378 1409
316A Acap  198006022 1409 1378 1348 1287 1256 1226 1287 1378 1500 1622 1744 1805
316A Acap  198006031 1835 1805 1683 1561 1439 1317 1256 1256 1287 1317 1378 1439
316A Acap  198006032 1439 1409 1409 1348 1256 1195 1195 1226 1348 1500 1622 1744
316A Acap  198006041 1805 1774 1714 1592 1470 1348 1256 1226 1256 1317 1378 1439
316A Acap  198006042 1500 1531 1500 1439 1348 1256 1226 1226 1287 1409 1531 1653
316A Acap  198006051 1774 1805 1774 1714 1561 1378 1287 1226 1195 1226 1317 1409
316A Acap  198006052 1531 1561 1561 1500 1409 1317 1226 1195 1195 1287 1470 1592
316A Acap  198006061 1714 1774 1774 1683 1561 1409 1256 1165 1104 1165 1226 1348
316A Acap  198006062 1470 1561 1592 1592 1531 1439 1317 1226 1195 1226 1317 1439
316A Acap  198006071 1561 1683 1714 1653 1592 1439 1287 1195 1104 1104 1195 1348
316A Acap  198006072 1439 1531 1622 1622 1622 1561 1439 1348 1287 1256 1287 1378
316A Acap  198006081 1500 1592 1653 1653 1622 1500 1378 1226 1104 1073 1134 1195
316A Acap  198006082 1317 1470 1561 1653 1683 1653 1561 1439 1317 1256 1287 1317
316A Acap  198006091 1409 1500 1561 1592 1561 1470 1348 1226 1134 1043 1043 1104
316A Acap  198006092 1226 1378 1531 1622 1683 1714 1683 1561 1439 1348 1287 1287
316A Acap  198006101 1317 1378 1439 1500 1500 1470 1409 1287 1165 1073 1012 1043
316A Acap  198006102 1073 1195 1348 1500 1622 1714 1744 1683 1592 1500 1409 1317
316A Acap  198006111 1287 1287 1348 1409 1439 1439 1409 1348 1256 1134 1012  982
316A Acap  198006112  982 1043 1165 1317 1470 1561 1683 1714 1653 1592 1470 1348
316A Acap  198006121 1317 1256 1287 1317 1378 1378 1409 1378 1317 1226 1134 1043
316A Acap  198006122 1012 1073 1165 1287 1439 1561 1714 1744 1774 1744 1622 1531
316A Acap  198006131 1409 1348 1317 1317 1317 1378 1439 1439 1409 1317 1256 1195
316A Acap  198006132 1104 1043 1104 1195 1317 1470 1622 1714 1774 1805 1805 1714
316A Acap  198006141 1592 1470 1378 1317 1317 1378 1409 1409 1439 1439 1409 1317
316A Acap  198006142 1226 1134 1073 1104 1165 1287 1409 1561 1683 1774 1835 1835
316A Acap  198006151 1744 1653 1470 1348 1256 1256 1287 1348 1409 1439 1439 1439
316A Acap  198006152 1348 1287 1165 1134 1134 1195 1317 1439 1561 1714 1805 1866
316A Acap  198006161 1805 1714 1592 1470 1317 1256 1256 1287 1348 1409 1470 1531
316A Acap  198006162 1500 1470 1378 1287 1226 1195 1226 1348 1470 1622 1744 1835
316A Acap  198006171 1866 1835 1744 1592 1470 1317 1256 1226 1256 1348 1470 1500
316A Acap  198006172 1561 1561 1500 1409 1317 1256 1256 1287 1348 1470 1622 1744
316A Acap  198006181 1835 1866 1805 1714 1561 1409 1287 1226 1226 1287 1409 1531
316A Acap  198006182 1592 1622 1622 1531 1409 1317 1256 1256 1317 1378 1531 1622
316A Acap  198006191 1744 1835 1805 1714 1592 1439 1287 1195 1195 1226 1317 1439
316A Acap  198006192 1561 1622 1622 1561 1500 1378 1287 1226 1226 1256 1378 1500
316A Acap  198006201 1622 1744 1744 1683 1561 1439 1256 1165 1104 1104 1165 1287
316A Acap  198006202 1378 1500 1561 1561 1470 1378 1287 1195 1134 1165 1226 1317
316A Acap  198006211 1439 1561 1622 1622 1531 1439 1317 1226 1134 1104 1134 1226
316A Acap  198006212 1348 1500 1561 1622 1622 1592 1470 1378 1287 1226 1256 1317
316A Acap  198006221 1409 1500 1561 1592 1561 1500 1378 1287 1195 1104 1104 1195
316A Acap  198006222 1317 1439 1561 1592 1622 1592 1531 1409 1317 1287 1287 1287
316A Acap  198006231 1348 1439 1500 1531 1500 1470 1378 1287 1195 1134 1104 1134
316A Acap  198006232 1256 1378 1500 1592 1653 1622 1592 1531 1470 1409 1378 1378
316A Acap  198006241 1409 1470 1500 1531 1531 1470 1409 1317 1256 1226 1195 1226
316A Acap  198006242 1317 1409 1500 1592 1683 1683 1683 1622 1561 1500 1470 1439
316A Acap  198006251 1439 1500 1500 1531 1561 1531 1500 1439 1317 1256 1256 1287
316A Acap  198006252 1348 1439 1531 1653 1744 1805 1866 1835 1774 1714 1683 1622
316A Acap  198006261 1561 1561 1622 1622 1622 1622 1561 1531 1470 1378 1348 1287
316A Acap  198006262 1317 1409 1500 1592 1683 1774 1835 1835 1805 1744 1683 1622
316A Acap  198006271 1561 1500 1500 1500 1500 1500 1470 1470 1439 1348 1317 1287
316A Acap  198006272 1287 1317 1378 1470 1592 1653 1714 1805 1835 1805 1744 1683
316A Acap  198006281 1592 1531 1500 1470 1470 1470 1470 1470 1409 1348 1287 1256
316A Acap  198006282 1226 1195 1226 1287 1409 1531 1622 1714 1744 1774 1744 1714
316A Acap  198006291 1622 1531 1470 1409 1378 1378 1378 1378 1378 1348 1348 1317
316A Acap  198006292 1287 1256 1195 1226 1317 1409 1561 1653 1744 1805 1774 1774
316A Acap  198006301 1683 1561 1470 1409 1348 1317 1378 1378 1378 1409 1378 1378
316A Acap  198006302 1317 1256 1195 1195 1226 1256 1348 1470 1561 1653 1744 1744
316A Acap  198007011 1683 1592 1500 1378 1317 1317 1317 1348 1378 1378 1409 1409
316A Acap  198007012 1378 1348 1287 1195 1195 1226 1317 1409 1531 1653 1744 1805
316A Acap  198007021 1744 1714 1592 1409 1317 1287 1287 1317 1348 1439 1470 1531
316A Acap  198007022 1531 1531 1439 1378 1317 1287 1317 1409 1500 1653 1744 1835
316A Acap  198007031 1866 1805 1714 1561 1409 1348 1317 1317 1348 1409 1500 1592
316A Acap  198007032 1653 1653 1592 1500 1409 1348 1317 1378 1439 1561 1683 1835
316A Acap  198007041 1866 1835 1744 1592 1470 1348 1256 1256 1317 1409 1531 1622
316A Acap  198007042 1714 1744 1744 1683 1592 1470 1378 1317 1348 1409 1561 1683
316A Acap  198007051 1774 1805 1774 1714 1561 1409 1317 1256 1226 1287 1409 1531
316A Acap  198007052 1653 1774 1835 1774 1714 1622 1500 1439 1409 1439 1470 1592
316A Acap  198007061 1744 1805 1835 1774 1683 1500 1378 1256 1165 1165 1287 1439
316A Acap  198007062 1592 1744 1805 1835 1805 1744 1622 1531 1439 1409 1439 1500
316A Acap  198007071 1622 1683 1714 1744 1683 1561 1439 1317 1195 1134 1165 1287
316A Acap  198007072 1439 1622 1774 1866 1866 1835 1774 1622 1500 1439 1409 1439
316A Acap  198007081 1500 1592 1653 1714 1714 1653 1500 1348 1226 1134 1134 1195
316A Acap  198007082 1348 1531 1653 1774 1866 1896 1835 1744 1622 1531 1439 1439
316A Acap  198007091 1470 1500 1561 1622 1622 1622 1561 1409 1287 1165 1104 1134
316A Acap  198007092 1226 1348 1500 1714 1835 1896 1896 1835 1744 1622 1531 1439
316A Acap  198007101 1409 1439 1500 1561 1592 1592 1592 1500 1378 1256 1165 1104
316A Acap  198007102 1134 1226 1378 1531 1683 1774 1866 1866 1835 1744 1653 1561
316A Acap  198007111 1470 1439 1470 1500 1561 1592 1592 1561 1470 1378 1287 1226
316A Acap  198007112 1195 1226 1317 1470 1592 1714 1805 1866 1866 1774 1714 1592
316A Acap  198007121 1561 1470 1470 1439 1500 1531 1561 1561 1531 1470 1378 1287
316A Acap  198007122 1256 1226 1287 1317 1409 1531 1653 1774 1835 1835 1805 1744
316A Acap  198007131 1622 1561 1531 1470 1439 1470 1470 1531 1531 1531 1470 1409
316A Acap  198007132 1348 1287 1256 1256 1348 1409 1531 1653 1774 1835 1835 1774
316A Acap  198007141 1714 1653 1561 1470 1409 1378 1409 1470 1470 1500 1531 1500
316A Acap  198007142 1439 1378 1348 1317 1317 1348 1409 1531 1653 1744 1835 1835
316A Acap  198007151 1805 1683 1592 1500 1378 1348 1287 1348 1409 1470 1561 1561
316A Acap  198007152 1531 1500 1439 1378 1348 1317 1348 1409 1531 1622 1744 1805
316A Acap  198007161 1805 1774 1653 1500 1348 1287 1256 1287 1317 1378 1470 1531
316A Acap  198007162 1592 1561 1531 1439 1378 1317 1317 1348 1439 1561 1683 1744
316A Acap  198007171 1835 1835 1744 1622 1470 1348 1317 1287 1317 1378 1470 1592
316A Acap  198007172 1653 1683 1653 1592 1531 1439 1378 1378 1409 1500 1622 1714
316A Acap  198007181 1805 1835 1805 1683 1592 1439 1317 1256 1287 1348 1439 1561
316A Acap  198007182 1653 1714 1683 1622 1561 1470 1348 1348 1348 1409 1500 1622
316A Acap  198007191 1714 1774 1774 1714 1592 1439 1317 1256 1226 1256 1348 1439
316A Acap  198007192 1592 1653 1714 1714 1653 1561 1470 1378 1378 1409 1470 1561
316A Acap  198007201 1653 1714 1744 1714 1622 1500 1409 1256 1226 1226 1287 1409
316A Acap  198007202 1531 1653 1744 1774 1744 1653 1561 1470 1409 1378 1409 1500
316A Acap  198007211 1622 1683 1744 1714 1653 1561 1470 1378 1287 1256 1287 1378
316A Acap  198007212 1500 1622 1744 1805 1805 1774 1683 1592 1500 1500 1500 1500
316A Acap  198007221 1561 1592 1653 1653 1622 1500 1409 1317 1256 1226 1256 1348
316A Acap  198007222 1439 1592 1714 1805 1805 1774 1714 1622 1531 1470 1470 1470
316A Acap  198007231 1500 1561 1592 1622 1592 1531 1470 1378 1287 1195 1195 1226
316A Acap  198007232 1348 1470 1622 1744 1805 1774 1744 1653 1561 1500 1470 1470
316A Acap  198007241 1500 1531 1531 1561 1531 1500 1409 1317 1256 1195 1165 1195
316A Acap  198007242 1287 1409 1531 1653 1744 1774 1774 1683 1592 1561 1531 1470
316A Acap  198007251 1470 1500 1561 1561 1561 1500 1439 1378 1256 1195 1165 1195
316A Acap  198007252 1226 1317 1439 1531 1622 1714 1744 1714 1683 1622 1561 1500
316A Acap  198007261 1470 1470 1500 1531 1531 1500 1439 1409 1348 1256 1195 1165
316A Acap  198007262 1195 1256 1348 1500 1622 1683 1774 1774 1774 1714 1683 1622
316A Acap  198007271 1622 1592 1592 1592 1592 1561 1561 1500 1378 1348 1287 1256
316A Acap  198007272 1256 1287 1348 1470 1561 1683 1774 1835 1866 1835 1805 1714
316A Acap  198007281 1653 1622 1622 1622 1592 1561 1561 1561 1500 1439 1348 1317
316A Acap  198007282 1317 1317 1348 1409 1470 1561 1714 1774 1835 1835 1805 1744
316A Acap  198007291 1653 1592 1561 1500 1500 1500 1500 1500 1500 1500 1458 1399
316A Acap  198007292 1339 1287 1256 1287 1317 1409 1531 1653 1744 1774 1774 1714
316A Acap  198007301 1653 1561 1470 1409 1378 1409 1439 1470 1531 1531 1531 1470
316A Acap  198007302 1439 1378 1317 1287 1317 1348 1409 1500 1622 1683 1744 1744
316A Acap  198007311 1714 1653 1561 1439 1378 1317 1317 1348 1409 1500 1561 1592
316A Acap  198007312 1561 1500 1439 1317 1256 1256 1287 1348 1439 1561 1653 1714
316A Acap  198008011 1744 1683 1592 1439 1317 1226 1195 1226 1287 1378 1500 1592
316A Acap  198008012 1622 1653 1622 1500 1378 1317 1226 1226 1317 1409 1531 1653
316A Acap  198008021 1683 1683 1592 1439 1317 1195 1134 1134 1195 1317 1470 1592
316A Acap  198008022 1683 1744 1714 1622 1500 1378 1287 1226 1256 1317 1439 1592
316A Acap  198008031 1683 1714 1653 1561 1409 1256 1134 1073 1104 1195 1317 1470
316A Acap  198008032 1622 1744 1805 1774 1653 1531 1378 1287 1226 1256 1317 1470
316A Acap  198008041 1622 1714 1714 1653 1561 1409 1256 1134 1073 1134 1226 1348
316A Acap  198008042 1500 1683 1805 1835 1805 1683 1561 1439 1317 1287 1317 1378
316A Acap  198008051 1500 1622 1653 1683 1622 1470 1317 1195 1134 1104 1165 1287
316A Acap  198008052 1470 1653 1805 1896 1927 1866 1744 1622 1531 1409 1378 1409
316A Acap  198008061 1500 1561 1653 1683 1653 1561 1439 1317 1226 1165 1165 1256
316A Acap  198008062 1378 1561 1683 1866 1927 1927 1866 1744 1653 1531 1470 1409
316A Acap  198008071 1439 1531 1622 1653 1714 1683 1561 1409 1287 1195 1134 1134
316A Acap  198008072 1256 1409 1561 1714 1805 1866 1835 1774 1653 1561 1470 1409
316A Acap  198008081 1409 1439 1470 1531 1561 1561 1531 1439 1348 1195 1134 1134
316A Acap  198008082 1165 1256 1378 1531 1683 1744 1774 1744 1683 1561 1470 1409
316A Acap  198008091 1378 1348 1378 1470 1500 1500 1500 1439 1348 1226 1134 1073
316A Acap  198008092 1043 1104 1195 1317 1470 1592 1683 1714 1653 1592 1500 1409
316A Acap  198008101 1348 1287 1287 1317 1378 1439 1439 1439 1378 1317 1226 1134
316A Acap  198008102 1104 1134 1165 1256 1378 1500 1592 1653 1683 1653 1592 1531
316A Acap  198008111 1439 1348 1287 1317 1317 1378 1409 1439 1439 1409 1348 1287
316A Acap  198008112 1256 1195 1165 1195 1256 1348 1470 1531 1622 1683 1653 1622
316A Acap  198008121 1561 1439 1378 1317 1317 1317 1317 1348 1378 1409 1409 1409
316A Acap  198008122 1348 1287 1226 1226 1226 1287 1378 1470 1561 1622 1653 1653
316A Acap  198008131 1622 1500 1378 1317 1256 1256 1256 1317 1378 1409 1470 1500
316A Acap  198008132 1470 1439 1378 1287 1256 1256 1317 1378 1470 1592 1653 1683
316A Acap  198008141 1683 1622 1500 1409 1317 1287 1287 1317 1348 1439 1500 1561
316A Acap  198008142 1561 1561 1500 1439 1348 1317 1317 1378 1439 1500 1592 1653
316A Acap  198008151 1683 1622 1592 1470 1348 1287 1226 1256 1287 1378 1470 1561
316A Acap  198008152 1592 1622 1592 1531 1439 1348 1317 1317 1348 1439 1531 1622
316A Acap  198008161 1653 1622 1561 1470 1348 1256 1226 1226 1256 1378 1470 1561
316A Acap  198008162 1622 1683 1622 1561 1439 1348 1287 1256 1256 1317 1409 1531
316A Acap  198008171 1561 1592 1561 1500 1348 1256 1195 1165 1195 1256 1378 1470
316A Acap  198008172 1592 1653 1653 1653 1561 1409 1317 1256 1256 1256 1348 1439
316A Acap  198008181 1531 1592 1561 1500 1439 1348 1256 1226 1226 1256 1348 1470
316A Acap  198008182 1622 1683 1744 1744 1683 1592 1470 1378 1348 1317 1378 1439
316A Acap  198008191 1531 1561 1592 1561 1500 1409 1317 1256 1195 1226 1317 1439
316A Acap  198008192 1531 1653 1744 1774 1744 1683 1622 1500 1409 1378 1409 1439
316A Acap  198008201 1500 1561 1622 1592 1531 1439 1348 1226 1165 1165 1256 1378
316A Acap  198008202 1500 1653 1714 1774 1744 1683 1622 1500 1439 1378 1378 1439
316A Acap  198008211 1500 1531 1561 1561 1500 1439 1317 1195 1134 1134 1165 1256
316A Acap  198008212 1378 1531 1683 1744 1774 1744 1683 1622 1500 1470 1439 1470
316A Acap  198008221 1500 1531 1561 1531 1500 1439 1317 1226 1195 1165 1165 1226
316A Acap  198008222 1317 1470 1592 1683 1774 1774 1744 1653 1561 1500 1470 1470
316A Acap  198008231 1500 1531 1561 1561 1531 1494 1426 1340 1256 1195 1165 1195
316A Acap  198008232 1317 1439 1561 1683 1744 1774 1774 1744 1683 1592 1561 1531
316A Acap  198008241 1500 1531 1561 1592 1592 1561 1500 1439 1317 1256 1195 1195
316A Acap  198008242 1256 1348 1470 1592 1683 1744 1774 1774 1744 1653 1592 1561
316A Acap  198008251 1531 1561 1561 1622 1622 1622 1592 1531 1409 1348 1287 1256
316A Acap  198008252 1287 1348 1409 1500 1622 1683 1774 1774 1774 1683 1622 1561
316A Acap  198008261 1500 1500 1500 1500 1561 1561 1561 1531 1500 1439 1378 1348
316A Acap  198008262 1317 1317 1378 1439 1500 1592 1683 1744 1744 1744 1683 1592
316A Acap  198008271 1531 1500 1439 1439 1500 1531 1561 1592 1561 1531 1500 1439
316A Acap  198008272 1378 1348 1317 1317 1378 1470 1531 1622 1653 1714 1683 1622
316A Acap  198008281 1531 1439 1409 1378 1378 1378 1439 1500 1592 1622 1653 1622
316A Acap  198008282 1500 1439 1409 1378 1378 1378 1439 1531 1622 1653 1714 1714
316A Acap  198008291 1653 1561 1470 1378 1317 1317 1348 1439 1531 1653 1744 1714
316A Acap  198008292 1714 1653 1561 1439 1348 1317 1348 1409 1500 1592 1653 1683
316A Acap  198008301 1683 1622 1500 1378 1287 1226 1256 1348 1439 1592 1714 1835
316A Acap  198008302 1866 1835 1744 1622 1470 1378 1317 1348 1378 1470 1592 1683
316A Acap  198008311 1744 1744 1683 1500 1348 1256 1165 1195 1287 1439 1622 1774
316A Acap  198008312 1896 1927 1866 1774 1622 1470 1348 1287 1287 1378 1500 1622
316A Acap  198009011 1714 1744 1683 1592 1439 1256 1134 1073 1134 1287 1439 1622
316A Acap  198009012 1835 1927 1988 1927 1774 1622 1439 1317 1256 1287 1378 1500
316A Acap  198009021 1653 1744 1774 1714 1592 1439 1287 1165 1134 1195 1287 1500
316A Acap  198009022 1714 1866 1988 2018 1957 1805 1592 1439 1378 1348 1409 1500
316A Acap  198009031 1622 1744 1774 1744 1683 1531 1348 1226 1134 1165 1256 1439
316A Acap  198009032 1622 1774 1866 1988 1957 1866 1744 1561 1439 1378 1348 1439
316A Acap  198009041 1500 1622 1714 1744 1714 1592 1439 1287 1165 1104 1134 1256
316A Acap  198009042 1439 1622 1805 1927 1957 1927 1805 1653 1500 1409 1378 1378
316A Acap  198009051 1439 1531 1622 1683 1683 1622 1500 1348 1226 1134 1134 1195
316A Acap  198009052 1287 1439 1622 1744 1835 1866 1835 1714 1561 1470 1409 1378
316A Acap  198009061 1409 1470 1531 1592 1622 1622 1531 1439 1317 1226 1165 1195
316A Acap  198009062 1256 1378 1500 1653 1744 1805 1835 1744 1653 1531 1470 1409
316A Acap  198009071 1409 1439 1500 1531 1592 1592 1592 1531 1439 1317 1256 1226
316A Acap  198009072 1226 1287 1378 1531 1622 1683 1714 1714 1683 1622 1561 1470
316A Acap  198009081 1439 1409 1439 1470 1500 1500 1531 1531 1500 1439 1348 1317
316A Acap  198009082 1317 1317 1378 1439 1500 1592 1653 1714 1714 1653 1622 1592
316A Acap  198009091 1531 1500 1470 1470 1470 1491 1514 1532 1531 1500 1470 1439
316A Acap  198009092 1378 1378 1378 1378 1439 1500 1561 1592 1653 1714 1683 1653
316A Acap  198009101 1592 1531 1470 1470 1470 1500 1531 1561 1622 1653 1653 1622
316A Acap  198009102 1592 1531 1500 1470 1470 1470 1500 1561 1653 1683 1683 1653
316A Acap  198009111 1653 1622 1531 1500 1439 1439 1470 1500 1561 1622 1653 1653
316A Acap  198009112 1622 1592 1561 1500 1439 1439 1439 1470 1531 1622 1653 1683
316A Acap  198009121 1653 1592 1531 1439 1409 1378 1378 1439 1500 1561 1653 1714
316A Acap  198009122 1744 1683 1592 1500 1439 1378 1348 1378 1439 1531 1592 1653
316A Acap  198009131 1683 1683 1592 1500 1409 1348 1317 1378 1439 1531 1622 1683
316A Acap  198009132 1714 1744 1653 1592 1500 1409 1348 1348 1348 1439 1500 1592
316A Acap  198009141 1653 1653 1622 1531 1409 1348 1256 1287 1348 1409 1500 1622
316A Acap  198009142 1714 1744 1744 1683 1531 1439 1378 1348 1317 1378 1470 1561
316A Acap  198009151 1622 1683 1653 1561 1470 1378 1348 1287 1317 1409 1531 1683
316A Acap  198009152 1774 1835 1866 1805 1714 1622 1470 1409 1378 1409 1470 1561
316A Acap  198009161 1622 1653 1683 1653 1592 1470 1378 1348 1378 1470 1561 1683
316A Acap  198009162 1805 1896 1927 1927 1805 1683 1561 1500 1439 1439 1531 1592
316A Acap  198009171 1653 1714 1714 1683 1622 1531 1439 1348 1348 1378 1500 1653
316A Acap  198009172 1805 1896 1957 1957 1896 1744 1592 1500 1439 1439 1500 1561
316A Acap  198009181 1622 1683 1714 1653 1592 1470 1378 1299 1272 1312 1409 1531
316A Acap  198009182 1683 1835 1896 1896 1866 1774 1653 1500 1439 1409 1439 1500
316A Acap  198009191 1592 1653 1683 1653 1592 1470 1348 1256 1195 1195 1287 1409
316A Acap  198009192 1531 1653 1774 1835 1835 1744 1622 1531 1439 1409 1378 1439
316A Acap  198009201 1500 1561 1592 1592 1561 1470 1378 1256 1195 1195 1256 1348
316A Acap  198009202 1470 1622 1744 1835 1835 1805 1744 1622 1531 1439 1439 1470
316A Acap  198009211 1500 1561 1622 1653 1622 1561 1470 1317 1256 1226 1256 1317
316A Acap  198009212 1409 1561 1714 1805 1866 1866 1805 1714 1622 1561 1500 1500
316A Acap  198009221 1561 1622 1683 1744 1744 1683 1592 1470 1378 1317 1317 1348
316A Acap  198009222 1439 1531 1653 1774 1835 1866 1835 1774 1653 1592 1561 1561
316A Acap  198009231 1592 1653 1714 1744 1774 1774 1714 1622 1531 1470 1439 1439
316A Acap  198009232 1470 1531 1622 1744 1805 1835 1835 1805 1744 1653 1561 1531
316A Acap  198009241 1500 1531 1561 1653 1683 1714 1744 1714 1653 1561 1470 1409
316A Acap  198009242 1378 1348 1409 1500 1592 1653 1683 1744 1683 1622 1561 1470
316A Acap  198009251 1378 1348 1378 1470 1531 1653 1683 1744 1714 1714 1653 1561
316A Acap  198009252 1500 1409 1378 1378 1409 1500 1561 1622 1653 1653 1592 1500
316A Acap  198009261 1439 1378 1317 1287 1317 1378 1470 1592 1683 1744 1744 1683
316A Acap  198009262 1592 1500 1378 1317 1256 1256 1317 1378 1439 1500 1500 1470
316A Acap  198009271 1378 1287 1195 1134 1134 1195 1256 1378 1531 1622 1714 1744
316A Acap  198009272 1714 1592 1470 1317 1195 1165 1165 1226 1317 1439 1500 1531
316A Acap  198009281 1500 1409 1287 1165 1073 1043 1104 1226 1378 1561 1714 1805
316A Acap  198009282 1835 1774 1653 1500 1317 1195 1134 1165 1226 1317 1470 1561
316A Acap  198009291 1592 1561 1439 1287 1104 1012  982 1043 1165 1348 1531 1744
316A Acap  198009292 1835 1866 1774 1653 1439 1256 1134 1073 1104 1226 1378 1500
316A Acap  198009301 1561 1561 1470 1348 1195 1043  921  921 1012 1165 1378 1592
316A Acap  198009302 1744 1835 1835 1744 1592 1378 1195 1104 1073 1134 1256 1439
316A Acap  198010011 1561 1653 1622 1500 1348 1134  982  891  891  982 1195 1378
316A Acap  198010012 1622 1774 1835 1805 1714 1500 1287 1134 1073 1043 1134 1256
316A Acap  198010021 1409 1531 1592 1561 1439 1256 1104  982  891  952 1073 1226
316A Acap  198010022 1439 1622 1774 1805 1744 1592 1409 1256 1134 1073 1104 1195
316A Acap  198010031 1317 1439 1561 1561 1531 1409 1226 1073  982  952 1012 1104
316A Acap  198010032 1317 1500 1622 1714 1714 1622 1500 1348 1226 1134 1104 1195
316A Acap  198010041 1287 1409 1531 1561 1561 1500 1348 1195 1073 1012 1012 1104
316A Acap  198010042 1256 1378 1561 1653 1714 1683 1592 1439 1317 1226 1165 1195
316A Acap  198010051 1256 1348 1439 1500 1531 1500 1439 1317 1195 1134 1104 1134
316A Acap  198010052 1226 1317 1439 1500 1592 1592 1531 1470 1378 1256 1226 1195
316A Acap  198010061 1226 1287 1378 1439 1500 1531 1500 1409 1317 1226 1195 1165
316A Acap  198010062 1195 1226 1317 1409 1439 1470 1500 1500 1439 1348 1317 1287
316A Acap  198010071 1256 1256 1287 1348 1409 1439 1439 1439 1409 1317 1256 1256
316A Acap  198010072 1226 1256 1287 1317 1378 1409 1439 1439 1409 1409 1378 1317
316A Acap  198010081 1287 1287 1317 1348 1378 1409 1439 1470 1470 1439 1378 1348
316A Acap  198010082 1317 1287 1287 1287 1317 1348 1378 1378 1409 1409 1378 1348
316A Acap  198010091 1317 1287 1287 1287 1317 1348 1378 1439 1470 1470 1470 1439
316A Acap  198010092 1378 1348 1287 1287 1256 1287 1317 1317 1348 1378 1409 1378
316A Acap  198010101 1378 1317 1256 1256 1256 1287 1348 1409 1470 1500 1531 1531
316A Acap  198010102 1500 1439 1348 1317 1256 1256 1256 1256 1317 1348 1378 1409
316A Acap  198010111 1409 1378 1317 1287 1287 1287 1317 1378 1439 1531 1561 1592
316A Acap  198010112 1561 1500 1409 1317 1256 1226 1226 1226 1287 1317 1378 1409
316A Acap  198010121 1409 1348 1287 1226 1195 1195 1226 1287 1378 1470 1561 1592
316A Acap  198010122 1592 1592 1500 1378 1317 1256 1226 1195 1226 1287 1348 1409
316A Acap  198010131 1409 1409 1348 1287 1226 1195 1195 1226 1317 1409 1531 1622
316A Acap  198010132 1653 1653 1561 1439 1348 1287 1195 1165 1195 1256 1317 1378
316A Acap  198010141 1409 1409 1378 1287 1226 1165 1165 1195 1256 1378 1500 1592
316A Acap  198010142 1683 1714 1653 1561 1439 1317 1256 1165 1165 1256 1317 1409
316A Acap  198010151 1439 1439 1409 1348 1256 1195 1134 1134 1195 1317 1470 1622
316A Acap  198010152 1714 1744 1744 1653 1531 1409 1287 1226 1226 1226 1317 1409
316A Acap  198010161 1470 1500 1500 1439 1348 1256 1195 1165 1165 1256 1409 1531
316A Acap  198010162 1683 1744 1774 1744 1653 1531 1409 1317 1256 1226 1287 1378
316A Acap  198010171 1439 1500 1500 1439 1378 1287 1195 1165 1134 1165 1317 1439
316A Acap  198010172 1592 1714 1774 1774 1683 1561 1439 1317 1256 1226 1256 1348
316A Acap  198010181 1439 1500 1561 1531 1470 1348 1226 1165 1134 1165 1256 1378
316A Acap  198010182 1531 1653 1744 1774 1714 1592 1470 1348 1287 1256 1256 1348
316A Acap  198010191 1439 1531 1561 1531 1500 1409 1287 1189 1129 1129 1195 1317
316A Acap  198010192 1470 1592 1714 1744 1714 1653 1500 1409 1317 1287 1287 1348
316A Acap  198010201 1439 1561 1622 1653 1622 1561 1439 1317 1226 1195 1195 1287
316A Acap  198010202 1378 1531 1622 1683 1714 1683 1592 1470 1378 1317 1287 1317
316A Acap  198010211 1378 1500 1592 1653 1653 1622 1531 1409 1317 1256 1226 1287
316A Acap  198010212 1348 1470 1561 1653 1683 1653 1592 1500 1378 1287 1256 1256
316A Acap  198010221 1317 1439 1531 1622 1683 1653 1622 1561 1439 1378 1287 1287
316A Acap  198010222 1287 1348 1439 1531 1592 1622 1592 1500 1409 1348 1287 1226
316A Acap  198010231 1226 1287 1378 1500 1592 1653 1683 1683 1622 1561 1470 1378
316A Acap  198010232 1317 1287 1317 1348 1409 1439 1470 1500 1470 1378 1287 1226
316A Acap  198010241 1195 1195 1226 1317 1409 1531 1622 1683 1714 1653 1592 1500
316A Acap  198010242 1409 1317 1256 1256 1287 1348 1378 1439 1470 1439 1378 1317
316A Acap  198010251 1226 1134 1104 1134 1256 1348 1500 1622 1714 1774 1774 1683
316A Acap  198010252 1561 1470 1317 1226 1195 1226 1287 1348 1409 1439 1439 1378
316A Acap  198010261 1287 1165 1043 1012 1012 1104 1256 1439 1592 1714 1805 1774
316A Acap  198010262 1714 1592 1409 1256 1134 1104 1134 1195 1317 1409 1470 1470
316A Acap  198010271 1409 1317 1195 1043  952  982 1073 1226 1409 1622 1744 1835
316A Acap  198010272 1835 1714 1561 1348 1195 1073 1043 1104 1195 1317 1439 1500
316A Acap  198010281 1500 1439 1287 1134  982  891  952 1043 1226 1439 1653 1805
316A Acap  198010282 1866 1835 1714 1531 1317 1134 1043 1012 1073 1195 1348 1500
316A Acap  198010291 1531 1531 1439 1287 1134 1012  921  982 1104 1287 1500 1683
316A Acap  198010292 1835 1866 1835 1683 1500 1317 1195 1104 1134 1195 1287 1439
316A Acap  198010301 1561 1622 1592 1500 1226 1165 1043  982 1012 1134 1317 1531
316A Acap  198010302 1714 1805 1835 1774 1592 1409 1226 1104 1043 1073 1195 1348
316A Acap  198010311 1470 1592 1592 1561 1439 1287 1134 1073 1073 1134 1256 1439
316A Acap  198010312 1622 1744 1805 1805 1714 1531 1348 1195 1104 1104 1165 1287
316A Acap  198011011 1409 1531 1592 1592 1531 1409 1256 1134 1043 1073 1134 1287
316A Acap  198011012 1439 1592 1683 1714 1683 1561 1378 1256 1134 1104 1138 1226
316A Acap  198011021 1348 1470 1561 1592 1592 1500 1348 1226 1134 1104 1104 1195
316A Acap  198011022 1348 1500 1592 1653 1653 1592 1470 1378 1287 1195 1195 1226
316A Acap  198011031 1317 1409 1531 1592 1622 1592 1500 1378 1287 1226 1195 1226
316A Acap  198011032 1317 1378 1500 1561 1592 1561 1500 1378 1287 1195 1165 1195
316A Acap  198011041 1256 1317 1409 1500 1561 1561 1531 1500 1409 1317 1256 1226
316A Acap  198011042 1287 1348 1439 1470 1531 1531 1470 1409 1348 1256 1195 1195
316A Acap  198011051 1195 1256 1317 1439 1470 1561 1561 1500 1470 1378 1348 1287
316A Acap  198011052 1287 1317 1348 1378 1409 1439 1409 1378 1348 1317 1287 1256
316A Acap  198011061 1256 1287 1348 1409 1470 1500 1531 1531 1500 1500 1439 1409
316A Acap  198011062 1378 1378 1378 1378 1378 1378 1378 1378 1348 1317 1287 1287
316A Acap  198011071 1287 1256 1287 1317 1409 1470 1500 1561 1561 1561 1561 1531
316A Acap  198011072 1500 1470 1409 1378 1348 1348 1317 1317 1317 1317 1317 1317
316A Acap  198011081 1317 1317 1317 1317 1378 1439 1500 1561 1622 1683 1683 1622
316A Acap  198011082 1592 1561 1500 1439 1378 1348 1317 1348 1378 1409 1409 1439
316A Acap  198011091 1439 1409 1378 1348 1378 1439 1500 1561 1653 1715 1750 1750
316A Acap  198011092 1714 1622 1561 1470 1409 1348 1317 1317 1348 1378 1409 1439
316A Acap  198011101 1439 1409 1378 1348 1348 1348 1409 1470 1561 1683 1744 1774
316A Acap  198011102 1774 1714 1622 1531 1409 1348 1287 1256 1317 1348 1378 1409
316A Acap  198011111 1439 1409 1378 1317 1287 1317 1348 1439 1531 1653 1744 1805
316A Acap  198011112 1835 1805 1714 1592 1470 1378 1287 1287 1287 1317 1409 1409
316A Acap  198011121 1439 1409 1348 1287 1256 1226 1256 1287 1409 1531 1653 1744
316A Acap  198011122 1805 1774 1683 1561 1439 1317 1256 1226 1256 1287 1348 1409
316A Acap  198011131 1439 1470 1409 1348 1256 1195 1195 1195 1256 1378 1500 1653
316A Acap  198011132 1744 1774 1744 1653 1531 1409 1256 1195 1195 1226 1287 1348
316A Acap  198011141 1409 1439 1439 1378 1287 1226 1195 1195 1226 1317 1470 1622
316A Acap  198011142 1714 1774 1774 1714 1592 1439 1317 1256 1226 1256 1317 1409
316A Acap  198011151 1500 1561 1531 1500 1409 1317 1226 1195 1226 1287 1409 1531
316A Acap  198011152 1683 1774 1805 1744 1653 1500 1378 1256 1226 1226 1287 1378
316A Acap  198011161 1500 1561 1622 1592 1500 1409 1317 1226 1226 1256 1378 1500
316A Acap  198011162 1622 1744 1774 1744 1683 1531 1378 1287 1226 1195 1256 1348
316A Acap  198011171 1500 1592 1622 1622 1561 1470 1378 1287 1256 1256 1317 1409
316A Acap  198011172 1531 1653 1714 1714 1653 1531 1409 1287 1195 1195 1226 1317
316A Acap  198011181 1409 1531 1622 1653 1622 1561 1439 1317 1256 1226 1256 1317
316A Acap  198011182 1409 1531 1622 1653 1622 1561 1409 1287 1195 1165 1165 1226
316A Acap  198011191 1317 1470 1561 1622 1653 1622 1561 1439 1348 1283 1261 1287
316A Acap  198011192 1378 1439 1531 1561 1561 1531 1439 1317 1226 1165 1134 1165
316A Acap  198011201 1226 1348 1470 1592 1683 1714 1683 1622 1531 1439 1348 1317
316A Acap  198011202 1317 1348 1439 1470 1500 1531 1500 1409 1317 1226 1165 1134
316A Acap  198011211 1165 1226 1348 1470 1592 1683 1744 1744 1683 1592 1500 1409
316A Acap  198011212 1348 1317 1317 1378 1409 1439 1439 1409 1348 1256 1165 1104
316A Acap  198011221 1073 1073 1134 1256 1378 1531 1622 1714 1744 1714 1622 1531
316A Acap  198011222 1409 1317 1287 1256 1287 1287 1348 1378 1378 1348 1287 1226
316A Acap  198011231 1134 1073 1073 1134 1226 1378 1500 1653 1744 1774 1744 1683
316A Acap  198011232 1561 1409 1287 1226 1195 1195 1226 1317 1378 1378 1378 1317
316A Acap  198011241 1195 1104 1043 1012 1073 1195 1378 1531 1683 1774 1835 1805
316A Acap  198011242 1744 1592 1439 1287 1195 1165 1195 1256 1317 1378 1439 1439
316A Acap  198011251 1378 1256 1134 1043 1012 1043 1165 1317 1500 1653 1805 1866
316A Acap  198011252 1866 1744 1592 1439 1256 1165 1134 1165 1226 1348 1439 1500
316A Acap  198011261 1500 1439 1348 1195 1073 1043 1073 1165 1287 1500 1683 1805
316A Acap  198011262 1866 1866 1744 1592 1378 1195 1073 1073 1104 1226 1348 1470
316A Acap  198011271 1531 1531 1439 1317 1165 1043 1012 1043 1134 1317 1500 1683
316A Acap  198011272 1805 1835 1774 1622 1439 1256 1104 1043 1043 1104 1256 1378
316A Acap  198011281 1500 1561 1531 1439 1317 1165 1073 1043 1073 1195 1317 1500
316A Acap  198011282 1653 1744 1774 1683 1531 1348 1195 1073 1043 1073 1195 1317
316A Acap  198011291 1439 1531 1561 1531 1409 1287 1165 1073 1073 1104 1256 1439
316A Acap  198011292 1592 1683 1744 1683 1592 1409 1256 1134 1043 1043 1104 1226
316A Acap  198011301 1348 1470 1531 1531 1470 1378 1226 1134 1104 1104 1165 1287
316A Acap  198011302 1409 1531 1592 1622 1561 1439 1287 1165 1104 1073 1104 1165
316A Acap  198012011 1287 1409 1500 1561 1531 1470 1348 1256 1165 1134 1195 1287
316A Acap  198012012 1378 1500 1561 1592 1561 1500 1378 1256 1165 1134 1165 1226
316A Acap  198012021 1348 1470 1561 1622 1622 1561 1470 1409 1317 1287 1256 1287
316A Acap  198012022 1348 1439 1500 1561 1531 1500 1439 1317 1256 1195 1165 1195
316A Acap  198012031 1287 1378 1470 1561 1592 1622 1592 1500 1439 1378 1348 1317
316A Acap  198012032 1317 1378 1439 1470 1470 1470 1409 1317 1256 1195 1165 1165
316A Acap  198012041 1226 1317 1409 1500 1561 1622 1622 1561 1500 1409 1378 1317
316A Acap  198012042 1317 1378 1409 1439 1409 1409 1348 1317 1287 1256 1226 1226
316A Acap  198012051 1256 1317 1378 1439 1500 1561 1561 1561 1561 1531 1500 1470
316A Acap  198012052 1439 1409 1409 1409 1378 1348 1317 1317 1287 1226 1226 1195
316A Acap  198012061 1226 1256 1317 1409 1439 1500 1531 1561 1561 1531 1500 1470
316A Acap  198012062 1439 1378 1378 1348 1348 1317 1287 1256 1256 1256 1226 1226
316A Acap  198012071 1256 1256 1287 1317 1378 1439 1500 1561 1592 1592 1592 1561
316A Acap  198012072 1531 1470 1409 1378 1287 1256 1256 1256 1256 1226 1226 1226
316A Acap  198012081 1226 1226 1226 1256 1317 1378 1439 1500 1561 1622 1653 1622
316A Acap  198012082 1592 1500 1439 1348 1287 1256 1226 1226 1226 1256 1256 1256
316A Acap  198012091 1256 1226 1226 1226 1256 1317 1378 1470 1531 1622 1653 1653
316A Acap  198012092 1622 1561 1500 1409 1317 1256 1256 1226 1256 1256 1256 1256
316A Acap  198012101 1256 1226 1195 1165 1195 1226 1287 1378 1470 1561 1622 1653
316A Acap  198012102 1622 1561 1470 1378 1287 1226 1195 1195 1226 1256 1256 1287
316A Acap  198012111 1287 1256 1226 1165 1134 1134 1165 1256 1348 1470 1561 1653
316A Acap  198012112 1653 1622 1531 1409 1287 1195 1134 1104 1134 1195 1256 1287
316A Acap  198012121 1317 1317 1256 1195 1104 1104 1104 1134 1226 1378 1500 1592
316A Acap  198012122 1653 1653 1561 1470 1317 1195 1134 1104 1134 1195 1256 1317
316A Acap  198012131 1378 1378 1348 1256 1165 1073 1073 1073 1134 1256 1409 1531
316A Acap  198012132 1622 1653 1622 1531 1378 1256 1134 1073 1073 1134 1226 1317
316A Acap  198012141 1409 1439 1439 1378 1287 1195 1104 1073 1134 1226 1348 1470
316A Acap  198012142 1592 1622 1653 1561 1409 1287 1134 1073 1043 1104 1195 1317
316A Acap  198012151 1409 1500 1531 1500 1439 1317 1226 1165 1165 1226 1317 1470
316A Acap  198012152 1561 1653 1683 1622 1500 1348 1226 1134 1073 1104 1195 1317
316A Acap  198012161 1439 1531 1592 1592 1531 1439 1317 1256 1226 1226 1287 1378
316A Acap  198012162 1470 1592 1653 1622 1561 1470 1317 1195 1104 1073 1104 1195
316A Acap  198012171 1287 1439 1561 1653 1622 1561 1470 1378 1287 1226 1226 1287
316A Acap  198012172 1348 1439 1531 1561 1561 1470 1287 1165 1073 1043 1043 1134
316A Acap  198012181 1256 1378 1531 1622 1653 1653 1592 1500 1409 1317 1287 1287
316A Acap  198012182 1317 1409 1482 1525 1521 1470 1348 1256 1165 1073 1043 1073
316A Acap  198012191 1165 1317 1470 1622 1714 1744 1744 1683 1592 1500 1409 1378
316A Acap  198012192 1378 1378 1439 1500 1531 1500 1470 1348 1256 1134 1073 1073
316A Acap  198012201 1134 1256 1409 1561 1683 1774 1805 1774 1714 1622 1531 1439
316A Acap  198012202 1409 1378 1409 1439 1470 1500 1470 1409 1317 1226 1165 1104
316A Acap  198012211 1104 1195 1287 1439 1561 1683 1744 1805 1805 1774 1714 1622
316A Acap  198012212 1531 1439 1409 1378 1378 1378 1409 1409 1378 1348 1287 1226
316A Acap  198012221 1165 1134 1165 1256 1378 1500 1622 1744 1805 1835 1805 1744
316A Acap  198012222 1622 1500 1409 1348 1317 1317 1348 1409 1439 1409 1409 1317
316A Acap  198012231 1256 1165 1134 1134 1165 1256 1409 1531 1683 1805 1835 1805
316A Acap  198012232 1714 1592 1439 1317 1226 1195 1226 1287 1348 1409 1409 1378
316A Acap  198012241 1317 1195 1104 1073 1073 1134 1287 1470 1592 1714 1805 1835
316A Acap  198012242 1774 1653 1500 1378 1256 1195 1195 1226 1287 1378 1470 1500
316A Acap  198012251 1470 1378 1287 1195 1104 1104 1195 1317 1439 1622 1744 1805
316A Acap  198012252 1835 1774 1622 1470 1317 1195 1134 1134 1226 1317 1409 1500
316A Acap  198012261 1531 1500 1439 1317 1195 1134 1104 1165 1287 1439 1592 1744
316A Acap  198012262 1805 1805 1714 1561 1378 1226 1134 1073 1134 1195 1348 1470
316A Acap  198012271 1561 1561 1531 1441 1323 1210 1134 1104 1165 1256 1409 1561
316A Acap  198012272 1653 1744 1714 1653 1470 1317 1165 1043 1043 1104 1195 1348
316A Acap  198012281 1470 1561 1592 1531 1439 1287 1195 1134 1134 1165 1287 1409
316A Acap  198012282 1531 1622 1653 1622 1500 1348 1195 1073 1043 1043 1134 1256
316A Acap  198012291 1409 1500 1592 1592 1531 1409 1226 1195 1165 1165 1256 1348
316A Acap  198012292 1470 1592 1653 1622 1561 1409 1287 1165 1104 1073 1134 1256
316A Acap  198012301 1378 1500 1592 1653 1653 1561 1439 1317 1256 1226 1256 1317
316A Acap  198012302 1409 1500 1561 1592 1531 1439 1317 1195 1104 1073 1073 1165
316A Acap  198012311 1287 1409 1500 1592 1622 1561 1470 1378 1287 1256 1256 1317
316A Acap  198012312 1378 1439 1500 1531 1500 1470 1378 1256 1195 1134 1134 1195
