316A Acapulco           Mexico              1953 16504N 099547W 0000 3 00000R MM
316A Acap  195301011 1189 1158 1158 1189 1280 1402 1494 1585 1676 1737 1737 1707
316A Acap  195301012 1646 1554 1463 1372 1311 1250 1250 1280 1311 1341 1341 1372
316A Acap  195301021 1341 1280 1250 1219 1250 1311 1402 1524 1646 1737 1768 1768
316A Acap  195301022 1737 1646 1524 1402 1280 1219 1189 1219 1219 1311 1372 1402
316A Acap  195301031 1402 1341 1280 1219 1219 1219 1280 1341 1463 1554 1676 1707
316A Acap  195301032 1707 1646 1554 1433 1311 1219 1158 1189 1219 1280 1341 1402
316A Acap  195301041 1402 1402 1372 1280 1250 1189 1219 1280 1341 1463 1554 1615
316A Acap  195301042 1646 1646 1554 1463 1341 1189 1128 1097 1128 1189 1280 1372
316A Acap  195301051 1494 1463 1433 1372 1280 1219 1158 1189 1250 1311 1433 1524
316A Acap  195301052 1585 1615 1554 1463 1341 1219 1128 1097 1097 1158 1219 1341
316A Acap  195301061 1433 1494 1494 1463 1372 1280 1219 1189 1219 1280 1341 1463
316A Acap  195301062 1554 1615 1615 1524 1402 1280 1158 1097 1097 1128 1219 1341
316A Acap  195301071 1433 1524 1554 1585 1524 1402 1341 1280 1280 1311 1372 1463
316A Acap  195301072 1524 1615 1615 1554 1494 1372 1219 1158 1128 1158 1250 1372
316A Acap  195301081 1494 1585 1676 1676 1615 1524 1402 1311 1280 1250 1280 1341
316A Acap  195301082 1433 1494 1524 1494 1402 1311 1189 1128 1067 1097 1158 1280
316A Acap  195301091 1402 1524 1615 1676 1646 1585 1463 1372 1311 1280 1341 1372
316A Acap  195301092 1433 1524 1554 1524 1463 1341 1250 1158 1097 1067 1128 1250
316A Acap  195301101 1372 1524 1615 1707 1707 1646 1585 1463 1402 1311 1341 1341
316A Acap  195301102 1372 1433 1463 1433 1372 1280 1189 1097 1036  975 1036 1128
316A Acap  195301111 1250 1402 1554 1646 1676 1646 1585 1463 1372 1311 1280 1280
316A Acap  195301112 1341 1372 1372 1402 1341 1250 1128 1036  945  914  945 1006
316A Acap  195301121 1158 1280 1463 1585 1646 1646 1615 1524 1433 1341 1311 1311
316A Acap  195301122 1341 1341 1372 1372 1341 1250 1158 1067  975  914  884  914
316A Acap  195301131 1036 1189 1311 1463 1585 1646 1646 1585 1524 1433 1372 1341
316A Acap  195301132 1341 1341 1372 1372 1372 1311 1219 1128 1036  945  914  914
316A Acap  195301141  975 1067 1219 1372 1494 1615 1646 1646 1615 1554 1494 1433
316A Acap  195301142 1402 1372 1372 1372 1372 1341 1280 1219 1128 1036  975  945
316A Acap  195301151  945 1006 1097 1250 1372 1496 1585 1646 1676 1615 1554 1463
316A Acap  195301152 1402 1372 1341 1311 1341 1341 1311 1250 1219 1158 1067 1036
316A Acap  195301161 1006 1006 1067 1158 1311 1433 1524 1615 1676 1676 1646 1585
316A Acap  195301162 1494 1433 1372 1341 1341 1341 1341 1372 1341 1311 1280 1219
316A Acap  195301171 1158 1128 1097 1097 1189 1280 1402 1494 1585 1646 1646 1615
316A Acap  195301172 1524 1433 1341 1250 1219 1219 1250 1311 1341 1372 1372 1341
316A Acap  195301181 1250 1189 1128 1067 1097 1158 1250 1372 1494 1585 1646 1646
316A Acap  195301182 1585 1494 1341 1219 1158 1128 1158 1219 1280 1372 1433 1463
316A Acap  195301191 1463 1402 1311 1189 1128 1097 1158 1219 1341 1463 1554 1615
316A Acap  195301192 1615 1524 1402 1250 1128 1036 1006 1067 1189 1311 1433 1524
316A Acap  195301201 1585 1554 1494 1372 1250 1158 1128 1128 1219 1311 1433 1524
316A Acap  195301202 1585 1524 1433 1280 1128  975  914  914 1006 1128 1311 1463
316A Acap  195301211 1615 1646 1646 1524 1402 1219 1097 1067 1097 1158 1311 1433
316A Acap  195301212 1524 1585 1524 1433 1280 1128  975  914  975 1067 1219 1402
316A Acap  195301221 1585 1676 1737 1707 1615 1433 1280 1158 1067 1097 1189 1280
316A Acap  195301222 1402 1494 1524 1463 1341 1158  975  884  823  884 1006 1219
316A Acap  195301231 1433 1585 1737 1768 1707 1585 1433 1280 1128 1097 1128 1219
316A Acap  195301232 1341 1433 1494 1494 1402 1250 1067  914  732  792  884 1067
316A Acap  195301241 1280 1463 1646 1768 1768 1676 1524 1372 1219 1128 1097 1158
316A Acap  195301242 1250 1341 1433 1463 1433 1311 1158  975  853  792  823  945
316A Acap  195301251 1097 1311 1494 1646 1707 1707 1585 1463 1341 1219 1158 1158
316A Acap  195301252 1189 1280 1341 1402 1372 1311 1189 1036  914  823  792  853
316A Acap  195301261 1006 1189 1372 1524 1646 1676 1615 1524 1402 1280 1219 1158
316A Acap  195301262 1128 1219 1280 1341 1372 1341 1250 1158 1006  914  853  853
316A Acap  195301271  945 1067 1250 1402 1524 1615 1615 1585 1463 1372 1280 1219
316A Acap  195301272 1189 1189 1250 1280 1341 1341 1280 1219 1158 1036  975  945
316A Acap  195301281  975 1036 1158 1280 1402 1524 1585 1615 1585 1494 1402 1341
316A Acap  195301282 1280 1250 1280 1311 1341 1341 1311 1280 1219 1158 1097 1067
316A Acap  195301291 1036 1097 1189 1280 1372 1463 1524 1554 1585 1524 1494 1433
316A Acap  195301292 1372 1311 1280 1280 1280 1311 1311 1311 1280 1250 1219 1158
316A Acap  195301301 1128 1158 1158 1219 1280 1372 1433 1494 1524 1554 1554 1524
316A Acap  195301302 1463 1402 1341 1280 1280 1280 1280 1280 1280 1280 1280 1280
316A Acap  195301311 1250 1250 1219 1219 1250 1280 1372 1433 1494 1524 1554 1554
316A Acap  195301312 1524 1463 1372 1311 1280 1250 1250 1280 1311 1341 1372 1372
316A Acap  195302011 1341 1311 1280 1219 1219 1280 1280 1372 1433 1494 1554 1554
316A Acap  195302012 1554 1494 1402 1311 1219 1189 1189 1219 1280 1311 1341 1372
316A Acap  195302021 1372 1250 1219 1158 1097 1097 1128 1158 1219 1280 1341 1372
316A Acap  195302022 1402 1372 1311 1219 1097 1036 1006 1036 1067 1158 1250 1311
316A Acap  195302031 1372 1372 1341 1250 1158 1128 1097 1097 1128 1189 1280 1341
316A Acap  195302032 1372 1372 1311 1219 1128 1036  975  975 1006 1097 1189 1311
316A Acap  195302041 1372 1402 1372 1311 1219 1128 1067 1036 1067 1128 1219 1280
316A Acap  195302042 1341 1372 1341 1280 1158 1036  975  914  975 1067 1158 1311
316A Acap  195302051 1402 1494 1494 1433 1341 1250 1128 1067 1067 1097 1158 1219
316A Acap  195302052 1311 1372 1372 1311 1189 1097  975  914  945 1006 1158 1311
316A Acap  195302061 1433 1524 1554 1524 1433 1341 1219 1097 1067 1097 1128 1219
316A Acap  195302062 1280 1341 1372 1341 1250 1158 1036  945  945 1006 1097 1250
316A Acap  195302071 1402 1554 1646 1646 1585 1463 1341 1219 1128 1097 1128 1189
316A Acap  195302072 1280 1341 1372 1341 1280 1158 1036  914  884  914 1006 1158
316A Acap  195302081 1372 1524 1615 1676 1615 1524 1402 1280 1158 1128 1128 1189
316A Acap  195302082 1250 1311 1341 1311 1219 1128 1006  914  853  853  945 1067
316A Acap  195302091 1250 1402 1554 1615 1615 1554 1433 1311 1189 1128 1128 1158
316A Acap  195302092 1189 1250 1280 1280 1219 1128 1006  884  792  762  823  945
316A Acap  195302101 1128 1311 1463 1554 1585 1554 1463 1372 1250 1158 1128 1158
316A Acap  195302102 1189 1280 1311 1311 1250 1158 1036  914  823  762  792  884
316A Acap  195302111 1036 1219 1402 1524 1585 1585 1524 1463 1341 1280 1219 1189
316A Acap  195302112 1219 1250 1280 1311 1280 1219 1128 1006  898  823  792  853
316A Acap  195302121  914 1067 1219 1372 1494 1554 1554 1524 1433 1341 1280 1250
316A Acap  195302122 1250 1280 1341 1372 1372 1341 1250 1158 1067  945  884  884
316A Acap  195302131  945 1036 1158 1280 1402 1494 1524 1524 1463 1402 1311 1250
316A Acap  195302132 1219 1250 1280 1341 1341 1341 1311 1250 1158 1067 1006  945
316A Acap  195302141  945  975 1036 1158 1280 1372 1433 1463 1433 1402 1341 1250
316A Acap  195302142 1219 1158 1158 1189 1250 1280 1311 1311 1280 1250 1189 1128
316A Acap  195302151 1067 1036 1036 1067 1158 1250 1341 1402 1402 1433 1402 1341
316A Acap  195302152 1250 1189 1128 1097 1097 1128 1189 1219 1311 1341 1341 1341
316A Acap  195302161 1280 1219 1158 1097 1097 1128 1158 1219 1311 1341 1372 1341
316A Acap  195302162 1280 1219 1128 1036 1006 1036 1067 1158 1250 1341 1433 1463
316A Acap  195302171 1463 1402 1311 1189 1097 1036 1067 1097 1158 1250 1341 1372
316A Acap  195302172 1372 1280 1158 1067  945  884  884  975 1097 1250 1372 1494
316A Acap  195302181 1554 1524 1463 1311 1158 1036  945  945 1006 1097 1219 1311
316A Acap  195302182 1372 1341 1250 1128  975  853  792  792  914 1067 1280 1463
316A Acap  195302191 1585 1646 1615 1494 1341 1189 1036  975  975 1036 1158 1280
316A Acap  195302192 1402 1433 1402 1311 1158 1006  884  823  884 1006 1189 1402
316A Acap  195302201 1615 1737 1798 1737 1585 1402 1189 1097 1036 1097 1189 1280
316A Acap  195302202 1433 1524 1524 1463 1341 1158 1006  914  914 1006 1158 1341
316A Acap  195302211 1524 1676 1768 1768 1646 1524 1341 1219 1097 1067 1158 1219
316A Acap  195302212 1341 1463 1524 1463 1372 1219 1128 1036  945  975 1097 1250
316A Acap  195302221 1463 1676 1829 1920 1890 1798 1646 1463 1311 1189 1189 1280
316A Acap  195302222 1402 1524 1615 1615 1585 1463 1280 1128 1006  945 1006 1128
316A Acap  195302231 1311 1494 1676 1798 1829 1798 1676 1524 1372 1250 1189 1219
316A Acap  195302232 1311 1402 1494 1554 1524 1463 1341 1189 1097 1006 1006 1128
316A Acap  195302241 1280 1463 1615 1768 1829 1829 1737 1646 1524 1402 1311 1311
316A Acap  195302242 1341 1433 1494 1554 1585 1524 1433 1311 1189 1097 1097 1128
316A Acap  195302251 1219 1280 1402 1494 1554 1585 1585 1524 1402 1311 1250 1219
316A Acap  195302252 1219 1219 1280 1341 1402 1372 1311 1250 1158 1097 1036 1036
316A Acap  195302261 1097 1158 1280 1341 1433 1494 1524 1494 1463 1372 1311 1280
316A Acap  195302262 1250 1250 1280 1341 1372 1402 1341 1280 1250 1250 1250 1280
316A Acap  195302271 1280 1341 1433 1494 1554 1615 1615 1615 1554 1524 1494 1463
316A Acap  195302272 1433 1402 1433 1433 1402 1433 1433 1433 1402 1402 1372 1372
316A Acap  195302281 1341 1341 1372 1433 1463 1524 1554 1585 1585 1585 1554 1524
316A Acap  195302282 1494 1463 1433 1402 1402 1402 1402 1433 1433 1463 1433 1433
316A Acap  195303011 1433 1372 1372 1372 1341 1372 1402 1433 1463 1494 1494 1494
316A Acap  195303012 1463 1463 1402 1372 1341 1341 1341 1341 1402 1433 1433 1433
316A Acap  195303021 1402 1372 1341 1280 1280 1280 1280 1341 1372 1402 1433 1463
316A Acap  195303022 1463 1402 1341 1280 1219 1250 1280 1341 1341 1402 1463 1463
316A Acap  195303031 1463 1402 1341 1280 1250 1219 1189 1189 1250 1280 1311 1341
316A Acap  195303032 1372 1341 1311 1219 1158 1128 1128 1158 1219 1311 1402 1463
316A Acap  195303041 1524 1524 1463 1341 1280 1219 1189 1158 1189 1219 1311 1372
316A Acap  195303042 1402 1341 1311 1250 1179 1132 1122 1149 1219 1311 1402 1494
316A Acap  195303051 1554 1554 1524 1463 1341 1250 1158 1128 1128 1189 1250 1311
316A Acap  195303052 1372 1402 1372 1280 1189 1128 1097 1097 1158 1250 1402 1524
316A Acap  195303061 1615 1646 1615 1524 1433 1311 1219 1158 1128 1158 1219 1311
316A Acap  195303062 1341 1372 1341 1280 1189 1097 1036 1006 1067 1158 1311 1463
316A Acap  195303071 1585 1676 1646 1585 1494 1341 1219 1158 1097 1128 1189 1280
316A Acap  195303072 1341 1372 1372 1311 1189 1097 1006  975 1006 1097 1250 1402
316A Acap  195303081 1524 1646 1676 1646 1554 1402 1280 1189 1128 1128 1189 1280
316A Acap  195303082 1341 1372 1372 1341 1250 1128 1036  975  945 1036 1158 1341
316A Acap  195303091 1524 1646 1707 1707 1646 1524 1433 1311 1219 1189 1219 1280
316A Acap  195303092 1341 1402 1402 1372 1280 1158 1067 1006  975 1036 1128 1311
316A Acap  195303101 1524 1646 1707 1768 1707 1615 1494 1341 1250 1189 1219 1280
316A Acap  195303102 1341 1402 1402 1372 1280 1158 1036  975  914  945 1006 1158
316A Acap  195303111 1341 1494 1646 1707 1676 1615 1524 1402 1311 1250 1219 1280
316A Acap  195303112 1341 1402 1463 1433 1372 1280 1128  975  975  945  975 1097
316A Acap  195303121 1250 1341 1463 1554 1585 1554 1463 1372 1250 1189 1158 1158
316A Acap  195303122 1250 1341 1433 1463 1433 1341 1250 1128 1036  975  975 1036
316A Acap  195303131 1158 1280 1402 1524 1585 1585 1524 1433 1311 1219 1189 1189
316A Acap  195303132 1250 1311 1402 1433 1463 1433 1341 1280 1158 1097 1067 1067
316A Acap  195303141 1128 1189 1311 1433 1494 1524 1524 1463 1402 1311 1250 1219
316A Acap  195303142 1219 1250 1311 1372 1433 1463 1433 1402 1341 1280 1219 1189
316A Acap  195303151 1189 1189 1250 1311 1372 1402 1433 1402 1372 1341 1280 1219
316A Acap  195303152 1158 1158 1189 1219 1311 1372 1433 1463 1463 1433 1402 1341
316A Acap  195303161 1311 1250 1219 1219 1280 1341 1372 1372 1372 1341 1311 1250
316A Acap  195303162 1189 1158 1128 1128 1189 1250 1372 1463 1554 1585 1615 1585
316A Acap  195303171 1524 1433 1341 1280 1219 1219 1219 1280 1341 1372 1372 1341
316A Acap  195303172 1250 1189 1097 1067 1067 1097 1219 1341 1463 1585 1676 1707
316A Acap  195303181 1676 1585 1463 1341 1219 1158 1158 1189 1280 1372 1433 1463
316A Acap  195303182 1402 1311 1189 1067  975  975 1036 1128 1311 1494 1676 1798
316A Acap  195303191 1829 1768 1646 1463 1280 1158 1097 1097 1158 1219 1372 1463
316A Acap  195303192 1463 1402 1311 1158 1036  914  914  975 1097 1311 1524 1707
316A Acap  195303201 1829 1829 1768 1615 1402 1219 1097 1006 1036 1128 1280 1402
316A Acap  195303202 1494 1494 1402 1250 1097  945  853  853  975 1158 1341 1585
316A Acap  195303211 1768 1859 1829 1737 1554 1372 1189 1067 1036 1067 1189 1311
316A Acap  195303212 1463 1524 1494 1433 1311 1128 1036  975 1006 1128 1280 1463
316A Acap  195303221 1615 1768 1829 1768 1615 1463 1280 1128 1036 1036 1158 1250
316A Acap  195303222 1372 1463 1524 1463 1341 1158 1006  884  853  914 1067 1280
316A Acap  195303231 1463 1646 1768 1768 1707 1554 1402 1219 1097 1036 1067 1158
316A Acap  195303232 1280 1402 1463 1463 1372 1250 1097  975  884  914 1006 1128
316A Acap  195303241 1311 1524 1646 1707 1646 1554 1433 1280 1128 1067 1128 1219
316A Acap  195303242 1280 1402 1463 1524 1494 1402 1280 1158 1097 1036 1097 1189
316A Acap  195303251 1250 1402 1524 1615 1615 1524 1524 1402 1280 1189 1158 1158
316A Acap  195303252 1219 1280 1372 1433 1433 1372 1311 1189 1097 1067 1067 1128
316A Acap  195303261 1219 1341 1463 1524 1585 1585 1524 1433 1341 1250 1219 1189
316A Acap  195303262 1219 1280 1341 1402 1433 1402 1341 1280 1189 1128 1128 1158
316A Acap  195303271 1219 1280 1372 1433 1463 1463 1433 1372 1311 1250 1219 1219
316A Acap  195303272 1219 1250 1311 1341 1402 1433 1433 1372 1311 1250 1250 1250
316A Acap  195303281 1280 1311 1372 1463 1463 1463 1463 1402 1341 1311 1280 1280
316A Acap  195303282 1280 1311 1341 1372 1402 1433 1433 1402 1402 1341 1341 1341
316A Acap  195303291 1311 1311 1341 1341 1402 1372 1372 1341 1341 1341 1311 1280
316A Acap  195303292 1280 1280 1280 1341 1372 1402 1402 1433 1433 1402 1433 1402
316A Acap  195303301 1372 1341 1341 1341 1341 1341 1311 1311 1311 1311 1280 1311
316A Acap  195303302 1311 1311 1311 1311 1341 1341 1372 1402 1463 1494 1494 1494
316A Acap  195303311 1463 1433 1402 1341 1311 1311 1280 1280 1311 1311 1311 1341
316A Acap  195303312 1341 1311 1280 1280 1280 1311 1341 1402 1402 1494 1524 1554
316A Acap  195304011 1554 1494 1433 1372 1311 1250 1250 1219 1280 1250 1280 1280
316A Acap  195304012 1341 1311 1280 1219 1189 1189 1219 1280 1372 1463 1554 1585
316A Acap  195304021 1585 1554 1494 1372 1280 1219 1158 1128 1158 1219 1280 1311
316A Acap  195304022 1311 1280 1250 1219 1158 1158 1189 1280 1372 1463 1524 1585
316A Acap  195304031 1646 1615 1554 1463 1341 1250 1158 1097 1097 1128 1189 1219
316A Acap  195304032 1280 1250 1189 1128 1097 1067 1067 1128 1189 1341 1494 1585
316A Acap  195304041 1646 1646 1615 1494 1341 1250 1158 1097 1097 1128 1158 1219
316A Acap  195304042 1280 1280 1250 1158 1097 1067 1036 1067 1158 1280 1463 1585
316A Acap  195304051 1707 1707 1676 1585 1463 1341 1219 1158 1097 1097 1189 1250
316A Acap  195304052 1311 1311 1280 1219 1158 1067 1036 1036 1097 1189 1372 1524
316A Acap  195304061 1646 1737 1737 1676 1554 1463 1311 1219 1158 1158 1219 1311
316A Acap  195304062 1372 1402 1402 1341 1250 1158 1036 1006 1067 1158 1311 1494
316A Acap  195304071 1646 1768 1768 1737 1615 1494 1372 1250 1189 1158 1219 1280
316A Acap  195304072 1402 1433 1402 1341 1250 1128 1036  975 1006 1067 1189 1372
316A Acap  195304081 1554 1646 1707 1707 1615 1463 1341 1219 1158 1158 1189 1280
316A Acap  195304082 1341 1402 1433 1402 1311 1189 1067  975  975  975 1097 1219
316A Acap  195304091 1402 1524 1646 1646 1615 1494 1341 1219 1128 1097 1128 1189
316A Acap  195304092 1280 1402 1433 1463 1402 1341 1219 1097 1036 1006 1036 1158
316A Acap  195304101 1280 1433 1524 1585 1585 1524 1402 1280 1158 1128 1128 1158
316A Acap  195304102 1280 1372 1463 1494 1494 1433 1341 1219 1158 1097 1097 1128
316A Acap  195304111 1219 1341 1463 1524 1554 1494 1433 1311 1189 1128 1097 1097
316A Acap  195304112 1158 1280 1372 1463 1494 1494 1463 1402 1311 1219 1189 1189
316A Acap  195304121 1189 1280 1372 1433 1463 1463 1402 1341 1219 1128 1067 1036
316A Acap  195304122 1097 1158 1280 1372 1463 1524 1554 1524 1463 1402 1341 1280
316A Acap  195304131 1250 1250 1280 1311 1341 1341 1341 1280 1219 1158 1097 1067
316A Acap  195304132 1067 1067 1128 1219 1311 1402 1494 1554 1585 1554 1524 1463
316A Acap  195304141 1372 1280 1250 1219 1219 1250 1280 1311 1280 1250 1189 1128
316A Acap  195304142 1067 1036 1036 1097 1189 1311 1433 1524 1615 1676 1676 1585
316A Acap  195304151 1494 1402 1280 1219 1158 1158 1189 1219 1280 1311 1280 1219
316A Acap  195304152 1158 1097 1036 1006 1036 1128 1250 1402 1554 1676 1737 1768
316A Acap  195304161 1707 1554 1433 1250 1128 1067 1097 1158 1219 1280 1341 1341
316A Acap  195304162 1280 1189 1067 1006  945  975 1067 1219 1402 1585 1707 1798
316A Acap  195304171 1768 1676 1524 1372 1189 1067 1037 1067 1128 1219 1311 1372
316A Acap  195304172 1341 1280 1158 1036  945  914  945 1036 1189 1402 1585 1707
316A Acap  195304181 1768 1737 1615 1433 1250 1097 1097 1036 1097 1189 1341 1433
316A Acap  195304182 1463 1463 1402 1250 1097 1006  975  975 1097 1280 1463 1646
316A Acap  195304191 1768 1798 1737 1585 1402 1189 1067  975 1006 1067 1189 1311
316A Acap  195304192 1402 1433 1402 1311 1158 1067  975  975 1036 1158 1341 1524
316A Acap  195304201 1707 1798 1798 1707 1554 1372 1189 1067 1036 1067 1158 1280
316A Acap  195304202 1402 1463 1494 1433 1280 1158 1036  975 1006 1097 1280 1433
316A Acap  195304211 1615 1768 1798 1768 1646 1494 1311 1158 1067 1067 1128 1219
316A Acap  195304212 1372 1463 1494 1463 1402 1250 1158 1036 1006 1036 1128 1311
316A Acap  195304221 1463 1585 1676 1676 1615 1494 1341 1189 1097 1067 1097 1189
316A Acap  195304222 1280 1402 1463 1494 1463 1372 1250 1158 1067 1067 1158 1250
316A Acap  195304231 1402 1524 1615 1646 1615 1554 1435 1311 1189 1158 1158 1219
316A Acap  195304232 1280 1372 1433 1494 1494 1433 1372 1250 1158 1158 1158 1219
316A Acap  195304241 1341 1433 1494 1554 1554 1524 1433 1341 1250 1189 1189 1219
316A Acap  195304242 1311 1372 1433 1494 1494 1494 1463 1402 1311 1280 1280 1311
316A Acap  195304251 1372 1433 1494 1524 1524 1463 1433 1372 1311 1250 1219 1250
316A Acap  195304252 1311 1372 1433 1494 1494 1494 1463 1433 1402 1341 1341 1372
316A Acap  195304261 1402 1433 1433 1463 1463 1433 1372 1341 1280 1250 1219 1250
316A Acap  195304262 1250 1311 1372 1433 1463 1494 1494 1494 1463 1463 1433 1433
316A Acap  195304271 1433 1433 1433 1433 1402 1372 1341 1311 1280 1250 1219 1219
316A Acap  195304272 1219 1250 1280 1341 1402 1463 1494 1524 1524 1494 1494 1463
316A Acap  195304281 1433 1402 1341 1341 1311 1280 1280 1280 1250 1219 1189 1189
316A Acap  195304282 1189 1219 1280 1311 1372 1402 1463 1524 1524 1554 1554 1524
316A Acap  195304291 1524 1463 1402 1372 1311 1280 1280 1250 1250 1219 1219 1219
316A Acap  195304292 1189 1189 1189 1219 1280 1341 1402 1494 1585 1615 1646 1615
316A Acap  195304301 1554 1494 1402 1311 1250 1219 1219 1219 1219 1219 1219 1219
316A Acap  195304302 1219 1189 1189 1189 1189 1250 1341 1402 1494 1585 1646 1646
316A Acap  195305011 1646 1554 1494 1402 1311 1219 1189 1158 1158 1189 1219 1219
316A Acap  195305012 1219 1189 1128 1097 1097 1158 1219 1311 1433 1554 1646 1707
316A Acap  195305021 1676 1615 1524 1402 1311 1219 1158 1158 1158 1158 1189 1219
316A Acap  195305022 1250 1219 1158 1128 1097 1097 1158 1250 1372 1494 1615 1707
316A Acap  195305031 1737 1707 1615 1494 1341 1280 1189 1158 1128 1158 1219 1280
316A Acap  195305032 1280 1250 1219 1128 1067 1036 1067 1158 1280 1402 1524 1585
316A Acap  195305041 1615 1585 1554 1463 1341 1250 1158 1128 1128 1189 1280 1341
316A Acap  195305042 1372 1402 1341 1219 1158 1097 1097 1128 1250 1372 1494 1585
316A Acap  195305051 1615 1646 1615 1554 1463 1402 1280 1189 1189 1219 1280 1372
316A Acap  195305052 1402 1402 1372 1311 1219 1158 1097 1097 1128 1219 1372 1524
316A Acap  195305061 1646 1737 1737 1646 1524 1402 1280 1189 1158 1189 1250 1311
316A Acap  195305062 1433 1433 1433 1372 1280 1189 1128 1097 1128 1219 1372 1524
316A Acap  195305071 1646 1707 1707 1615 1494 1341 1250 1158 1128 1158 1219 1341
316A Acap  195305072 1433 1494 1524 1494 1463 1372 1280 1158 1128 1158 1219 1341
316A Acap  195305081 1463 1585 1676 1646 1585 1463 1341 1219 1097 1097 1158 1250
316A Acap  195305082 1341 1494 1585 1615 1585 1524 1402 1280 1219 1158 1219 1280
316A Acap  195305091 1402 1494 1554 1585 1585 1494 1341 1219 1097 1097 1097 1158
316A Acap  195305092 1280 1402 1524 1585 1646 1585 1524 1402 1341 1250 1219 1250
316A Acap  195305101 1280 1402 1463 1524 1524 1463 1402 1280 1158 1097 1036 1067
316A Acap  195305102 1158 1311 1463 1585 1646 1676 1646 1585 1494 1372 1311 1280
316A Acap  195305111 1280 1341 1402 1463 1494 1494 1433 1341 1219 1128 1067 1036
316A Acap  195305112 1097 1219 1341 1463 1585 1646 1707 1707 1646 1554 1463 1402
316A Acap  195305121 1341 1341 1341 1402 1402 1433 1402 1341 1280 1189 1097 1067
316A Acap  195305122 1067 1128 1219 1341 1463 1585 1676 1707 1737 1676 1615 1524
316A Acap  195305131 1433 1341 1280 1250 1280 1311 1341 1341 1341 1250 1189 1097
316A Acap  195305132 1036 1036 1067 1158 1311 1463 1615 1707 1768 1768 1737 1676
316A Acap  195305141 1554 1433 1311 1250 1219 1219 1280 1280 1311 1311 1280 1219
316A Acap  195305142 1128 1067 1036 1097 1158 1280 1433 1585 1737 1798 1829 1768
316A Acap  195305151 1707 1524 1402 1280 1189 1158 1189 1250 1311 1341 1372 1341
316A Acap  195305152 1280 1189 1097 1097 1097 1158 1311 1494 1615 1768 1859 1890
316A Acap  195305161 1829 1737 1585 1372 1250 1158 1128 1189 1280 1372 1433 1433
316A Acap  195305162 1402 1311 1219 1097 1067 1067 1158 1250 1433 1646 1798 1859
316A Acap  195305171 1890 1798 1676 1494 1341 1189 1128 1097 1158 1250 1372 1463
316A Acap  195305172 1463 1463 1372 1250 1128 1067 1067 1128 1250 1433 1615 1737
316A Acap  195305181 1798 1798 1707 1585 1433 1250 1128 1067 1097 1158 1280 1372
316A Acap  195305182 1463 1463 1402 1341 1219 1128 1097 1097 1158 1250 1402 1554
316A Acap  195305191 1707 1768 1737 1676 1494 1341 1189 1097 1067 1097 1219 1372
316A Acap  195305192 1433 1494 1494 1433 1341 1250 1158 1158 1158 1219 1311 1463
316A Acap  195305201 1615 1707 1707 1646 1554 1402 1219 1128 1067 1067 1128 1219
316A Acap  195305202 1372 1463 1524 1554 1463 1372 1219 1158 1128 1189 1250 1372
316A Acap  195305211 1494 1646 1676 1646 1524 1433 1311 1158 1097 1067 1097 1189
316A Acap  195305212 1341 1463 1524 1554 1524 1433 1341 1250 1189 1189 1280 1372
316A Acap  195305221 1463 1554 1585 1585 1524 1402 1280 1158 1097 1067 1097 1189
316A Acap  195305222 1341 1463 1524 1585 1554 1494 1402 1311 1250 1219 1250 1341
316A Acap  195305231 1463 1524 1585 1585 1524 1463 1341 1250 1158 1097 1128 1189
316A Acap  195305232 1286 1402 1524 1585 1615 1615 1554 1463 1372 1341 1341 1372
316A Acap  195305241 1433 1494 1524 1524 1494 1463 1372 1280 1189 1128 1128 1158
316A Acap  195305242 1250 1341 1463 1554 1615 1646 1585 1554 1463 1402 1372 1372
316A Acap  195305251 1402 1433 1433 1463 1463 1433 1372 1280 1189 1158 1128 1128
316A Acap  195305252 1189 1250 1372 1494 1554 1615 1646 1615 1585 1524 1463 1402
316A Acap  195305261 1402 1402 1402 1402 1372 1372 1311 1280 1219 1158 1128 1128
316A Acap  195305262 1158 1219 1311 1402 1494 1585 1646 1646 1615 1585 1524 1463
316A Acap  195305271 1433 1372 1341 1341 1311 1311 1250 1219 1189 1128 1128 1097
316A Acap  195305272 1097 1158 1219 1311 1402 1494 1554 1615 1615 1615 1585 1524
316A Acap  195305281 1463 1402 1341 1311 1280 1250 1250 1219 1189 1158 1128 1128
316A Acap  195305282 1097 1128 1158 1250 1341 1433 1554 1646 1676 1707 1707 1646
316A Acap  195305291 1554 1463 1402 1341 1280 1250 1250 1219 1189 1189 1158 1158
316A Acap  195305292 1128 1128 1128 1158 1219 1341 1463 1585 1676 1737 1737 1707
316A Acap  195305301 1646 1554 1463 1372 1311 1280 1250 1250 1250 1250 1219 1189
316A Acap  195305302 1158 1128 1097 1128 1189 1250 1341 1494 1615 1707 1768 1768
316A Acap  195305311 1768 1676 1554 1433 1341 1280 1219 1250 1250 1280 1280 1280
316A Acap  195305312 1250 1219 1158 1158 1158 1189 1280 1402 1524 1676 1768 1829
316A Acap  195306011 1798 1737 1646 1524 1372 1280 1250 1250 1280 1341 1341 1341
316A Acap  195306012 1341 1311 1280 1219 1158 1189 1250 1341 1463 1585 1737 1798
316A Acap  195306021 1829 1768 1676 1554 1463 1311 1280 1250 1250 1341 1402 1463
316A Acap  195306022 1463 1463 1402 1341 1250 1189 1189 1250 1341 1494 1615 1737
316A Acap  195306031 1829 1829 1737 1585 1433 1341 1250 1219 1219 1250 1372 1463
316A Acap  195306032 1524 1554 1494 1433 1341 1280 1219 1219 1280 1402 1524 1676
316A Acap  195306041 1768 1798 1768 1646 1494 1341 1250 1189 1158 1219 1311 1433
316A Acap  195306042 1554 1615 1615 1585 1494 1372 1250 1219 1280 1372 1433 1554
316A Acap  195306051 1646 1707 1737 1676 1524 1402 1250 1189 1158 1158 1280 1402
316A Acap  195306052 1524 1615 1707 1707 1646 1554 1463 1372 1280 1311 1372 1433
316A Acap  195306061 1524 1646 1707 1676 1554 1433 1311 1189 1097 1097 1158 1311
316A Acap  195306062 1433 1585 1707 1768 1737 1676 1585 1463 1372 1341 1372 1402
316A Acap  195306071 1494 1554 1585 1615 1554 1463 1311 1189 1067 1036 1097 1158
316A Acap  195306072 1311 1463 1615 1707 1768 1768 1676 1615 1494 1402 1372 1372
316A Acap  195306081 1372 1463 1494 1524 1524 1463 1372 1250 1128 1036 1006 1036
316A Acap  195306082 1189 1341 1524 1676 1798 1859 1829 1768 1676 1524 1433 1372
316A Acap  195306091 1402 1402 1463 1524 1524 1524 1463 1341 1219 1128 1067 1067
316A Acap  195306092 1097 1250 1402 1554 1707 1798 1859 1859 1798 1707 1585 1494
316A Acap  195306101 1433 1402 1433 1463 1494 1524 1494 1433 1341 1219 1128 1097
316A Acap  195306102 1097 1189 1311 1463 1615 1768 1859 1890 1890 1798 1707 1585
316A Acap  195306111 1494 1433 1402 1433 1463 1494 1494 1494 1402 1341 1250 1158
316A Acap  195306112 1097 1128 1219 1311 1463 1615 1768 1859 1890 1859 1798 1676
316A Acap  195306121 1524 1433 1341 1311 1341 1372 1402 1433 1433 1402 1341 1219
316A Acap  195306122 1158 1128 1128 1189 1311 1463 1585 1737 1829 1890 1859 1798
316A Acap  195306131 1676 1524 1402 1311 1250 1280 1311 1372 1402 1402 1402 1341
316A Acap  195306132 1250 1158 1158 1158 1219 1280 1402 1585 1676 1768 1829 1829
316A Acap  195306141 1737 1615 1494 1372 1250 1219 1250 1311 1372 1402 1463 1433
316A Acap  195306142 1372 1311 1219 1158 1158 1219 1311 1433 1585 1707 1798 1859
316A Acap  195306151 1829 1737 1585 1463 1341 1219 1219 1250 1311 1372 1433 1463
316A Acap  195306152 1463 1402 1341 1250 1189 1158 1219 1311 1433 1554 1676 1737
316A Acap  195306161 1768 1707 1646 1494 1372 1250 1158 1158 1189 1280 1372 1463
316A Acap  195306162 1494 1494 1463 1372 1280 1219 1189 1219 1311 1433 1524 1646
316A Acap  195306171 1707 1737 1646 1554 1402 1280 1158 1128 1128 1219 1341 1433
316A Acap  195306172 1494 1524 1524 1463 1372 1280 1219 1189 1250 1341 1433 1554
316A Acap  195306181 1676 1707 1707 1615 1494 1341 1219 1128 1128 1189 1311 1402
316A Acap  195306182 1524 1585 1615 1585 1494 1372 1280 1219 1219 1311 1402 1524
316A Acap  195306191 1615 1676 1676 1615 1494 1372 1250 1189 1158 1219 1311 1433
316A Acap  195306192 1524 1646 1707 1676 1646 1585 1494 1402 1372 1372 1463 1524
316A Acap  195306201 1615 1707 1737 1707 1646 1554 1463 1341 1280 1280 1341 1433
316A Acap  195306202 1554 1707 1798 1768 1646 1524 1463 1341 1280 1280 1280 1372
316A Acap  195306211 1554 1646 1676 1676 1615 1494 1402 1280 1219 1189 1219 1280
316A Acap  195306212 1402 1524 1646 1737 1768 1737 1646 1585 1494 1402 1372 1402
316A Acap  195306221 1494 1524 1585 1554 1524 1463 1372 1280 1219 1158 1158 1189
316A Acap  195306222 1311 1433 1554 1646 1707 1707 1615 1554 1463 1402 1402 1402
316A Acap  195306231 1402 1433 1463 1463 1463 1402 1372 1280 1189 1128 1128 1158
316A Acap  195306232 1250 1402 1524 1646 1707 1737 1737 1707 1646 1554 1494 1463
316A Acap  195306241 1463 1463 1494 1494 1494 1433 1372 1280 1219 1158 1128 1128
316A Acap  195306242 1189 1311 1463 1585 1676 1768 1798 1768 1707 1646 1554 1494
316A Acap  195306251 1463 1433 1433 1433 1433 1433 1372 1311 1250 1158 1128 1128
316A Acap  195306252 1158 1250 1372 1494 1585 1707 1768 1768 1737 1676 1646 1585
316A Acap  195306261 1524 1494 1463 1463 1433 1433 1372 1341 1250 1158 1097 1067
316A Acap  195306262 1067 1128 1219 1372 1494 1585 1676 1737 1768 1737 1676 1615
316A Acap  195306271 1554 1494 1463 1433 1402 1372 1341 1341 1280 1219 1158 1128
316A Acap  195306272 1097 1128 1189 1250 1372 1494 1615 1707 1768 1798 1768 1737
316A Acap  195306281 1676 1585 1524 1463 1433 1402 1402 1402 1372 1311 1280 1219
316A Acap  195306282 1158 1158 1158 1219 1311 1433 1524 1646 1737 1798 1798 1768
316A Acap  195306291 1707 1646 1554 1463 1402 1372 1372 1402 1402 1402 1402 1372
316A Acap  195306292 1280 1250 1219 1250 1311 1402 1494 1615 1707 1768 1859 1859
316A Acap  195306301 1798 1707 1585 1494 1402 1372 1372 1372 1402 1433 1463 1494
316A Acap  195306302 1463 1433 1372 1280 1250 1280 1402 1494 1585 1707 1798 1829
316A Acap  195307011 1798 1707 1615 1494 1372 1280 1280 1311 1372 1433 1494 1554
316A Acap  195307012 1554 1494 1463 1372 1280 1280 1311 1372 1463 1585 1676 1768
316A Acap  195307021 1829 1768 1646 1524 1402 1311 1250 1219 1280 1372 1494 1585
316A Acap  195307022 1676 1737 1707 1676 1585 1494 1433 1433 1494 1585 1676 1768
316A Acap  195307031 1829 1859 1798 1676 1554 1402 1280 1219 1219 1311 1433 1585
316A Acap  195307032 1737 1829 1859 1798 1707 1585 1463 1402 1372 1402 1494 1615
316A Acap  195307041 1707 1768 1798 1737 1585 1433 1311 1219 1189 1250 1372 1524
316A Acap  195307042 1707 1829 1890 1920 1829 1737 1615 1524 1402 1372 1433 1524
316A Acap  195307051 1615 1676 1707 1646 1554 1433 1280 1158 1067 1067 1158 1280
316A Acap  195307052 1463 1646 1798 1890 1920 1859 1737 1615 1463 1372 1372 1402
316A Acap  195307061 1494 1554 1615 1646 1585 1494 1341 1219 1097 1036 1097 1189
316A Acap  195307062 1372 1554 1737 1859 1920 1920 1829 1707 1585 1463 1402 1372
316A Acap  195307071 1402 1494 1554 1585 1585 1524 1433 1341 1189 1128 1097 1128
316A Acap  195307072 1250 1433 1615 1768 1890 1951 1951 1859 1707 1554 1463 1433
316A Acap  195307081 1433 1463 1524 1585 1585 1554 1494 1372 1219 1128 1067 1067
316A Acap  195307082 1158 1280 1463 1615 1768 1859 1920 1890 1798 1676 1554 1463
316A Acap  195307091 1402 1402 1433 1494 1524 1524 1494 1402 1280 1158 1036 1006
316A Acap  195307092 1036 1097 1250 1402 1585 1707 1798 1798 1768 1676 1585 1494
316A Acap  195307101 1433 1372 1372 1372 1433 1463 1463 1433 1341 1250 1158 1067
316A Acap  195307102 1036 1067 1158 1311 1463 1585 1707 1768 1798 1798 1737 1646
316A Acap  195307111 1524 1463 1433 1402 1402 1463 1463 1494 1463 1402 1341 1250
316A Acap  195307112 1189 1158 1158 1250 1372 1494 1615 1737 1798 1829 1829 1768
316A Acap  195307121 1646 1554 1463 1402 1402 1402 1433 1433 1463 1463 1433 1372
316A Acap  195307122 1311 1280 1250 1250 1311 1402 1524 1646 1737 1798 1829 1798
316A Acap  195307131 1737 1615 1494 1402 1341 1311 1341 1372 1402 1463 1463 1433
316A Acap  195307132 1402 1372 1341 1280 1280 1341 1402 1524 1615 1707 1768 1798
316A Acap  195307141 1768 1707 1585 1463 1372 1311 1311 1341 1372 1463 1524 1554
316A Acap  195307142 1554 1524 1433 1372 1311 1280 1341 1402 1554 1646 1707 1768
316A Acap  195307151 1798 1768 1646 1494 1402 1311 1280 1280 1311 1402 1463 1554
316A Acap  195307152 1585 1585 1524 1433 1341 1280 1280 1341 1402 1494 1585 1676
316A Acap  195307161 1707 1707 1646 1554 1433 1311 1219 1189 1250 1341 1433 1524
316A Acap  195307162 1585 1615 1615 1554 1463 1372 1341 1341 1402 1463 1554 1646
316A Acap  195307171 1707 1707 1676 1585 1494 1372 1250 1219 1219 1280 1372 1494
316A Acap  195307172 1615 1676 1676 1646 1554 1463 1372 1311 1311 1372 1433 1524
316A Acap  195307181 1585 1646 1646 1585 1463 1341 1250 1189 1158 1219 1341 1463
316A Acap  195307182 1585 1676 1737 1707 1646 1524 1433 1341 1341 1341 1402 1463
316A Acap  195307191 1524 1585 1615 1554 1463 1372 1250 1158 1128 1158 1250 1372
316A Acap  195307192 1524 1646 1737 1737 1707 1585 1494 1402 1341 1311 1341 1402
316A Acap  195307201 1463 1524 1524 1494 1433 1341 1219 1128 1097 1097 1189 1280
316A Acap  195307202 1433 1585 1707 1737 1707 1646 1585 1494 1402 1372 1372 1402
316A Acap  195307211 1433 1463 1494 1494 1433 1341 1219 1128 1067 1067 1128 1219
316A Acap  195307212 1372 1524 1646 1768 1798 1737 1646 1554 1463 1402 1402 1402
316A Acap  195307221 1463 1494 1524 1524 1463 1372 1280 1158 1067 1036 1067 1158
316A Acap  195307222 1280 1433 1585 1707 1798 1798 1707 1646 1554 1463 1433 1402
316A Acap  195307231 1433 1463 1524 1524 1494 1402 1311 1189 1128 1067 1067 1097
316A Acap  195307232 1189 1341 1524 1646 1737 1737 1737 1676 1585 1524 1494 1463
316A Acap  195307241 1463 1463 1463 1494 1433 1372 1280 1250 1097 1036 1036 1067
316A Acap  195307242 1128 1250 1402 1554 1676 1737 1768 1737 1676 1615 1554 1524
316A Acap  195307251 1524 1524 1554 1585 1554 1494 1402 1311 1219 1128 1097 1097
316A Acap  195307252 1128 1189 1311 1463 1585 1707 1768 1768 1768 1707 1646 1585
316A Acap  195307261 1554 1524 1524 1524 1494 1494 1433 1372 1311 1219 1158 1097
316A Acap  195307262 1128 1158 1219 1341 1494 1585 1676 1737 1768 1737 1676 1585
316A Acap  195307271 1554 1524 1463 1463 1494 1494 1494 1463 1433 1372 1311 1250
316A Acap  195307272 1219 1219 1219 1280 1402 1524 1615 1707 1737 1768 1737 1676
316A Acap  195307281 1615 1524 1463 1402 1402 1402 1433 1463 1494 1494 1463 1402
316A Acap  195307282 1341 1280 1250 1219 1280 1372 1494 1585 1676 1707 1737 1676
316A Acap  195307291 1615 1524 1402 1341 1311 1311 1372 1433 1494 1524 1554 1524
316A Acap  195307292 1494 1433 1341 1280 1280 1280 1341 1433 1524 1646 1707 1707
316A Acap  195307301 1676 1615 1463 1341 1250 1219 1250 1280 1402 1494 1585 1646
316A Acap  195307302 1646 1615 1524 1433 1341 1311 1280 1341 1402 1524 1615 1676
316A Acap  195307311 1676 1646 1554 1402 1250 1158 1128 1189 1280 1402 1554 1676
316A Acap  195307312 1737 1768 1707 1615 1524 1402 1341 1341 1372 1433 1524 1585
316A Acap  195308011 1676 1676 1615 1463 1250 1158 1097 1097 1128 1280 1433 1615
316A Acap  195308012 1737 1829 1859 1829 1676 1524 1402 1311 1311 1341 1433 1524
316A Acap  195308021 1615 1646 1646 1524 1402 1250 1097 1006 1036 1097 1250 1463
316A Acap  195308022 1646 1798 1890 1890 1829 1676 1524 1341 1250 1250 1311 1402
316A Acap  195308031 1524 1585 1646 1585 1463 1311 1158  975  914  975 1097 1280
316A Acap  195308032 1463 1646 1798 1859 1829 1707 1585 1433 1311 1250 1250 1311
316A Acap  195308041 1402 1524 1585 1585 1524 1433 1280 1097  975  945 1006 1158
316A Acap  195308042 1341 1524 1707 1829 1859 1798 1676 1524 1372 1250 1250 1280
316A Acap  195308051 1341 1463 1554 1615 1585 1494 1372 1189 1036  945  975 1067
316A Acap  195308052 1219 1402 1554 1737 1829 1859 1768 1646 1524 1402 1341 1341
316A Acap  195308061 1372 1433 1494 1554 1554 1524 1402 1250 1128  975  975 1036
316A Acap  195308062 1158 1311 1494 1646 1737 1798 1798 1737 1646 1554 1494 1433
316A Acap  195308071 1433 1463 1524 1554 1554 1524 1433 1311 1219 1097 1036 1036
316A Acap  195308072 1067 1219 1341 1494 1615 1707 1737 1737 1676 1585 1494 1433
316A Acap  195308081 1402 1402 1433 1463 1463 1494 1463 1372 1280 1189 1097 1067
316A Acap  195308082 1091 1158 1250 1402 1524 1615 1707 1707 1676 1646 1554 1494
316A Acap  195308091 1433 1433 1402 1433 1433 1463 1463 1433 1402 1341 1280 1189
316A Acap  195308092 1189 1189 1250 1341 1402 1494 1585 1646 1676 1646 1615 1585
316A Acap  195308101 1494 1433 1402 1372 1402 1433 1463 1463 1433 1402 1372 1341
316A Acap  195308102 1280 1280 1280 1341 1372 1433 1494 1554 1585 1646 1615 1615
316A Acap  195308111 1554 1494 1433 1402 1372 1372 1372 1372 1402 1433 1463 1433
316A Acap  195308112 1402 1341 1311 1280 1311 1341 1402 1463 1524 1554 1585 1585
316A Acap  195308121 1554 1494 1433 1372 1280 1280 1280 1311 1402 1433 1463 1494
316A Acap  195308122 1463 1463 1402 1341 1311 1341 1341 1402 1463 1494 1524 1554
316A Acap  195308131 1554 1524 1463 1372 1280 1219 1219 1280 1311 1372 1463 1524
316A Acap  195308132 1554 1554 1524 1433 1372 1311 1311 1341 1402 1433 1494 1554
316A Acap  195308141 1585 1585 1524 1463 1372 1280 1219 1219 1280 1372 1463 1554
316A Acap  195308142 1615 1615 1585 1524 1433 1372 1341 1341 1341 1402 1463 1524
316A Acap  195308151 1554 1554 1524 1463 1341 1250 1189 1189 1250 1341 1433 1554
316A Acap  195308152 1646 1676 1676 1615 1524 1433 1341 1280 1280 1341 1402 1494
316A Acap  195308161 1554 1585 1554 1494 1402 1280 1189 1158 1189 1280 1402 1494
316A Acap  195308162 1615 1707 1768 1707 1615 1524 1402 1341 1311 1311 1402 1463
316A Acap  195308171 1524 1585 1554 1494 1402 1280 1158 1097 1097 1189 1341 1463
316A Acap  195308172 1585 1707 1768 1768 1676 1585 1463 1341 1280 1280 1341 1402
316A Acap  195308181 1463 1524 1554 1524 1433 1280 1158 1067 1067 1128 1250 1372
316A Acap  195308182 1524 1676 1768 1768 1707 1615 1524 1402 1311 1280 1311 1402
316A Acap  195308191 1463 1524 1524 1494 1402 1311 1189 1067 1036 1067 1158 1311
316A Acap  195308192 1494 1646 1798 1859 1829 1737 1646 1524 1433 1372 1402 1433
316A Acap  195308201 1463 1494 1524 1494 1463 1372 1250 1143 1067 1036 1128 1219
316A Acap  195308202 1433 1585 1707 1798 1829 1768 1676 1554 1463 1372 1372 1402
316A Acap  195308211 1463 1524 1585 1585 1524 1402 1280 1158 1067 1036 1067 1128
316A Acap  195308212 1311 1463 1615 1737 1798 1798 1737 1646 1585 1494 1463 1433
316A Acap  195308221 1463 1524 1585 1585 1554 1494 1372 1250 1158 1097 1097 1158
316A Acap  195308222 1250 1402 1554 1676 1768 1829 1768 1707 1646 1554 1494 1494
316A Acap  195308231 1494 1554 1585 1646 1646 1646 1494 1372 1250 1158 1128 1158
316A Acap  195308232 1219 1311 1463 1615 1737 1798 1798 1768 1676 1585 1524 1494
316A Acap  195308241 1494 1494 1554 1585 1646 1646 1615 1524 1433 1311 1250 1219
316A Acap  195308242 1219 1280 1372 1494 1585 1676 1737 1707 1676 1615 1524 1433
316A Acap  195308251 1402 1402 1402 1463 1524 1554 1585 1554 1524 1433 1372 1311
316A Acap  195308252 1250 1219 1250 1341 1433 1524 1585 1646 1676 1646 1585 1494
316A Acap  195308261 1433 1372 1341 1372 1433 1494 1554 1615 1646 1615 1585 1524
316A Acap  195308262 1433 1372 1341 1341 1372 1433 1494 1585 1646 1676 1646 1585
316A Acap  195308271 1524 1433 1341 1311 1311 1341 1433 1524 1646 1707 1737 1737
316A Acap  195308272 1676 1585 1494 1433 1372 1402 1433 1494 1554 1615 1646 1646
316A Acap  195308281 1585 1524 1433 1311 1250 1219 1311 1433 1554 1676 1798 1859
316A Acap  195308282 1829 1768 1676 1585 1433 1341 1311 1372 1433 1524 1615 1676
316A Acap  195308291 1646 1615 1494 1372 1250 1189 1158 1219 1372 1524 1707 1829
316A Acap  195308292 1920 1890 1829 1707 1554 1402 1311 1280 1341 1402 1524 1615
316A Acap  195308301 1676 1646 1554 1433 1280 1128 1067 1067 1158 1311 1524 1737
316A Acap  195308302 1890 1951 1920 1798 1646 1494 1341 1280 1250 1311 1433 1524
316A Acap  195308311 1615 1646 1585 1463 1311 1158 1036 1006 1036 1128 1341 1554
316A Acap  195308312 1768 1890 1890 1829 1676 1524 1341 1280 1250 1280 1372 1463
316A Acap  195309011 1554 1646 1615 1554 1433 1280 1128 1036 1006 1067 1219 1402
316A Acap  195309012 1615 1798 1890 1920 1829 1707 1524 1372 1311 1250 1311 1402
316A Acap  195309021 1494 1615 1646 1615 1524 1341 1219 1097 1006 1036 1128 1311
316A Acap  195309022 1524 1707 1859 1951 1951 1859 1707 1524 1372 1311 1311 1372
316A Acap  195309031 1463 1585 1646 1676 1646 1524 1372 1250 1128 1036 1097 1250
316A Acap  195309032 1402 1585 1737 1859 1890 1859 1798 1646 1524 1402 1372 1402
316A Acap  195309041 1463 1524 1615 1646 1646 1585 1463 1341 1219 1128 1097 1158
316A Acap  195309042 1280 1433 1585 1707 1798 1829 1768 1646 1585 1494 1433 1402
316A Acap  195309051 1433 1494 1554 1585 1585 1554 1494 1402 1280 1189 1158 1158
316A Acap  195309052 1219 1311 1433 1554 1615 1676 1676 1615 1554 1494 1433 1372
316A Acap  195309061 1372 1402 1463 1494 1524 1524 1494 1433 1341 1250 1189 1189
316A Acap  195309062 1189 1250 1341 1433 1494 1554 1554 1524 1494 1433 1372 1372
316A Acap  195309071 1341 1372 1402 1402 1433 1433 1433 1402 1372 1311 1280 1250
316A Acap  195309072 1219 1250 1311 1341 1402 1463 1463 1494 1494 1463 1433 1402
316A Acap  195309081 1372 1341 1341 1372 1372 1402 1433 1433 1433 1402 1341 1311
316A Acap  195309082 1280 1280 1280 1280 1311 1341 1372 1402 1433 1463 1463 1463
316A Acap  195309091 1433 1372 1341 1311 1311 1341 1372 1402 1433 1433 1433 1433
316A Acap  195309092 1372 1341 1280 1280 1280 1311 1341 1372 1402 1463 1463 1463
316A Acap  195309101 1433 1372 1311 1280 1250 1250 1311 1341 1402 1463 1494 1494
316A Acap  195309102 1494 1433 1402 1341 1280 1280 1280 1280 1341 1372 1433 1433
316A Acap  195309111 1402 1372 1341 1250 1219 1219 1280 1341 1402 1494 1554 1615
316A Acap  195309112 1615 1585 1494 1402 1311 1250 1250 1280 1311 1372 1433 1463
316A Acap  195309121 1463 1463 1402 1341 1280 1219 1219 1280 1372 1463 1585 1646
316A Acap  195309122 1676 1646 1585 1494 1402 1311 1219 1219 1250 1280 1372 1433
316A Acap  195309131 1463 1463 1402 1341 1280 1219 1189 1250 1341 1433 1554 1676
316A Acap  195309132 1737 1768 1707 1615 1524 1433 1311 1250 1250 1280 1372 1463
316A Acap  195309141 1494 1494 1463 1402 1311 1219 1189 1219 1280 1402 1524 1676
316A Acap  195309142 1768 1768 1768 1707 1615 1524 1402 1280 1280 1311 1402 1494
316A Acap  195309151 1524 1524 1494 1433 1311 1219 1158 1158 1189 1280 1463 1615
316A Acap  195309152 1737 1798 1798 1768 1646 1524 1402 1311 1280 1280 1341 1433
316A Acap  195309161 1494 1524 1494 1433 1341 1219 1128 1097 1128 1189 1341 1494
316A Acap  195309162 1646 1737 1829 1798 1737 1585 1494 1372 1311 1311 1372 1433
316A Acap  195309171 1494 1524 1494 1433 1372 1250 1128 1067 1067 1128 1280 1433
316A Acap  195309172 1585 1737 1829 1829 1768 1676 1554 1433 1341 1341 1372 1433
316A Acap  195309181 1524 1585 1585 1554 1463 1341 1189 1097 1067 1097 1189 1311
316A Acap  195309182 1463 1615 1737 1768 1737 1676 1554 1463 1372 1341 1372 1433
316A Acap  195309191 1494 1524 1585 1554 1463 1341 1219 1097 1036 1006 1067 1219
316A Acap  195309192 1372 1524 1646 1707 1707 1646 1554 1463 1372 1311 1311 1372
316A Acap  195309201 1433 1524 1524 1585 1554 1463 1341 1219 1128 1097 1097 1189
316A Acap  195309202 1311 1463 1615 1676 1707 1676 1585 1494 1402 1311 1280 1311
316A Acap  195309211 1402 1463 1554 1615 1615 1585 1494 1402 1280 1189 1128 1189
316A Acap  195309212 1280 1372 1463 1554 1585 1585 1585 1494 1402 1311 1280 1250
316A Acap  195309221 1311 1402 1494 1554 1615 1615 1554 1494 1402 1311 1250 1219
316A Acap  195309222 1219 1311 1372 1463 1524 1554 1554 1494 1463 1372 1311 1280
316A Acap  195309231 1280 1311 1372 1433 1494 1554 1615 1615 1585 1524 1433 1372
316A Acap  195309232 1311 1280 1311 1341 1402 1433 1494 1494 1463 1433 1372 1280
316A Acap  195309241 1250 1219 1219 1280 1341 1433 1524 1615 1676 1646 1615 1585
316A Acap  195309242 1494 1433 1341 1311 1280 1341 1372 1402 1463 1463 1463 1402
316A Acap  195309251 1341 1250 1189 1158 1189 1250 1372 1524 1646 1737 1768 1737
316A Acap  195309252 1676 1554 1433 1280 1189 1189 1219 1280 1341 1402 1463 1463
316A Acap  195309261 1402 1280 1158 1067 1036 1036 1158 1341 1494 1646 1798 1829
316A Acap  195309262 1829 1737 1615 1433 1311 1219 1189 1219 1311 1433 1494 1554
316A Acap  195309271 1524 1433 1311 1158 1067 1006 1036 1189 1372 1554 1737 1859
316A Acap  195309272 1890 1859 1737 1585 1402 1219 1128 1128 1158 1280 1433 1524
316A Acap  195309281 1554 1494 1402 1250 1067  975  914  975 1128 1341 1554 1707
316A Acap  195309282 1829 1829 1768 1676 1524 1341 1189 1097 1128 1219 1341 1494
316A Acap  195309291 1585 1585 1524 1402 1250 1097  975  945 1036 1189 1402 1615
316A Acap  195309292 1798 1920 1920 1859 1676 1494 1311 1219 1189 1219 1311 1433
316A Acap  195309301 1554 1646 1615 1524 1372 1219 1067  975  975 1097 1311 1524
316A Acap  195309302 1707 1859 1920 1890 1768 1585 1433 1311 1219 1250 1341 1433
316A Acap  195310011 1554 1646 1676 1615 1494 1372 1219 1097 1036 1097 1250 1433
316A Acap  195310012 1646 1768 1859 1890 1798 1676 1524 1402 1280 1250 1311 1433
316A Acap  195310021 1524 1615 1676 1676 1646 1554 1433 1311 1255 1266 1341 1477
316A Acap  195310022 1646 1798 1920 1981 1951 1890 1768 1615 1494 1463 1494 1676
316A Acap  195310031 1585 1676 1737 1798 1768 1707 1554 1433 1341 1311 1341 1433
316A Acap  195310032 1554 1676 1768 1829 1829 1768 1676 1554 1463 1402 1372 1433
316A Acap  195310041 1494 1554 1615 1676 1676 1615 1524 1433 1372 1311 1280 1341
316A Acap  195310042 1433 1524 1615 1676 1676 1615 1585 1494 1433 1341 1311 1341
316A Acap  195310051 1372 1433 1494 1554 1585 1585 1524 1494 1402 1341 1280 1250
316A Acap  195310052 1250 1341 1402 1463 1494 1524 1494 1463 1402 1341 1280 1219
316A Acap  195310061 1219 1280 1311 1372 1402 1433 1463 1463 1433 1372 1341 1280
316A Acap  195310062 1219 1219 1250 1280 1341 1341 1372 1372 1372 1341 1311 1250
316A Acap  195310071 1219 1189 1219 1250 1311 1372 1311 1463 1463 1433 1402 1341
316A Acap  195310072 1280 1219 1189 1189 1219 1219 1250 1280 1280 1280 1250 1219
316A Acap  195310081 1189 1158 1128 1128 1189 1219 1280 1372 1402 1433 1433 1433
316A Acap  195310082 1372 1311 1219 1189 1128 1128 1158 1189 1189 1219 1250 1250
316A Acap  195310091 1219 1189 1158 1128 1097 1158 1219 1280 1372 1402 1433 1433
316A Acap  195310092 1402 1341 1250 1158 1128 1097 1097 1128 1158 1189 1219 1250
316A Acap  195310101 1219 1189 1128 1097 1067 1097 1158 1250 1341 1433 1524 1554
316A Acap  195310102 1524 1463 1372 1280 1189 1128 1067 1097 1128 1189 1219 1250
316A Acap  195310111 1250 1219 1158 1097 1067 1097 1128 1189 1311 1433 1524 1585
316A Acap  195310112 1615 1554 1463 1341 1219 1128 1097 1067 1128 1158 1219 1280
316A Acap  195310121 1280 1250 1189 1128 1067 1067 1097 1158 1280 1433 1554 1646
316A Acap  195310122 1646 1646 1554 1463 1341 1248 1189 1158 1158 1219 1250 1311
316A Acap  195310131 1341 1311 1250 1158 1097 1067 1067 1128 1219 1372 1494 1615
316A Acap  195310132 1676 1707 1646 1554 1402 1311 1219 1158 1158 1219 1250 1341
316A Acap  195310141 1372 1372 1311 1219 1158 1097 1067 1097 1189 1311 1463 1585
316A Acap  195310142 1676 1707 1676 1585 1463 1372 1250 1189 1189 1219 1311 1372
316A Acap  195310151 1402 1402 1372 1280 1189 1128 1067 1067 1128 1219 1372 1524
316A Acap  195310152 1646 1737 1737 1676 1554 1433 1311 1250 1189 1250 1311 1402
316A Acap  195310161 1463 1463 1433 1372 1250 1128 1036 1036 1067 1128 1280 1433
316A Acap  195310162 1554 1676 1707 1676 1585 1494 1372 1311 1219 1250 1280 1372
316A Acap  195310171 1463 1494 1524 1463 1402 1280 1158 1097 1036 1097 1219 1372
316A Acap  195310172 1524 1646 1676 1676 1615 1524 1402 1311 1219 1189 1250 1341
316A Acap  195310181 1433 1524 1554 1554 1494 1402 1280 1189 1128 1128 1219 1341
316A Acap  195310182 1463 1585 1676 1676 1615 1554 1433 1311 1250 1250 1280 1372
316A Acap  195310191 1463 1554 1615 1615 1585 1494 1402 1341 1250 1219 1219 1311
316A Acap  195310192 1402 1524 1585 1646 1646 1585 1494 1402 1280 1219 1219 1280
316A Acap  195310201 1372 1494 1585 1676 1707 1646 1585 1494 1402 1311 1280 1311
316A Acap  195310202 1341 1402 1494 1554 1615 1615 1524 1433 1341 1250 1219 1219
316A Acap  195310211 1280 1402 1524 1615 1676 1707 1707 1676 1585 1524 1433 1402
316A Acap  195310212 1402 1402 1463 1494 1524 1524 1524 1463 1372 1250 1189 1158
316A Acap  195310221 1189 1250 1341 1433 1554 1676 1737 1768 1737 1676 1585 1494
316A Acap  195310222 1402 1341 1341 1341 1341 1402 1463 1494 1463 1433 1341 1219
316A Acap  195310231 1128 1097 1158 1250 1372 1524 1646 1737 1798 1798 1737 1646
316A Acap  195310232 1524 1402 1311 1250 1250 1280 1341 1402 1433 1433 1402 1311
316A Acap  195310241 1219 1158 1097 1097 1189 1311 1463 1585 1737 1859 1859 1798
316A Acap  195310242 1707 1554 1433 1311 1219 1189 1250 1311 1402 1463 1463 1433
316A Acap  195310251 1341 1219 1128 1067 1097 1158 1311 1463 1646 1798 1920 1951
316A Acap  195310252 1859 1768 1615 1433 1280 1189 1189 1250 1341 1433 1524 1524
316A Acap  195310261 1463 1341 1219 1097 1006 1006 1097 1280 1463 1646 1829 1920
316A Acap  195310262 1920 1859 1707 1524 1311 1219 1189 1189 1250 1311 1402 1463
316A Acap  195310271 1494 1463 1341 1189 1036  975 1006 1097 1250 1433 1585 1707
316A Acap  195310272 1829 1859 1768 1615 1402 1189 1067 1067 1158 1250 1372 1494
316A Acap  195310281 1554 1524 1433 1280 1128  975  945  975 1067 1250 1433 1615
316A Acap  195310282 1768 1798 1768 1646 1494 1280 1128 1097 1067 1158 1250 1402
316A Acap  195310291 1463 1524 1463 1341 1219 1097 1006 1006 1067 1280 1433 1615
316A Acap  195310292 1768 1920 1951 1890 1768 1615 1463 1341 1280 1280 1341 1433
316A Acap  195310301 1554 1646 1646 1585 1433 1311 1158 1067 1067 1128 1250 1433
316A Acap  195310302 1615 1707 1768 1768 1676 1524 1372 1219 1158 1158 1250 1372
316A Acap  195310311 1494 1585 1646 1615 1494 1372 1250 1158 1067 1097 1219 1341
316A Acap  195310312 1494 1646 1737 1768 1676 1554 1402 1280 1189 1128 1158 1280
316A Acap  195311011 1402 1524 1646 1676 1646 1554 1463 1311 1219 1189 1219 1311
316A Acap  195311012 1433 1554 1646 1676 1615 1524 1402 1280 1189 1158 1128 1189
316A Acap  195311021 1311 1433 1524 1585 1615 1585 1494 1372 1280 1219 1219 1280
316A Acap  195311022 1372 1463 1554 1585 1554 1524 1433 1341 1250 1189 1158 1219
316A Acap  195311031 1311 1402 1494 1554 1615 1615 1554 1494 1402 1372 1311 1311
316A Acap  195311032 1341 1402 1463 1524 1524 1494 1433 1372 1280 1189 1158 1189
316A Acap  195311041 1250 1341 1433 1494 1554 1615 1585 1554 1524 1433 1402 1372
316A Acap  195311042 1372 1372 1372 1402 1402 1402 1372 1311 1250 1219 1189 1158
316A Acap  195311051 1219 1280 1341 1372 1433 1463 1494 1524 1524 1463 1402 1372
316A Acap  195311052 1311 1280 1280 1250 1250 1219 1219 1189 1189 1158 1158 1158
316A Acap  195311061 1158 1158 1189 1219 1341 1402 1463 1494 1524 1524 1494 1463
316A Acap  195311062 1433 1372 1311 1280 1219 1189 1158 1158 1158 1128 1158 1158
316A Acap  195311071 1158 1158 1158 1189 1219 1280 1372 1463 1524 1554 1554 1524
316A Acap  195311072 1463 1402 1311 1219 1189 1158 1128 1128 1128 1158 1189 1189
316A Acap  195311081 1158 1128 1128 1128 1158 1219 1311 1402 1463 1524 1585 1585
316A Acap  195311082 1554 1494 1402 1311 1219 1158 1128 1158 1189 1219 1219 1219
316A Acap  195311091 1189 1158 1128 1128 1158 1158 1341 1433 1524 1646 1707 1737
316A Acap  195311092 1707 1646 1554 1433 1341 1250 1219 1219 1250 1311 1341 1372
316A Acap  195311101 1372 1341 1280 1219 1189 1219 1250 1341 1463 1585 1676 1737
316A Acap  195311102 1737 1676 1585 1463 1341 1250 1189 1189 1219 1280 1341 1372
316A Acap  195311111 1372 1372 1311 1250 1189 1158 1189 1280 1372 1524 1646 1737
316A Acap  195311112 1768 1737 1646 1524 1372 1250 1158 1158 1158 1219 1311 1372
316A Acap  195311121 1402 1402 1341 1280 1189 1128 1128 1189 1280 1433 1585 1707
316A Acap  195311122 1768 1768 1707 1585 1433 1280 1189 1128 1128 1189 1280 1372
316A Acap  195311131 1402 1433 1372 1311 1219 1128 1097 1128 1189 1341 1463 1615
316A Acap  195311132 1737 1768 1737 1646 1494 1341 1219 1158 1128 1189 1250 1341
316A Acap  195311141 1433 1463 1463 1372 1280 1189 1158 1128 1158 1280 1372 1524
316A Acap  195311142 1646 1737 1737 1676 1554 1402 1280 1189 1189 1219 1311 1402
316A Acap  195311151 1494 1585 1585 1554 1463 1341 1250 1189 1189 1219 1341 1463
316A Acap  195311152 1585 1676 1707 1676 1585 1463 1311 1219 1158 1189 1280 1372
316A Acap  195311161 1494 1615 1676 1676 1646 1554 1433 1341 1280 1280 1341 1433
316A Acap  195311162 1524 1585 1646 1646 1585 1463 1341 1219 1128 1128 1189 1311
316A Acap  195311171 1433 1585 1646 1707 1707 1646 1554 1433 1341 1280 1280 1341
316A Acap  195311172 1402 1494 1554 1585 1524 1433 1311 1189 1097 1067 1097 1189
316A Acap  195311181 1311 1463 1585 1676 1768 1768 1707 1585 1494 1433 1402 1372
316A Acap  195311182 1402 1433 1494 1524 1494 1433 1341 1219 1158 1097 1067 1128
316A Acap  195311191 1189 1311 1463 1585 1676 1737 1737 1707 1646 1554 1463 1402
316A Acap  195311192 1372 1372 1433 1463 1463 1433 1341 1280 1219 1158 1128 1128
316A Acap  195311201 1158 1189 1311 1463 1585 1707 1798 1798 1768 1707 1585 1494
316A Acap  195311202 1402 1341 1341 1372 1372 1402 1463 1494 1463 1372 1286 1219
316A Acap  195311211 1128 1097 1158 1250 1372 1524 1707 1768 1768 1707 1646 1554
316A Acap  195311212 1463 1341 1311 1280 1311 1341 1341 1372 1341 1280 1219 1128
316A Acap  195311221 1067 1036 1036 1097 1219 1372 1554 1676 1798 1859 1859 1768
316A Acap  195311222 1646 1554 1372 1280 1219 1219 1250 1341 1372 1402 1372 1311
316A Acap  195311231 1189 1097 1067 1036 1067 1158 1311 1524 1707 1798 1829 1798
316A Acap  195311232 1707 1615 1463 1341 1280 1219 1219 1280 1341 1402 1402 1372
316A Acap  195311241 1341 1250 1158 1097 1097 1128 1219 1372 1554 1707 1829 1920
316A Acap  195311242 1859 1768 1615 1433 1280 1158 1158 1189 1280 1372 1463 1494
316A Acap  195311251 1494 1433 1311 1219 1128 1097 1128 1250 1402 1554 1707 1798
316A Acap  195311252 1859 1798 1676 1494 1311 1158 1097 1097 1189 1280 1372 1463
316A Acap  195311261 1463 1402 1341 1219 1097 1036 1036 1097 1158 1341 1463 1615
316A Acap  195311262 1707 1737 1707 1554 1402 1219 1097 1097 1097 1189 1280 1402
316A Acap  195311271 1494 1524 1494 1402 1280 1189 1097 1097 1158 1311 1463 1585
316A Acap  195311272 1707 1798 1798 1707 1585 1433 1280 1219 1189 1219 1311 1402
316A Acap  195311281 1524 1646 1646 1585 1463 1341 1219 1158 1158 1219 1341 1463
316A Acap  195311282 1615 1707 1707 1646 1494 1341 1189 1036 1006 1036 1128 1280
316A Acap  195311291 1402 1524 1585 1554 1524 1372 1250 1158 1097 1128 1219 1311
316A Acap  195311292 1433 1524 1585 1554 1463 1341 1189 1067 1006 1036 1097 1219
316A Acap  195311301 1372 1463 1554 1585 1554 1463 1372 1280 1219 1189 1219 1311
316A Acap  195311302 1402 1494 1524 1524 1463 1372 1250 1158 1067 1036 1097 1189
316A Acap  195312011 1311 1402 1524 1585 1585 1554 1463 1372 1311 1250 1250 1280
316A Acap  195312012 1311 1402 1433 1463 1433 1372 1280 1189 1128 1067 1097 1158
316A Acap  195312021 1219 1341 1463 1554 1585 1615 1585 1463 1402 1341 1280 1280
316A Acap  195312022 1311 1341 1372 1402 1402 1341 1311 1219 1128 1067 1067 1097
316A Acap  195312031 1189 1280 1402 1494 1554 1585 1585 1554 1494 1402 1372 1311
316A Acap  195312032 1311 1311 1341 1341 1341 1311 1280 1189 1128 1097 1067 1067
316A Acap  195312041 1097 1189 1311 1402 1494 1585 1615 1615 1554 1494 1433 1402
316A Acap  195312042 1341 1341 1341 1311 1280 1250 1219 1158 1128 1067 1067 1067
316A Acap  195312051 1128 1158 1250 1341 1463 1554 1585 1615 1615 1585 1554 1494
316A Acap  195312052 1463 1433 1372 1341 1311 1250 1219 1219 1158 1128 1128 1097
316A Acap  195312061 1128 1158 1189 1250 1372 1433 1524 1585 1646 1646 1646 1585
316A Acap  195312062 1524 1463 1372 1311 1280 1250 1219 1189 1189 1158 1158 1128
316A Acap  195312071 1128 1128 1158 1189 1280 1372 1433 1524 1585 1646 1646 1615
316A Acap  195312072 1585 1524 1433 1341 1280 1250 1189 1189 1189 1189 1158 1158
316A Acap  195312081 1128 1128 1128 1158 1219 1250 1372 1463 1554 1646 1676 1646
316A Acap  195312082 1615 1524 1433 1341 1280 1250 1219 1219 1250 1280 1280 1280
316A Acap  195312091 1250 1219 1189 1158 1158 1219 1280 1402 1494 1585 1676 1676
316A Acap  195312092 1646 1554 1463 1341 1250 1189 1158 1189 1219 1280 1311 1341
316A Acap  195312101 1311 1280 1219 1158 1158 1158 1219 1311 1433 1554 1646 1676
316A Acap  195312102 1676 1615 1524 1402 1280 1189 1128 1128 1158 1250 1311 1372
316A Acap  195312111 1372 1341 1311 1219 1158 1128 1158 1219 1341 1463 1585 1676
316A Acap  195312112 1707 1676 1585 1463 1311 1189 1097 1097 1128 1189 1280 1372
316A Acap  195312121 1433 1433 1402 1311 1250 1158 1158 1189 1250 1372 1463 1585
316A Acap  195312122 1676 1707 1646 1524 1372 1219 1097 1036 1067 1128 1250 1372
316A Acap  195312131 1463 1524 1524 1494 1402 1311 1219 1158 1189 1280 1372 1494
316A Acap  195312132 1585 1676 1676 1585 1433 1311 1189 1097 1067 1128 1250 1372
316A Acap  195312141 1494 1615 1676 1615 1554 1433 1341 1219 1219 1219 1311 1402
316A Acap  195312142 1524 1615 1646 1585 1494 1341 1189 1097 1036 1067 1128 1280
316A Acap  195312151 1433 1585 1707 1737 1707 1615 1494 1372 1280 1219 1250 1341
316A Acap  195312152 1433 1524 1554 1524 1433 1341 1189 1067 1006  945 1006 1128
316A Acap  195312161 1311 1463 1615 1707 1737 1707 1615 1524 1372 1280 1250 1280
316A Acap  195312162 1341 1433 1494 1524 1494 1402 1280 1128 1006  945  975 1067
316A Acap  195312171 1219 1372 1554 1676 1768 1768 1707 1615 1524 1402 1341 1280
316A Acap  195312172 1311 1372 1433 1463 1433 1372 1280 1189 1036  945  914  945
316A Acap  195312181 1036 1189 1372 1554 1676 1768 1798 1737 1676 1554 1433 1341
316A Acap  195312182 1311 1341 1372 1433 1463 1433 1372 1280 1189 1067  975  975
316A Acap  195312191 1006 1097 1250 1433 1585 1707 1798 1798 1768 1646 1554 1463
316A Acap  195312192 1372 1311 1311 1341 1372 1372 1372 1341 1250 1158 1036  945
316A Acap  195312201  945  975 1097 1219 1372 1524 1646 1737 1768 1707 1646 1524
316A Acap  195312202 1402 1311 1280 1250 1250 1280 1311 1311 1311 1219 1158 1067
316A Acap  195312211 1036 1006 1036 1097 1219 1402 1554 1676 1768 1768 1737 1646
316A Acap  195312212 1554 1463 1341 1280 1250 1250 1280 1311 1341 1341 1280 1189
316A Acap  195312221 1128 1036 1036 1036 1128 1250 1372 1524 1646 1707 1737 1676
316A Acap  195312222 1585 1494 1372 1280 1189 1158 1189 1250 1280 1341 1372 1311
316A Acap  195312231 1250 1189 1097 1067 1067 1128 1219 1372 1494 1615 1707 1707
316A Acap  195312232 1646 1585 1463 1311 1189 1128 1128 1158 1219 1311 1372 1402
316A Acap  195312241 1372 1311 1219 1158 1097 1128 1189 1280 1402 1524 1646 1707
316A Acap  195312242 1707 1676 1554 1402 1280 1158 1097 1128 1158 1250 1341 1433
316A Acap  195312251 1463 1433 1402 1311 1219 1158 1128 1189 1280 1402 1524 1615
316A Acap  195312252 1676 1676 1615 1463 1341 1189 1067 1067 1128 1219 1341 1433
316A Acap  195312261 1524 1554 1524 1463 1341 1280 1219 1219 1280 1341 1463 1554
316A Acap  195312262 1646 1676 1646 1554 1402 1250 1128 1097 1097 1158 1280 1402
316A Acap  195312271 1524 1615 1615 1585 1494 1372 1311 1250 1250 1311 1402 1494
316A Acap  195312272 1615 1676 1676 1585 1463 1341 1219 1128 1128 1158 1250 1402
316A Acap  195312281 1524 1646 1707 1676 1615 1524 1402 1311 1280 1311 1341 1433
316A Acap  195312282 1524 1585 1615 1554 1463 1341 1219 1128 1067 1067 1158 1280
316A Acap  195312291 1402 1554 1646 1676 1646 1585 1463 1372 1280 1250 1280 1341
316A Acap  195312292 1402 1463 1524 1494 1433 1341 1219 1128 1036 1067 1067 1189
316A Acap  195312301 1341 1463 1585 1646 1676 1646 1554 1463 1372 1311 1280 1311
316A Acap  195312302 1341 1402 1402 1433 1402 1311 1219 1097 1036 1036 1067 1158
316A Acap  195312311 1250 1402 1524 1615 1646 1646 1524 1433 1341 1280 1250 1280
316A Acap  195312312 1311 1341 1402 1402 1372 1311 1219 1128 1036  975  975 1036
