316A Acapulco           Mexico              1986 16504N 099547W 0000 3 00000R MM
316A Acap  198601011 1436 1436 1406 1345 1284 1223 1223 1254 1376 1436 1558 1680
316A Acap  198601012 1740 1740 1710 1588 1436 1315 1223 1193 1223 1284 1345 1436
316A Acap  198601021 1528 1558 1558 1467 1345 1284 1254 1254 1284 1376 1497 1619
316A Acap  198601022 1680 1740 1680 1619 1467 1315 1193 1163 1193 1223 1345 1436
316A Acap  198601031 1528 1619 1619 1588 1497 1406 1315 1284 1284 1315 1436 1497
316A Acap  198601032 1588 1649 1649 1588 1436 1345 1193 1163 1163 1193 1284 1406
316A Acap  198601041 1558 1649 1680 1649 1619 1497 1406 1345 1284 1315 1376 1467
316A Acap  198601042 1528 1619 1680 1588 1528 1376 1254 1163 1132 1163 1254 1345
316A Acap  198601051 1467 1558 1649 1680 1649 1588 1497 1436 1345 1315 1345 1436
316A Acap  198601052 1528 1588 1649 1649 1558 1467 1345 1254 1163 1071 1132 1223
316A Acap  198601061 1315 1467 1588 1680 1740 1680 1588 1528 1467 1406 1376 1406
316A Acap  198601062 1467 1528 1588 1597 1558 1467 1335 1202 1096 1041 1041 1132
316A Acap  198601071 1254 1376 1547 1682 1760 1771 1710 1619 1528 1467 1406 1406
316A Acap  198601072 1436 1497 1528 1588 1588 1497 1436 1315 1193 1102 1011 1011
316A Acap  198601081 1132 1284 1457 1618 1738 1801 1801 1771 1680 1619 1558 1497
316A Acap  198601082 1436 1497 1528 1558 1558 1528 1436 1315 1223 1132 1041  980
316A Acap  198601091 1011 1132 1284 1497 1649 1740 1801 1832 1771 1680 1588 1528
316A Acap  198601092 1497 1497 1497 1497 1497 1467 1406 1345 1284 1163 1071 1041
316A Acap  198601101 1071 1132 1254 1376 1528 1680 1771 1862 1862 1771 1680 1588
316A Acap  198601102 1528 1467 1467 1467 1436 1406 1406 1376 1345 1284 1223 1102
316A Acap  198601111 1071 1071 1132 1223 1376 1497 1619 1710 1801 1801 1771 1710
316A Acap  198601112 1649 1528 1467 1436 1406 1406 1436 1436 1436 1406 1406 1345
316A Acap  198601121 1284 1254 1223 1284 1345 1467 1558 1680 1771 1801 1832 1801
316A Acap  198601122 1710 1619 1497 1436 1406 1376 1376 1406 1467 1497 1497 1467
316A Acap  198601131 1436 1376 1315 1284 1284 1345 1467 1558 1649 1771 1832 1892
316A Acap  198601132 1832 1740 1619 1497 1406 1315 1315 1315 1406 1467 1528 1558
316A Acap  198601141 1558 1497 1436 1376 1315 1315 1376 1436 1528 1649 1771 1832
316A Acap  198601142 1862 1801 1710 1588 1467 1376 1284 1284 1345 1436 1528 1619
316A Acap  198601151 1649 1680 1619 1558 1467 1406 1376 1376 1436 1528 1649 1771
316A Acap  198601152 1832 1862 1771 1649 1528 1376 1284 1254 1284 1376 1467 1619
316A Acap  198601161 1680 1771 1771 1710 1619 1528 1467 1406 1406 1436 1528 1619
316A Acap  198601162 1740 1801 1771 1710 1588 1436 1284 1223 1193 1254 1376 1497
316A Acap  198601171 1649 1771 1801 1801 1740 1619 1497 1436 1376 1376 1436 1528
316A Acap  198601172 1649 1710 1771 1710 1619 1467 1345 1254 1193 1223 1315 1436
316A Acap  198601181 1588 1740 1832 1832 1832 1740 1588 1497 1406 1376 1406 1467
316A Acap  198601182 1528 1619 1680 1710 1619 1497 1376 1254 1193 1163 1223 1376
316A Acap  198601191 1497 1649 1771 1832 1832 1771 1680 1558 1467 1406 1376 1436
316A Acap  198601192 1497 1588 1619 1649 1588 1497 1376 1254 1132 1071 1163 1284
316A Acap  198601201 1406 1558 1740 1801 1832 1801 1710 1588 1497 1406 1345 1376
316A Acap  198601202 1436 1497 1558 1588 1558 1467 1376 1254 1132 1102 1102 1163
316A Acap  198601211 1315 1467 1619 1710 1771 1801 1771 1680 1558 1497 1436 1376
316A Acap  198601212 1406 1436 1497 1528 1528 1467 1406 1315 1193 1102 1041 1102
316A Acap  198601221 1254 1376 1497 1649 1740 1771 1740 1680 1619 1528 1467 1406
316A Acap  198601222 1376 1436 1467 1467 1467 1406 1376 1284 1193 1102 1041 1041
316A Acap  198601231 1102 1254 1376 1497 1588 1680 1740 1680 1619 1558 1497 1436
316A Acap  198601232 1376 1345 1315 1345 1315 1315 1315 1284 1193 1132 1102 1102
316A Acap  198601241 1132 1193 1315 1406 1528 1619 1680 1710 1710 1649 1619 1528
316A Acap  198601242 1467 1436 1406 1406 1376 1376 1345 1315 1254 1223 1132 1102
316A Acap  198601251 1102 1132 1223 1315 1406 1497 1588 1619 1649 1649 1619 1588
316A Acap  198601252 1528 1467 1406 1376 1345 1315 1315 1284 1284 1223 1193 1193
316A Acap  198601261 1163 1163 1193 1254 1345 1436 1528 1588 1649 1680 1649 1619
316A Acap  198601262 1558 1467 1406 1345 1315 1284 1284 1284 1284 1284 1284 1223
316A Acap  198601271 1223 1193 1193 1193 1254 1345 1436 1497 1588 1680 1680 1680
316A Acap  198601272 1649 1588 1497 1436 1376 1345 1315 1345 1345 1376 1376 1345
316A Acap  198601281 1315 1284 1254 1254 1254 1315 1376 1436 1558 1619 1680 1710
316A Acap  198601282 1680 1619 1528 1406 1315 1284 1254 1284 1315 1376 1406 1406
316A Acap  198601291 1406 1406 1345 1284 1223 1254 1315 1376 1467 1558 1649 1680
316A Acap  198601292 1680 1649 1558 1467 1345 1254 1223 1254 1284 1376 1436 1528
316A Acap  198601301 1558 1497 1467 1376 1315 1284 1254 1315 1376 1467 1558 1619
316A Acap  198601302 1680 1649 1588 1497 1376 1254 1223 1193 1254 1315 1467 1558
316A Acap  198601311 1649 1710 1619 1559 1467 1376 1321 1315 1315 1406 1497 1588
316A Acap  198601312 1710 1710 1649 1558 1406 1284 1223 1193 1193 1284 1406 1558
316A Acap  198602011 1680 1740 1771 1710 1619 1467 1376 1345 1345 1345 1436 1528
316A Acap  198602012 1588 1619 1619 1558 1406 1284 1163 1102 1102 1163 1315 1467
316A Acap  198602021 1649 1740 1832 1801 1740 1619 1467 1376 1284 1254 1315 1376
316A Acap  198602022 1467 1558 1558 1528 1436 1284 1132 1071 1041 1071 1163 1315
316A Acap  198602031 1528 1680 1801 1832 1771 1680 1558 1436 1315 1254 1284 1315
316A Acap  198602032 1406 1467 1528 1497 1467 1315 1193 1071 1011 1011 1071 1223
316A Acap  198602041 1406 1619 1771 1862 1862 1801 1680 1558 1436 1345 1315 1315
316A Acap  198602042 1376 1467 1497 1497 1467 1345 1193 1071 1011  950 1011 1102
316A Acap  198602051 1254 1406 1619 1740 1771 1771 1680 1588 1436 1345 1284 1254
316A Acap  198602052 1284 1345 1406 1436 1436 1345 1223 1071  980  919  889  950
316A Acap  198602061 1102 1254 1436 1619 1710 1771 1710 1649 1558 1436 1376 1345
316A Acap  198602062 1315 1376 1436 1467 1467 1376 1315 1163 1071  980  950  980
316A Acap  198602071 1041 1193 1345 1497 1649 1680 1710 1680 1588 1467 1406 1345
316A Acap  198602072 1315 1345 1376 1436 1436 1436 1345 1254 1163 1071  980  950
316A Acap  198602081  980 1071 1193 1345 1497 1588 1619 1649 1619 1558 1467 1406
316A Acap  198602082 1376 1345 1345 1376 1406 1406 1376 1345 1254 1193 1071 1011
316A Acap  198602091  980  980 1041 1132 1254 1345 1436 1558 1619 1619 1558 1467
316A Acap  198602092 1376 1315 1254 1254 1254 1284 1284 1284 1254 1193 1163 1132
316A Acap  198602101 1102 1071 1041 1071 1132 1223 1315 1406 1467 1528 1528 1436
316A Acap  198602102 1406 1345 1254 1223 1193 1223 1254 1254 1284 1315 1315 1284
316A Acap  198602111 1254 1193 1132 1102 1102 1163 1223 1284 1376 1467 1497 1497
316A Acap  198602112 1467 1376 1315 1193 1132 1102 1132 1132 1223 1284 1345 1376
316A Acap  198602121 1376 1315 1284 1193 1132 1102 1102 1132 1193 1284 1376 1436
316A Acap  198602122 1436 1406 1345 1223 1102 1041 1011 1041 1102 1193 1315 1406
316A Acap  198602131 1467 1467 1406 1315 1163 1132 1102 1102 1132 1193 1284 1376
316A Acap  198602132 1406 1436 1376 1284 1163 1071  980  980 1011 1102 1254 1376
316A Acap  198602141 1467 1528 1497 1436 1315 1193 1102 1071 1041 1102 1223 1315
316A Acap  198602142 1376 1436 1436 1315 1193 1071  980  950  980 1071 1223 1345
316A Acap  198602151 1467 1558 1588 1528 1436 1315 1163 1102 1071 1071 1132 1254
316A Acap  198602152 1345 1406 1406 1376 1254 1102 1011  950  950  980 1102 1254
316A Acap  198602161 1406 1528 1619 1619 1558 1406 1284 1163 1071 1041 1071 1163
316A Acap  198602162 1254 1345 1376 1345 1284 1163 1041  950  919  950 1041 1193
316A Acap  198602171 1315 1497 1619 1649 1619 1528 1376 1254 1163 1102 1102 1163
316A Acap  198602172 1254 1315 1376 1376 1345 1223 1102 1041  950  950 1011 1102
316A Acap  198602181 1284 1467 1588 1680 1649 1619 1497 1376 1254 1163 1102 1163
316A Acap  198602182 1223 1284 1345 1376 1345 1254 1163 1041  950  950  950 1071
316A Acap  198602191 1223 1376 1528 1619 1649 1619 1528 1436 1315 1193 1163 1193
316A Acap  198602192 1223 1284 1345 1376 1345 1284 1193 1071  980  950  950 1041
316A Acap  198602201 1132 1284 1436 1558 1619 1619 1588 1497 1406 1315 1254 1223
316A Acap  198602202 1254 1284 1345 1376 1376 1315 1193 1132 1011  950  919  980
316A Acap  198602211 1071 1193 1315 1436 1528 1558 1528 1497 1406 1315 1284 1223
316A Acap  198602212 1223 1254 1284 1315 1315 1284 1223 1163 1041  980  950  980
316A Acap  198602221 1041 1132 1254 1376 1467 1528 1558 1528 1467 1406 1315 1284
316A Acap  198602222 1254 1254 1284 1315 1315 1284 1254 1193 1102 1041 1011  980
316A Acap  198602231 1011 1071 1163 1254 1376 1436 1467 1467 1436 1406 1345 1315
316A Acap  198602232 1254 1223 1223 1223 1223 1223 1193 1132 1102 1011 1011  980
316A Acap  198602241 1011 1041 1102 1193 1284 1345 1376 1406 1436 1436 1376 1345
316A Acap  198602242 1315 1284 1254 1223 1254 1254 1254 1254 1223 1193 1163 1132
316A Acap  198602251 1102 1102 1102 1132 1193 1254 1315 1345 1376 1376 1376 1376
316A Acap  198602252 1345 1284 1254 1223 1193 1223 1223 1254 1254 1284 1284 1254
316A Acap  198602261 1223 1193 1163 1132 1163 1193 1254 1284 1345 1376 1406 1406
316A Acap  198602262 1376 1315 1254 1193 1163 1163 1193 1223 1284 1315 1345 1376
316A Acap  198602271 1345 1315 1254 1193 1132 1163 1193 1223 1254 1315 1376 1376
316A Acap  198602272 1376 1345 1284 1193 1132 1071 1102 1132 1254 1315 1436 1497
316A Acap  198602281 1528 1497 1467 1376 1254 1193 1132 1163 1193 1254 1345 1376
316A Acap  198602282 1376 1376 1315 1163 1071 1011  980 1041 1102 1223 1376 1497
316A Acap  198603011 1558 1558 1528 1406 1284 1163 1102 1071 1071 1163 1254 1315
316A Acap  198603012 1376 1376 1284 1193 1071  980  919  919  980 1102 1284 1467
316A Acap  198603021 1588 1649 1619 1558 1406 1254 1102 1041 1041 1071 1163 1254
316A Acap  198603022 1345 1376 1315 1254 1132 1011  919  889  919 1011 1193 1406
316A Acap  198603031 1619 1740 1771 1710 1558 1406 1254 1102 1041 1041 1102 1223
316A Acap  198603032 1315 1376 1406 1345 1223 1071  919  828  828  889 1041 1254
316A Acap  198603041 1467 1619 1740 1740 1649 1528 1345 1193 1071 1071 1102 1163
316A Acap  198603042 1284 1376 1406 1376 1284 1132  980  859  767  767  889 1071
316A Acap  198603051 1284 1497 1649 1740 1710 1619 1436 1284 1163 1071 1071 1163
316A Acap  198603052 1254 1345 1406 1436 1376 1254 1071  919  828  798  859 1011
316A Acap  198603061 1193 1406 1558 1680 1710 1649 1528 1376 1254 1132 1132 1132
316A Acap  198603062 1193 1284 1376 1406 1376 1284 1193 1041  919  828  828  889
316A Acap  198603071 1011 1223 1376 1497 1619 1619 1528 1436 1284 1193 1163 1132
316A Acap  198603072 1163 1254 1315 1376 1376 1345 1284 1163 1041  919  889  889
316A Acap  198603081  950 1071 1254 1376 1497 1528 1558 1467 1406 1315 1223 1193
316A Acap  198603082 1193 1223 1284 1345 1376 1345 1315 1254 1163 1071 1011 1011
316A Acap  198603091 1041 1102 1193 1284 1376 1436 1467 1436 1376 1315 1223 1193
316A Acap  198603092 1193 1193 1223 1254 1315 1315 1315 1284 1223 1193 1132 1071
316A Acap  198603101 1071 1071 1132 1193 1284 1345 1376 1406 1406 1376 1315 1254
316A Acap  198603102 1223 1193 1193 1223 1223 1254 1284 1284 1284 1254 1223 1193
316A Acap  198603111 1163 1132 1132 1132 1193 1223 1254 1284 1315 1345 1345 1315
316A Acap  198603112 1254 1223 1193 1163 1163 1193 1223 1254 1315 1345 1345 1345
316A Acap  198603121 1315 1284 1193 1163 1163 1163 1193 1223 1254 1315 1345 1345
316A Acap  198603122 1315 1254 1193 1132 1132 1102 1132 1163 1254 1345 1406 1467
316A Acap  198603131 1467 1406 1315 1223 1132 1071 1071 1102 1132 1193 1284 1315
316A Acap  198603132 1345 1315 1254 1163 1071 1041 1041 1071 1132 1254 1376 1467
316A Acap  198603141 1497 1497 1436 1315 1193 1102 1041 1011 1041 1102 1163 1254
316A Acap  198603142 1284 1315 1254 1163 1071 1011  980  980 1071 1193 1345 1467
316A Acap  198603151 1558 1588 1558 1467 1315 1193 1071 1041 1041 1071 1163 1254
316A Acap  198603152 1315 1345 1345 1254 1132 1041 1011  980 1041 1132 1284 1406
316A Acap  198603161 1528 1588 1619 1528 1376 1223 1102 1011  980 1011 1071 1193
316A Acap  198603162 1254 1315 1315 1254 1163 1041  980  950  980 1011 1132 1315
316A Acap  198603171 1467 1588 1649 1619 1467 1345 1193 1041  950  950 1041 1132
316A Acap  198603172 1223 1315 1345 1284 1193 1071  980  889  919 1011 1102 1223
316A Acap  198603181 1376 1497 1588 1558 1467 1345 1223 1102 1041 1011 1102 1163
316A Acap  198603182 1223 1315 1345 1284 1193 1071  980  859  798  828 1011 1163
316A Acap  198603191 1315 1436 1528 1588 1497 1376 1284 1163 1102 1011 1011 1071
316A Acap  198603192 1156 1236 1284 1254 1223 1132 1011  919  859  859  919 1041
316A Acap  198603201 1193 1406 1497 1588 1558 1497 1376 1223 1102 1041 1011 1041
316A Acap  198603202 1102 1193 1254 1284 1223 1132 1041  919  828  828  919 1041
316A Acap  198603211 1193 1284 1406 1497 1528 1436 1345 1254 1163 1071 1041 1071
316A Acap  198603212 1132 1193 1254 1284 1254 1163 1041  950  889  859  919 1011
316A Acap  198603221 1132 1254 1345 1436 1467 1436 1376 1284 1193 1132 1102 1132
316A Acap  198603222 1193 1223 1254 1284 1254 1163 1102 1011  950  889  889  980
316A Acap  198603231 1071 1132 1223 1315 1406 1406 1345 1284 1223 1163 1102 1102
316A Acap  198603232 1132 1193 1223 1284 1284 1223 1163 1132 1041  980  919  950
316A Acap  198603241  980 1071 1193 1284 1345 1376 1376 1315 1254 1163 1132 1102
316A Acap  198603242 1102 1132 1163 1193 1254 1254 1254 1193 1132 1071 1011 1011
316A Acap  198603251 1011 1041 1102 1193 1254 1315 1315 1284 1223 1193 1132 1132
316A Acap  198603252 1102 1102 1132 1193 1254 1315 1315 1376 1315 1284 1254 1223
316A Acap  198603261 1193 1193 1193 1223 1254 1284 1315 1315 1315 1254 1223 1193
316A Acap  198603262 1163 1132 1163 1193 1254 1315 1376 1436 1467 1467 1436 1406
316A Acap  198603271 1345 1315 1254 1254 1223 1254 1254 1284 1284 1284 1284 1223
316A Acap  198603272 1193 1163 1132 1102 1163 1223 1315 1376 1467 1558 1588 1619
316A Acap  198603281 1558 1467 1406 1315 1254 1254 1223 1254 1284 1315 1345 1315
316A Acap  198603282 1284 1223 1193 1102 1071 1132 1193 1284 1436 1558 1680 1710
316A Acap  198603291 1680 1619 1497 1376 1284 1223 1163 1163 1193 1254 1315 1345
316A Acap  198603292 1315 1284 1193 1102 1041 1041 1071 1193 1315 1497 1649 1771
316A Acap  198603301 1801 1740 1619 1467 1315 1193 1132 1102 1132 1193 1315 1376
316A Acap  198603302 1376 1345 1254 1163 1041  950  950 1011 1132 1345 1558 1710
316A Acap  198603311 1832 1832 1771 1619 1436 1254 1132 1102 1102 1193 1284 1345
316A Acap  198603312 1406 1436 1376 1254 1102  980  919  919 1011 1193 1406 1619
316A Acap  198604011 1740 1862 1832 1710 1528 1345 1193 1102 1102 1132 1223 1315
316A Acap  198604012 1376 1436 1436 1345 1254 1102  980  919  950 1071 1223 1406
316A Acap  198604021 1619 1771 1832 1832 1740 1558 1376 1223 1163 1163 1193 1315
316A Acap  198604022 1436 1497 1528 1467 1345 1193 1071 1011  950 1011 1163 1345
316A Acap  198604031 1528 1710 1801 1832 1801 1649 1467 1345 1254 1223 1254 1315
316A Acap  198604032 1406 1497 1528 1528 1467 1376 1223 1102 1011 1011 1041 1193
316A Acap  198604041 1376 1558 1710 1771 1771 1710 1588 1436 1315 1223 1223 1254
316A Acap  198604042 1345 1436 1558 1588 1558 1467 1315 1193 1102 1041 1071 1163
316A Acap  198604051 1284 1436 1588 1680 1710 1680 1588 1436 1315 1223 1193 1223
316A Acap  198604052 1284 1376 1467 1497 1528 1467 1376 1254 1163 1132 1102 1132
316A Acap  198604061 1223 1315 1467 1588 1619 1619 1528 1436 1345 1254 1193 1193
316A Acap  198604062 1223 1284 1376 1436 1467 1436 1406 1345 1284 1193 1163 1132
316A Acap  198604071 1193 1223 1315 1376 1436 1467 1467 1406 1345 1254 1193 1193
316A Acap  198604072 1193 1223 1254 1315 1376 1406 1406 1406 1376 1315 1254 1223
316A Acap  198604081 1223 1223 1223 1284 1315 1345 1345 1345 1315 1254 1223 1163
316A Acap  198604082 1132 1163 1193 1223 1284 1315 1376 1406 1436 1436 1406 1376
316A Acap  198604091 1345 1315 1254 1254 1284 1284 1284 1284 1284 1254 1254 1223
316A Acap  198604092 1193 1193 1193 1193 1223 1254 1315 1376 1406 1467 1467 1436
316A Acap  198604101 1406 1376 1315 1223 1193 1193 1193 1193 1223 1254 1254 1254
316A Acap  198604102 1254 1223 1193 1163 1132 1163 1223 1315 1376 1467 1528 1558
316A Acap  198604111 1528 1497 1406 1284 1193 1132 1102 1102 1163 1193 1254 1284
316A Acap  198604112 1315 1254 1223 1163 1132 1132 1163 1223 1345 1467 1558 1619
316A Acap  198604121 1619 1588 1467 1345 1223 1132 1071 1071 1102 1193 1254 1284
316A Acap  198604122 1315 1315 1254 1163 1102 1071 1071 1132 1254 1376 1497 1619
316A Acap  198604131 1680 1649 1588 1436 1315 1193 1102 1071 1102 1132 1223 1315
316A Acap  198604132 1345 1345 1284 1223 1132 1071 1041 1071 1193 1315 1436 1588
316A Acap  198604141 1649 1710 1649 1528 1376 1254 1132 1041 1041 1071 1163 1254
316A Acap  198604142 1315 1345 1315 1223 1132 1071 1041 1071 1102 1223 1376 1528
316A Acap  198604151 1680 1710 1710 1619 1467 1315 1193 1132 1071 1071 1132 1223
316A Acap  198604152 1315 1376 1345 1284 1193 1071  980  950 1011 1102 1193 1436
316A Acap  198604161 1558 1649 1680 1619 1528 1345 1193 1071 1041 1011 1102 1163
316A Acap  198604162 1254 1315 1315 1284 1193 1102 1011  950  950 1011 1163 1315
316A Acap  198604171 1467 1619 1680 1649 1528 1436 1284 1132 1041 1041 1041 1132
316A Acap  198604172 1223 1315 1345 1345 1284 1163 1071 1011  950  980 1071 1223
316A Acap  198604181 1376 1528 1619 1619 1558 1467 1315 1193 1071 1041 1041 1132
316A Acap  198604182 1223 1315 1376 1376 1315 1193 1102 1011  980  980 1041 1163
316A Acap  198604191 1315 1467 1588 1619 1619 1528 1376 1254 1132 1102 1102 1132
316A Acap  198604192 1193 1315 1406 1436 1406 1315 1223 1132 1071 1011 1041 1132
316A Acap  198604201 1284 1376 1497 1558 1588 1528 1436 1315 1223 1132 1132 1163
316A Acap  198604202 1254 1315 1406 1467 1467 1376 1315 1223 1132 1071 1071 1132
316A Acap  198604211 1223 1345 1436 1528 1558 1528 1467 1345 1254 1193 1132 1163
316A Acap  198604212 1193 1284 1376 1436 1467 1467 1406 1315 1223 1193 1163 1193
316A Acap  198604221 1254 1345 1436 1497 1497 1467 1436 1345 1254 1193 1163 1163
316A Acap  198604222 1193 1254 1345 1436 1467 1467 1467 1436 1345 1284 1284 1254
316A Acap  198604231 1284 1315 1376 1436 1436 1406 1376 1315 1254 1193 1132 1132
316A Acap  198604232 1132 1193 1284 1345 1436 1497 1528 1528 1497 1436 1376 1376
316A Acap  198604241 1345 1315 1315 1345 1345 1315 1315 1284 1254 1193 1132 1102
316A Acap  198604242 1102 1163 1254 1345 1467 1528 1619 1649 1619 1588 1558 1497
316A Acap  198604251 1436 1376 1345 1315 1284 1284 1284 1284 1254 1223 1193 1163
316A Acap  198604252 1132 1102 1071 1132 1223 1315 1436 1558 1649 1710 1710 1710
316A Acap  198604261 1619 1497 1376 1315 1254 1254 1223 1254 1254 1254 1254 1223
316A Acap  198604262 1163 1132 1071 1011 1041 1163 1254 1406 1558 1680 1740 1740
316A Acap  198604271 1710 1619 1467 1315 1223 1132 1132 1163 1193 1223 1284 1284
316A Acap  198604272 1254 1193 1071  980  919  980 1071 1223 1345 1528 1710 1801
316A Acap  198604281 1801 1740 1619 1436 1254 1163 1132 1102 1132 1223 1315 1376
316A Acap  198604282 1376 1315 1193 1071  980  950  950 1041 1193 1406 1588 1771
316A Acap  198604291 1862 1862 1740 1588 1436 1254 1132 1071 1102 1163 1284 1376
316A Acap  198604292 1406 1406 1315 1193 1071  980  950  980 1071 1254 1467 1649
316A Acap  198604301 1801 1862 1801 1710 1528 1345 1223 1102 1102 1132 1254 1376
316A Acap  198604302 1436 1467 1436 1315 1193 1041  980  980 1011 1163 1345 1528
316A Acap  198605011 1710 1832 1832 1740 1588 1436 1284 1163 1132 1163 1254 1345
316A Acap  198605012 1436 1528 1528 1436 1376 1254 1132 1071 1041 1132 1284 1436
316A Acap  198605021 1588 1740 1801 1801 1710 1558 1376 1193 1071 1071 1163 1254
316A Acap  198605022 1376 1467 1528 1558 1467 1376 1254 1163 1102 1132 1223 1315
316A Acap  198605031 1436 1558 1680 1710 1680 1558 1436 1315 1193 1102 1132 1193
316A Acap  198605032 1284 1345 1436 1528 1528 1406 1315 1254 1193 1163 1254 1315
316A Acap  198605041 1406 1467 1558 1588 1588 1558 1436 1315 1223 1163 1132 1163
316A Acap  198605042 1254 1345 1436 1497 1528 1497 1467 1436 1376 1284 1254 1284
316A Acap  198605051 1345 1406 1467 1497 1497 1436 1376 1315 1254 1223 1163 1163
316A Acap  198605052 1254 1315 1406 1467 1528 1528 1497 1436 1406 1345 1284 1254
316A Acap  198605061 1284 1315 1345 1376 1406 1406 1376 1315 1254 1193 1163 1132
316A Acap  198605062 1163 1223 1284 1376 1436 1497 1528 1528 1528 1467 1436 1406
316A Acap  198605071 1376 1345 1345 1345 1345 1345 1315 1315 1284 1223 1223 1193
316A Acap  198605072 1193 1223 1284 1376 1436 1497 1558 1619 1619 1588 1558 1528
316A Acap  198605081 1467 1406 1376 1345 1315 1284 1284 1284 1254 1223 1223 1223
316A Acap  198605082 1193 1193 1223 1284 1345 1436 1528 1588 1649 1649 1619 1588
316A Acap  198605091 1528 1436 1376 1315 1254 1223 1223 1254 1284 1315 1315 1284
316A Acap  198605092 1254 1223 1223 1284 1376 1436 1497 1558 1619 1680 1710 1680
316A Acap  198605101 1649 1558 1436 1345 1254 1223 1193 1223 1254 1254 1284 1315
316A Acap  198605102 1284 1254 1223 1223 1254 1315 1406 1497 1558 1619 1680 1740
316A Acap  198605111 1710 1649 1558 1436 1315 1223 1193 1223 1254 1284 1315 1345
316A Acap  198605112 1315 1254 1223 1193 1163 1193 1223 1315 1406 1528 1649 1740
316A Acap  198605121 1740 1680 1588 1467 1345 1269 1223 1193 1223 1254 1284 1345
316A Acap  198605122 1345 1284 1223 1163 1132 1132 1223 1315 1406 1497 1588 1710
316A Acap  198605131 1771 1710 1619 1528 1406 1284 1223 1163 1163 1193 1254 1315
316A Acap  198605132 1345 1345 1284 1223 1132 1071 1102 1132 1223 1345 1467 1588
316A Acap  198605141 1680 1740 1680 1558 1436 1345 1254 1163 1163 1223 1284 1345
316A Acap  198605142 1406 1406 1376 1315 1193 1132 1071 1071 1163 1254 1406 1558
316A Acap  198605151 1649 1710 1710 1588 1436 1315 1193 1102 1071 1071 1132 1223
316A Acap  198605152 1315 1345 1345 1284 1193 1132 1071 1071 1071 1163 1315 1467
316A Acap  198605161 1588 1649 1680 1619 1497 1376 1254 1132 1071 1071 1132 1254
316A Acap  198605162 1315 1376 1406 1376 1284 1193 1132 1071 1071 1132 1254 1406
316A Acap  198605171 1558 1619 1680 1619 1528 1406 1284 1193 1132 1102 1163 1254
316A Acap  198605172 1345 1406 1436 1436 1376 1284 1223 1163 1163 1193 1315 1406
316A Acap  198605181 1497 1619 1649 1619 1558 1436 1345 1223 1163 1163 1254 1284
316A Acap  198605182 1345 1436 1497 1528 1497 1436 1376 1284 1223 1223 1284 1376
316A Acap  198605191 1467 1588 1649 1649 1588 1497 1406 1284 1163 1163 1193 1284
316A Acap  198605192 1376 1497 1558 1588 1558 1497 1467 1376 1284 1254 1223 1284
316A Acap  198605201 1376 1467 1558 1558 1558 1497 1406 1315 1193 1132 1132 1193
316A Acap  198605202 1254 1376 1497 1558 1619 1619 1588 1467 1436 1376 1345 1345
316A Acap  198605211 1376 1436 1467 1528 1497 1467 1406 1315 1223 1163 1132 1132
316A Acap  198605212 1223 1345 1436 1558 1619 1649 1649 1619 1588 1528 1467 1436
316A Acap  198605221 1406 1436 1467 1467 1436 1406 1376 1284 1223 1163 1132 1163
316A Acap  198605222 1223 1315 1436 1558 1649 1710 1740 1740 1710 1680 1619 1558
316A Acap  198605231 1497 1436 1406 1406 1406 1406 1376 1345 1284 1223 1163 1132
316A Acap  198605232 1132 1163 1254 1376 1528 1619 1740 1801 1832 1801 1740 1680
316A Acap  198605241 1588 1497 1436 1436 1406 1376 1376 1345 1345 1284 1223 1163
316A Acap  198605242 1132 1071 1102 1193 1284 1436 1588 1710 1832 1862 1832 1771
316A Acap  198605251 1680 1528 1436 1376 1315 1315 1315 1315 1315 1315 1284 1223
316A Acap  198605252 1163 1102 1041 1041 1102 1254 1406 1588 1740 1862 1953 1923
316A Acap  198605261 1832 1680 1528 1406 1315 1254 1284 1284 1345 1376 1376 1345
316A Acap  198605262 1284 1193 1132 1102 1041 1102 1254 1436 1588 1771 1892 1923
316A Acap  198605271 1892 1801 1649 1497 1376 1284 1284 1315 1376 1436 1497 1497
316A Acap  198605272 1467 1406 1315 1193 1132 1102 1193 1284 1436 1619 1771 1892
316A Acap  198605281 1923 1892 1740 1588 1436 1315 1223 1223 1284 1376 1436 1497
316A Acap  198605282 1497 1436 1345 1223 1132 1041 1011 1071 1223 1376 1588 1710
316A Acap  198605291 1832 1832 1740 1619 1436 1284 1163 1132 1132 1223 1315 1406
316A Acap  198605292 1467 1497 1436 1345 1223 1102 1041 1041 1132 1223 1376 1558
316A Acap  198605301 1680 1771 1771 1649 1497 1345 1223 1132 1102 1132 1223 1345
316A Acap  198605302 1436 1528 1558 1497 1406 1284 1193 1132 1102 1163 1284 1436
316A Acap  198605311 1558 1649 1680 1619 1528 1376 1223 1102 1041 1041 1102 1223
316A Acap  198605312 1376 1467 1558 1528 1467 1406 1315 1193 1132 1102 1193 1284
316A Acap  198606011 1376 1497 1558 1558 1528 1406 1254 1132 1071 1011 1041 1132
316A Acap  198606012 1254 1376 1467 1497 1497 1467 1376 1284 1193 1163 1163 1223
316A Acap  198606021 1284 1376 1436 1467 1467 1406 1284 1163 1071 1041 1041 1102
316A Acap  198606022 1193 1315 1406 1467 1528 1528 1467 1406 1315 1223 1193 1193
316A Acap  198606031 1223 1284 1345 1376 1376 1376 1284 1193 1102 1041 1011 1041
316A Acap  198606032 1102 1193 1315 1406 1497 1528 1528 1497 1406 1345 1284 1254
316A Acap  198606041 1223 1254 1284 1345 1345 1345 1284 1223 1132 1071 1041 1011
316A Acap  198606042 1041 1102 1223 1345 1406 1497 1528 1558 1497 1436 1376 1315
316A Acap  198606051 1254 1223 1223 1254 1254 1254 1254 1223 1163 1102 1071 1041
316A Acap  198606052 1041 1102 1163 1284 1376 1497 1558 1558 1558 1497 1436 1376
316A Acap  198606061 1315 1284 1223 1223 1223 1223 1223 1223 1223 1163 1132 1071
316A Acap  198606062 1071 1071 1132 1193 1284 1406 1467 1528 1588 1588 1588 1497
316A Acap  198606071 1467 1376 1284 1254 1223 1193 1193 1193 1193 1193 1163 1132
316A Acap  198606072 1102 1132 1132 1163 1223 1345 1436 1528 1588 1619 1619 1588
316A Acap  198606081 1528 1436 1345 1284 1223 1193 1193 1193 1193 1223 1254 1193
316A Acap  198606082 1163 1132 1132 1132 1193 1254 1345 1436 1528 1619 1649 1649
316A Acap  198606091 1588 1528 1406 1315 1254 1193 1193 1193 1193 1223 1254 1223
316A Acap  198606092 1223 1223 1193 1163 1193 1223 1315 1406 1528 1619 1680 1710
316A Acap  198606101 1680 1588 1497 1406 1284 1223 1193 1193 1193 1223 1254 1254
316A Acap  198606102 1254 1223 1193 1163 1163 1163 1223 1345 1467 1558 1680 1740
316A Acap  198606111 1710 1680 1588 1467 1345 1223 1193 1163 1193 1254 1284 1345
316A Acap  198606112 1345 1315 1254 1223 1163 1163 1193 1284 1376 1497 1619 1710
316A Acap  198606121 1740 1740 1649 1528 1406 1284 1223 1163 1163 1223 1284 1345
316A Acap  198606122 1376 1376 1345 1254 1223 1193 1193 1254 1345 1436 1558 1680
316A Acap  198606131 1740 1740 1710 1588 1467 1315 1223 1163 1132 1193 1284 1345
316A Acap  198606132 1406 1436 1406 1376 1254 1193 1163 1163 1223 1345 1467 1588
316A Acap  198606141 1680 1740 1680 1619 1467 1345 1254 1193 1163 1193 1284 1345
316A Acap  198606142 1406 1436 1436 1406 1345 1254 1193 1223 1254 1345 1406 1528
316A Acap  198606151 1619 1680 1680 1619 1497 1406 1284 1223 1193 1193 1254 1345
316A Acap  198606152 1467 1528 1588 1558 1497 1436 1376 1315 1284 1345 1436 1558
316A Acap  198606161 1680 1710 1710 1680 1588 1436 1315 1223 1163 1193 1254 1376
316A Acap  198606162 1467 1558 1619 1649 1588 1528 1467 1376 1345 1315 1376 1497
316A Acap  198606171 1558 1619 1680 1649 1588 1497 1376 1254 1163 1163 1223 1315
316A Acap  198606172 1467 1588 1710 1740 1710 1680 1588 1497 1436 1406 1406 1497
316A Acap  198606181 1558 1619 1649 1649 1619 1497 1406 1284 1223 1163 1193 1284
316A Acap  198606182 1406 1558 1710 1832 1862 1832 1771 1680 1588 1528 1497 1528
316A Acap  198606191 1558 1588 1649 1649 1619 1497 1436 1345 1223 1163 1163 1223
316A Acap  198606192 1315 1467 1619 1740 1832 1892 1862 1801 1710 1619 1558 1497
316A Acap  198606201 1497 1528 1558 1558 1558 1528 1436 1345 1223 1163 1132 1102
316A Acap  198606202 1163 1315 1467 1619 1771 1862 1923 1892 1832 1740 1649 1588
316A Acap  198606211 1528 1528 1528 1528 1528 1497 1467 1376 1284 1163 1102 1041
316A Acap  198606212 1071 1163 1284 1497 1619 1801 1892 1953 1923 1862 1801 1680
316A Acap  198606221 1588 1528 1497 1497 1497 1497 1497 1436 1376 1284 1193 1132
316A Acap  198606222 1102 1102 1163 1315 1436 1619 1740 1862 1953 1953 1892 1771
316A Acap  198606231 1710 1588 1528 1497 1497 1497 1528 1497 1497 1436 1345 1254
316A Acap  198606232 1163 1102 1102 1163 1284 1436 1649 1801 1923 1984 1953 1892
316A Acap  198606241 1771 1649 1528 1497 1436 1406 1436 1436 1497 1497 1436 1376
316A Acap  198606242 1284 1193 1163 1163 1223 1315 1436 1619 1771 1892 1984 1953
316A Acap  198606251 1862 1710 1619 1497 1376 1345 1376 1436 1497 1558 1588 1558
316A Acap  198606252 1497 1406 1315 1254 1223 1284 1376 1497 1649 1771 1923 1984
316A Acap  198606261 1953 1862 1710 1558 1436 1345 1315 1345 1406 1497 1588 1649
316A Acap  198606262 1649 1588 1528 1436 1345 1315 1315 1376 1467 1619 1771 1862
316A Acap  198606271 1923 1923 1801 1680 1528 1376 1315 1284 1345 1406 1528 1619
316A Acap  198606272 1710 1710 1649 1558 1467 1406 1315 1315 1406 1497 1619 1740
316A Acap  198606281 1832 1862 1832 1710 1588 1436 1315 1254 1284 1345 1467 1588
316A Acap  198606282 1680 1771 1771 1710 1649 1588 1497 1436 1406 1467 1558 1680
316A Acap  198606291 1801 1862 1892 1832 1710 1588 1467 1376 1315 1315 1406 1528
316A Acap  198606292 1649 1771 1862 1862 1801 1710 1619 1528 1497 1497 1528 1619
316A Acap  198606301 1680 1771 1801 1801 1740 1649 1497 1376 1284 1284 1345 1467
316A Acap  198606302 1588 1740 1832 1892 1892 1832 1740 1649 1558 1497 1497 1528
316A Acap  198607011 1588 1649 1680 1710 1680 1588 1497 1345 1254 1223 1254 1315
316A Acap  198607012 1467 1588 1710 1740 1832 1832 1801 1710 1619 1528 1467 1467
316A Acap  198607021 1497 1558 1619 1619 1619 1558 1467 1376 1254 1193 1193 1254
316A Acap  198607022 1345 1467 1588 1710 1801 1862 1832 1771 1710 1619 1528 1497
316A Acap  198607031 1467 1497 1558 1558 1588 1558 1528 1436 1345 1284 1223 1223
316A Acap  198607032 1315 1436 1558 1680 1771 1832 1892 1862 1801 1740 1649 1619
316A Acap  198607041 1558 1497 1497 1558 1588 1558 1528 1467 1406 1315 1284 1254
316A Acap  198607042 1284 1406 1497 1619 1740 1832 1892 1892 1862 1832 1740 1649
316A Acap  198607051 1588 1528 1497 1497 1497 1497 1497 1497 1406 1376 1284 1284
316A Acap  198607052 1284 1315 1406 1528 1649 1740 1862 1923 1923 1862 1801 1710
316A Acap  198607061 1649 1558 1528 1528 1497 1497 1497 1467 1436 1376 1345 1284
316A Acap  198607062 1254 1315 1376 1467 1558 1649 1740 1862 1892 1862 1862 1801
316A Acap  198607071 1710 1649 1558 1528 1528 1497 1467 1467 1467 1406 1406 1376
316A Acap  198607072 1345 1315 1345 1406 1467 1558 1649 1771 1862 1892 1892 1862
316A Acap  198607081 1832 1740 1649 1558 1497 1467 1467 1467 1467 1467 1436 1436
316A Acap  198607082 1406 1376 1376 1406 1467 1528 1619 1680 1771 1862 1923 1923
316A Acap  198607091 1862 1801 1710 1619 1497 1436 1467 1467 1467 1467 1467 1467
316A Acap  198607092 1436 1406 1376 1376 1376 1436 1497 1588 1680 1801 1832 1923
316A Acap  198607101 1862 1771 1680 1558 1467 1436 1406 1406 1436 1467 1497 1528
316A Acap  198607102 1497 1497 1436 1406 1376 1406 1467 1528 1619 1710 1801 1862
316A Acap  198607111 1892 1832 1771 1680 1558 1436 1406 1376 1406 1436 1497 1558
316A Acap  198607112 1588 1558 1528 1467 1436 1406 1436 1467 1558 1649 1740 1832
316A Acap  198607121 1862 1832 1771 1680 1558 1467 1406 1376 1406 1467 1528 1619
316A Acap  198607122 1680 1710 1649 1619 1528 1467 1467 1467 1558 1588 1710 1771
316A Acap  198607131 1832 1832 1801 1680 1588 1497 1406 1345 1345 1406 1528 1619
316A Acap  198607132 1710 1771 1740 1710 1619 1558 1497 1467 1497 1558 1649 1740
316A Acap  198607141 1801 1832 1801 1710 1619 1497 1376 1315 1315 1376 1497 1619
316A Acap  198607142 1740 1801 1862 1801 1740 1680 1558 1497 1497 1528 1588 1680
316A Acap  198607151 1740 1771 1740 1680 1558 1436 1315 1284 1254 1284 1376 1528
316A Acap  198607152 1680 1771 1832 1862 1801 1740 1619 1528 1467 1467 1497 1558
316A Acap  198607161 1619 1680 1680 1619 1558 1467 1345 1223 1163 1163 1254 1376
316A Acap  198607162 1528 1680 1832 1862 1862 1801 1710 1619 1528 1497 1467 1497
316A Acap  198607171 1558 1588 1680 1619 1558 1467 1315 1223 1163 1102 1132 1284
316A Acap  198607172 1467 1619 1771 1923 1984 1953 1832 1740 1649 1558 1497 1497
316A Acap  198607181 1558 1588 1619 1649 1558 1467 1376 1254 1163 1102 1132 1193
316A Acap  198607182 1345 1467 1649 1801 1953 2014 2014 1892 1771 1649 1558 1528
316A Acap  198607191 1528 1588 1680 1710 1649 1558 1436 1315 1163 1071 1071 1163
316A Acap  198607192 1315 1467 1649 1801 1923 2014 2044 1984 1892 1771 1680 1588
316A Acap  198607201 1558 1588 1619 1649 1680 1588 1558 1436 1315 1193 1132 1071
316A Acap  198607202 1132 1254 1376 1619 1771 1923 2014 2044 1984 1862 1740 1680
316A Acap  198607211 1619 1558 1588 1619 1619 1649 1588 1497 1436 1315 1223 1132
316A Acap  198607212 1102 1132 1223 1345 1528 1710 1801 1923 1953 1923 1862 1771
316A Acap  198607221 1680 1558 1528 1497 1528 1558 1588 1558 1528 1467 1376 1254
316A Acap  198607222 1193 1163 1193 1254 1376 1528 1680 1801 1862 1923 1923 1832
316A Acap  198607231 1710 1588 1497 1436 1406 1436 1497 1558 1588 1588 1528 1436
316A Acap  198607232 1376 1315 1254 1223 1284 1376 1497 1649 1771 1862 1923 1923
316A Acap  198607241 1832 1710 1588 1467 1376 1376 1406 1467 1528 1588 1649 1619
316A Acap  198607242 1558 1467 1376 1315 1284 1315 1376 1497 1649 1740 1862 1892
316A Acap  198607251 1832 1771 1649 1497 1406 1315 1284 1315 1436 1497 1588 1649
316A Acap  198607252 1680 1649 1558 1436 1376 1315 1315 1376 1467 1588 1710 1801
316A Acap  198607261 1812 1771 1680 1528 1376 1315 1223 1223 1284 1406 1558 1680
316A Acap  198607262 1801 1809 1771 1680 1528 1406 1345 1315 1376 1467 1558 1680
316A Acap  198607271 1771 1797 1771 1619 1467 1315 1254 1193 1223 1376 1467 1588
316A Acap  198607272 1740 1832 1892 1824 1710 1588 1467 1376 1345 1376 1436 1588
316A Acap  198607281 1680 1771 1771 1680 1558 1376 1254 1163 1132 1223 1345 1467
316A Acap  198607282 1649 1771 1892 1862 1801 1680 1588 1467 1376 1345 1406 1497
316A Acap  198607291 1588 1680 1710 1710 1619 1497 1376 1254 1193 1193 1254 1406
316A Acap  198607292 1528 1710 1862 1923 1862 1801 1680 1558 1436 1406 1406 1467
316A Acap  198607301 1528 1619 1710 1710 1680 1558 1436 1284 1193 1163 1223 1315
316A Acap  198607302 1467 1619 1771 1862 1923 1862 1771 1680 1558 1497 1467 1467
316A Acap  198607311 1528 1588 1680 1710 1710 1588 1467 1345 1254 1223 1193 1284
316A Acap  198607312 1406 1588 1710 1862 1923 1953 1862 1740 1649 1528 1497 1436
316A Acap  198608011 1467 1558 1619 1649 1619 1558 1467 1406 1284 1193 1193 1223
316A Acap  198608012 1315 1436 1588 1740 1832 1892 1862 1832 1710 1649 1528 1497
316A Acap  198608021 1467 1497 1558 1588 1619 1558 1467 1376 1284 1193 1163 1193
316A Acap  198608022 1254 1376 1497 1680 1771 1832 1862 1832 1740 1680 1588 1528
316A Acap  198608031 1497 1497 1528 1588 1558 1558 1497 1406 1315 1223 1163 1163
316A Acap  198608032 1223 1315 1436 1588 1680 1801 1832 1832 1771 1680 1619 1558
316A Acap  198608041 1528 1528 1528 1558 1558 1497 1467 1436 1315 1284 1223 1223
316A Acap  198608042 1254 1284 1376 1497 1588 1680 1771 1801 1801 1771 1710 1680
316A Acap  198608051 1619 1588 1528 1497 1497 1497 1467 1436 1406 1345 1284 1254
316A Acap  198608052 1223 1254 1284 1376 1467 1588 1680 1740 1801 1801 1771 1710
316A Acap  198608061 1649 1588 1528 1467 1467 1467 1436 1406 1406 1376 1345 1345
316A Acap  198608062 1315 1315 1315 1345 1406 1497 1588 1649 1740 1801 1801 1771
316A Acap  198608071 1710 1619 1558 1497 1436 1406 1376 1436 1436 1467 1436 1436
316A Acap  198608072 1376 1345 1315 1315 1345 1406 1528 1619 1680 1740 1771 1771
316A Acap  198608081 1710 1619 1558 1497 1436 1406 1376 1376 1436 1467 1497 1528
316A Acap  198608082 1497 1467 1406 1376 1345 1376 1436 1528 1619 1680 1740 1771
316A Acap  198608091 1740 1680 1619 1528 1406 1345 1345 1376 1436 1497 1558 1619
316A Acap  198608092 1588 1558 1497 1436 1376 1315 1376 1406 1467 1588 1680 1710
316A Acap  198608101 1710 1680 1619 1497 1406 1345 1315 1315 1376 1467 1558 1619
316A Acap  198608102 1680 1680 1649 1588 1497 1436 1376 1376 1436 1497 1588 1649
316A Acap  198608111 1710 1680 1619 1497 1376 1284 1254 1254 1284 1376 1528 1649
316A Acap  198608112 1740 1832 1740 1680 1558 1497 1436 1406 1406 1467 1497 1588
316A Acap  198608121 1680 1680 1619 1528 1406 1284 1193 1193 1223 1315 1436 1588
316A Acap  198608122 1740 1801 1832 1832 1740 1619 1497 1436 1376 1406 1436 1528
316A Acap  198608131 1588 1619 1619 1558 1497 1345 1223 1132 1132 1193 1376 1528
316A Acap  198608132 1680 1862 1923 1923 1832 1740 1558 1467 1376 1376 1406 1467
316A Acap  198608141 1528 1588 1619 1588 1467 1315 1193 1132 1102 1132 1223 1376
316A Acap  198608142 1588 1771 1862 1923 1892 1801 1710 1558 1436 1376 1376 1436
316A Acap  198608151 1497 1558 1588 1588 1528 1406 1254 1102 1041 1041 1102 1254
316A Acap  198608152 1406 1619 1832 1953 1984 1923 1771 1649 1497 1406 1376 1406
316A Acap  198608161 1497 1558 1619 1680 1680 1528 1376 1193 1102 1041 1071 1132
316A Acap  198608162 1315 1528 1680 1862 1984 2014 1923 1801 1710 1558 1497 1467
316A Acap  198608171 1497 1588 1680 1710 1710 1619 1497 1315 1163 1071 1041 1071
316A Acap  198608172 1193 1376 1558 1801 1923 1984 1984 1862 1740 1588 1558 1497
316A Acap  198608181 1497 1558 1619 1680 1710 1649 1558 1436 1284 1163 1102 1102
316A Acap  198608182 1163 1254 1406 1588 1740 1832 1892 1892 1832 1740 1588 1528
316A Acap  198608191 1467 1436 1467 1497 1558 1588 1558 1528 1406 1315 1193 1132
316A Acap  198608192 1132 1163 1254 1376 1528 1649 1740 1771 1740 1680 1619 1528
316A Acap  198608201 1467 1436 1406 1467 1497 1528 1558 1528 1497 1436 1345 1254
316A Acap  198608202 1223 1193 1193 1254 1345 1497 1588 1680 1710 1740 1680 1619
316A Acap  198608211 1528 1436 1345 1315 1315 1376 1436 1497 1528 1528 1528 1436
316A Acap  198608212 1406 1345 1284 1254 1315 1376 1436 1528 1619 1680 1680 1649
316A Acap  198608221 1558 1467 1406 1315 1284 1315 1376 1436 1528 1619 1649 1649
316A Acap  198608222 1588 1528 1436 1376 1345 1315 1376 1467 1528 1619 1649 1680
316A Acap  198608231 1619 1558 1467 1376 1284 1254 1284 1315 1436 1528 1619 1680
316A Acap  198608232 1680 1680 1588 1497 1406 1345 1345 1345 1436 1528 1619 1710
316A Acap  198608241 1710 1649 1558 1436 1315 1254 1193 1254 1345 1436 1588 1710
316A Acap  198608242 1801 1801 1771 1619 1497 1406 1315 1254 1315 1376 1436 1588
316A Acap  198608251 1680 1680 1619 1497 1345 1254 1163 1193 1254 1376 1558 1710
316A Acap  198608252 1832 1923 1862 1771 1649 1528 1406 1345 1284 1315 1406 1528
316A Acap  198608261 1619 1680 1680 1588 1497 1345 1223 1163 1163 1254 1345 1528
316A Acap  198608262 1710 1801 1892 1862 1771 1649 1497 1345 1284 1284 1345 1497
316A Acap  198608271 1588 1680 1710 1680 1558 1376 1254 1163 1132 1163 1315 1497
316A Acap  198608272 1649 1862 1953 1953 1892 1771 1588 1436 1315 1284 1315 1436
316A Acap  198608281 1528 1649 1680 1649 1558 1436 1315 1223 1132 1163 1254 1406
316A Acap  198608282 1619 1740 1862 1953 1923 1862 1710 1588 1436 1376 1345 1406
316A Acap  198608291 1467 1528 1619 1680 1619 1497 1376 1254 1163 1163 1214 1328
316A Acap  198608292 1485 1649 1801 1862 1892 1832 1710 1619 1497 1406 1376 1376
316A Acap  198608301 1436 1497 1558 1588 1588 1497 1376 1223 1132 1102 1102 1193
316A Acap  198608302 1345 1497 1619 1771 1801 1801 1740 1619 1528 1436 1406 1376
316A Acap  198608311 1406 1467 1558 1588 1558 1528 1436 1315 1193 1132 1102 1193
316A Acap  198608312 1345 1467 1619 1710 1771 1801 1771 1740 1649 1558 1497 1467
316A Acap  198609011 1436 1465 1497 1528 1558 1588 1558 1467 1376 1315 1254 1223
316A Acap  198609012 1254 1345 1467 1619 1710 1801 1832 1801 1740 1680 1588 1528
316A Acap  198609021 1467 1467 1497 1528 1588 1588 1588 1528 1467 1406 1345 1284
316A Acap  198609022 1254 1315 1436 1558 1649 1710 1771 1740 1710 1680 1619 1558
316A Acap  198609031 1497 1467 1467 1497 1558 1588 1619 1588 1528 1467 1406 1345
316A Acap  198609032 1345 1406 1467 1528 1619 1680 1740 1740 1740 1710 1649 1588
316A Acap  198609041 1558 1528 1497 1497 1528 1558 1588 1558 1528 1497 1467 1406
316A Acap  198609042 1406 1376 1406 1467 1528 1588 1649 1710 1740 1710 1680 1649
316A Acap  198609051 1588 1558 1497 1467 1467 1528 1558 1558 1588 1588 1588 1558
316A Acap  198609052 1528 1467 1436 1467 1467 1497 1558 1588 1619 1680 1680 1649
316A Acap  198609061 1619 1588 1528 1497 1467 1497 1528 1588 1680 1710 1740 1740
316A Acap  198609062 1710 1680 1619 1588 1528 1558 1558 1588 1649 1710 1740 1771
316A Acap  198609071 1740 1680 1588 1528 1497 1467 1497 1588 1680 1771 1832 1862
316A Acap  198609072 1862 1801 1771 1680 1619 1558 1528 1528 1558 1649 1680 1710
316A Acap  198609081 1710 1680 1619 1558 1467 1436 1406 1497 1588 1710 1832 1892
316A Acap  198609082 1923 1892 1832 1740 1619 1528 1497 1436 1497 1558 1619 1680
316A Acap  198609091 1710 1680 1619 1497 1406 1345 1315 1345 1406 1558 1740 1832
316A Acap  198609092 1953 1984 1923 1832 1710 1588 1467 1406 1406 1467 1528 1588
316A Acap  198609101 1649 1680 1588 1497 1376 1284 1223 1193 1254 1376 1528 1680
316A Acap  198609102 1809 1875 1862 1771 1710 1619 1528 1436 1376 1376 1436 1528
316A Acap  198609111 1619 1649 1619 1558 1424 1284 1193 1163 1163 1223 1406 1588
316A Acap  198609112 1771 1923 2014 1953 1862 1740 1588 1467 1376 1376 1406 1528
316A Acap  198609121 1619 1680 1649 1588 1497 1376 1223 1132 1102 1163 1284 1497
316A Acap  198609122 1680 1892 2014 2044 1984 1851 1697 1558 1436 1376 1406 1497
316A Acap  198609131 1588 1649 1680 1680 1558 1436 1284 1163 1071 1071 1193 1345
316A Acap  198609132 1528 1710 1892 1984 1984 1892 1740 1588 1467 1376 1376 1436
316A Acap  198609141 1528 1619 1680 1680 1619 1467 1284 1163 1071 1041 1071 1193
316A Acap  198609142 1376 1588 1740 1862 1923 1832 1740 1619 1497 1406 1376 1406
316A Acap  198609151 1467 1558 1649 1680 1649 1558 1436 1284 1163 1102 1071 1132
316A Acap  198609152 1254 1406 1588 1710 1801 1801 1771 1680 1558 1497 1436 1406
316A Acap  198609161 1436 1497 1588 1649 1680 1619 1528 1406 1284 1193 1132 1132
316A Acap  198609162 1223 1315 1467 1588 1680 1740 1740 1710 1619 1528 1467 1436
316A Acap  198609171 1406 1467 1528 1588 1619 1619 1588 1528 1406 1345 1284 1254
316A Acap  198609172 1254 1315 1376 1467 1558 1619 1649 1649 1619 1558 1497 1467
316A Acap  198609181 1436 1436 1467 1497 1558 1588 1619 1619 1588 1528 1467 1436
316A Acap  198609182 1406 1376 1376 1436 1467 1528 1588 1619 1619 1619 1588 1528
316A Acap  198609191 1467 1436 1406 1376 1436 1467 1558 1619 1649 1649 1649 1619
316A Acap  198609192 1558 1497 1436 1436 1436 1467 1497 1528 1558 1588 1588 1558
316A Acap  198609201 1528 1467 1436 1406 1406 1467 1497 1588 1649 1740 1771 1801
316A Acap  198609202 1771 1710 1649 1558 1497 1467 1467 1497 1528 1619 1680 1680
316A Acap  198609211 1680 1619 1528 1467 1406 1406 1467 1497 1588 1680 1801 1862
316A Acap  198609212 1862 1832 1771 1680 1558 1467 1376 1345 1376 1467 1588 1680
316A Acap  198609221 1710 1680 1588 1497 1406 1376 1376 1436 1558 1680 1801 1892
316A Acap  198609222 1953 1923 1832 1680 1528 1406 1345 1284 1315 1376 1497 1588
316A Acap  198609231 1619 1619 1558 1436 1315 1254 1223 1254 1345 1467 1619 1771
316A Acap  198609232 1862 1892 1862 1740 1619 1467 1376 1315 1284 1345 1436 1558
316A Acap  198609241 1619 1649 1619 1497 1376 1254 1193 1163 1254 1406 1558 1740
316A Acap  198609242 1892 1953 1892 1771 1649 1528 1406 1315 1254 1315 1376 1497
316A Acap  198609251 1588 1649 1619 1558 1467 1315 1193 1163 1193 1284 1436 1619
316A Acap  198609252 1801 1892 1923 1862 1771 1619 1467 1345 1254 1284 1345 1467
316A Acap  198609261 1558 1619 1649 1588 1497 1345 1223 1132 1132 1193 1345 1558
316A Acap  198609262 1710 1862 1923 1923 1862 1740 1588 1467 1376 1315 1345 1436
316A Acap  198609271 1528 1588 1619 1619 1528 1406 1254 1193 1132 1163 1254 1376
316A Acap  198609272 1588 1710 1832 1862 1832 1771 1649 1528 1406 1345 1345 1406
316A Acap  198609281 1497 1558 1619 1619 1558 1467 1315 1193 1163 1132 1163 1284
316A Acap  198609282 1467 1619 1740 1771 1740 1680 1588 1467 1406 1345 1345 1376
316A Acap  198609291 1436 1497 1558 1588 1558 1467 1376 1254 1193 1163 1223 1315
316A Acap  198609292 1406 1558 1680 1740 1771 1740 1680 1588 1497 1436 1376 1406
316A Acap  198609301 1467 1528 1588 1649 1619 1558 1467 1345 1254 1193 1193 1315
316A Acap  198609302 1436 1588 1680 1771 1801 1801 1771 1680 1619 1528 1497 1497
316A Acap  198610011 1528 1588 1649 1680 1680 1649 1588 1528 1436 1376 1345 1376
316A Acap  198610012 1467 1558 1680 1740 1771 1771 1740 1710 1649 1588 1558 1558
316A Acap  198610021 1558 1588 1619 1649 1680 1680 1680 1619 1558 1467 1436 1436
316A Acap  198610022 1467 1497 1588 1619 1680 1680 1680 1619 1588 1558 1497 1497
316A Acap  198610031 1467 1497 1528 1588 1619 1649 1680 1649 1619 1588 1528 1497
316A Acap  198610032 1497 1497 1528 1558 1588 1588 1619 1619 1619 1588 1558 1558
316A Acap  198610041 1558 1528 1528 1588 1619 1680 1710 1740 1740 1740 1710 1680
316A Acap  198610042 1649 1619 1588 1558 1558 1558 1558 1558 1558 1558 1558 1558
316A Acap  198610051 1528 1497 1467 1467 1497 1558 1619 1680 1771 1801 1832 1801
316A Acap  198610052 1740 1710 1619 1558 1528 1467 1497 1497 1497 1528 1558 1558
316A Acap  198610061 1528 1497 1467 1406 1436 1467 1497 1619 1710 1801 1892 1923
316A Acap  198610062 1892 1832 1710 1588 1497 1406 1406 1406 1467 1528 1558 1588
316A Acap  198610071 1558 1528 1467 1376 1315 1315 1376 1467 1558 1710 1832 1923
316A Acap  198610072 1953 1892 1801 1710 1558 1467 1376 1345 1406 1467 1558 1619
316A Acap  198610081 1619 1558 1528 1436 1315 1284 1284 1315 1467 1619 1832 1984
316A Acap  198610082 2075 2105 2014 1862 1649 1528 1406 1376 1406 1467 1558 1649
316A Acap  198610091 1710 1680 1619 1497 1376 1254 1223 1284 1376 1558 1740 1923
316A Acap  198610092 2075 2136 2105 2014 1801 1619 1467 1406 1406 1467 1558 1649
316A Acap  198610101 1710 1710 1680 1558 1436 1284 1163 1132 1223 1345 1558 1740
316A Acap  198610102 1953 2075 2105 2014 1862 1680 1528 1406 1376 1406 1497 1619
316A Acap  198610111 1710 1771 1771 1710 1558 1376 1223 1163 1132 1223 1436 1588
316A Acap  198610112 1801 1953 2044 2014 1923 1740 1588 1467 1376 1376 1436 1558
316A Acap  198610121 1649 1740 1771 1710 1619 1436 1284 1193 1132 1193 1315 1497
316A Acap  198610122 1680 1801 1923 1984 1892 1771 1588 1467 1376 1345 1376 1467
316A Acap  198610131 1558 1680 1740 1740 1649 1497 1406 1254 1193 1163 1223 1345
316A Acap  198610132 1497 1680 1801 1832 1832 1771 1649 1528 1406 1345 1345 1406
316A Acap  198610141 1497 1619 1680 1710 1680 1619 1497 1376 1284 1254 1254 1315
316A Acap  198610142 1436 1558 1680 1740 1771 1740 1680 1528 1436 1376 1315 1345
316A Acap  198610151 1406 1497 1588 1649 1680 1649 1619 1497 1406 1345 1315 1315
316A Acap  198610152 1376 1467 1528 1588 1619 1619 1588 1528 1467 1406 1376 1345
316A Acap  198610161 1376 1436 1497 1558 1619 1649 1649 1619 1558 1497 1467 1436
316A Acap  198610162 1406 1436 1467 1497 1528 1558 1528 1497 1467 1406 1376 1345
316A Acap  198610171 1345 1376 1436 1467 1558 1588 1619 1680 1680 1649 1588 1558
316A Acap  198610172 1528 1497 1467 1436 1436 1467 1497 1558 1528 1497 1467 1467
316A Acap  198610181 1436 1406 1436 1467 1497 1588 1649 1740 1801 1832 1862 1832
316A Acap  198610182 1740 1680 1588 1528 1497 1467 1436 1467 1497 1528 1558 1588
316A Acap  198610191 1588 1558 1497 1497 1497 1558 1619 1680 1771 1862 1923 1923
316A Acap  198610192 1862 1771 1680 1558 1467 1406 1376 1436 1497 1558 1619 1680
316A Acap  198610201 1649 1619 1558 1467 1406 1406 1497 1558 1680 1832 1953 2014
316A Acap  198610202 1984 1862 1710 1558 1436 1345 1315 1345 1436 1497 1588 1619
316A Acap  198610211 1619 1588 1497 1436 1376 1376 1376 1497 1619 1771 1923 2014
316A Acap  198610212 2014 1953 1862 1710 1558 1436 1376 1315 1376 1436 1528 1619
316A Acap  198610221 1649 1619 1558 1467 1376 1315 1284 1345 1467 1619 1771 1923
316A Acap  198610222 2014 2014 1923 1801 1649 1497 1345 1284 1284 1376 1467 1528
316A Acap  198610231 1619 1619 1558 1467 1345 1254 1193 1254 1345 1497 1680 1862
316A Acap  198610232 1984 2014 1923 1801 1649 1467 1345 1284 1315 1376 1436 1528
316A Acap  198610241 1619 1649 1619 1528 1467 1345 1284 1254 1315 1436 1588 1740
316A Acap  198610242 1892 1953 1953 1862 1710 1588 1467 1406 1345 1315 1345 1436
316A Acap  198610251 1528 1619 1649 1619 1528 1436 1315 1254 1223 1284 1419 1579
316A Acap  198610252 1726 1832 1923 1923 1824 1689 1550 1436 1345 1345 1376 1467
316A Acap  198610261 1558 1619 1649 1619 1528 1376 1284 1223 1193 1284 1406 1558
316A Acap  198610262 1680 1801 1862 1862 1801 1680 1528 1406 1345 1315 1345 1436
316A Acap  198610271 1558 1619 1680 1680 1619 1497 1406 1315 1223 1254 1376 1467
316A Acap  198610272 1619 1710 1801 1801 1801 1710 1588 1467 1376 1315 1345 1406
316A Acap  198610281 1528 1619 1680 1680 1649 1588 1467 1376 1284 1284 1315 1406
316A Acap  198610282 1558 1649 1771 1801 1801 1740 1619 1528 1436 1376 1376 1406
316A Acap  198610291 1497 1588 1680 1710 1680 1649 1558 1436 1376 1315 1345 1406
316A Acap  198610292 1496 1598 1687 1740 1740 1680 1588 1497 1376 1345 1345 1376
316A Acap  198610301 1467 1528 1619 1680 1710 1680 1619 1528 1436 1376 1345 1376
316A Acap  198610302 1436 1528 1619 1649 1649 1588 1528 1467 1376 1345 1315 1345
316A Acap  198610311 1376 1467 1588 1680 1740 1740 1710 1649 1588 1528 1467 1436
316A Acap  198610312 1467 1497 1558 1588 1588 1588 1558 1497 1406 1345 1345 1376
316A Acap  198611011 1406 1497 1558 1655 1740 1771 1771 1740 1740 1710 1680 1588
316A Acap  198611012 1558 1528 1528 1528 1528 1528 1497 1497 1436 1406 1345 1345
316A Acap  198611021 1345 1376 1436 1497 1588 1680 1740 1771 1771 1740 1710 1649
316A Acap  198611022 1588 1528 1497 1497 1467 1467 1467 1467 1436 1436 1406 1345
316A Acap  198611031 1345 1315 1345 1406 1467 1588 1710 1801 1862 1892 1892 1832
316A Acap  198611032 1771 1680 1588 1497 1467 1406 1436 1467 1467 1497 1467 1436
316A Acap  198611041 1376 1315 1254 1254 1345 1436 1558 1710 1832 1923 1953 1953
316A Acap  198611042 1862 1771 1619 1528 1436 1376 1345 1345 1406 1436 1467 1467
316A Acap  198611051 1436 1345 1254 1223 1193 1223 1345 1497 1710 1892 2044 2075
316A Acap  198611052 2044 1923 1771 1619 1467 1345 1315 1315 1376 1436 1467 1497
316A Acap  198611061 1497 1406 1315 1223 1163 1132 1223 1345 1528 1710 1892 2014
316A Acap  198611062 2014 1953 1832 1680 1528 1406 1315 1284 1345 1406 1497 1558
316A Acap  198611071 1558 1528 1436 1315 1193 1132 1132 1223 1345 1497 1680 1862
316A Acap  198611072 1984 2014 1953 1771 1619 1436 1284 1254 1223 1315 1406 1528
316A Acap  198611081 1619 1619 1588 1467 1345 1193 1132 1132 1193 1376 1528 1740
316A Acap  198611082 1892 1984 1953 1832 1710 1497 1376 1284 1284 1284 1376 1528
316A Acap  198611091 1619 1680 1680 1619 1497 1376 1254 1163 1163 1254 1436 1619
316A Acap  198611092 1801 1892 1953 1923 1771 1619 1467 1345 1284 1315 1376 1497
316A Acap  198611101 1649 1710 1771 1771 1680 1558 1436 1315 1254 1284 1376 1558
316A Acap  198611102 1710 1832 1923 1923 1832 1710 1588 1467 1376 1315 1376 1467
316A Acap  198611111 1588 1710 1771 1801 1771 1680 1528 1436 1376 1345 1376 1467
316A Acap  198611112 1619 1740 1801 1832 1771 1710 1558 1436 1345 1315 1315 1406
316A Acap  198611121 1497 1619 1710 1771 1771 1740 1656 1558 1480 1436 1406 1436
316A Acap  198611122 1528 1619 1710 1740 1740 1710 1619 1497 1406 1315 1315 1345
316A Acap  198611131 1436 1497 1619 1710 1771 1771 1740 1680 1588 1528 1467 1467
316A Acap  198611132 1467 1497 1558 1588 1619 1588 1558 1528 1467 1376 1345 1345
316A Acap  198611141 1376 1436 1558 1619 1710 1771 1801 1801 1771 1710 1649 1619
316A Acap  198611142 1558 1528 1528 1528 1528 1528 1528 1528 1528 1497 1467 1406
316A Acap  198611151 1376 1376 1376 1436 1497 1588 1740 1801 1801 1801 1740 1680
316A Acap  198611152 1619 1558 1497 1492 1493 1497 1497 1528 1558 1558 1528 1497
316A Acap  198611161 1467 1467 1467 1528 1588 1680 1771 1862 1923 1923 1892 1832
316A Acap  198611162 1740 1649 1588 1497 1467 1436 1467 1497 1528 1528 1558 1528
316A Acap  198611171 1528 1497 1436 1467 1497 1558 1649 1740 1862 1923 1953 1923
316A Acap  198611172 1862 1740 1649 1588 1497 1467 1406 1436 1467 1497 1558 1558
316A Acap  198611181 1558 1497 1467 1406 1436 1497 1588 1680 1771 1892 1923 1923
316A Acap  198611182 1892 1801 1710 1588 1467 1406 1376 1376 1436 1497 1528 1558
316A Acap  198611191 1558 1528 1436 1406 1376 1406 1467 1558 1680 1771 1892 1923
316A Acap  198611192 1923 1862 1771 1619 1497 1376 1345 1315 1376 1436 1497 1558
316A Acap  198611201 1558 1528 1497 1406 1376 1345 1376 1467 1558 1710 1832 1923
316A Acap  198611202 1984 1953 1832 1710 1558 1436 1345 1345 1345 1406 1497 1528
316A Acap  198611211 1558 1558 1528 1436 1376 1345 1376 1406 1497 1619 1740 1862
316A Acap  198611212 1923 1953 1892 1771 1588 1467 1345 1315 1315 1345 1436 1497
316A Acap  198611221 1588 1588 1558 1497 1406 1345 1315 1345 1406 1528 1680 1801
316A Acap  198611222 1923 1984 1953 1832 1710 1528 1436 1345 1345 1345 1436 1528
316A Acap  198611231 1588 1649 1649 1588 1497 1436 1376 1345 1406 1497 1619 1771
316A Acap  198611232 1862 1953 1953 1862 1740 1619 1467 1376 1345 1345 1436 1528
316A Acap  198611241 1619 1680 1710 1680 1588 1467 1376 1345 1376 1436 1588 1710
316A Acap  198611242 1832 1923 1953 1892 1771 1680 1528 1436 1376 1376 1436 1497
316A Acap  198611251 1588 1649 1680 1680 1588 1528 1406 1345 1345 1406 1497 1649
316A Acap  198611252 1771 1862 1892 1862 1771 1710 1588 1467 1376 1315 1406 1467
316A Acap  198611261 1619 1649 1710 1740 1710 1649 1558 1467 1436 1436 1467 1528
316A Acap  198611262 1649 1740 1832 1832 1771 1649 1528 1406 1315 1284 1345 1436
316A Acap  198611271 1558 1649 1740 1771 1771 1710 1619 1528 1467 1436 1467 1497
316A Acap  198611272 1619 1680 1740 1771 1710 1649 1558 1436 1345 1315 1345 1406
316A Acap  198611281 1528 1619 1710 1801 1832 1801 1740 1649 1558 1497 1497 1528
316A Acap  198611282 1588 1649 1680 1649 1619 1558 1497 1406 1345 1284 1284 1315
316A Acap  198611291 1406 1528 1680 1740 1801 1862 1832 1771 1710 1619 1588 1558
316A Acap  198611292 1588 1619 1649 1649 1588 1558 1467 1376 1315 1254 1254 1254
316A Acap  198611301 1345 1436 1558 1680 1801 1862 1892 1862 1801 1740 1680 1619
316A Acap  198611302 1588 1588 1588 1588 1588 1528 1497 1436 1345 1284 1254 1223
316A Acap  198612011 1254 1315 1467 1588 1710 1832 1923 1953 1923 1862 1801 1710
316A Acap  198612012 1680 1619 1588 1558 1528 1467 1436 1406 1345 1315 1254 1223
316A Acap  198612021 1193 1223 1254 1376 1497 1649 1801 1923 1953 1953 1923 1862
316A Acap  198612022 1740 1649 1558 1467 1436 1436 1436 1436 1436 1376 1345 1284
316A Acap  198612031 1254 1193 1193 1223 1315 1467 1619 1771 1892 1953 1984 1923
316A Acap  198612032 1801 1710 1558 1436 1376 1345 1345 1376 1436 1467 1436 1376
316A Acap  198612041 1315 1223 1163 1132 1132 1254 1406 1588 1740 1923 1984 1984
316A Acap  198612042 1923 1801 1619 1467 1376 1315 1315 1406 1436 1467 1497 1497
316A Acap  198612051 1436 1345 1243 1163 1132 1163 1223 1376 1558 1771 1923 1984
316A Acap  198612052 1984 1923 1740 1619 1467 1345 1284 1315 1406 1467 1588 1619
316A Acap  198612061 1619 1558 1497 1376 1254 1193 1193 1284 1406 1588 1771 1923
316A Acap  198612062 1984 1953 1862 1740 1528 1376 1254 1254 1284 1376 1528 1588
316A Acap  198612071 1680 1649 1619 1497 1406 1284 1193 1223 1315 1467 1649 1801
316A Acap  198612072 1892 1923 1862 1740 1588 1406 1284 1223 1193 1284 1406 1497
316A Acap  198612081 1619 1680 1680 1588 1497 1376 1284 1223 1254 1345 1467 1619
316A Acap  198612082 1771 1801 1832 1771 1619 1467 1284 1223 1193 1223 1345 1467
316A Acap  198612091 1588 1740 1771 1771 1649 1558 1436 1376 1315 1345 1436 1528
316A Acap  198612092 1649 1740 1801 1740 1649 1497 1376 1254 1193 1193 1254 1345
316A Acap  198612101 1497 1619 1710 1771 1740 1680 1619 1497 1406 1345 1376 1436
316A Acap  198612102 1528 1619 1649 1680 1649 1558 1436 1345 1254 1193 1193 1284
316A Acap  198612111 1406 1558 1680 1771 1801 1771 1710 1619 1528 1406 1406 1406
316A Acap  198612112 1436 1497 1558 1588 1558 1497 1436 1345 1284 1223 1193 1223
316A Acap  198612121 1284 1406 1497 1619 1710 1710 1710 1680 1558 1497 1436 1406
316A Acap  198612122 1406 1436 1467 1528 1528 1497 1436 1345 1284 1193 1193 1193
316A Acap  198612131 1254 1376 1467 1588 1710 1771 1771 1740 1680 1619 1558 1467
316A Acap  198612132 1436 1406 1406 1436 1436 1467 1436 1406 1345 1284 1223 1223
316A Acap  198612141 1223 1284 1376 1467 1588 1680 1740 1740 1740 1680 1619 1528
316A Acap  198612142 1467 1406 1376 1376 1376 1376 1376 1376 1345 1315 1254 1254
316A Acap  198612151 1223 1223 1295 1394 1503 1612 1710 1771 1771 1740 1710 1619
316A Acap  198612152 1558 1467 1406 1376 1345 1345 1345 1345 1345 1315 1284 1254
316A Acap  198612161 1193 1193 1223 1315 1376 1497 1588 1680 1740 1771 1740 1619
316A Acap  198612162 1558 1467 1406 1345 1315 1315 1345 1376 1345 1345 1315 1254
316A Acap  198612171 1254 1254 1284 1345 1406 1406 1497 1619 1710 1771 1771 1740
316A Acap  198612172 1710 1619 1497 1406 1345 1315 1284 1284 1315 1315 1345 1315
316A Acap  198612181 1284 1284 1254 1223 1284 1315 1376 1467 1619 1680 1740 1771
316A Acap  198612182 1740 1649 1528 1436 1345 1284 1254 1284 1284 1315 1345 1376
316A Acap  198612191 1345 1345 1315 1284 1284 1315 1345 1436 1558 1649 1740 1771
316A Acap  198612192 1771 1740 1649 1528 1376 1315 1284 1284 1315 1345 1376 1406
316A Acap  198612201 1406 1406 1345 1315 1254 1254 1315 1376 1467 1558 1680 1740
316A Acap  198612202 1771 1771 1680 1588 1467 1345 1254 1223 1254 1315 1376 1406
316A Acap  198612211 1467 1436 1406 1345 1284 1254 1284 1315 1406 1528 1619 1710
316A Acap  198612212 1801 1771 1740 1680 1528 1406 1315 1254 1254 1315 1376 1467
316A Acap  198612221 1528 1558 1528 1467 1376 1315 1284 1284 1345 1467 1558 1710
316A Acap  198612222 1771 1801 1771 1680 1588 1436 1315 1254 1254 1284 1406 1497
316A Acap  198612231 1588 1619 1619 1558 1497 1406 1315 1315 1376 1406 1528 1619
316A Acap  198612232 1740 1801 1771 1740 1588 1436 1345 1254 1254 1284 1345 1467
316A Acap  198612241 1558 1619 1619 1619 1558 1467 1376 1315 1284 1315 1406 1497
316A Acap  198612242 1588 1619 1619 1588 1497 1376 1284 1223 1193 1193 1254 1376
316A Acap  198612251 1467 1588 1649 1680 1619 1558 1497 1406 1345 1345 1376 1436
316A Acap  198612252 1528 1588 1619 1588 1528 1406 1315 1223 1193 1193 1223 1345
316A Acap  198612261 1497 1588 1710 1771 1710 1680 1558 1497 1406 1376 1345 1406
316A Acap  198612262 1467 1497 1558 1558 1497 1376 1284 1193 1162 1101 1132 1223
316A Acap  198612271 1376 1497 1649 1710 1771 1740 1680 1588 1497 1436 1406 1467
316A Acap  198612272 1497 1528 1528 1528 1467 1406 1315 1193 1132 1102 1132 1193
316A Acap  198612281 1315 1467 1588 1710 1801 1801 1771 1710 1588 1497 1467 1436
316A Acap  198612282 1467 1497 1528 1497 1436 1376 1284 1193 1132 1071 1071 1102
316A Acap  198612291 1193 1345 1497 1619 1740 1801 1801 1801 1680 1619 1528 1497
316A Acap  198612292 1467 1467 1497 1497 1467 1406 1345 1284 1163 1071 1041 1071
316A Acap  198612301 1102 1193 1376 1558 1710 1801 1892 1923 1862 1771 1710 1619
316A Acap  198612302 1558 1528 1528 1528 1528 1497 1467 1376 1284 1193 1102 1071
316A Acap  198612311 1071 1102 1193 1345 1528 1680 1801 1892 1892 1832 1771 1680
316A Acap  198612312 1588 1528 1497 1497 1467 1467 1436 1406 1376 1315 1223 1163
