394A Salina Cruz        Mexico              1984 16096N 095122W 0000 3 00000R MM
394A Sali  198401011  549  549  701  926 1189 1402 1615 1676 1646 1463 1208  945
394A Sali  198401012  732  610  579  701  823 1036 1158 1372 1311 1189 1006  803
394A Sali  198401021  640  610  671  853 1067 1372 1494 1676 1707 1676 1463 1189
394A Sali  198401022  914  762  701  640  762  945 1097 1280 1372 1341 1219 1067
394A Sali  198401031  884  701  640  732  914 1097 1372 1585 1707 1737 1615 1402
394A Sali  198401032 1158  914  762  640  640  823  975 1189 1341 1402 1372 1250
394A Sali  198401041 1036  823  732  640  792  914 1189 1433 1585 1737 1768 1585
394A Sali  198401042 1372 1158  891  701  640  671  823 1036 1250 1402 1402 1402
394A Sali  198401051 1250 1036  853  701  701  792  975 1219 1494 1676 1737 1676
394A Sali  198401052 1585 1341 1006  792  610  640  701  914 1158 1311 1433 1433
394A Sali  198401061 1402 1219 1036  853  732  701  914 1128 1372 1615 1768 1798
394A Sali  198401062 1768 1585 1280 1036  792  732  732  884 1067 1341 1524 1646
394A Sali  198401071 1615 1494 1402 1128  975  884  945 1036 1250 1524 1737 1829
394A Sali  198401072 1829 1676 1524 1219  945  762  688  732  914 1158 1433 1554
394A Sali  198401081 1585 1615 1433 1219 1006  914  823  914 1067 1311 1524 1707
394A Sali  198401082 1737 1707 1554 1372 1036  823  732  762  884 1067 1311 1524
394A Sali  198401091 1615 1646 1615 1463 1219 1067  945  975 1067 1189 1433 1646
394A Sali  198401092 1768 1829 1737 1524 1280 1049  884  853  884 1067 1219 1494
394A Sali  198401101 1646 1768 1768 1615 1463 1280 1097 1036  975 1128 1250 1494
394A Sali  198401102 1646 1798 1768 1585 1463 1219  975  884  853  914 1067 1311
394A Sali  198401111 1494 1676 1707 1676 1494 1311 1097 1006  853  914 1067 1189
394A Sali  198401112 1402 1524 1554 1463 1311 1097  914  762  701  701  853 1036
394A Sali  198401121 1219 1433 1585 1585 1554 1433 1250 1067  884  853  884 1036
394A Sali  198401122 1219 1372 1463 1494 1463 1311 1097  975  853  853  853 1036
394A Sali  198401131 1189 1402 1615 1704 1707 1585 1494 1250 1128  975  945  945
394A Sali  198401132 1097 1250 1433 1463 1463 1341 1219 1067  945  823  732  853
394A Sali  198401141  975 1219 1433 1585 1707 1676 1585 1420 1230 1055  932  884
394A Sali  198401142  945 1067 1189 1311 1402 1407 1341 1158  975  792  732  792
394A Sali  198401151  853 1067 1341 1494 1676 1768 1768 1615 1433 1189  975  914
394A Sali  198401152  792  884 1006 1189 1341 1372 1341 1280 1158  945  823  823
394A Sali  198401161  762  945 1158 1372 1524 1798 1829 1798 1676 1494 1219 1006
394A Sali  198401162  914  884  914 1067 1219 1311 1402 1463 1372 1189 1036  914
394A Sali  198401171  823  823  975 1219 1484 1737 1890 1981 1920 1768 1463 1250
394A Sali  198401172 1036  914  853 1006 1097 1280 1494 1585 1554 1494 1250 1097
394A Sali  198401181  853  792  853 1036 1219 1524 1798 2012 2103 1981 1829 1554
394A Sali  198401182 1250  945  884  823  884 1067 1341 1524 1676 1646 1524 1311
394A Sali  198401191 1067  884  732  792  884 1189 1524 1798 1951 2042 1920 1737
394A Sali  198401192 1402 1036  732  579  579  732  945 1250 1372 1494 1494 1341
394A Sali  198401201 1097  823  579  488  549  732 1036 1341 1707 1859 1951 1859
394A Sali  198401202 1554 1250  914  610  518  518  732 1006 1341 1585 1707 1646
394A Sali  198401211 1433 1189  914  610  549  579  762 1067 1433 1737 1920 1920
394A Sali  198401212 1768 1494 1128  762  427  305  427  671 1006 1311 1585 1676
394A Sali  198401221 1615 1463 1158  823  579  427  472  671 1006 1402 1676 1859
394A Sali  198401222 1859 1646 1402 1006  610  396  335  488  792 1128 1524 1798
394A Sali  198401231 1890 1768 1585 1250  914  671  549  579  853 1158 1433 1737
394A Sali  198401232 1869 1829 1646 1372  975  640  518  427  671  945 1280 1646
394A Sali  198401241 1859 1951 1859 1615 1311  975  732  640  701  884 1189 1494
394A Sali  198401242 1768 1859 1829 1585 1280  975  671  579  640  792 1067 1463
394A Sali  198401251 1829 1951 2073 1890 1646 1341 1036  853  701  792  945 1220
394A Sali  198401252 1494 1737 1829 1737 1524 1250  975  732  671  701  922 1250
394A Sali  198401261 1524 1737 2073 1981 1920 1585 1311 1042  853  792  884  975
394A Sali  198401262 1219 1433 1585 1707 1585 1341 1158  884  732  579  640  914
394A Sali  198401271 1250 1463 1798 1859 1798 1676 1494 1280 1067  853  823  853
394A Sali  198401272  945 1250 1311 1554 1494 1494 1311 1128  884  640  610  732
394A Sali  198401281  884 1189 1463 1707 1737 1768 1646 1463 1128  975  701  732
394A Sali  198401282  762  914 1097 1311 1341 1402 1280 1163 1006  853  671  645
394A Sali  198401291  732  914 1128 1402 1585 1737 1737 1646 1433 1189 1006  884
394A Sali  198401292  792  853 1006 1189 1341 1402 1463 1341 1280 1128  914  823
394A Sali  198401301  792  884 1097 1280 1494 1707 1798 1768 1707 1463 1280 1097
394A Sali  198401302  884  853  945 1006 1158 1311 1433 1494 1433 1280 1097  945
394A Sali  198401311  823  805  884 1067 1311 1524 1676 1829 1798 1676 1524 1280
394A Sali  198401312 1067  914  853  914 1036 1189 1372 1463 1494 1433 1311 1158
394A Sali  198402011  975  853  823  945 1097 1311 1554 1707 1768 1707 1615 1372
394A Sali  198402012 1158  945  823  762  811  945 1158 1311 1463 1463 1402 1280
394A Sali  198402021 1097  945  792  823  945 1097 1311 1554 1707 1798 1737 1585
394A Sali  198402022 1372 1128  945  823  792  884 1036 1280 1494 1554 1554 1494
394A Sali  198402031 1341 1158 1006  884  884 1006 1250 1463 1676 1798 1829 1768
394A Sali  198402032 1554 1311 1128  884  823  823  975 1158 1372 1585 1646 1615
394A Sali  198402041 1463 1311 1097  945  853  884 1036 1250 1494 1676 1798 1798
394A Sali  198402042 1676 1433 1189 1006  823  823  914 1067 1280 1494 1676 1707
394A Sali  198402051 1707 1494 1311 1128  975  914  975 1158 1372 1585 1707 1859
394A Sali  198402052 1707 1615 1372 1097  884  823  762  914 1097 1341 1494 1676
394A Sali  198402061 1615 1524 1341 1097  884  792  762  853 1036 1311 1494 1646
394A Sali  198402062 1676 1553 1341 1036  823  671  610  732  884 1128 1341 1524
394A Sali  198402071 1615 1554 1494 1250 1006  792  701  732  945 1128 1341 1524
394A Sali  198402072 1554 1524 1402 1189  884  732  640  610  701  945 1189 1433
394A Sali  198402081 1554 1615 1554 1402 1189 1006  823  732  792  914 1158 1402
394A Sali  198402082 1494 1554 1463 1250 1067  853  671  640  701  884 1067 1334
394A Sali  198402091 1554 1646 1676 1554 1372 1128  945  823  792  884 1006 1189
394A Sali  198402092 1341 1494 1554 1433 1189 1006  853  732  732  853 1036 1280
394A Sali  198402101 1494 1676 1737 1676 1524 1341 1128  945  823  792  914 1128
394A Sali  198402102 1311 1433 1494 1463 1372 1128  945  792  732  732  914 1097
394A Sali  198402111 1402 1615 1737 1737 1737 1585 1372 1128  884  853  853 1006
394A Sali  198402112 1158 1341 1494 1554 1463 1311 1128  975  853  792  884 1006
394A Sali  198402121 1280 1524 1707 1829 1829 1737 1615 1341 1128 1006  884  945
394A Sali  198402122 1067 1250 1433 1494 1494 1436 1311 1158  975  853  853  945
394A Sali  198402131 1158 1372 1554 1798 1859 1890 1798 1585 1341 1158 1006  945
394A Sali  198402132  945 1067 1250 1402 1433 1524 1433 1294 1128  945  792  792
394A Sali  198402141  884 1097 1311 1524 1707 1798 1768 1676 1494 1250 1040  884
394A Sali  198402142  792  853  975 1097 1250 1372 1433 1311 1189 1006  853  762
394A Sali  198402151  762  792 1036 1189 1494 1737 1798 1859 1768 1494 1250 1006
394A Sali  198402152  823  792  823  975 1128 1311 1494 1494 1433 1219 1006  853
394A Sali  198402161  701  701  762 1036 1280 1524 1768 1859 1859 1768 1494 1219
394A Sali  198402162  975  823  762  853 1006 1219 1433 1615 1707 1585 1433 1158
394A Sali  198402171  884  701  701  792  975 1280 1554 1798 1920 1920 1798 1524
394A Sali  198402172 1189  914  732  640  701  975 1219 1494 1707 1768 1646 1494
394A Sali  198402181 1216  936  721  635  705  914 1280 1585 1859 2012 2012 1768
394A Sali  198402182 1494 1189  853  640  610  762 1006 1372 1707 1951 2012 1829
394A Sali  198402191 1585 1250  945  732  671  762  975 1311 1676 1920 2073 2042
394A Sali  198402192 1798 1524 1128  762  579  610  792 1128 1463 1798 2036 2103
394A Sali  198402201 1981 1707 1372 1006  762  671  823 1006 1402 1707 2012 2042
394A Sali  198402202 1981 1707 1341 1067  732  579  640  853 1158 1585 1890 2103
394A Sali  198402211 2164 1981 1615 1311  975  823  732  792 1036 1402 1615 1859
394A Sali  198402212 1981 1829 1585 1280  884  671  549  640  884 1219 1615 1981
394A Sali  198402221 2104 2042 1890 1554 1219  853  579  610  701  975 1311 1585
394A Sali  198402222 1707 1798 1646 1402 1067  823  549  518  640  914 1280 1615
394A Sali  198402231 1920 2042 2012 1768 1433 1128  884  701  671  732  982 1280
394A Sali  198402232 1554 1676 1737 1615 1402 1097  792  671  640  762 1067 1402
394A Sali  198402241 1707 1981 2073 1951 1768 1524 1189  945  792  792  975 1189
394A Sali  198402242 1372 1585 1737 1707 1524 1311 1097  914  792  853  945 1189
394A Sali  198402251 1463 1737 1890 1981 1920 1737 1494 1219 1006  884  914 1036
394A Sali  198402252 1219 1402 1554 1615 1615 1494 1250 1128  914  823  884 1036
394A Sali  198402261 1219 1494 1768 1890 1951 1859 1676 1433 1250 1006  975 1036
394A Sali  198402262 1128 1250 1405 1524 1585 1615 1463 1280 1189 1067 1036  975
394A Sali  198402271 1128 1219 1494 1615 1829 1798 1768 1585 1311 1158 1128 1036
394A Sali  198402272 1036 1067 1189 1311 1494 1554 1463 1311 1219  945  823  823
394A Sali  198402281  792  884 1036 1280 1433 1463 1494 1402 1311 1067  884  732
394A Sali  198402282  671  662  732  914  975 1067 1158 1128 1006  945  792  671
394A Sali  198402291  579  610  762  914 1128 1341 1433 1463 1402 1250 1097  914
394A Sali  198402292  762  701  640  792  945 1158 1278 1341 1311 1250 1067  884
394A Sali  198403011  823  732  762  884 1036 1189 1433 1524 1524 1524 1372 1189
394A Sali  198403012  975  853  792  792  884 1067 1250 1402 1463 1433 1311 1167
394A Sali  198403021 1006  884  823  792  896 1067 1280 1524 1615 1615 1494 1402
394A Sali  198403022 1189 1006  853  762  853  975 1128 1311 1433 1524 1505 1402
394A Sali  198403031 1250 1067  884  823  914 1036 1189 1372 1532 1615 1585 1585
394A Sali  198403032 1372 1128  938  823  792  884 1097 1311 1524 1707 1730 1646
394A Sali  198403041 1463 1250 1068  945  853  945 1128 1280 1524 1646 1768 1707
394A Sali  198403042 1554 1402 1036  884  853  884  945 1097 1463 1646 1737 1768
394A Sali  198403051 1737 1494 1219 1067 1006  914 1067 1219 1433 1585 1748 1798
394A Sali  198403052 1707 1463 1250 1067  945  914  945 1067 1341 1646 1798 1920
394A Sali  198403061 1867 1707 1494 1189  945  975  975 1097 1280 1463 1707 1768
394A Sali  198403062 1829 1646 1372 1158  884  914  884  975 1250 1433 1676 1798
394A Sali  198403071 1798 1707 1494 1250  975  792  792  823  914 1219 1341 1554
394A Sali  198403072 1585 1494 1341 1097  853  640  610  701  853 1097 1372 1554
394A Sali  198403081 1676 1676 1494 1280  975  792  610  640  701  884 1128 1341
394A Sali  198403082 1402 1433 1341 1158  917  701  610  579  701  906 1158 1463
394A Sali  198403091 1615 1707 1615 1463 1189  945  732  640  671  762 1036 1250
394A Sali  198403092 1402 1494 1402 1311 1128  884  732  640  732  853 1158 1372
394A Sali  198403101 1615 1768 1737 1676 1433 1189  945  792  732  762  914 1128
394A Sali  198403102 1341 1463 1494 1433 1280 1067  853  732  701  792 1006 1250
394A Sali  198403111 1494 1737 1829 1798 1676 1402 1158  975  823  823  853 1036
394A Sali  198403112 1219 1463 1524 1463 1433 1219 1036  884  792  732  853 1067
394A Sali  198403121 1372 1585 1768 1829 1798 1664 1463 1189  975  884  853  945
394A Sali  198403122 1128 1311 1433 1524 1554 1402 1189 1006  853  762  762  975
394A Sali  198403131 1128 1372 1585 1798 1859 1768 1585 1402 1128 1006  853  853
394A Sali  198403132  975 1158 1250 1402 1491 1494 1341 1151  945  823  756  792
394A Sali  198403141  975 1158 1463 1676 1798 1798 1768 1676 1402 1128 1006  914
394A Sali  198403142  853  975 1128 1311 1433 1510 1494 1402 1215 1006  884  762
394A Sali  198403151  823  884 1128 1341 1615 1768 1798 1707 1616 1463 1219 1036
394A Sali  198403152  884  914  975 1189 1341 1554 1615 1585 1615 1372 1128 1036
394A Sali  198403161  853  792  945 1189 1433 1615 1859 1859 1829 1676 1402 1158
394A Sali  198403162  975  792  762  914 1158 1413 1646 1737 1768 1707 1554 1219
394A Sali  198403171  975  762  732  884 1097 1311 1585 1829 1951 1859 1646 1463
394A Sali  198403172 1128  914  762  732  945 1189 1463 1798 1920 1935 1798 1554
394A Sali  198403181 1311 1006  853  671  914 1036 1280 1707 1951 2012 1890 1768
394A Sali  198403182 1402 1158  823  671  671  945 1280 1676 1951 2103 2126 1981
394A Sali  198403191 1768 1402 1097  884  783  853 1067 1494 1768 2012 2012 1920
394A Sali  198403192 1768 1463 1097  884  762  823 1085 1463 1829 2164 2316 2377
394A Sali  198403201 2103 1829 1463 1132  914  792  914 1128 1433 1768 2012 2103
394A Sali  198403202 1951 1676 1311 1036  701  732  792 1036 1372 1768 2012 2195
394A Sali  198403211 2103 1920 1524 1158  792  610  518  671  945 1280 1524 1768
394A Sali  198403212 1829 1676 1433 1097  823  615  579  701  945 1372 1737 2018
394A Sali  198403221 2134 2073 1920 1554 1219  914  671  701  853 1097 1433 1676
394A Sali  198403222 1859 1859 1676 1494 1128  853  701  762  853 1189 1524 1890
394A Sali  198403231 2103 2164 2065 1817 1480 1137  869  733  749  913 1181 1474
394A Sali  198403232 1707 1859 1920 1707 1446 1158  914  762  853  945 1250 1585
394A Sali  198403241 1920 2103 2195 2042 1707 1463 1158 1006  853  914 1088 1341
394A Sali  198403242 1585 1768 1768 1737 1554 1402 1128  884  884  914 1067 1311
394A Sali  198403251 1596 1829 1981 2073 1859 1737 1372 1097 1006  914  945 1128
394A Sali  198403252 1372 1553 1676 1737 1707 1524 1341 1189  975  945 1067 1219
394A Sali  198403261 1402 1585 1798 1951 1981 1798 1615 1341 1189 1036 1006 1067
394A Sali  198403262 1158 1402 1524 1585 1615 1615 1494 1280 1158 1067 1006 1006
394A Sali  198403271 1128 1372 1585 1859 1890 1890 1737 1554 1341 1189 1097 1036
394A Sali  198403272 1036 1097 1372 1524 1554 1585 1585 1483 1341 1158 1067 1067
394A Sali  198403281 1036 1158 1372 1585 1737 1798 1768 1707 1524 1402 1128 1067
394A Sali  198403282 1036 1097 1250 1372 1494 1585 1585 1554 1433 1311 1158 1064
394A Sali  198403291 1036 1067 1128 1341 1463 1646 1646 1646 1554 1341 1219 1067
394A Sali  198403292  884  884  945 1067 1158 1341 1463 1504 1463 1311 1219 1006
394A Sali  198403301  945  823  884 1006 1189 1341 1524 1585 1554 1433 1311 1128
394A Sali  198403302 1006  914  884  975 1128 1250 1463 1585 1615 1524 1402 1280
394A Sali  198403311 1097  975  884  914 1097 1280 1433 1494 1554 1585 1433 1311
394A Sali  198403312 1067  884  914  914 1036 1189 1372 1524 1615 1646 1646 1433
394A Sali  198404011 1219 1067  975  884  945 1128 1311 1494 1585 1615 1585 1494
394A Sali  198404012 1250 1128  945  884  975 1036 1280 1554 1707 1768 1798 1646
394A Sali  198404021 1463 1250 1036  975  945  975 1189 1372 1554 1615 1676 1585
394A Sali  198404022 1402 1219  975  884  853 1036 1341 1463 1676 1859 1859 1829
394A Sali  198404031 1646 1433 1128  945  823  945 1128 1274 1433 1615 1676 1737
394A Sali  198404032 1554 1341 1128  884  762  975 1036 1219 1554 1768 1889 1890
394A Sali  198404041 1829 1646 1280 1067  884  762  945  975 1280 1494 1676 1676
394A Sali  198404042 1596 1433 1219 1006  853  792  914 1158 1372 1615 1920 1890
394A Sali  198404051 1920 1798 1494 1181  914  823  792  884 1097 1341 1494 1615
394A Sali  198404052 1615 1463 1250 1067  853  732  762  945 1189 1463 1707 1859
394A Sali  198404061 1920 1829 1585 1311 1036  792  732  792  914 1158 1311 1494
394A Sali  198404062 1676 1585 1433 1158  975  853  790  853  975 1280 1554 1829
394A Sali  198404071 1890 1920 1798 1554 1189 1006  853  792  853 1067 1280 1494
394A Sali  198404072 1615 1646 1615 1372 1158  945  762  823  975 1219 1433 1768
394A Sali  198404081 1981 2012 1951 1829 1463 1219 1036  945  853  945 1250 1372
394A Sali  198404082 1615 1676 1646 1554 1368 1158 1006  914  792 1128 1219 1463
394A Sali  198404091 1768 1951 1981 1920 1707 1494 1158 1067  884  884 1067 1219
394A Sali  198404092 1433 1524 1737 1646 1585 1402 1158  975  945  952 1067 1311
394A Sali  198404101 1554 1798 1960 2012 1890 1676 1433 1250  945 1006  914 1036
394A Sali  198404102 1311 1463 1646 1615 1615 1585 1341 1097  945  884  914 1158
394A Sali  198404111 1341 1646 1768 1920 1920 1798 1615 1402 1097  975  884  930
394A Sali  198404112 1067 1250 1494 1615 1676 1676 1494 1311 1097  975  975  975
394A Sali  198404121 1036 1311 1524 1676 1829 1798 1707 1554 1334 1128  914  853
394A Sali  198404122 1006 1097 1341 1494 1646 1737 1696 1554 1402 1158 1006  945
394A Sali  198404131  884 1006 1250 1524 1676 1737 1829 1676 1554 1250 1128  853
394A Sali  198404132  823  853 1067 1372 1554 1707 1829 1737 1585 1433 1158  945
394A Sali  198404141  853  823  975 1158 1433 1585 1737 1768 1676 1433 1250 1036
394A Sali  198404142  823  732  792 1036 1311 1585 1791 1890 1890 1768 1507 1219
394A Sali  198404151  975  823  823  853 1067 1341 1524 1737 1768 1646 1494 1158
394A Sali  198404152  914  762  640  762  975 1311 1585 1829 1920 1890 1676 1402
394A Sali  198404161 1097  792  671  579  732  853 1189 1402 1646 1615 1524 1341
394A Sali  198404162  975  732  549  549  640  914 1280 1615 1829 1951 1890 1737
394A Sali  198404171 1433 1063  732  549  518  671  884 1189 1494 1615 1676 1494
394A Sali  198404172 1311  975  701  488  457  640  945 1311 1707 1920 2042 1920
394A Sali  198404181 1707 1341 1006  671  488  457  640  884 1250 1494 1646 1676
394A Sali  198404182 1494 1280  914  701  518  549  762 1097 1475 1829 2042 2134
394A Sali  198404191 1981 1707 1372 1006  701  549  549  732 1036 1341 1554 1737
394A Sali  198404192 1707 1554 1311  996  732  671  640  853 1067 1524 1920 2042
394A Sali  198404201 2073 1981 1615 1311  945  792  732  671  914 1158 1463 1676
394A Sali  198404202 1768 1707 1463 1219 1036  823  732  823  914 1250 1554 1859
394A Sali  198404211 2042 2012 1981 1554 1341 1006  762  732  792  914 1280 1463
394A Sali  198404212 1737 1707 1615 1524 1250 1036  823  671  823 1036 1402 1707
394A Sali  198404221 1829 1981 1951 1798 1463 1280  945  762  792  823 1067 1341
394A Sali  198404222 1524 1676 1676 1585 1372 1067 1097  762  884 1006 1204 1463
394A Sali  198404231 1768 1829 1890 1859 1707 1494 1167  884  823  853  914 1189
394A Sali  198404232 1433 1494 1585 1524 1524 1250 1158 1097  884  884 1036 1189
394A Sali  198404241 1414 1615 1768 1798 1798 1646 1311 1036  975  914  945  975
394A Sali  198404242 1189 1341 1494 1554 1494 1433 1341 1189 1036  963  975 1097
394A Sali  198404251 1219 1402 1585 1676 1646 1615 1494 1311 1189  975  914  945
394A Sali  198404252 1067 1250 1372 1494 1646 1585 1507 1372 1250 1100 1006 1036
394A Sali  198404261 1128 1241 1372 1554 1585 1615 1524 1433 1250 1128 1006  975
394A Sali  198404262 1067 1128 1280 1402 1585 1615 1646 1524 1341 1219 1097 1006
394A Sali  198404271 1006 1128 1311 1426 1524 1585 1646 1554 1402 1280 1128  975
394A Sali  198404272 1006 1067 1183 1341 1554 1615 1737 1676 1582 1433 1250 1067
394A Sali  198404281 1015 1036 1097 1250 1433 1494 1615 1554 1524 1402 1280 1128
394A Sali  198404282 1036  975 1067 1219 1433 1585 1707 1768 1732 1615 1433 1158
394A Sali  198404291 1067 1067 1067 1097 1250 1433 1524 1554 1585 1494 1372 1189
394A Sali  198404292 1067  945  975 1097 1250 1463 1707 1798 1829 1768 1646 1463
394A Sali  198404301 1219 1006  945  945 1067 1189 1433 1554 1615 1494 1524 1280
394A Sali  198404302 1158 1006  914  975 1128 1311 1463 1737 1798 1829 1707 1463
394A Sali  198405011 1341  975  914  914  945 1097 1189 1280 1615 1524 1494 1376
394A Sali  198405012 1219 1006  884  884  914 1128 1433 1615 1920 1951 1920 1737
394A Sali  198405021 1524 1280 1006  914  914  884 1067 1280 1524 1615 1707 1554
394A Sali  198405022 1311 1097 1036  884  975 1090 1280 1494 1768 1951 1951 1890
394A Sali  198405031 1707 1463 1280 1036  945  975 1067 1250 1402 1598 1707 1646
394A Sali  198405032 1585 1372 1158 1006  914 1006 1250 1463 1707 2012 2164 2073
394A Sali  198405041 1951 1768 1463 1250  945  884  914 1128 1402 1585 1737 1798
394A Sali  198405042 1646 1494 1341 1189 1036  945 1067 1280 1524 1858 2134 2195
394A Sali  198405051 2103 2012 1737 1341 1158  884  884  914 1128 1433 1615 1768
394A Sali  198405052 1798 1707 1494 1219 1097  975  945 1067 1341 1585 1859 2012
394A Sali  198405061 2195 2073 1829 1615 1341 1090  945  914 1036 1219 1463 1707
394A Sali  198405062 1810 1798 1646 1433 1219 1006  914  975 1158 1341 1646 1890
394A Sali  198405071 2103 2164 2012 1798 1463 1158  914  853  904 1067 1280 1524
394A Sali  198405072 1737 1768 1768 1615 1402 1189  914  884  945 1189 1433 1646
394A Sali  198405081 1798 2042 2164 1981 1737 1463 1198 1006  945 1000 1158 1402
394A Sali  198405082 1554 1646 1859 1829 1554 1433 1097  975  975 1067 1189 1463
394A Sali  198405091 1646 1951 1859 1890 1750 1524 1219 1006  796  701  823 1067
394A Sali  198405092 1280 1494 1615 1655 1585 1402 1128  945  792  701  823  945
394A Sali  198405101 1250 1463 1646 1768 1768 1524 1311 1128  945  762  701  762
394A Sali  198405102 1097 1280 1554 1615 1768 1615 1463 1311 1097  975  945  975
394A Sali  198405111 1128 1341 1585 1798 1768 1798 1615 1372 1189  984  853  823
394A Sali  198405112  945 1189 1463 1676 1890 1890 1821 1646 1433 1219 1066 1006
394A Sali  198405121 1036 1188 1402 1615 1737 1798 1890 1707 1463 1219 1006  917
394A Sali  198405122  945 1036 1128 1554 1676 2012 2042 2012 1798 1554 1341 1097
394A Sali  198405131  945  966 1097 1250 1433 1707 1676 1798 1615 1433 1128  914
394A Sali  198405132  823  884  975 1193 1463 1768 1984 2073 2012 1768 1524 1280
394A Sali  198405141 1078  975  945 1006 1280 1463 1615 1737 1737 1676 1402 1189
394A Sali  198405142  945  792  884 1006 1311 1646 1920 2115 2164 2073 1798 1615
394A Sali  198405151 1311  975  853  884 1067 1311 1524 1737 1859 1737 1646 1494
394A Sali  198405152 1189  945  884  933 1128 1402 1646 2012 2225 2256 2164 1951
394A Sali  198405161 1554 1219  945  914  884  975 1280 1494 1707 1920 1829 1646
394A Sali  198405162 1400 1128  853  792  823 1103 1494 1798 2134 2249 2195 2073
394A Sali  198405171 1768 1554 1158  945  701  823 1097 1341 1554 1768 1829 1768
394A Sali  198405172 1585 1334 1067  884  762  853 1189 1402 1829 2103 2134 2134
394A Sali  198405181 2012 1707 1346 1006  823  792  853 1097 1341 1554 1768 1737
394A Sali  198405182 1737 1646 1280 1067  853  840  975 1219 1463 1737 2103 2286
394A Sali  198405191 2073 1981 1554 1372 1006  945  762  945 1128 1494 1707 1798
394A Sali  198405192 1829 1737 1463 1250 1067  945  945 1097 1219 1554 1869 2103
394A Sali  198405201 2164 2073 1890 1585 1311 1067  914  853 1006 1189 1433 1707
394A Sali  198405202 1798 1768 1676 1512 1311 1097 1036 1036 1158 1378 1646 1890
394A Sali  198405211 2012 2103 1975 1737 1524 1280 1067  945  945 1128 1311 1546
394A Sali  198405212 1737 1859 1859 1646 1463 1280 1158 1036 1067 1158 1372 1707
394A Sali  198405221 1890 2012 1951 1798 1707 1463 1189 1032  975  975 1158 1372
394A Sali  198405222 1524 1707 1676 1768 1554 1402 1189 1067 1036 1036 1250 1433
394A Sali  198405231 1585 1716 1768 1798 1737 1535 1311 1097  945  975 1067 1158
394A Sali  198405232 1372 1585 1707 1768 1707 1554 1388 1219 1036 1097 1158 1280
394A Sali  198405241 1402 1585 1737 1707 1707 1615 1402 1236 1097 1036 1006 1128
394A Sali  198405242 1280 1554 1646 1676 1737 1707 1524 1372 1229 1128 1128 1219
394A Sali  198405251 1402 1494 1646 1615 1768 1585 1585 1372 1219 1128 1036 1067
394A Sali  198405252 1189 1311 1494 1676 1707 1798 1737 1676 1506 1341 1189 1158
394A Sali  198405261 1250 1311 1494 1585 1707 1768 1737 1615 1372 1280 1128 1067
394A Sali  198405262 1067 1280 1402 1646 1768 1890 1951 1798 1676 1463 1341 1219
394A Sali  198405271 1189 1219 1372 1554 1665 1737 1707 1646 1524 1433 1250 1128
394A Sali  198405272 1097 1250 1341 1554 1722 1859 1951 1981 1829 1707 1494 1341
394A Sali  198405281 1219 1128 1250 1341 1402 1554 1676 1676 1646 1524 1311 1219
394A Sali  198405282 1036 1189 1158 1250 1524 1737 1981 1920 2012 1829 1707 1554
394A Sali  198405291 1341 1158 1189 1158 1402 1311 1768 1829 1790 1676 1554 1219
394A Sali  198405292 1280 1128 1250 1250 1524 1707 1935 2103 2103 2073 1951 1615
394A Sali  198405301 1341 1158 1097 1100 1189 1311 1463 1676 1707 1676 1585 1433
394A Sali  198405302 1189 1097 1006 1097 1219 1372 1707 1829 2042 2012 1920 1707
394A Sali  198405311 1402 1250  945  884  931 1067 1280 1433 1585 1615 1615 1494
394A Sali  198405312 1219 1128  945  853  914 1128 1372 1676 1920 2012 1981 1840
394A Sali  198406011 1615 1311 1006  884  732  853  975 1189 1463 1554 1615 1524
394A Sali  198406012 1372 1128  945  853  823 1006 1189 1524 1798 2042 2140 2103
394A Sali  198406021 1890 1646 1280 1006  823  823  914 1067 1433 1585 1646 1585
394A Sali  198406022 1530 1402 1219 1036  914  853 1006 1341 1554 1890 2195 2225
394A Sali  198406031 2025 1707 1463 1189  975  813  792  884 1189 1494 1554 1676
394A Sali  198406032 1707 1554 1402 1097  884  816  884 1097 1358 1646 1890 2164
394A Sali  198406041 2134 2042 1676 1402 1097  894  823  853 1006 1311 1524 1676
394A Sali  198406042 1707 1707 1646 1280 1189 1006  914 1006 1189 1433 1707 1951
394A Sali  198406051 2134 2103 1920 1676 1341 1067  914  853  975 1158 1433 1615
394A Sali  198406052 1768 1798 1737 1585 1311 1067  884  849  945 1189 1463 1737
394A Sali  198406061 1951 2073 1951 1798 1646 1250 1097  914  853  975 1158 1524
394A Sali  198406062 1676 1951 1981 1798 1676 1433 1158 1067  975 1036 1311 1463
394A Sali  198406071 1859 1890 1951 1951 1676 1463 1158 1006  914  914 1036 1280
394A Sali  198406072 1524 1829 1920 2012 1859 1676 1463 1232 1067 1067 1097 1219
394A Sali  198406081 1524 1707 1920 1981 1890 1676 1494 1158  975  853  884 1036
394A Sali  198406082 1372 1494 1920 1951 2134 1920 1798 1372 1189  975  945 1189
394A Sali  198406091 1311 1402 1615 1829 1920 1834 1646 1402 1158  945  853  884
394A Sali  198406092 1158 1341 1676 1890 2073 2103 1920 1768 1494 1280 1189 1097
394A Sali  198406101 1006 1189 1387 1585 1737 1829 1737 1524 1311 1158 1006  945
394A Sali  198406102  975 1158 1433 1768 1920 2073 2103 2012 1798 1646 1372 1097
394A Sali  198406111 1067 1108 1250 1402 1585 1707 1748 1676 1494 1372 1189 1006
394A Sali  198406112  853 1006 1128 1402 1829 2012 2103 2225 2073 1859 1554 1372
394A Sali  198406121 1189  975 1067 1250 1341 1554 1737 1859 1707 1615 1341 1097
394A Sali  198406122  945  914 1158 1280 1433 1798 2042 2103 2286 2012 1707 1524
394A Sali  198406131 1280 1067  945  945 1128 1341 1615 1776 1829 1707 1494 1280
394A Sali  198406132 1128  975  884  975 1250 1524 1829 2103 2225 2191 2012 1798
394A Sali  198406141 1524 1250 1097  914  884 1158 1402 1615 1768 1768 1676 1494
394A Sali  198406142 1311 1067  914  914 1036 1280 1554 1859 2073 2256 2195 2073
394A Sali  198406151 1707 1372 1097  975  884  975 1178 1433 1707 1829 1798 1707
394A Sali  198406152 1554 1280 1067  853  853  975 1219 1524 1798 1981 2103 2012
394A Sali  198406161 1798 1585 1311 1067  914  894 1006 1189 1402 1646 1737 1798
394A Sali  198406162 1676 1433 1250 1006  914  945 1067 1341 1646 1890 2073 2131
394A Sali  198406171 2042 1768 1524 1189  945  823  792 1006 1219 1402 1646 1646
394A Sali  198406172 1676 1562 1372 1158 1006  975  945 1067 1341 1618 1859 2012
394A Sali  198406181 2019 1890 1615 1321 1036  884  884  884  975 1250 1433 1615
394A Sali  198406182 1707 1697 1585 1341 1189 1097 1036 1158 1189 1524 1707 1890
394A Sali  198406191 2103 1859 1890 1494 1311 1067  975  914 1067 1250 1372 1615
394A Sali  198406192 1798 1859 1798 1494 1463 1128 1036  975 1097 1311 1494 1707
394A Sali  198406201 1890 1859 1707 1768 1341 1219 1006  914  956 1097 1311 1463
394A Sali  198406202 1615 1737 1737 1768 1554 1250 1189 1067 1036 1189 1280 1433
394A Sali  198406211 1737 1850 1869 1786 1619 1409 1204 1055  995 1032 1155 1339
394A Sali  198406212 1539 1704 1797 1799 1710 1554 1376 1222 1132 1126 1205 1352
394A Sali  198406221 1524 1646 1737 1707 1646 1494 1280 1067  945  931 1006 1189
394A Sali  198406222 1371 1554 1737 1859 1707 1737 1463 1341 1187 1097 1097 1128
394A Sali  198406231 1372 1585 1737 1646 1646 1524 1402 1097  975  884  975 1036
394A Sali  198406232 1250 1463 1646 1737 1798 1707 1646 1463 1280 1189 1119 1128
394A Sali  198406241 1219 1372 1524 1585 1646 1676 1494 1280 1189 1158 1097 1036
394A Sali  198406242 1158 1341 1494 1676 1806 1859 1768 1707 1494 1280 1189 1219
394A Sali  198406251 1189 1250 1311 1433 1585 1646 1585 1494 1342 1189 1067  914
394A Sali  198406252  975 1103 1280 1494 1691 1829 1829 1890 1707 1372 1250 1097
394A Sali  198406261 1043 1067 1128 1311 1554 1585 1494 1494 1433 1250 1097  975
394A Sali  198406262  975 1006 1189 1402 1646 1859 2012 1951 1798 1554 1554 1189
394A Sali  198406271 1128 1036 1097 1202 1341 1433 1494 1502 1433 1372 1189 1036
394A Sali  198406272  975 1006 1107 1280 1494 1768 1981 2042 2016 1890 1676 1463
394A Sali  198406281 1189 1067 1036 1036 1158 1363 1554 1646 1585 1524 1463 1250
394A Sali  198406282 1006  853  975 1097 1311 1524 1798 2012 2164 2073 1875 1615
394A Sali  198406291 1402 1067 1067  914 1006 1219 1372 1646 1676 1646 1585 1311
394A Sali  198406292 1128  975  921  979 1148 1398 1680 1933 2103 2134 2103 1890
394A Sali  198406301 1554 1341 1097  975  975 1097 1311 1463 1615 1707 1676 1554
394A Sali  198406302 1311 1219  975 1128  975 1128 1433 1707 2012 2195 2256 2134
394A Sali  198407011 1829 1463 1250 1067  823  884  975 1311 1615 1798 1829 1798
394A Sali  198407012 1615 1358 1097  945 1067 1036 1097 1463 1829 2073 2195 2164
394A Sali  198407021 2073 1768 1433 1067 1006  823  914 1158 1372 1638 1829 1920
394A Sali  198407022 1859 1676 1372 1097  945  884  914 1158 1494 1768 2103 2225
394A Sali  198407031 2225 1981 1646 1402 1067  792  853  853 1158 1433 1798 1859
394A Sali  198407032 1981 1920 1676 1402 1097  945  904 1006 1219 1524 1859 2012
394A Sali  198407041 2195 2042 1981 1554 1189  945  853  914 1006 1250 1585 1859
394A Sali  198407042 2042 2012 1798 1676 1341 1067  975  914 1067 1311 1585 1890
394A Sali  198407051 2073 2103 2073 1920 1562 1189  975  701  792 1097 1402 1707
394A Sali  198407052 1920 2073 2164 2042 1737 1463 1219 1067 1036 1128 1402 1737
394A Sali  198407061 1829 1981 2103 2042 1768 1493 1219  975  823 1006 1036 1433
394A Sali  198407062 1676 2012 2134 2134 1981 1707 1494 1280 1097 1050 1128 1372
394A Sali  198407071 1554 1768 1920 1951 1829 1615 1367 1128  945  884  975 1250
394A Sali  198407072 1433 1829 2042 2195 2195 2042 1768 1524 1402 1097 1158 1219
394A Sali  198407081 1433 1615 1737 2042 1859 1829 1585 1364 1158 1006  945 1158
394A Sali  198407082 1341 1585 1859 2134 2256 2286 2073 1798 1524 1372 1219 1250
394A Sali  198407091 1158 1433 1676 1737 1859 1951 1859 1676 1494 1189 1097 1067
394A Sali  198407092 1158 1280 1615 1859 2134 2134 2164 2012 1768 1524 1271 1097
394A Sali  198407101 1036 1189 1280 1494 1633 1707 1737 1623 1433 1250 1128 1067
394A Sali  198407102 1038 1128 1372 1585 1890 2103 2195 2073 1920 1737 1494 1219
394A Sali  198407111 1128 1067 1158 1250 1280 1463 1676 1646 1646 1463 1219 1006
394A Sali  198407112  884  914 1036 1219 1524 1829 2012 2073 2042 1859 1676 1372
394A Sali  198407121 1189  975  945 1006 1158 1372 1585 1707 1676 1585 1402 1189
394A Sali  198407122 1036  975  945 1033 1219 1524 1829 2012 2134 2073 1878 1615
394A Sali  198407131 1341 1114  975  945 1097 1189 1463 1585 1768 1798 1615 1402
394A Sali  198407132 1189 1036  914 1036 1158 1433 1646 1829 2073 2126 2042 1859
394A Sali  198407141 1615 1349 1128  975  914 1036 1250 1433 1615 1829 1798 1585
394A Sali  198407142 1433 1250 1067  975  975 1280 1402 1585 1829 2073 2073 1981
394A Sali  198407151 1707 1524 1189 1036  884  920 1067 1311 1433 1768 1768 1646
394A Sali  198407152 1554 1402 1198 1036  975 1097 1250 1494 1741 1951 2134 2195
394A Sali  198407161 1920 1676 1366 1067  945  884  971 1158 1402 1629 1798 1859
394A Sali  198407162 1646 1615 1494 1189 1067  975 1067 1341 1585 1768 1972 2073
394A Sali  198407171 2042 1859 1585 1372 1067  884  975 1006 1280 1494 1646 1798
394A Sali  198407172 1890 1737 1585 1341 1158 1097 1006 1158 1402 1646 1859 1951
394A Sali  198407181 2042 1951 1768 1526 1280 1097 1006 1067 1158 1494 1676 1737
394A Sali  198407182 1890 1829 1768 1585 1433 1250 1097 1097 1189 1372 1615 1798
394A Sali  198407191 1951 1859 1798 1585 1311 1103  975  945 1025 1189 1433 1737
394A Sali  198407192 1829 1798 1859 1676 1524 1280 1097 1097 1158 1250 1463 1646
394A Sali  198407201 1859 1890 1800 1615 1433 1219  975  975  914 1097 1219 1524
394A Sali  198407202 1676 1829 1951 1829 1615 1524 1250 1158 1128 1128 1311 1524
394A Sali  198407211 1676 1827 1890 1768 1646 1433 1280 1006 1097  945 1189 1402
394A Sali  198407212 1676 1798 1951 1920 1890 1646 1463 1250 1158 1128 1311 1341
394A Sali  198407221 1585 1676 1737 1676 1646 1463 1311 1158 1067 1006 1158 1280
394A Sali  198407222 1494 1707 1859 1981 1890 1829 1615 1463 1311 1250 1189 1189
394A Sali  198407231 1311 1433 1646 1707 1646 1524 1463 1158 1158  975 1036 1097
394A Sali  198407232 1341 1585 1798 1890 1935 1890 1798 1646 1402 1189 1128 1189
394A Sali  198407241 1280 1402 1585 1646 1585 1554 1433 1372 1280 1128 1097 1097
394A Sali  198407242 1250 1433 1676 1798 1920 1920 1951 1768 1554 1494 1311 1158
394A Sali  198407251 1097 1311 1372 1524 1676 1676 1646 1554 1372 1250 1128 1036
394A Sali  198407252 1067 1219 1463 1646 1890 2012 1981 1951 1798 1585 1372 1189
394A Sali  198407261 1116 1128 1189 1341 1463 1554 1646 1585 1494 1311 1097 1006
394A Sali  198407262  975 1067 1219 1433 1646 1829 2042 2042 1920 1768 1524 1372
394A Sali  198407271 1128 1036 1036 1067 1250 1524 1585 1646 1554 1463 1250 1067
394A Sali  198407272  975  945  975 1158 1433 1676 1920 2134 2134 2042 1798 1554
394A Sali  198407281 1219 1036  914  975 1067 1250 1463 1676 1676 1646 1480 1280
394A Sali  198407282 1067  884  914  975 1219 1463 1707 2012 2103 2106 1981 1768
394A Sali  198407291 1463 1189 1006  884  975 1097 1402 1585 1707 1737 1676 1524
394A Sali  198407292 1250 1006  884  914 1006 1189 1496 1798 2042 2195 2134 2042
394A Sali  198407301 1676 1463 1036  884  853  914 1189 1433 1615 1859 2012 1737
394A Sali  198407302 1554 1341 1036  853  853  945 1311 1524 1890 2164 2286 2256
394A Sali  198407311 2012 1646 1341 1006  792  823  945 1250 1585 1859 1981 1981
394A Sali  198407312 1951 1707 1402 1097  853  884 1128 1250 1646 1890 2164 2164
394A Sali  198408011 2164 1859 1615 1250  914  701  762 1006 1311 1646 1951 2134
394A Sali  198408012 2134 2012 1707 1341 1067  913  914 1006 1311 1615 1951 2134
394A Sali  198408021 2164 1981 1737 1311 1006  853  853  884 1097 1494 1890 2012
394A Sali  198408022 2103 2195 2042 1707 1372 1036  884 1006 1189 1311 1554 1920
394A Sali  198408031 2073 2164 1951 1768 1341 1067  853  762  945 1158 1494 1829
394A Sali  198408032 2134 2195 2195 2073 1768 1457 1189 1067 1006 1189 1425 1707
394A Sali  198408041 2012 2012 2042 1859 1707 1433 1067 1036  914 1067 1280 1676
394A Sali  198408042 1920 2012 2286 2225 2164 1890 1463 1341 1128 1097 1250 1524
394A Sali  198408051 1646 1829 2042 1920 1890 1554 1341 1067  914  945 1067 1372
394A Sali  198408052 1554 1890 2073 2146 2073 1890 1638 1372 1097 1006 1067 1067
394A Sali  198408061 1250 1494 1676 1859 1798 1676 1494 1189 1067  823  914 1097
394A Sali  198408062 1280 1615 1768 2012 2042 1981 1768 1585 1311 1158 1067 1036
394A Sali  198408071 1128 1311 1524 1615 1646 1737 1615 1372 1128  975  975  914
394A Sali  198408072 1128 1280 1554 1829 2042 2073 1890 1859 1554 1311 1158 1067
394A Sali  198408081 1097 1158 1280 1463 1585 1676 1646 1585 1433 1189 1097  975
394A Sali  198408082 1036 1158 1341 1554 1829 1951 2012 2012 1798 1615 1402 1189
394A Sali  198408091 1128 1189 1189 1280 1372 1676 1676 1646 1585 1402 1219 1067
394A Sali  198408092 1036 1006 1158 1341 1646 1859 1920 1981 2042 1768 1676 1372
394A Sali  198408101 1219 1067 1097 1189 1314 1463 1646 1676 1645 1524 1402 1250
394A Sali  198408102 1067 1036 1036 1189 1341 1585 1859 2012 2055 1981 1768 1530
394A Sali  198408111 1280 1128 1036 1006 1110 1280 1463 1615 1707 1615 1433 1372
394A Sali  198408112 1189 1067  975 1036 1196 1433 1615 1859 1920 1981 1859 1707
394A Sali  198408121 1463 1240 1067  945 1036 1158 1372 1554 1676 1707 1646 1646
394A Sali  198408122 1433 1311  945 1036 1067 1189 1463 1615 1829 2012 2042 1890
394A Sali  198408131 1676 1433 1201 1036 1036 1067 1189 1494 1494 1798 1798 1707
394A Sali  198408132 1554 1372 1250 1067 1067 1067 1189 1490 1798 1981 2103 1981
394A Sali  198408141 1829 1524 1433 1067 1006  945 1087 1311 1554 1737 1890 1890
394A Sali  198408142 1798 1585 1433 1250 1097 1067 1189 1402 1554 1890 1920 2042
394A Sali  198408151 1890 1768 1463 1250 1067  975 1036 1158 1341 1646 1798 1920
394A Sali  198408152 1859 1798 1585 1372 1158 1097 1097 1219 1418 1646 1798 1890
394A Sali  198408161 1981 1737 1676 1341 1067 1006  884 1006 1195 1433 1676 1920
394A Sali  198408162 1890 1920 1707 1463 1250 1036 1036 1006 1158 1463 1615 1798
394A Sali  198408171 1859 1768 1676 1463 1189 1036  884  914 1067 1250 1554 1737
394A Sali  198408172 1890 1920 1829 1585 1494 1097 1097  975 1067 1189 1433 1615
394A Sali  198408181 1798 1737 1707 1494 1280 1128  975  975 1056 1219 1433 1646
394A Sali  198408182 1829 1981 1951 1829 1585 1250 1128 1036 1067 1185 1372 1585
394A Sali  198408191 1707 1737 1737 1707 1463 1311 1067  945  975 1097 1402 1585
394A Sali  198408192 1798 1951 1981 2012 1829 1524 1402 1097 1097 1128 1372 1433
394A Sali  198408201 1676 1737 1797 1768 1676 1433 1280 1158 1158 1128 1280 1524
394A Sali  198408202 1737 1890 2012 2103 2012 1768 1615 1372 1280 1219 1311 1402
394A Sali  198408211 1524 1646 1768 1798 1737 1585 1372 1250 1189 1128 1219 1311
394A Sali  198408212 1524 1837 2103 2134 2134 1981 1859 1560 1280 1219 1194 1250
394A Sali  198408221 1341 1524 1615 1737 1768 1707 1402 1341 1280 1036 1097 1189
394A Sali  198408222 1372 1646 1829 2073 2073 1981 1951 1768 1676 1250 1311 1219
394A Sali  198408231 1341 1372 1615 1859 1798 1707 1646 1524 1280 1189 1128 1128
394A Sali  198408232 1219 1372 1615 1859 2012 2134 2164 1768 1554 1372 1372 1128
394A Sali  198408241 1219 1158 1433 1433 1585 1585 1676 1433 1433 1097 1067 1006
394A Sali  198408242 1036 1067 1311 1554 1798 1951 2042 2012 1920 1676 1463 1250
394A Sali  198408251 1097 1067 1139 1280 1463 1554 1646 1662 1585 1433 1219 1097
394A Sali  198408252  914  945 1006 1219 1585 1859 2103 2073 2134 1859 1676 1433
394A Sali  198408261 1158 1036  914 1067 1280 1463 1615 1768 1768 1646 1428 1189
394A Sali  198408262 1006  884  884  945 1189 1585 1890 2042 2103 2025 1829 1615
394A Sali  198408271 1341 1067  945  940 1067 1311 1494 1768 1920 1890 1798 1554
394A Sali  198408272 1341 1006  914  884 1067 1219 1615 1798 2042 2134 2073 1920
394A Sali  198408281 1585 1250  945  823  823 1006 1311 1585 1829 1981 1981 1829
394A Sali  198408282 1524 1250  945  823  762  884 1162 1494 1829 2073 2134 1981
394A Sali  198408291 1768 1402 1067  792  762  823 1067 1372 1737 1981 2103 2103
394A Sali  198408292 1920 1554 1250 1036  853  732  884 1189 1463 1819 2073 2042
394A Sali  198408301 1981 1707 1373 1036  732  640  762 1036 1372 1768 2042 2134
394A Sali  198408302 2195 1951 1646 1189  914  762  823 1067 1280 1524 1829 2042
394A Sali  198408311 2073 1859 1494 1189  884  640  640  823 1097 1463 1859 2134
394A Sali  198408312 2256 2225 1890 1585 1280 1006  823  823  914 1219 1554 1859
394A Sali  198409011 1981 1981 1768 1524 1189  884  762  762  914 1158 1494 1856
394A Sali  198409012 2103 2195 2134 1871 1524 1219  975  823  914 1158 1372 1615
394A Sali  198409021 1890 1981 1859 1707 1433 1067  884  762  853 1067 1311 1707
394A Sali  198409022 2042 2103 2256 2012 1737 1615 1250 1097 1006  975 1128 1341
394A Sali  198409031 1585 1798 1981 1951 1768 1463 1128  884  945  945 1158 1372
394A Sali  198409032 1615 1981 2134 2175 2073 1798 1494 1250 1097 1032 1095 1268
394A Sali  198409041 1498 1717 1871 1925 1861 1696 1474 1256 1097  975  975 1341
394A Sali  198409042 1433 1615 1981 1951 2103 1951 1707 1483 1280 1128 1128 1128
394A Sali  198409051 1372 1280 1646 1676 1737 1615 1585 1311 1280 1006 1006 1036
394A Sali  198409052 1158 1433 1615 1798 2073 1920 1920 1676 1463 1250 1128 1097
394A Sali  198409061 1097 1280 1372 1494 1707 1585 1646 1524 1341 1181 1067  975
394A Sali  198409062 1036 1128 1372 1646 1890 1890 1890 1829 1615 1494 1250 1067
394A Sali  198409071 1067 1067 1189 1311 1433 1524 1615 1546 1402 1280 1189 1097
394A Sali  198409072 1158 1158 1297 1494 1646 1737 1981 1859 1829 1646 1494 1280
394A Sali  198409081 1158 1067 1097 1250 1372 1646 1615 1737 1615 1554 1341 1200
394A Sali  198409082 1097 1036 1067 1250 1554 1707 1859 1890 1951 1798 1554 1402
394A Sali  198409091 1280 1067 1097 1097 1219 1494 1646 1707 1707 1676 1615 1433
394A Sali  198409092 1311 1128  975 1067 1250 1463 1646 1798 1859 1890 1676 1554
394A Sali  198409101 1311 1189 1097 1067 1219 1250 1554 1768 1859 1798 1859 1585
394A Sali  198409102 1372 1311 1067 1158 1189 1341 1494 1707 1859 1951 1951 1798
394A Sali  198409111 1585 1341 1189 1097 1036 1189 1433 1615 1707 1859 1890 1798
394A Sali  198409112 1737 1494 1280 1189 1067 1189 1494 1615 1951 1951 2042 2073
394A Sali  198409121 1798 1676 1280 1189 1128 1280 1433 1668 1911 2103 2195 2134
394A Sali  198409122 1798 1615 1433 1280 1097 1280 1341 1585 1676 1920 2103 2103
394A Sali  198409131 1929 1682 1402 1189 1099 1128 1240 1431 1661 1871 2004 2022
394A Sali  198409132 1920 1737 1433 1219 1067  975 1128 1250 1433 1737 1859 1920
394A Sali  198409141 1829 1737 1494 1402 1219 1038  975 1158 1433 1707 1890 1951
394A Sali  198409142 1951 1859 1646 1433 1189 1067 1030 1097 1250 1463 1707 1829
394A Sali  198409151 1890 1737 1554 1311 1036  914  914 1006 1280 1494 1768 1920
394A Sali  198409152 2073 1951 1737 1463 1250 1067  975  975 1189 1372 1554 1737
394A Sali  198409161 1808 1768 1646 1402 1158 1036  914  914 1097 1341 1615 1890
394A Sali  198409162 1981 2042 1890 1615 1433 1189 1006  975 1006 1189 1402 1602
394A Sali  198409171 1737 1707 1737 1524 1250 1067  884  914 1006 1219 1494 1707
394A Sali  198409172 1920 2042 1981 1798 1585 1372 1128  975 1006 1097 1250 1494
394A Sali  198409181 1646 1707 1676 1524 1402 1250 1006  884  975 1067 1291 1554
394A Sali  198409182 1707 1920 1920 1874 1737 1585 1372 1158 1097 1036 1128 1280
394A Sali  198409191 1494 1646 1676 1646 1494 1311 1123  975  914  945 1097 1341
394A Sali  198409192 1585 1798 1951 1981 1829 1676 1494 1250 1158 1067 1006 1097
394A Sali  198409201 1341 1494 1585 1676 1615 1524 1250 1097 1006  975 1036 1158
394A Sali  198409202 1372 1615 1798 1920 1951 1890 1737 1494 1250 1097 1067 1128
394A Sali  198409211 1189 1311 1524 1676 1701 1646 1494 1311 1158 1097 1036 1036
394A Sali  198409212 1158 1433 1615 1829 1951 1859 1798 1676 1433 1219 1158 1067
394A Sali  198409221 1097 1250 1311 1524 1707 1768 1585 1463 1280 1105  975  975
394A Sali  198409222 1067 1221 1433 1615 1798 1951 1951 1859 1676 1494 1280 1067
394A Sali  198409231 1067 1036 1311 1250 1585 1615 1676 1646 1494 1402 1189  945
394A Sali  198409232  914  914 1036 1311 1463 1859 1829 1890 1859 1646 1402 1097
394A Sali  198409241  884  884  914 1067 1261 1463 1676 1798 1768 1615 1392 1158
394A Sali  198409242  945  762  792  975 1158 1433 1676 1859 1890 1768 1554 1250
394A Sali  198409251 1006  792  701  853 1067 1280 1554 1798 1951 1829 1646 1402
394A Sali  198409252 1128  945  762  783  945 1189 1463 1707 1920 1951 1768 1585
394A Sali  198409261 1293 1006  792  701  884 1128 1433 1798 2042 2144 2073 1798
394A Sali  198409262 1372 1097  806  640  701  884 1189 1494 1737 1890 1920 1798
394A Sali  198409271 1494 1189  884  676  640  853 1128 1494 1859 2164 2134 2134
394A Sali  198409272 1798 1402 1158  853  671  671  884 1189 1494 1798 2012 1920
394A Sali  198409281 1707 1402 1080  792  640  640  853 1158 1615 1951 2195 2256
394A Sali  198409282 2073 1829 1372 1036  701  701  610  914 1128 1554 1798 1920
394A Sali  198409291 1829 1615 1311  914  762  549  671  823 1097 1554 1920 2103
394A Sali  198409292 2164 2012 1707 1280  975  732  579  671  884 1189 1554 1737
394A Sali  198409301 1798 1768 1494 1219  914  610  579  640  884 1219 1585 1920
394A Sali  198409302 2073 2012 1890 1554 1219  914  701  701  732  914 1250 1494
394A Sali  198410011 1676 1737 1585 1433 1097  853  701  579  671  945 1311 1615
394A Sali  198410012 1859 1920 1920 1768 1477 1158  853  732  640  792  975 1250
394A Sali  198410021 1433 1554 1615 1494 1311 1006  884  732  732  853 1006 1280
394A Sali  198410022 1524 1737 1890 1829 1585 1341 1189  945  762  763  884 1097
394A Sali  198410031 1311 1463 1585 1585 1494 1341 1067  884  884  853  975 1006
394A Sali  198410032 1311 1585 1737 1798 1737 1585 1372 1067  914  853  823  884
394A Sali  198410041 1036 1311 1433 1554 1554 1494 1250 1036  945  823  884  975
394A Sali  198410042 1189 1189 1585 1829 1646 1707 1554 1402 1280  945 1006 1006
394A Sali  198410051 1097 1219 1494 1585 1615 1615 1554 1433 1280 1097  914  945
394A Sali  198410052 1067 1205 1372 1585 1707 1737 1768 1707 1433 1250 1250  975
394A Sali  198410061 1067 1128 1250 1433 1554 1676 1676 1554 1433 1280 1128 1045
394A Sali  198410062 1036 1128 1280 1615 1585 1646 1707 1768 1646 1524 1280 1006
394A Sali  198410071 1067 1036 1189 1311 1524 1676 1615 1707 1554 1494 1311 1067
394A Sali  198410072 1067 1128 1006 1189 1402 1554 1707 1707 1682 1585 1402 1250
394A Sali  198410081 1109 1036 1006 1128 1341 1524 1707 1707 1707 1676 1494 1311
394A Sali  198410082 1158 1128 1097 1097 1189 1494 1585 1646 1707 1676 1463 1311
394A Sali  198410091 1158 1036 1006 1097 1222 1402 1554 1676 1737 1737 1676 1494
394A Sali  198410092 1280 1097  975 1036 1097 1189 1402 1585 1737 1676 1646 1494
394A Sali  198410101 1341 1155 1036 1006 1097 1189 1402 1629 1798 1859 1798 1615
394A Sali  198410102 1402 1189 1036  945  975 1067 1250 1463 1585 1707 1707 1585
394A Sali  198410111 1433 1158  975  975  945 1128 1372 1615 1768 1920 1920 1829
394A Sali  198410112 1585 1341 1097  945  914  945 1158 1280 1463 1737 1676 1737
394A Sali  198410121 1554 1311 1158 1006  975 1006 1250 1494 1646 1890 1920 1890
394A Sali  198410122 1768 1554 1280  975  914  914  975 1128 1402 1554 1707 1646
394A Sali  198410131 1646 1463 1219 1036  914  975 1128 1341 1524 1798 1981 1981
394A Sali  198410132 1981 1737 1463 1189  945  945  975 1097 1311 1585 1676 1859
394A Sali  198410141 1737 1585 1372 1250 1128 1006 1006 1250 1494 1737 1981 2103
394A Sali  198410142 2073 1918 1676 1433 1203 1067  975 1097 1250 1463 1676 1859
394A Sali  198410151 1829 1707 1585 1250 1097 1006  975 1128 1280 1615 1890 2073
394A Sali  198410152 2012 1981 1771 1494 1250 1158 1036  975 1067 1311 1585 1707
394A Sali  198410161 1798 1768 1585 1433 1219  975 1036  945 1097 1311 1676 1981
394A Sali  198410162 2195 2134 1951 1798 1524 1189  975  914  975 1127 1336 1544
394A Sali  198410171 1695 1753 1710 1581 1402 1128  853  945  914 1219 1494 1615
394A Sali  198410172 1859 1951 1951 1859 1676 1433 1219 1076 1036 1067 1262 1494
394A Sali  198410181 1676 1737 1737 1707 1494 1256 1036  945 1006 1067 1280 1554
394A Sali  198410182 1784 1951 2042 1951 1798 1615 1433 1219 1109 1097 1128 1219
394A Sali  198410191 1433 1615 1768 1737 1585 1494 1280 1097  989  975 1067 1219
394A Sali  198410192 1463 1798 1920 1920 1859 1798 1554 1311 1097 1079 1158 1189
394A Sali  198410201 1372 1524 1707 1737 1707 1615 1524 1280 1097 1006 1006 1128
394A Sali  198410202 1280 1524 1707 1859 1981 1920 1778 1585 1372 1158 1036 1067
394A Sali  198410211 1219 1391 1585 1798 1859 1798 1676 1585 1372 1158 1067 1079
394A Sali  198410212 1189 1280 1463 1707 1798 1859 1920 1737 1524 1280 1067 1006
394A Sali  198410221  975 1128 1402 1585 1798 1920 1951 1798 1646 1494 1128 1219
394A Sali  198410222 1036 1036 1158 1385 1615 1768 1890 1859 1707 1494 1280 1087
394A Sali  198410231  975  975 1097 1341 1585 1768 1965 2042 1951 1798 1463 1097
394A Sali  198410232  910  828  871 1029 1256 1497 1696 1799 1774 1634 1421 1183
394A Sali  198410241  975  884  945 1106 1372 1646 1859 2073 2103 1981 1737 1402
394A Sali  198410242 1097  884  762  823  945 1189 1494 1707 1859 1737 1554 1372
394A Sali  198410251 1097  823  792  762 1036 1341 1646 1951 2164 2221 2103 1798
394A Sali  198410252 1463 1067  823  671  762 1006 1272 1554 1768 1890 1798 1615
394A Sali  198410261 1341 1006  792  671  823 1067 1372 1768 2042 2286 2256 2103
394A Sali  198410262 1798 1410 1036  823  671  762 1036 1250 1585 1829 1890 1798
394A Sali  198410271 1585 1301 1006  792  671  792 1067 1372 1798 2073 2225 2256
394A Sali  198410272 2042 1707 1280  914  732  640  732  975 1341 1615 1859 1798
394A Sali  198410281 1829 1524 1250  975  792  701  792 1097 1494 1798 2195 2225
394A Sali  198410282 2195 1920 1615 1280  945  792  732  823 1006 1372 1646 1829
394A Sali  198410291 1798 1707 1433 1158  945  762  671  853 1067 1494 1737 2012
394A Sali  198410292 2103 2042 1829 1463 1128  853  732  732  853 1067 1311 1615
394A Sali  198410301 1768 1737 1646 1311 1036  853  762  751  884 1158 1433 1737
394A Sali  198410302 1951 1981 1890 1615 1341 1006  884  762  762  945 1128 1402
394A Sali  198410311 1592 1676 1646 1494 1280 1128  823  792  792  945 1280 1646
394A Sali  198410312 1737 1798 1859 1829 1524 1341 1067  945  823  945 1067 1280
394A Sali  198411011 1494 1585 1646 1554 1463 1341 1158 1006  792  853 1036 1250
394A Sali  198411012 1463 1646 1737 1676 1554 1433 1158 1006  914  823  884 1097
394A Sali  198411021 1250 1494 1524 1615 1524 1463 1311 1097  945  914  914 1036
394A Sali  198411022 1219 1463 1585 1676 1646 1554 1402 1189  975  935  975  975
394A Sali  198411031 1128 1280 1433 1554 1585 1524 1402 1250 1097 1006  975  975
394A Sali  198411032 1097 1280 1433 1615 1676 1585 1463 1280 1158 1036  975  975
394A Sali  198411041 1128 1189 1371 1554 1646 1646 1585 1494 1311 1219 1006 1006
394A Sali  198411042 1158 1128 1341 1524 1615 1615 1707 1554 1402 1311 1158 1067
394A Sali  198411051 1067 1128 1280 1494 1615 1707 1737 1768 1707 1546 1372 1189
394A Sali  198411052 1105 1097 1219 1311 1463 1554 1615 1615 1463 1341 1128  975
394A Sali  198411061  914  884  975 1189 1341 1463 1585 1615 1585 1463 1250 1036
394A Sali  198411062  945  853  823  945 1067 1250 1372 1372 1402 1280 1158 1006
394A Sali  198411071  884  792  823  914 1097 1341 1524 1646 1646 1524 1402 1250
394A Sali  198411072 1036  914  762  792  914 1067 1250 1372 1433 1433 1250 1128
394A Sali  198411081  945  853  823  823 1006 1189 1433 1615 1707 1676 1585 1402
394A Sali  198411082 1189  945  732  701  732  945 1158 1372 1463 1554 1433 1280
394A Sali  198411091 1067  975  823  823  884 1128 1341 1554 1737 1890 1737 1646
394A Sali  198411092 1280 1128  792  732  732  884 1054 1250 1463 1554 1494 1402
394A Sali  198411101 1219 1067  870  762  792  954 1189 1433 1707 1890 1875 1737
394A Sali  198411102 1585 1311 1128  945  762  792  792 1250 1372 1433 1615 1585
394A Sali  198411111 1402 1176  945  792  823  823  975 1189 1554 1768 1920 1859
394A Sali  198411112 1707 1402 1097  823  610  610  701  846 1036 1250 1402 1494
394A Sali  198411121 1372 1189  945  762  640  640  792 1036 1311 1524 1768 1829
394A Sali  198411122 1737 1463 1250  975  701  640  610  701  914 1219 1372 1433
394A Sali  198411131 1463 1311 1158  914  732  640  671  823 1067 1372 1646 1707
394A Sali  198411132 1768 1676 1402 1128  884  640  579  610  762 1036 1280 1433
394A Sali  198411141 1494 1433 1280 1036  853  701  701  701  884 1189 1463 1646
394A Sali  198411142 1798 1737 1646 1402 1036  853  701  640  762  884 1189 1433
394A Sali  198411151 1524 1524 1494 1280 1097  884  701  701  823 1006 1311 1524
394A Sali  198411152 1707 1798 1737 1554 1311 1128  884  671  732  823  975 1250
394A Sali  198411161 1433 1554 1554 1463 1280 1097  884  701  762  823 1067 1280
394A Sali  198411162 1554 1676 1718 1646 1463 1189  975  792  762  762  884 1067
394A Sali  198411171 1286 1463 1524 1585 1463 1219 1006  853  732  762  853 1036
394A Sali  198411172 1280 1524 1707 1676 1615 1402 1219  975  853  732  823  945
394A Sali  198411181 1189 1463 1615 1768 1737 1646 1402 1189 1036  945  972 1097
394A Sali  198411182 1219 1463 1676 1768 1768 1646 1554 1189 1128  914  884  914
394A Sali  198411191 1128 1402 1585 1798 1920 1859 1707 1554 1341 1158  975  945
394A Sali  198411192 1006 1219 1411 1585 1707 1707 1646 1433 1280 1036  884  792
394A Sali  198411201  792 1067 1280 1524 1737 1859 1890 1676 1494 1189 1097  823
394A Sali  198411202  853  884 1036 1280 1372 1615 1494 1494 1311 1097  914  792
394A Sali  198411211  701  762 1036 1280 1554 1768 1920 1890 1707 1463 1189  975
394A Sali  198411212  762  671  792  884 1097 1280 1433 1463 1372 1189  975  762
394A Sali  198411221  549  518  610  823 1158 1402 1646 1768 1768 1554 1250 1006
394A Sali  198411222  701  518  433  488  671  853 1097 1250 1372 1219 1006  732
394A Sali  198411231  457  396  396  488  732 1097 1372 1676 1829 1798 1585 1280
394A Sali  198411232  914  640  396  396  427  671  945 1158 1372 1433 1402 1158
394A Sali  198411241  884  610  457  427  610  884 1219 1554 1798 1890 1859 1646
394A Sali  198411242 1311  975  640  488  396  549  823 1067 1341 1463 1554 1402
394A Sali  198411251 1158  884  701  488  518  701 1006 1311 1646 1981 2042 1920
394A Sali  198411252 1707 1372 1067  732  579  549  701  945 1250 1524 1676 1676
394A Sali  198411261 1524 1311 1006  762  614  623  792 1092 1454 1788 2012 2072
394A Sali  198411262 1951 1707 1402 1097  853  640  671  914 1128 1433 1585 1737
394A Sali  198411271 1707 1615 1433 1067  701  701  762  945 1219 1524 1796 1951
394A Sali  198411272 2012 1890 1646 1311 1006  732  671  701  884 1128 1372 1615
394A Sali  198411281 1676 1676 1494 1250 1006  795  701  732  945 1219 1463 1707
394A Sali  198411282 1829 1859 1646 1433 1067  853  610  549  579  823 1067 1280
394A Sali  198411291 1463 1524 1494 1372 1097  853  732  671  732  945 1158 1463
394A Sali  198411292 1615 1737 1737 1615 1341 1097  884  732  732  792  975 1184
394A Sali  198411301 1372 1554 1676 1585 1402 1219 1036  884  914  975 1097 1341
394A Sali  198411302 1585 1737 1737 1707 1552 1341 1128  933  823  823  939 1128
394A Sali  198412011 1402 1463 1585 1768 1676 1433 1280 1099  975  884  965 1128
394A Sali  198412012 1341 1524 1642 1676 1646 1433 1219 1128  914  945 1036 1158
394A Sali  198412021 1280 1463 1585 1676 1676 1494 1554 1280 1067  945  884  945
394A Sali  198412022 1128 1402 1585 1707 1707 1585 1433 1311 1067  914  945 1006
394A Sali  198412031 1097 1311 1463 1646 1768 1707 1676 1463 1280 1128 1036 1006
394A Sali  198412032 1036 1219 1341 1433 1463 1524 1402 1311 1097 1006  884  945
394A Sali  198412041  975 1036 1219 1463 1646 1615 1676 1646 1341 1219 1097  975
394A Sali  198412042  975  975 1128 1219 1372 1433 1554 1341 1311 1189 1067  955
394A Sali  198412051  914  975 1189 1341 1495 1615 1737 1798 1676 1463 1372 1219
394A Sali  198412052  914 1036  975 1219 1372 1463 1554 1494 1402 1341 1189 1067
394A Sali  198412061  975 1006 1097 1280 1463 1676 1737 1890 1737 1615 1439 1250
394A Sali  198412062 1036  933  914  914 1036 1158 1341 1402 1311 1280 1067  914
394A Sali  198412071  762  762  732  853 1067 1219 1433 1585 1585 1554 1402 1067
394A Sali  198412072  914  732  610  640  701  823  975 1219 1280 1158 1097  975
394A Sali  198412081  762  640  610  640  853 1097 1341 1524 1585 1646 1524 1316
394A Sali  198412082 1067  884  671  610  610  762  945 1158 1341 1372 1250 1189
394A Sali  198412091  945  792  640  671  792 1006 1250 1524 1707 1798 1737 1615
394A Sali  198412092 1311 1067  853  701  671  762  945 1097 1372 1433 1463 1433
394A Sali  198412101 1219  975  884  792  792  884 1158 1463 1676 1890 1951 1829
394A Sali  198412102 1676 1341 1097  823  671  671  823  975 1280 1463 1554 1524
394A Sali  198412111 1372 1158  975  732  701  762  945 1158 1524 1768 1920 1920
394A Sali  198412112 1798 1524 1280  884  701  671  671  853 1128 1402 1554 1646
394A Sali  198412121 1585 1402 1219  975  884  762  914 1128 1433 1676 1920 2042
394A Sali  198412122 2042 1829 1585 1280 1067  792  732  914 1067 1402 1554 1768
394A Sali  198412131 1798 1676 1524 1280 1036  895  884  975 1219 1524 1798 1951
394A Sali  198412132 2022 1951 1768 1524 1189  975  823  792  975 1280 1524 1707
394A Sali  198412141 1859 1798 1737 1554 1219 1036  945  914 1006 1219 1585 1768
394A Sali  198412142 1981 2042 1951 1615 1341 1036  853  792  853 1036 1250 1554
394A Sali  198412151 1768 1829 1859 1615 1433 1219 1067  945  975 1067 1280 1585
394A Sali  198412152 1829 1951 1926 1776 1530 1242  975  762  701  853 1097 1402
394A Sali  198412161 1585 1798 1890 1840 1678 1444 1198  996  887  896 1014 1207
394A Sali  198412162 1417 1585 1829 1798 1646 1402 1189  945  762  732  853 1097
394A Sali  198412171 1341 1585 1768 1859 1768 1646 1372 1158  914  823  823 1067
394A Sali  198412172 1158 1433 1554 1636 1615 1433 1311 1036  823  701  732  792
394A Sali  198412181 1097 1341 1615 1768 1859 1859 1646 1402 1158  975  884  884
394A Sali  198412182  945 1158 1341 1494 1585 1545 1402 1189  975  792  701  732
394A Sali  198412191  853 1097 1402 1615 1768 1859 1829 1585 1372 1158  853  762
394A Sali  198412192  732  823 1006 1219 1372 1433 1433 1311 1097  914  732  640
394A Sali  198412201  671  853 1067 1341 1676 1829 1890 1829 1615 1372 1128  884
394A Sali  198412202  732  732  792  975 1128 1341 1463 1494 1372 1219  945  701
394A Sali  198412211  671  732  853 1036 1330 1615 1890 1951 1859 1768 1494 1128
394A Sali  198412212  853  792  792  853 1036 1219 1463 1585 1554 1433 1250 1128
394A Sali  198412221  914  792  823  975 1250 1524 1829 2012 2103 1951 1768 1463
394A Sali  198412222 1189  975  792  732  884 1036 1250 1494 1585 1554 1463 1189
394A Sali  198412231  975  792  732  732  884 1097 1463 1737 1951 1981 1829 1615
394A Sali  198412232 1341  975  732  671  610  792  945 1250 1463 1554 1524 1372
394A Sali  198412241 1189  914  762  640  701  853 1128 1402 1737 1890 1981 1829
394A Sali  198412242 1585 1311 1006  701  579  671  853 1067 1341 1554 1615 1585
394A Sali  198412251 1463 1250 1006  792  701  792  975 1250 1524 1768 1920 1981
394A Sali  198412252 1768 1524 1189  853  671  579  671  853 1097 1372 1615 1615
394A Sali  198412261 1554 1341 1189  884  732  671  762 1006 1189 1494 1707 1829
394A Sali  198412262 1829 1646 1402 1081  792  640  584  671  853 1128 1433 1554
394A Sali  198412271 1615 1494 1402 1097  884  823  762  792 1036 1250 1554 1737
394A Sali  198412272 1798 1737 1524 1259  975  792  610  610  732 1006 1219 1463
394A Sali  198412281 1615 1646 1554 1341 1128  884  823  792  945 1149 1402 1585
394A Sali  198412282 1768 1768 1676 1524 1189  945  823  701  701  884 1158 1341
394A Sali  198412291 1585 1676 1646 1585 1399 1189 1067  884  823 1006 1219 1433
394A Sali  198412292 1585 1707 1707 1585 1311 1128  914  762  701  853 1067 1219
394A Sali  198412301 1463 1615 1707 1646 1585 1372 1158 1036  914  975 1036 1214
394A Sali  198412302 1402 1585 1615 1554 1463 1219 1067  884  823  823  914 1097
394A Sali  198412311 1311 1554 1646 1707 1676 1524 1372 1158 1036  975  975 1067
394A Sali  198412312 1219 1433 1554 1524 1494 1372 1204 1036  914  884  884 1006
