394A Salina Cruz        Mexico              1959 16096N 095122W 0000 3 00000R MM
394A Sali  195901011 1920 1951 1859 1646 1372 1128  792  762  823 1006 1280 1585
394A Sali  195901012 1768 1859 1768 1554 1250  975  732  671  701  853 1189 1494
394A Sali  195901021 1768 1897 1890 1798 1554 1280 1036  914  823  945 1189 1402
394A Sali  195901022 1676 1859 1890 1798 1524 1280  975  823  762  853 1036 1372
394A Sali  195901031 1676 1890 2042 2042 1890 1676 1372 1128  975  945 1036 1280
394A Sali  195901032 1524 1737 1859 1859 1737 1494 1240 1006  853  823  914 1128
394A Sali  195901041 1326 1524 1707 1890 2012 1981 1859 1615 1341 1115 1006 1067
394A Sali  195901042 1219 1433 1615 1768 1768 1676 1463 1280 1097  975  914  975
394A Sali  195901051 1158 1374 1585 1768 1920 1981 1920 1768 1585 1372 1219 1097
394A Sali  195901052 1128 1219 1372 1524 1676 1676 1524 1311 1097  884  762  762
394A Sali  195901061  914 1128 1402 1676 1890 2012 1951 1768 1524 1250 1006  884
394A Sali  195901062  884  945 1158 1372 1494 1646 1646 1524 1372 1158  914  732
394A Sali  195901071  732  914 1158 1372 1646 1951 1981 1859 1615 1433 1219  975
394A Sali  195901072  823  823  884 1006 1219 1433 1585 1524 1433 1311 1067  792
394A Sali  195901081  701  701  823 1067 1402 1646 1829 1981 1951 1768 1524 1219
394A Sali  195901082 1006  823  732  853 1036 1219 1372 1494 1494 1372 1158  975
394A Sali  195901091  792  671  640  762  945 1142 1341 1615 1920 1951 1829 1615
394A Sali  195901092 1372 1128  914  671  610  671  975 1250 1494 1554 1433 1219
394A Sali  195901101 1060  914  762  609  610  823 1067 1372 1615 1838 1890 1707
394A Sali  195901102 1463 1097  704  427  427  579  792 1128 1341 1524 1585 1494
394A Sali  195901111 1250  975  732  549  518  640  914 1219 1494 1737 1859 1737
394A Sali  195901112 1494 1219  884  610  457  427  610  853 1219 1463 1615 1615
394A Sali  195901121 1471 1219  975  671  549  549  671  945 1280 1554 1737 1829
394A Sali  195901122 1707 1463 1128  792  488  396  518  732 1006 1311 1585 1737
394A Sali  195901131 1737 1524 1341 1006  732  640  640  792 1097 1341 1646 1768
394A Sali  195901132 1646 1433 1097  762  549  518  640  853 1158 1494 1737 1798
394A Sali  195901141 1768 1554 1280 1036  732  701  701  884 1128 1433 1707 1829
394A Sali  195901142 1768 1615 1372 1036  853  701  671  762 1006 1219 1494 1707
394A Sali  195901151 1829 1859 1737 1524 1311 1097  853  853  975 1158 1372 1554
394A Sali  195901152 1676 1737 1707 1585 1341 1097  853  792  823 1006 1250 1554
394A Sali  195901161 1768 1951 1951 1829 1676 1372 1128  945  914 1006 1158 1433
394A Sali  195901162 1585 1707 1768 1646 1433 1219  945  732  701  732  914 1189
394A Sali  195901171 1433 1646 1737 1737 1554 1341 1128  914  792  792  914 1067
394A Sali  195901172 1280 1463 1554 1554 1433 1250 1097  914  823  823  914 1158
394A Sali  195901181 1372 1585 1829 1859 1798 1676 1433 1219 1006  914  914 1006
394A Sali  195901182 1158 1341 1494 1585 1524 1372 1219 1036  884  792  823  914
394A Sali  195901191 1097 1311 1554 1707 1707 1676 1524 1372 1158  975  884  975
394A Sali  195901192 1067 1219 1372 1494 1585 1554 1433 1311 1158 1036  945  975
394A Sali  195901201 1158 1372 1585 1768 1890 1920 1829 1707 1524 1341 1189 1097
394A Sali  195901202 1128 1250 1433 1554 1615 1646 1615 1524 1372 1219 1097 1067
394A Sali  195901211 1097 1250 1494 1646 1829 1920 1920 1859 1707 1554 1372 1219
394A Sali  195901212 1158 1189 1311 1463 1615 1676 1707 1646 1554 1372 1219 1097
394A Sali  195901221 1128 1128 1311 1494 1707 1829 1951 1890 1798 1646 1433 1189
394A Sali  195901222 1067  975 1006 1128 1189 1433 1433 1494 1433 1311 1097  914
394A Sali  195901231  792  762  853 1006 1280 1433 1615 1676 1676 1524 1372 1158
394A Sali  195901232  945  792  792  853  975 1158 1280 1433 1552 1585 1494 1341
394A Sali  195901241 1128  884  762  853 1067 1280 1463 1676 1768 1707 1524 1311
394A Sali  195901242 1128  914  792  792  975 1128 1311 1463 1585 1678 1676 1524
394A Sali  195901251 1341 1128  878  732  823 1067 1311 1554 1768 1890 1829 1615
394A Sali  195901252 1372 1128  945  823  853 1036 1250 1463 1676 1768 1737 1615
394A Sali  195901261 1402 1158  975  823  884 1036 1219 1585 1768 1951 2012 1920
394A Sali  195901262 1676 1372 1097  853  823  853 1036 1311 1615 1829 1920 1890
394A Sali  195901271 1707 1494 1250 1036  975  975 1219 1463 1768 2042 2134 2103
394A Sali  195901272 1981 1737 1372 1128  914  823  975 1250 1554 1859 2042 2073
394A Sali  195901281 1981 1829 1554 1250 1036  975 1067 1280 1554 1829 2103 2134
394A Sali  195901282 2134 1890 1615 1250 1006  853  884 1036 1372 1676 1981 2164
394A Sali  195901291 2195 2073 1798 1494 1219 1006  975 1067 1341 1585 1890 2134
394A Sali  195901292 2164 2042 1798 1494 1158  914  853  914 1158 1433 1829 2073
394A Sali  195901301 2195 2195 2073 1829 1524 1280 1006  945 1128 1433 1707 2012
394A Sali  195901302 2164 2073 1829 1524 1250 1006  823  762  945 1189 1524 1859
394A Sali  195901311 2103 2164 2134 1951 1707 1372 1097  914  884 1036 1311 1585
394A Sali  195901312 1829 1981 1981 1798 1463 1158  945  792  732  945 1158 1524
394A Sali  195902011 1890 2103 2134 2103 1890 1554 1250 1036  914  884  975 1223
394A Sali  195902012 1494 1737 1829 1829 1646 1402 1128  884  762  762  914 1219
394A Sali  195902021 1524 1829 2042 2134 2012 1829 1524 1250 1006  884  945 1067
394A Sali  195902022 1311 1554 1646 1798 1676 1494 1280 1097  914  853  975 1158
394A Sali  195902031 1372 1585 1798 1981 2103 2073 1890 1676 1463 1250 1067  945
394A Sali  195902032  914 1067 1311 1567 1737 1676 1524 1372 1158 1006  914 1006
394A Sali  195902041 1219 1402 1646 1859 2012 2073 2012 1859 1693 1524 1341 1158
394A Sali  195902042  945  914 1036 1341 1585 1768 1798 1676 1463 1189 1097  975
394A Sali  195902051 1036 1158 1341 1615 1890 2042 2134 2012 1859 1615 1341 1158
394A Sali  195902052 1006 1036 1189 1311 1524 1707 1798 1798 1676 1494 1280 1097
394A Sali  195902061  945  975 1097 1311 1554 1798 1981 2012 1920 1768 1524 1280
394A Sali  195902062 1067  884  945 1067 1219 1463 1615 1813 1890 1829 1615 1372
394A Sali  195902071 1128  975 1036 1189 1402 1615 1829 1981 2042 1951 1798 1554
394A Sali  195902072 1311 1036  884  914 1097 1311 1494 1707 1890 1920 1829 1585
394A Sali  195902081 1341 1067  975 1036 1189 1372 1615 1798 1951 2012 1981 1768
394A Sali  195902082 1494 1219  975  884 1006 1189 1433 1615 1829 1920 1951 1829
394A Sali  195902091 1615 1433 1189 1006  975 1158 1402 1646 1920 2042 2073 1981
394A Sali  195902092 1737 1463 1189  975  884  914 1128 1372 1707 1920 2012 1981
394A Sali  195902101 1859 1691 1494 1250 1006 1006 1158 1402 1615 1829 1981 2012
394A Sali  195902102 1890 1676 1402 1158  945  884 1006 1219 1524 1768 1981 2073
394A Sali  195902111 2012 1829 1554 1280 1006  975 1006 1219 1463 1707 1920 2012
394A Sali  195902112 1981 1798 1554 1250  975  853  853  914 1036 1585 1829 2073
394A Sali  195902121 2103 1951 1798 1585 1372 1158 1014 1006 1219 1494 1737 1890
394A Sali  195902122 1890 1707 1494 1250 1036  884  853  975 1250 1524 1707 1951
394A Sali  195902131 2103 2164 2073 1829 1676 1372 1158  975  945 1128 1341 1615
394A Sali  195902132 1859 1859 1676 1524 1311 1128  975  884  975 1189 1402 1646
394A Sali  195902141 1890 2073 2103 2012 1768 1554 1372 1097  945  975 1250 1433
394A Sali  195902142 1681 1829 1829 1646 1494 1250 1036  975  975 1128 1341 1646
394A Sali  195902151 1859 2042 2012 1951 1737 1494 1280 1097  975 1067 1189 1463
394A Sali  195902152 1646 1798 1829 1737 1615 1341 1128  975  945 1006 1189 1433
394A Sali  195902161 1615 1798 1920 1890 1798 1554 1372 1097  945  914  975 1128
394A Sali  195902162 1341 1524 1646 1615 1524 1372 1158 1067  914  975 1158 1311
394A Sali  195902171 1463 1646 1737 1768 1707 1585 1402 1250 1128  975  975 1067
394A Sali  195902172 1219 1372 1494 1494 1372 1280 1128 1006  914  961 1097 1219
394A Sali  195902181 1341 1457 1554 1646 1676 1585 1463 1341 1189 1097  975 1006
394A Sali  195902182 1128 1280 1433 1463 1402 1280 1158 1067  975  945 1006 1158
394A Sali  195902191 1311 1433 1554 1676 1707 1676 1554 1433 1311 1189 1067  975
394A Sali  195902192 1036 1158 1341 1494 1554 1463 1372 1250 1128 1006  945  996
394A Sali  195902201 1128 1250 1402 1524 1646 1737 1768 1707 1615 1463 1341 1189
394A Sali  195902202 1067 1006 1097 1280 1433 1585 1646 1615 1524 1402 1250 1097
394A Sali  195902211 1036 1006 1158 1341 1554 1723 1829 1859 1737 1585 1433 1189
394A Sali  195902212 1036  975 1006 1128 1280 1433 1554 1646 1585 1433 1266 1097
394A Sali  195902221  975  945  975 1128 1372 1585 1768 1890 1829 1768 1585 1402
394A Sali  195902222 1189 1036 1006 1036 1189 1402 1585 1768 1829 1798 1615 1402
394A Sali  195902231 1189 1036  975 1036 1219 1463 1676 1920 2042 1981 1829 1615
394A Sali  195902232 1311 1097  975  914 1067 1250 1463 1737 1920 1951 1859 1676
394A Sali  195902241 1463 1189 1006  975 1036 1219 1463 1768 1981 2073 2042 1859
394A Sali  195902242 1615 1341 1097  945  945 1128 1372 1676 1951 2103 2134 2012
394A Sali  195902251 1768 1524 1189  975  945 1036 1280 1524 1829 2012 2103 2042
394A Sali  195902252 1829 1524 1219  975  853  884 1067 1372 1737 2012 2195 2134
394A Sali  195902261 2042 1768 1433 1158  945  914 1036 1280 1554 1920 2073 2134
394A Sali  195902262 2042 1798 1433 1128  884  792  914 1158 1494 1890 2134 2316
394A Sali  195902271 2256 2073 1707 1402 1128  975  914 1036 1311 1676 1951 2103
394A Sali  195902272 2134 1951 1676 1341 1006  762  792  945 1189 1585 1981 2225
394A Sali  195902281 2316 2286 2012 1676 1341 1036  914  914 1097 1372 1707 1951
394A Sali  195902282 2103 2073 1951 1585 1250  975  792  792  975 1280 1646 2012
394A Sali  195903011 2225 2316 2195 1951 1585 1280  975  853  914 1067 1341 1646
394A Sali  195903012 1890 1951 1890 1676 1341 1036  732  579  671  853 1128 1463
394A Sali  195903021 1798 2012 2042 1920 1646 1311 1006  792  671  732  914 1219
394A Sali  195903022 1463 1707 1798 1737 1433 1219  975  701  671  701  914 1219
394A Sali  195903031 1554 1798 1981 2012 1859 1646 1280 1036  853  792  823 1036
394A Sali  195903032 1280 1524 1707 1737 1646 1494 1219 1006  792  732  792  945
394A Sali  195903041 1280 1585 1798 1951 1951 1798 1615 1280 1067  884  823  914
394A Sali  195903042 1067 1280 1554 1707 1737 1676 1524 1311 1097  914  853  914
394A Sali  195903051 1097 1311 1585 1798 1920 1951 1798 1585 1372 1128 1006  914
394A Sali  195903052  975 1128 1341 1524 1676 1737 1676 1524 1311 1128  945  884
394A Sali  195903061  945 1097 1311 1554 1737 1859 1859 1768 1554 1341 1097  914
394A Sali  195903062  853  914 1006 1189 1402 1524 1615 1494 1402 1189 1006  823
394A Sali  195903071  762  792  945 1158 1402 1615 1737 1768 1676 1494 1280 1067
394A Sali  195903072  884  853  914 1036 1280 1433 1676 1737 1707 1615 1372 1158
394A Sali  195903081  975  884  884 1006 1219 1463 1646 1737 1768 1707 1524 1311
394A Sali  195903082 1067  914  853  914 1067 1280 1524 1707 1798 1829 1615 1402
394A Sali  195903091 1189 1006  914  914 1067 1250 1494 1707 1829 1798 1737 1524
394A Sali  195903092 1280 1036  884  823  914 1128 1341 1585 1798 1859 1829 1646
394A Sali  195903101 1433 1158  945  884  914 1067 1280 1554 1737 1859 1859 1707
394A Sali  195903102 1494 1250 1006  853  853  975 1189 1463 1737 1920 1981 1890
394A Sali  195903111 1707 1463 1219  975  914 1006 1158 1372 1646 1859 1890 1859
394A Sali  195903112 1707 1433 1158  975  884  884 1067 1280 1585 1829 1981 2012
394A Sali  195903121 1920 1676 1402 1128  945  884  975 1189 1433 1646 1859 1890
394A Sali  195903122 1798 1615 1341 1067  884  823  884 1067 1311 1524 1798 1829
394A Sali  195903131 1798 1615 1341 1006  823  671  701  823 1036 1311 1494 1615
394A Sali  195903132 1615 1463 1280  975  762  671  732  884 1158 1494 1737 1951
394A Sali  195903141 1981 1890 1707 1402 1158  945  853  914 1067 1311 1554 1737
394A Sali  195903142 1829 1737 1554 1341 1128  945  914  945 1128 1359 1615 1859
394A Sali  195903151 2012 2012 1890 1646 1341 1097  945  914  975 1189 1463 1646
394A Sali  195903152 1798 1798 1707 1494 1311 1067  945  914 1006 1219 1494 1737
394A Sali  195903161 1890 1981 1920 1768 1524 1250 1067  975  945 1036 1250 1463
394A Sali  195903162 1646 1768 1737 1646 1463 1250 1006  945  975 1097 1311 1585
394A Sali  195903171 1829 1951 1981 1920 1737 1494 1250 1067 1006 1006 1189 1372
394A Sali  195903172 1554 1676 1737 1676 1494 1341 1128  975  914  945 1097 1311
394A Sali  195903181 1554 1768 1829 1829 1676 1494 1280 1067  945  884  914 1067
394A Sali  195903182 1250 1402 1524 1554 1494 1341 1128  945  823  853  884 1036
394A Sali  195903191 1280 1463 1646 1737 1707 1615 1372 1189 1006  914  914  975
394A Sali  195903192 1158 1280 1463 1554 1524 1463 1311 1158 1036  945  945 1036
394A Sali  195903201 1219 1433 1615 1768 1798 1768 1646 1433 1250 1097 1006 1006
394A Sali  195903202 1097 1219 1433 1554 1646 1646 1553 1402 1250 1067 1006 1006
394A Sali  195903211 1128 1311 1494 1646 1798 1829 1768 1646 1463 1280 1128 1036
394A Sali  195903212 1036 1158 1311 1524 1615 1676 1676 1615 1433 1280 1158 1036
394A Sali  195903221 1036 1128 1280 1494 1646 1768 1829 1737 1585 1402 1158 1006
394A Sali  195903222  945  945 1006 1219 1372 1554 1646 1615 1494 1311 1097  914
394A Sali  195903231  853  823  914 1067 1341 1524 1646 1676 1585 1463 1219 1006
394A Sali  195903232  853  823  853 1006 1250 1433 1646 1737 1737 1615 1433 1158
394A Sali  195903241  975  853  823  914 1128 1402 1585 1737 1768 1707 1524 1280
394A Sali  195903242 1006  823  756  823 1036 1280 1585 1798 1890 1890 1737 1494
394A Sali  195903251 1250  945  823  823  945 1158 1463 1676 1829 1859 1737 1524
394A Sali  195903252 1280  975  792  732  853 1097 1402 1737 1981 2103 2012 1829
394A Sali  195903261 1554 1219  945  792  762  914 1189 1494 1768 1890 1920 1737
394A Sali  195903262 1494 1189  884  671  671  853 1097 1494 1829 2103 2164 2103
394A Sali  195903271 1859 1524 1158  853  701  701  884 1189 1524 1798 1920 1920
394A Sali  195903272 1737 1463 1067  792  640  640  853 1158 1554 1920 2164 2256
394A Sali  195903281 2134 1829 1463 1097  792  640  701  884 1219 1554 1798 1920
394A Sali  195903282 1859 1646 1341 1036  732  610  640  853 1219 1615 1981 2195
394A Sali  195903291 2256 2103 1768 1402 1006  732  671  701  945 1250 1585 1798
394A Sali  195903292 1920 1829 1646 1311  975  701  610  640  914 1250 1646 2012
394A Sali  195903301 2164 2134 2012 1676 1341  975  732  610  732  975 1311 1615
394A Sali  195903302 1798 1890 1798 1585 1250  945  701  671  732  975 1311 1676
394A Sali  195903311 1981 2103 2134 1951 1585 1280  975  792  701  823 1067 1372
394A Sali  195903312 1676 1829 1890 1798 1585 1280  975  823  732  853 1067 1341
394A Sali  195904011 1676 1951 2042 2042 1829 1585 1250 1006  853  823  914 1128
394A Sali  195904012 1372 1646 1798 1829 1768 1585 1311 1036  853  823  914 1128
394A Sali  195904021 1372 1646 1859 2012 1951 1768 1554 1250 1036  914  853  945
394A Sali  195904022 1128 1341 1585 1707 1737 1585 1402 1158  975  813  762  853
394A Sali  195904031 1036 1250 1463 1676 1707 1707 1554 1372 1128  945  792  792
394A Sali  195904032  914 1067 1372 1524 1676 1707 1676 1463 1280 1097  975  884
394A Sali  195904041  975 1128 1311 1554 1707 1737 1707 1615 1372 1158 1036  884
394A Sali  195904042  884  975 1189 1372 1585 1707 1768 1707 1554 1372 1128 1006
394A Sali  195904051  975  945 1097 1311 1494 1646 1707 1707 1585 1372 1189 1036
394A Sali  195904052  884  914 1006 1189 1402 1554 1768 1798 1737 1585 1372 1219
394A Sali  195904061 1036  945  975 1128 1311 1524 1676 1737 1707 1554 1402 1219
394A Sali  195904062 1006  914  945  975 1219 1463 1646 1829 1859 1798 1676 1433
394A Sali  195904071 1189 1006  975 1006 1128 1372 1554 1707 1798 1768 1615 1463
394A Sali  195904072 1219 1067  975 1006 1128 1341 1554 1798 1890 1951 1829 1646
394A Sali  195904081 1433 1189 1006  975 1036 1189 1433 1615 1829 1859 1798 1615
394A Sali  195904082 1402 1158 1067  975 1036 1219 1463 1707 1920 2012 1981 1859
394A Sali  195904091 1646 1372 1128 1006 1006 1036 1250 1463 1676 1798 1859 1737
394A Sali  195904092 1554 1341 1128 1006 1036 1067 1311 1524 1798 1981 2042 2012
394A Sali  195904101 1859 1554 1250 1067  945  914 1067 1280 1463 1676 1768 1829
394A Sali  195904102 1707 1463 1219 1006  914  975 1097 1280 1585 1798 1981 2012
394A Sali  195904111 1920 1707 1433 1128  945  884  914 1097 1341 1524 1737 1798
394A Sali  195904112 1768 1554 1311 1079  914  914  975 1189 1463 1737 1951 2103
394A Sali  195904121 2073 1859 1646 1372 1125  975  945 1036 1189 1433 1646 1798
394A Sali  195904122 1829 1737 1524 1280 1158 1006  975 1097 1311 1554 1798 2012
394A Sali  195904131 2073 2012 1798 1524 1219 1006  884  853 1006 1219 1402 1615
394A Sali  195904132 1737 1676 1554 1311 1128  914  823  792  945 1158 1463 1676
394A Sali  195904141 1768 1829 1646 1463 1158  975  792  701  732  914 1219 1372
394A Sali  195904142 1524 1615 1524 1372 1158  945  792  732  853 1006 1250 1433
394A Sali  195904151 1646 1737 1707 1585 1341 1067  884  792  701  792 1006 1219
394A Sali  195904152 1433 1554 1554 1463 1341 1097  884  762  792  914 1067 1311
394A Sali  195904161 1524 1676 1737 1737 1554 1311 1074  884  792  823  945 1128
394A Sali  195904162 1372 1494 1646 1585 1524 1311 1158 1006  914  945 1067 1250
394A Sali  195904171 1524 1707 1798 1829 1737 1585 1341 1128  975  945  975 1128
394A Sali  195904172 1311 1524 1676 1737 1676 1554 1372 1189 1067 1006 1036 1158
394A Sali  195904181 1372 1585 1768 1829 1829 1707 1554 1341 1158 1006 1006 1097
394A Sali  195904182 1250 1402 1585 1737 1798 1707 1615 1402 1250 1097 1067 1097
394A Sali  195904191 1250 1433 1615 1798 1859 1829 1676 1524 1341 1158 1067 1006
394A Sali  195904192 1097 1250 1524 1676 1798 1859 1798 1676 1494 1311 1158 1097
394A Sali  195904201 1158 1250 1433 1646 1798 1859 1859 1707 1494 1341 1097 1006
394A Sali  195904202 1006 1128 1280 1554 1707 1829 1951 1890 1646 1463 1250 1128
394A Sali  195904211 1036 1067 1219 1402 1646 1737 1829 1768 1646 1433 1219 1036
394A Sali  195904212  914  945 1128 1372 1585 1829 2012 1981 1920 1707 1494 1219
394A Sali  195904221 1006  975 1006 1097 1372 1585 1737 1859 1798 1676 1433 1158
394A Sali  195904222  945  853  853 1006 1311 1585 1829 2042 2073 1951 1768 1433
394A Sali  195904231 1097  884  792  762  975 1189 1494 1707 1737 1737 1554 1311
394A Sali  195904232  975  762  640  732  914 1189 1554 1859 2042 2103 1951 1707
394A Sali  195904241 1311 1036  762  640  671  884 1158 1433 1676 1707 1768 1463
394A Sali  195904242 1311  914  732  569  579  823 1128 1524 1951 2134 2103 1951
394A Sali  195904251 1676 1280  884  610  518  579  823 1137 1463 1676 1798 1707
394A Sali  195904252 1494 1158  823  610  518  579  823 1189 1585 1920 2103 2164
394A Sali  195904261 1951 1615 1219  884  579  488  549  823 1158 1463 1646 1829
394A Sali  195904262 1707 1524 1158  823  579  457  640  853 1250 1585 1951 2103
394A Sali  195904271 2042 1890 1554 1189  823  610  549  671  884 1280 1585 1798
394A Sali  195904272 1890 1829 1524 1219  945  701  640  762 1036 1433 1768 2073
394A Sali  195904281 2225 2164 2012 1615 1250  914  701  671  823 1036 1402 1707
394A Sali  195904282 1890 1951 1829 1615 1311  975  792  732  853 1128 1433 1798
394A Sali  195904291 2073 2164 2103 1920 1554 1219  945  823  732  884 1158 1494
394A Sali  195904292 1737 1920 1981 1798 1585 1311 1036  853  823  945 1189 1463
394A Sali  195904301 1798 2012 2103 1981 1768 1433 1144  914  823  823  945 1219
394A Sali  195904302 1494 1707 1829 1859 1768 1524 1280 1067  914  853 1006 1219
394A Sali  195905011 1463 1737 1859 1981 1829 1615 1372 1097  914  853  884 1067
394A Sali  195905012 1219 1494 1707 1829 1829 1737 1554 1341 1097  945  945 1067
394A Sali  195905021 1250 1494 1676 1768 1829 1798 1494 1341 1097  975  914  914
394A Sali  195905022 1097 1341 1554 1707 1829 1859 1737 1585 1341 1158 1036 1006
394A Sali  195905031 1128 1311 1494 1646 1768 1768 1676 1554 1311 1128 1006  975
394A Sali  195905032 1033 1189 1372 1554 1707 1890 1890 1768 1615 1341 1189 1067
394A Sali  195905041 1006 1097 1250 1494 1646 1737 1798 1737 1554 1311 1189 1036
394A Sali  195905042 1006 1097 1219 1433 1646 1859 1951 1951 1829 1676 1402 1250
394A Sali  195905051 1097 1036 1128 1219 1433 1646 1768 1768 1737 1615 1372 1189
394A Sali  195905052 1097 1067 1128 1250 1463 1707 1829 2012 1981 1859 1646 1433
394A Sali  195905061 1219 1067 1036 1128 1219 1524 1585 1768 1768 1737 1554 1433
394A Sali  195905062 1189 1036 1067 1158 1341 1554 1737 1951 2012 1981 1829 1646
394A Sali  195905071 1341 1128  975 1006 1067 1219 1402 1615 1676 1707 1585 1433
394A Sali  195905072 1219 1036  945  945 1006 1250 1554 1707 1890 1920 1829 1646
394A Sali  195905081 1402 1189  945  853  853 1006 1189 1372 1524 1615 1585 1463
394A Sali  195905082 1311 1067  945  853  914 1036 1311 1585 1798 1890 1886 1768
394A Sali  195905091 1615 1372 1128  914  884  945 1067 1280 1524 1676 1676 1646
394A Sali  195905092 1524 1341 1128  975  975 1097 1280 1494 1768 1951 2103 2042
394A Sali  195905101 1829 1615 1372 1158 1006 1006 1036 1189 1463 1676 1798 1768
394A Sali  195905102 1676 1494 1311 1128 1006 1036 1189 1402 1585 1890 2073 2103
394A Sali  195905111 2042 1798 1585 1280 1067 1006 1006 1128 1341 1554 1768 1829
394A Sali  195905112 1798 1676 1433 1250 1097 1006 1006 1219 1463 1707 1920 2012
394A Sali  195905121 2012 1890 1646 1433 1128  975  914 1006 1158 1402 1646 1707
394A Sali  195905122 1829 1737 1585 1341 1189  975  975 1097 1311 1554 1768 1981
394A Sali  195905131 1981 1951 1829 1554 1250 1067  914  945 1006 1128 1402 1646
394A Sali  195905132 1707 1768 1646 1524 1250 1128 1006 1006 1128 1341 1585 1829
394A Sali  195905141 1981 1981 1890 1646 1402 1128  924  823  914 1067 1250 1554
394A Sali  195905142 1676 1768 1737 1585 1402 1219 1067 1006 1036 1189 1372 1615
394A Sali  195905151 1798 1951 1951 1798 1585 1311 1067  945  914  975 1189 1372
394A Sali  195905152 1585 1737 1798 1707 1554 1341 1158 1036  975 1067 1219 1433
394A Sali  195905161 1646 1798 1951 1890 1707 1494 1250 1036  945  975 1067 1250
394A Sali  195905162 1433 1676 1829 1829 1798 1585 1402 1219 1067 1067 1149 1311
394A Sali  195905171 1524 1676 1829 1859 1768 1646 1494 1189 1036  945  945 1067
394A Sali  195905172 1280 1524 1768 1920 1890 1798 1585 1433 1189 1128 1067 1158
394A Sali  195905181 1280 1494 1676 1798 1829 1768 1615 1402 1189 1006  945 1036
394A Sali  195905182 1189 1402 1615 1859 1951 1951 1859 1646 1402 1219 1067 1097
394A Sali  195905191 1128 1341 1524 1707 1829 1859 1707 1615 1372 1158  975  945
394A Sali  195905192 1006 1189 1433 1646 1844 1951 1981 1859 1646 1402 1219 1067
394A Sali  195905201 1006 1067 1250 1433 1646 1768 1737 1676 1494 1280 1067  945
394A Sali  195905202  853  945 1158 1402 1768 1981 2103 2073 1920 1676 1463 1158
394A Sali  195905211 1036  975  975 1219 1372 1615 1737 1798 1676 1524 1250 1036
394A Sali  195905212  870  823  914 1067 1433 1768 2042 2164 2148 1981 1707 1372
394A Sali  195905221 1097  945  853  945 1128 1402 1615 1737 1829 1768 1463 1158
394A Sali  195905222  939  792  762  914 1158 1494 1859 2103 2256 2225 2012 1707
394A Sali  195905231 1341 1006  823  823  823 1067 1402 1657 1829 1859 1768 1585
394A Sali  195905232 1189  945  732  708  853 1189 1494 1859 2164 2256 2286 2073
394A Sali  195905241 1743 1372 1006  792  701  884 1158 1402 1676 1829 1890 1829
394A Sali  195905242 1494 1280 1036  732  732  853 1128 1554 1920 2134 2256 2225
394A Sali  195905251 1920 1615 1250  914  671  701  823 1097 1372 1768 1890 1951
394A Sali  195905252 1768 1494 1250  945  732  720  884 1189 1554 1951 2195 2377
394A Sali  195905261 2225 1951 1615 1189  823  701  732  914 1250 1585 1768 1951
394A Sali  195905262 1951 1859 1585 1280  945  853  823  975 1311 1646 1981 2195
394A Sali  195905271 2286 2164 1829 1524 1128  884  762  762  914 1219 1585 1859
394A Sali  195905272 1951 2042 1829 1585 1280 1036  823  853 1006 1250 1585 2012
394A Sali  195905281 2134 2012 2042 1737 1463 1097  853  762  823 1006 1311 1554
394A Sali  195905282 1859 2042 1951 1829 1524 1280 1036  853  884 1036 1341 1615
394A Sali  195905291 1798 1981 2042 1859 1615 1250  978  792  762  853  975 1372
394A Sali  195905292 1585 1798 1951 1890 1768 1463 1219 1067  914  975 1097 1341
394A Sali  195905301 1615 1829 1951 1951 1768 1585 1341 1116  975  884  945 1189
394A Sali  195905302 1463 1798 1920 2073 1951 1859 1585 1433 1250 1097 1128 1219
394A Sali  195905311 1402 1585 1829 1920 1890 1768 1615 1341 1097 1006  975 1097
394A Sali  195905312 1311 1494 1798 1951 2042 2012 1829 1676 1463 1250 1158 1189
394A Sali  195906011 1280 1463 1646 1798 1859 1890 1707 1554 1341 1189 1006 1067
394A Sali  195906012 1189 1372 1615 1798 1920 1981 1951 1798 1676 1433 1250 1189
394A Sali  195906021 1189 1280 1463 1585 1707 1768 1737 1646 1463 1278 1128 1067
394A Sali  195906022 1097 1250 1402 1615 1829 1920 2012 1890 1737 1524 1372 1189
394A Sali  195906031 1097 1158 1189 1341 1494 1585 1676 1646 1554 1372 1219 1097
394A Sali  195906032 1006 1067 1189 1433 1585 1798 1981 1981 1859 1676 1476 1280
394A Sali  195906041 1189 1128 1067 1219 1341 1524 1646 1707 1646 1524 1280 1250
394A Sali  195906042 1036 1006 1067 1250 1463 1707 1859 1981 1951 1890 1676 1433
394A Sali  195906051 1219 1067  975 1097 1189 1372 1554 1707 1707 1585 1524 1341
394A Sali  195906052 1128 1006 1067 1128 1280 1433 1737 1859 1981 1920 1859 1615
394A Sali  195906061 1341 1128 1006  975 1047 1189 1402 1615 1676 1646 1615 1402
394A Sali  195906062 1219 1067  945  975 1097 1280 1585 1798 1920 2042 1920 1707
394A Sali  195906071 1524 1311 1067  945  945 1067 1250 1402 1615 1676 1646 1585
394A Sali  195906072 1372 1189 1036 1006 1006 1158 1372 1646 1859 1981 1981 1890
394A Sali  195906081 1707 1433 1189  975  914  961 1097 1250 1494 1676 1676 1646
394A Sali  195906082 1524 1311 1097  975  914 1036 1219 1372 1646 1890 1981 1944
394A Sali  195906091 1798 1582 1336 1118  986  970 1061 1231 1438 1625 1741 1758
394A Sali  195906092 1676 1463 1250 1067  975 1006 1128 1311 1524 1817 2042 2073
394A Sali  195906101 1981 1829 1494 1250 1006  914  914 1067 1219 1494 1707 1798
394A Sali  195906102 1768 1676 1463 1280 1128 1006 1067 1067 1372 1676 1890 2042
394A Sali  195906111 1981 1829 1615 1372 1036  884  853  945 1097 1250 1433 1737
394A Sali  195906112 1798 1707 1554 1341 1158 1067  975 1036 1128 1372 1707 1859
394A Sali  195906121 1951 1920 1707 1463 1219  914  823  823  975 1158 1372 1676
394A Sali  195906122 1798 1859 1768 1554 1341 1158  975  914 1067 1189 1433 1737
394A Sali  195906131 1859 1981 1859 1707 1402 1158  975  853  823 1006 1280 1585
394A Sali  195906132 1768 1829 1890 1707 1554 1311 1128 1036 1006 1128 1341 1524
394A Sali  195906141 1768 1951 1920 1798 1554 1341 1097  945  823  945 1067 1311
394A Sali  195906142 1524 1798 1920 1859 1737 1524 1311 1036  975  945 1097 1280
394A Sali  195906151 1463 1707 1829 1798 1615 1402 1158  914  792  792  884 1036
394A Sali  195906152 1250 1585 1798 1859 1829 1676 1463 1189 1036  914  975 1067
394A Sali  195906161 1250 1433 1646 1737 1707 1615 1372 1097  945  853  823  945
394A Sali  195906162 1158 1402 1676 1890 1981 1859 1707 1463 1219 1067  945  945
394A Sali  195906171 1036 1280 1463 1707 1737 1707 1585 1402 1158  945  853  823
394A Sali  195906172  975 1189 1554 1798 1981 2073 2012 1798 1585 1341 1128 1067
394A Sali  195906181 1036 1158 1311 1554 1676 1829 1768 1615 1402 1158  975  823
394A Sali  195906182  914 1036 1311 1585 1859 2012 2103 2042 1798 1585 1280 1006
394A Sali  195906191  945  945 1097 1250 1494 1585 1707 1707 1554 1341 1067  868
394A Sali  195906192  762  792  945 1210 1529 1831 2047 2126 2044 1826 1537 1235
394A Sali  195906201  982  834  825  947 1160 1402 1615 1676 1646 1585 1311 1036
394A Sali  195906202  792  732  701  884 1128 1494 1829 2073 2134 2012 1829 1433
394A Sali  195906211 1158  884  792  732  914 1157 1433 1676 1798 1768 1554 1341
394A Sali  195906212 1036  853  732  732  884 1219 1554 1890 2134 2164 2042 1859
394A Sali  195906221 1494 1189  911  762  762  914 1189 1463 1707 1859 1798 1615
394A Sali  195906222 1402 1067  823  701  732  914 1250 1585 1951 2164 2225 2103
394A Sali  195906231 1798 1463 1128  823  640  701  894 1189 1524 1829 1890 1859
394A Sali  195906232 1676 1433 1097  853  732  762  945 1280 1646 1920 2195 2164
394A Sali  195906241 2073 1737 1341 1036  732  732  792  945 1219 1585 1835 1951
394A Sali  195906242 1951 1768 1494 1158  975  823  884 1006 1372 1768 2012 2225
394A Sali  195906251 2195 2042 1768 1372 1067  792  762  884 1097 1433 1737 1951
394A Sali  195906252 2042 1981 1768 1524 1250 1006  884  914 1128 1463 1737 2073
394A Sali  195906261 2164 2103 1920 1585 1250 1006  792  792  975 1128 1433 1768
394A Sali  195906262 1981 2042 1981 1798 1524 1250 1006  853  975 1158 1463 1737
394A Sali  195906271 1920 2012 2012 1798 1524 1219 1006  823  792 1006 1219 1524
394A Sali  195906272 1737 1981 2042 1951 1768 1494 1189 1036  975 1036 1219 1463
394A Sali  195906281 1737 1798 1920 1768 1646 1433 1158  975  853  914 1006 1250
394A Sali  195906282 1494 1768 1922 1954 1860 1668 1430 1208 1055 1006 1073 1244
394A Sali  195906291 1463 1676 1768 1829 1737 1524 1372 1097  884  914  945 1036
394A Sali  195906292 1311 1615 1859 1971 1971 1857 1660 1430 1219 1036  945 1067
394A Sali  195906301 1189 1372 1615 1676 1768 1646 1463 1250 1036  884  945  914
394A Sali  195906302 1219 1433 1646 1798 1920 1920 1829 1615 1372 1158 1067  975
394A Sali  195907011 1097 1280 1463 1585 1615 1676 1615 1433 1250 1067  975  945
394A Sali  195907012 1036 1219 1402 1646 1829 1829 1859 1707 1524 1280 1128 1006
394A Sali  195907021 1036 1128 1219 1433 1585 1676 1646 1494 1402 1189 1036  945
394A Sali  195907022  975 1067 1280 1433 1676 1798 1859 1859 1707 1494 1250 1128
394A Sali  195907031  975  975 1036 1189 1311 1433 1494 1463 1402 1280 1097  975
394A Sali  195907032  853  884 1036 1219 1433 1707 1890 1920 1859 1737 1524 1250
394A Sali  195907041 1128 1036 1097 1194 1341 1494 1585 1646 1615 1524 1341 1158
394A Sali  195907042 1097 1036 1067 1250 1424 1615 1798 1981 1981 1890 1707 1433
394A Sali  195907051 1250 1067 1036 1036 1151 1311 1433 1585 1615 1646 1585 1311
394A Sali  195907052 1158 1036 1036 1067 1311 1433 1768 1920 2012 2012 1920 1707
394A Sali  195907061 1494 1250 1067 1006 1067 1189 1311 1433 1554 1659 1676 1554
394A Sali  195907062 1311 1128 1006 1036 1128 1250 1554 1707 1951 2012 1981 1829
394A Sali  195907071 1554 1341 1128  945  975 1006 1219 1402 1585 1737 1676 1615
394A Sali  195907072 1341 1189 1067  945  945 1097 1341 1597 1829 1951 2042 1981
394A Sali  195907081 1707 1433 1158 1006  823  884 1006 1219 1463 1676 1768 1721
394A Sali  195907082 1585 1402 1158  975  884  914 1128 1341 1646 1829 1951 2012
394A Sali  195907091 1859 1646 1372 1067  853  806  884 1097 1341 1585 1768 1890
394A Sali  195907092 1737 1737 1520 1304 1148 1108 1187 1358 1583 1807 1977 2042
394A Sali  195907101 1981 1798 1494 1250  975  823  823  914 1158 1402 1615 1798
394A Sali  195907102 1798 1707 1463 1250 1036  914  823  975 1189 1494 1768 1920
394A Sali  195907111 1951 1859 1646 1341 1067  823  762  792 1006 1250 1554 1707
394A Sali  195907112 1859 1798 1707 1433 1189  975  884  853 1006 1250 1615 1768
394A Sali  195907121 1890 1890 1798 1578 1311 1006  823  823  853 1036 1341 1615
394A Sali  195907122 1798 1920 1890 1737 1433 1158 1006  884  945 1097 1341 1676
394A Sali  195907131 1829 1920 1920 1707 1433 1158  975  792  792  914 1189 1463
394A Sali  195907132 1737 1920 1951 1890 1707 1433 1189 1006  914  975 1097 1341
394A Sali  195907141 1615 1768 1829 1737 1585 1311 1036  853  762  792  914 1189
394A Sali  195907142 1524 1737 1920 1981 1829 1615 1463 1219 1036  914  945 1067
394A Sali  195907151 1372 1524 1676 1737 1707 1554 1280 1036  823  732  853 1036
394A Sali  195907152 1250 1524 1829 1951 2012 1890 1646 1402 1189 1006  914  975
394A Sali  195907161 1128 1341 1585 1737 1737 1615 1494 1250 1006  853  732  853
394A Sali  195907162 1036 1311 1585 1829 2042 2073 1951 1707 1433 1158  975  914
394A Sali  195907171  975 1158 1280 1463 1707 1707 1676 1402 1219  914  792  762
394A Sali  195907172  853 1067 1359 1676 1920 2073 2042 1890 1676 1433 1128 1006
394A Sali  195907181  975  975 1189 1402 1610 1768 1768 1676 1433 1158  975  792
394A Sali  195907182  792  853 1097 1402 1707 1951 2134 2103 1981 1707 1433 1158
394A Sali  195907191 1006  853  945 1067 1250 1524 1697 1768 1737 1524 1219 1006
394A Sali  195907192  762  769  914 1097 1341 1676 1981 2134 2134 2012 1798 1494
394A Sali  195907201 1189  914  823  884 1097 1372 1554 1737 1829 1676 1554 1280
394A Sali  195907202 1036  823  762  853 1036 1372 1646 1920 2076 2073 1951 1707
394A Sali  195907211 1384 1067  792  701  823 1006 1311 1615 1768 1920 1829 1646
394A Sali  195907212 1341 1067  823  732  853  975 1341 1646 1920 2073 2078 1920
394A Sali  195907221 1646 1311 1036  792  732  817 1036 1280 1646 1829 1890 1859
394A Sali  195907222 1646 1311 1097  862  759  818 1024 1328 1654 1923 2062 2031
394A Sali  195907231 1843 1548 1204  884  732  666  762 1067 1402 1615 1859 1920
394A Sali  195907232 1829 1615 1250 1006  799  732  823 1067 1372 1737 1981 2103
394A Sali  195907241 2012 1798 1554 1219  853  732  732  884 1189 1507 1798 1951
394A Sali  195907242 2042 1859 1676 1372 1113  945  884  945 1097 1433 1737 2012
394A Sali  195907251 2042 1951 1768 1433 1036  823  732  823  975 1219 1524 1768
394A Sali  195907252 1981 1981 1890 1676 1372 1128 1006  914  914 1250 1524 1707
394A Sali  195907261 1890 1981 1890 1646 1311 1036  853  792  853 1067 1372 1676
394A Sali  195907262 1829 1951 1981 1829 1524 1311  975  914  975 1158 1311 1494
394A Sali  195907271 1646 1920 1890 1768 1554 1250 1006  823  823  884 1189 1341
394A Sali  195907272 1737 1829 1951 1890 1768 1559 1341 1097  975  945 1128 1311
394A Sali  195907281 1524 1768 1798 1798 1615 1280 1128 1097  884  914 1067 1189
394A Sali  195907282 1463 1768 1890 1981 1890 1768 1524 1189 1097 1067 1097 1189
394A Sali  195907291 1341 1554 1707 1737 1707 1554 1402 1158 1067  975 1036 1158
394A Sali  195907292 1341 1585 1798 1859 1920 1823 1646 1494 1280 1097 1067 1158
394A Sali  195907301 1219 1494 1615 1737 1737 1676 1554 1402 1189 1067 1036 1097
394A Sali  195907302 1250 1433 1676 1846 1951 1951 1859 1646 1554 1372 1189 1189
394A Sali  195907311 1219 1341 1433 1646 1676 1676 1646 1494 1311 1189 1067 1097
394A Sali  195907312 1128 1250 1463 1676 1798 1890 1890 1768 1615 1433 1269 1158
394A Sali  195908011 1097 1128 1280 1372 1585 1676 1615 1494 1402 1219 1067 1067
394A Sali  195908012 1036 1158 1311 1494 1676 1798 1920 1829 1707 1585 1433 1219
394A Sali  195908021 1036 1097 1067 1280 1433 1524 1615 1646 1641 1585 1433 1250
394A Sali  195908022 1128 1043 1036 1158 1311 1524 1737 1890 1981 1951 1798 1463
394A Sali  195908031 1219 1006  975 1067 1158 1280 1433 1554 1646 1615 1463 1204
394A Sali  195908032  975  945 1036 1189 1402 1615 1859 1920 2073 2012 1768 1524
394A Sali  195908041 1372 1158 1128 1067 1280 1341 1554 1646 1737 1707 1615 1402
394A Sali  195908042 1243 1123 1084 1144 1293 1505 1729 1920 2012 2012 1951 1798
394A Sali  195908051 1494 1219 1128  975 1097 1219 1433 1615 1768 1859 1859 1676
394A Sali  195908052 1463 1250 1097 1036 1128 1280 1494 1768 2012 2134 2012 1981
394A Sali  195908061 1646 1463 1219 1036 1006 1097 1280 1524 1744 1890 1951 1829
394A Sali  195908062 1707 1433 1250  975 1036 1067 1372 1554 1951 2073 2103 1981
394A Sali  195908071 1768 1554 1289 1067  945  975 1128 1372 1666 1920 2073 2012
394A Sali  195908072 1829 1676 1402 1158 1097 1006 1128 1372 1585 1890 2073 2103
394A Sali  195908081 2012 1707 1494 1128  884  884 1006 1158 1524 1768 1951 2134
394A Sali  195908082 2073 1890 1646 1402 1128  975 1005 1158 1402 1707 1981 2134
394A Sali  195908091 2073 1981 1676 1402 1189  914  945  975 1250 1585 1920 2042
394A Sali  195908092 2164 2134 1920 1615 1311 1097 1036 1097 1280 1494 1829 2073
394A Sali  195908101 2225 2103 1890 1615 1336 1097  914  936 1097 1372 1676 1981
394A Sali  195908102 2225 2225 2103 1829 1554 1280 1036  975 1067 1280 1585 1829
394A Sali  195908111 2042 2073 1920 1707 1463 1097  914  824  884 1097 1402 1798
394A Sali  195908112 2012 2195 2195 2042 1798 1494 1189 1067  945 1067 1250 1554
394A Sali  195908121 1737 1859 1951 1859 1646 1372 1093  884  762  945 1158 1463
394A Sali  195908122 1829 2042 2195 2134 1951 1737 1402 1250 1036 1036 1128 1372
394A Sali  195908131 1585 1768 1920 1951 1798 1615 1311 1128  884  823  945 1250
394A Sali  195908132 1494 1859 2103 2195 2164 1981 1737 1463 1219 1128 1006 1158
394A Sali  195908141 1280 1554 1707 1859 1798 1737 1494 1280 1006  884  853 1036
394A Sali  195908142 1189 1524 1829 1981 2195 2073 1981 1676 1463 1240 1097 1128
394A Sali  195908151 1206 1372 1524 1798 1859 1859 1768 1524 1311 1158  975  945
394A Sali  195908152 1097 1280 1615 1859 2073 2164 2134 1951 1768 1494 1280 1158
394A Sali  195908161 1128 1206 1372 1554 1737 1859 1829 1768 1676 1463 1219 1036
394A Sali  195908162  975 1036 1280 1615 1859 2073 2256 2134 2073 1737 1524 1341
394A Sali  195908171 1189 1128 1158 1372 1585 1798 1890 1981 1890 1676 1463 1280
394A Sali  195908172 1097 1036 1067 1272 1554 1859 2012 2134 2225 2012 1768 1494
394A Sali  195908181 1250 1036  945 1039 1237 1490 1737 1890 1981 1859 1707 1433
394A Sali  195908182 1250  975  913  989 1193 1477 1772 2013 2140 2115 1956 1707
394A Sali  195908191 1402 1128  945  914 1036 1311 1554 1798 2012 1981 1890 1768
394A Sali  195908192 1463 1189 1006  914 1036 1250 1524 1829 2042 2103 2073 1920
394A Sali  195908201 1646 1341 1036  884  884 1067 1315 1615 1920 2042 2042 1920
394A Sali  195908202 1768 1463 1158 1036  975 1097 1372 1554 1859 2103 2134 2103
394A Sali  195908211 1951 1646 1280 1067  884  975 1158 1402 1798 2042 2134 2164
394A Sali  195908212 1981 1707 1463 1158  975  975 1128 1433 1699 1951 2103 2166
394A Sali  195908221 2073 1829 1554 1219  975  884  945 1158 1463 1768 1981 2195
394A Sali  195908222 2164 1859 1585 1333 1128  975 1036 1097 1280 1646 1920 2073
394A Sali  195908231 2073 1951 1707 1402 1128  975  945 1006 1250 1524 1859 2042
394A Sali  195908232 2164 2073 1920 1554 1311 1158 1036 1067 1219 1463 1676 1951
394A Sali  195908241 2012 2042 1829 1646 1341 1097  945 1006 1067 1372 1676 1951
394A Sali  195908242 2073 2164 2012 1890 1554 1372 1097 1067 1128 1341 1585 1768
394A Sali  195908251 1951 2012 1890 1768 1524 1311 1006  975 1036 1219 1402 1707
394A Sali  195908252 1951 2042 2103 1981 1737 1494 1250 1128 1067 1189 1372 1615
394A Sali  195908261 1768 1981 1951 1829 1676 1402 1219 1128 1067 1097 1280 1554
394A Sali  195908262 1798 1890 2012 2042 1859 1676 1433 1226 1097 1158 1219 1372
394A Sali  195908271 1676 1768 1829 1920 1768 1554 1311 1219 1128 1128 1280 1341
394A Sali  195908272 1707 1798 1981 2060 2042 1951 1585 1402 1250 1128 1189 1280
394A Sali  195908281 1494 1646 1772 1829 1798 1707 1524 1311 1219 1158 1158 1219
394A Sali  195908282 1433 1676 1829 1920 1934 1859 1768 1554 1433 1250 1158 1250
394A Sali  195908291 1250 1463 1494 1676 1768 1737 1554 1433 1250 1128 1097 1158
394A Sali  195908292 1280 1524 1646 1829 1798 1798 1737 1646 1402 1219 1097 1067
394A Sali  195908301 1128 1189 1341 1463 1524 1615 1585 1433 1311 1158 1036  975
394A Sali  195908302 1006 1158 1341 1554 1737 1859 1829 1737 1615 1433 1158 1036
394A Sali  195908311 1006 1051 1158 1341 1554 1615 1676 1585 1494 1311 1128 1006
394A Sali  195908312  975 1067 1189 1463 1585 1768 1829 1859 1768 1585 1402 1219
394A Sali  195909011 1067 1097 1097 1250 1372 1585 1646 1707 1646 1524 1280 1158
394A Sali  195909012 1067 1006 1067 1250 1433 1615 1829 1920 1829 1707 1554 1311
394A Sali  195909021 1128  975 1006 1097 1219 1433 1646 1768 1737 1676 1463 1311
394A Sali  195909022 1006  914  914 1036 1280 1494 1676 1890 2012 1920 1768 1524
394A Sali  195909031 1280 1067  945  975 1158 1372 1554 1768 1890 1859 1646 1433
394A Sali  195909032 1250 1036  884  884 1036 1219 1494 1737 1951 1920 1829 1676
394A Sali  195909041 1447 1210 1025  953 1018 1194 1437 1689 1890 1981 1920 1737
394A Sali  195909042 1585 1280  945  884  853 1067 1311 1554 1811 1981 2012 1890
394A Sali  195909051 1646 1372 1067  884  914 1006 1189 1524 1768 1972 2046 1972
394A Sali  195909052 1776 1509 1227  999  898  951 1130 1390 1670 1904 2027 2002
394A Sali  195909061 1840 1588 1294 1027  869  874 1036 1311 1585 1951 2103 2195
394A Sali  195909062 2042 1798 1463 1128  945  853  884 1097 1372 1676 1920 1981
394A Sali  195909071 2012 1768 1494 1189  914  823  853 1036 1341 1676 1981 2103
394A Sali  195909072 2103 1981 1707 1372 1128  884  792  884 1128 1419 1707 1920
394A Sali  195909081 2012 1951 1707 1463 1097  914  732  853 1036 1372 1737 2012
394A Sali  195909082 2164 2134 1981 1676 1311  975  823  762  823 1128 1402 1737
394A Sali  195909091 1890 1890 1798 1554 1219  975  762  732  823 1097 1433 1768
394A Sali  195909092 2035 2164 2073 1890 1615 1250 1006  826  792  975 1219 1494
394A Sali  195909101 1737 1859 1798 1676 1463 1189  914  701  732  823 1097 1402
394A Sali  195909102 1737 1981 2012 2012 1829 1494 1280  975  853  884 1006 1189
394A Sali  195909111 1433 1676 1798 1829 1676 1494 1189  975  792  823  914 1158
394A Sali  195909112 1524 1737 2012 2103 1981 1768 1494 1280 1036  914 1006 1097
394A Sali  195909121 1219 1463 1676 1829 1768 1676 1524 1250 1026  884  853 1006
394A Sali  195909122 1189 1463 1737 1981 2012 1920 1676 1463 1250 1052  945  945
394A Sali  195909131 1036 1219 1494 1676 1707 1768 1585 1433 1189 1036  823  792
394A Sali  195909132  975 1219 1433 1646 1803 1859 1829 1707 1433 1219 1036  914
394A Sali  195909141  945 1067 1219 1494 1615 1768 1829 1615 1463 1219 1006  884
394A Sali  195909142  884  975 1189 1372 1676 1829 1920 1859 1737 1524 1280 1067
394A Sali  195909151  975 1006 1097 1311 1554 1676 1798 1859 1768 1554 1311 1128
394A Sali  195909152 1036  914 1036 1219 1494 1707 1890 1981 1920 1768 1615 1311
394A Sali  195909161 1158  975 1036 1128 1372 1554 1829 1951 2012 1920 1707 1402
394A Sali  195909162 1189  975  975 1067 1250 1463 1798 1981 1981 1951 1798 1524
394A Sali  195909171 1280 1097 1006 1006 1158 1368 1615 1890 2012 2042 1890 1676
394A Sali  195909172 1372 1128  914  945 1036 1250 1524 1768 1951 2012 1920 1707
394A Sali  195909181 1433 1219  975  853  975 1158 1433 1676 1920 2073 2042 1859
394A Sali  195909182 1676 1372 1097  975  853 1036 1240 1494 1798 1920 1981 1920
394A Sali  195909191 1676 1400 1128  945  914 1006 1158 1430 1707 1981 2103 1951
394A Sali  195909192 1798 1524 1158  884  853  884  975 1219 1554 1829 1948 1920
394A Sali  195909201 1737 1524 1250  975  853  853 1036 1280 1524 1859 2042 2073
394A Sali  195909202 1981 1798 1433 1250  975  914  990 1189 1402 1676 1951 2042
394A Sali  195909211 1859 1737 1494 1189  975  853  945 1128 1433 1707 1951 2042
394A Sali  195909212 2103 1920 1615 1402 1097  945  853  945 1128 1433 1676 1859
394A Sali  195909221 1920 1798 1585 1341 1128  914  914  975 1158 1433 1737 1951
394A Sali  195909222 2042 2012 1829 1554 1280 1006  884  945 1006 1280 1524 1798
394A Sali  195909231 1890 1890 1707 1524 1250  975  884  945 1158 1341 1585 1798
394A Sali  195909232 2012 2042 1951 1707 1554 1280 1067  914  975 1311 1463 1554
394A Sali  195909241 1768 1829 1737 1676 1433 1158  975  945 1006 1158 1341 1646
394A Sali  195909242 1859 1981 1951 1890 1646 1433 1189 1036 1003 1067 1219 1402
394A Sali  195909251 1646 1798 1829 1707 1554 1372 1128 1006 1006 1097 1219 1433
394A Sali  195909252 1676 1859 1951 1981 1798 1554 1311 1122 1006 1036 1097 1250
394A Sali  195909261 1463 1646 1737 1676 1615 1444 1250 1128 1036 1006 1067 1250
394A Sali  195909262 1463 1707 1798 1920 1859 1737 1524 1341 1097 1067 1067 1158
394A Sali  195909271 1311 1494 1615 1737 1676 1585 1402 1189 1097 1006  975 1067
394A Sali  195909272 1311 1494 1646 1737 1829 1829 1646 1402 1280 1097 1036 1128
394A Sali  195909281 1219 1311 1494 1646 1737 1737 1768 1646 1554 1296 1097 1067
394A Sali  195909282 1067 1158 1311 1494 1712 1859 1859 1798 1615 1433 1250 1097
394A Sali  195909291 1067 1067 1189 1402 1554 1707 1615 1433 1250 1097 1067 1097
394A Sali  195909292 1189 1372 1494 1737 1859 1859 1798 1646 1494 1340 1189 1067
394A Sali  195909301 1128 1219 1402 1524 1676 1737 1829 1798 1615 1402 1219 1036
394A Sali  195909302  975 1067 1189 1402 1524 1691 1798 1798 1798 1615 1372 1219
394A Sali  195910011 1067 1006 1006 1189 1402 1646 1798 1829 1676 1554 1433 1219
394A Sali  195910012 1006 1006  975 1219 1372 1585 1737 1798 1829 1676 1524 1311
394A Sali  195910021 1128  914  945 1067 1219 1554 1737 1951 1953 1829 1676 1404
394A Sali  195910022 1128  945  884 1006 1097 1341 1585 1768 1859 1920 1768 1554
394A Sali  195910031 1311 1097  823  853 1036 1280 1615 1951 2103 2012 1951 1768
394A Sali  195910032 1494 1128  853  823  914 1097 1402 1737 1920 1951 1890 1707
394A Sali  195910041 1402 1097  884  792  884 1036 1341 1768 2042 2225 2164 1981
394A Sali  195910042 1737 1433 1097  853  792  914 1189 1402 1737 1951 2042 1890
394A Sali  195910051 1707 1372 1006  792  732  884 1097 1494 1859 2134 2195 2225
394A Sali  195910052 1981 1615 1250  945  792  701  853 1158 1463 1768 2012 2012
394A Sali  195910061 1890 1646 1311  975  762  701  792 1128 1494 1829 2134 2286
394A Sali  195910062 2195 1920 1646 1250  914  762  701  945 1189 1524 1859 2012
394A Sali  195910071 2042 1951 1615 1250  975  762  732  884 1219 1585 1951 2134
394A Sali  195910072 2286 2134 1890 1554 1189  884  732  823 1067 1280 1585 1859
394A Sali  195910081 2010 2003 1843 1570 1250  968  805  808  972 1269 1632 1970
394A Sali  195910082 2195 2316 2195 1859 1585 1219  945  884  884 1097 1341 1707
394A Sali  195910091 1920 2012 2012 1829 1585 1250  975  884  914 1067 1311 1646
394A Sali  195910092 1981 2103 2195 2103 1829 1494 1189 1036  914  975 1158 1463
394A Sali  195910101 1676 1920 2012 2012 1768 1554 1250 1036  914  975 1097 1341
394A Sali  195910102 1615 1920 2103 2103 2042 1829 1524 1219 1036 1006 1067 1219
394A Sali  195910111 1463 1707 1890 1981 1951 1737 1554 1311 1128 1036 1036 1128
394A Sali  195910112 1372 1615 1829 2042 2012 1981 1737 1554 1311 1090  975 1067
394A Sali  195910121 1250 1463 1737 1859 1981 1981 1768 1524 1372 1158 1036 1006
394A Sali  195910122 1158 1402 1646 1829 2012 2042 1951 1737 1554 1402 1158 1128
394A Sali  195910131 1189 1280 1494 1707 1920 2042 2073 1890 1737 1494 1250 1136
394A Sali  195910132 1128 1280 1463 1707 1859 2012 2012 1920 1768 1524 1372 1219
394A Sali  195910141 1158 1219 1341 1554 1768 2012 2073 2042 1981 1768 1554 1303
394A Sali  195910142 1128 1097 1280 1433 1676 1859 1981 1981 1951 1798 1524 1311
394A Sali  195910151 1128 1097 1189 1311 1554 1829 1981 2073 2073 1951 1676 1402
394A Sali  195910152 1280 1158 1128 1219 1402 1615 1859 1920 1981 1920 1737 1494
394A Sali  195910161 1280 1067 1006 1097 1280 1524 1798 2012 2042 2042 1890 1615
394A Sali  195910162 1311 1097  975  975 1097 1250 1554 1707 1829 1920 1768 1585
394A Sali  195910171 1372 1158  945  914 1067 1250 1524 1773 1951 2042 1920 1737
394A Sali  195910172 1494 1189  945  823  884 1006 1250 1494 1676 1798 1768 1676
394A Sali  195910181 1433 1189  975  853  884 1006 1219 1524 1768 1890 1920 1859
394A Sali  195910182 1646 1341 1036  823  732  762  914 1158 1372 1585 1676 1615
394A Sali  195910191 1463 1219  975  792  701  762  914 1219 1494 1737 1859 1859
394A Sali  195910192 1676 1463 1097  823  701  671  792 1006 1219 1494 1707 1737
394A Sali  195910201 1585 1402 1158  853  732  732  762 1036 1311 1554 1798 1829
394A Sali  195910202 1768 1554 1311 1067  792  640  671  762 1006 1280 1494 1646
394A Sali  195910211 1585 1433 1219  975  823  732  762  853 1128 1402 1707 1829
394A Sali  195910212 1798 1707 1524 1219  945  732  640  762  945 1158 1433 1585
394A Sali  195910221 1646 1615 1463 1219  975  853  853  853 1036 1311 1554 1768
394A Sali  195910222 1890 1829 1669 1433 1219  945  823  792  914 1128 1311 1615
394A Sali  195910231 1707 1737 1676 1494 1250  975  914  914  975 1311 1554 1737
394A Sali  195910232 1890 1951 1859 1707 1433 1189 1006  914  914 1097 1250 1463
394A Sali  195910241 1676 1768 1768 1646 1463 1250 1067  975 1036 1128 1341 1554
394A Sali  195910242 1768 1890 1890 1829 1585 1372 1158  975  914 1006 1128 1341
394A Sali  195910251 1524 1676 1737 1676 1554 1372 1158 1006  945 1036 1189 1311
394A Sali  195910252 1554 1768 1829 1859 1707 1494 1280 1097  975  975 1006 1189
394A Sali  195910261 1372 1554 1646 1707 1615 1433 1280 1097  975  975  975 1189
394A Sali  195910262 1402 1524 1615 1768 1707 1585 1433 1158 1036  975  914 1006
394A Sali  195910271 1250 1372 1615 1707 1737 1646 1524 1311 1158 1006  975 1128
394A Sali  195910272 1189 1433 1646 1707 1737 1707 1554 1433 1189 1067  914  975
394A Sali  195910281 1036 1219 1402 1646 1676 1707 1646 1463 1341 1097  975  884
394A Sali  195910282 1006 1189 1402 1494 1646 1737 1615 1494 1311 1158 1006  914
394A Sali  195910291  975 1097 1280 1494 1676 1737 1768 1676 1463 1311 1128  945
394A Sali  195910292  945 1006 1189 1311 1524 1676 1707 1646 1463 1311 1067  945
394A Sali  195910301  884  914 1097 1311 1554 1768 1859 1859 1737 1524 1250 1036
394A Sali  195910302  884  884  945 1097 1311 1524 1676 1707 1676 1494 1219 1036
394A Sali  195910311  853  853  853 1067 1311 1554 1829 2012 1951 1798 1524 1158
394A Sali  195910312  975  884  762  762  975 1285 1585 1676 1707 1615 1433 1219
394A Sali  195911011  975  792  671  762 1067 1341 1615 1951 2042 1981 1829 1463
394A Sali  195911012 1128  853  701  671  762 1006 1311 1585 1707 1676 1554 1372
394A Sali  195911021 1067  814  640  610  732 1067 1372 1707 2012 2103 1981 1707
394A Sali  195911022 1402 1006  732  579  579  762 1006 1341 1554 1737 1737 1524
394A Sali  195911031 1280  945  671  579  549  732 1067 1494 1859 2073 2073 2012
394A Sali  195911032 1737 1387 1006  732  610  549  762 1006 1402 1646 1859 1859
394A Sali  195911041 1676 1372 1097  762  579  640  792 1097 1524 1890 2164 2225
394A Sali  195911042 2042 1798 1372  975  671  579  640  853 1128 1524 1768 1920
394A Sali  195911051 1859 1707 1402 1036  762  640  674  884 1219 1585 1951 2134
394A Sali  195911052 2164 2042 1707 1341  945  732  640  671  884 1250 1554 1829
394A Sali  195911061 1920 1859 1676 1433 1097  762  640  701  853 1158 1554 1890
394A Sali  195911062 2012 2073 1890 1554 1158  823  610  488  579  792 1006 1341
394A Sali  195911071 1554 1646 1585 1402 1097  762  549  427  427  671  945 1250
394A Sali  195911072 1524 1737 1737 1585 1318 1006  671  457  457  488  701  975
394A Sali  195911081 1311 1585 1646 1646 1463 1128  884  671  579  640  823 1097
394A Sali  195911082 1341 1646 1737 1768 1585 1372 1036  792  579  579  610  823
394A Sali  195911091 1067 1341 1554 1646 1554 1433 1158  945  732  640  640  792
394A Sali  195911092  975 1250 1494 1554 1585 1433 1219 1006  792  640  579  671
394A Sali  195911101  884 1097 1372 1554 1615 1585 1463 1219 1036  853  762  762
394A Sali  195911102  884 1067 1280 1463 1585 1585 1433 1280 1067  914  762  762
394A Sali  195911111  823 1036 1250 1433 1646 1737 1707 1585 1372 1158  945  853
394A Sali  195911112  853  975 1128 1341 1524 1615 1615 1524 1372 1158 1006  853
394A Sali  195911121  823  914 1097 1341 1554 1737 1859 1707 1615 1433 1189 1036
394A Sali  195911122  884  914  975 1158 1341 1524 1585 1646 1524 1372 1219 1067
394A Sali  195911131  914  945 1006 1219 1463 1676 1829 1890 1859 1676 1463 1250
394A Sali  195911132 1097  975  945 1067 1250 1445 1615 1737 1768 1646 1463 1311
394A Sali  195911141 1128 1036 1036 1189 1402 1646 1798 1981 2042 1920 1768 1494
394A Sali  195911142 1250 1067  975  975 1097 1311 1524 1676 1768 1768 1646 1433
394A Sali  195911151 1219 1036  914  975 1128 1311 1585 1829 1890 1951 1859 1615
394A Sali  195911152 1341 1097  853  823  853  945 1250 1433 1585 1676 1615 1463
394A Sali  195911161 1250 1006  884  853  914 1128 1341 1615 1829 1951 1920 1707
394A Sali  195911162 1524 1219  975  823  792  853 1067 1311 1554 1676 1676 1615
394A Sali  195911171 1433 1189 1006  914  853  975 1189 1463 1676 1859 1951 1859
394A Sali  195911172 1676 1433 1128  914  732  732  884 1097 1341 1554 1646 1676
394A Sali  195911181 1524 1311 1097  914  792  823  945 1158 1402 1676 1798 1859
394A Sali  195911182 1676 1463 1158  853  671  610  610  823 1067 1280 1433 1524
394A Sali  195911191 1463 1280 1036  853  671  671  762  914 1158 1433 1676 1737
394A Sali  195911192 1737 1615 1311 1006  762  610  610  732  914 1158 1341 1524
394A Sali  195911201 1524 1494 1280 1036  853  792  732  884 1097 1341 1585 1768
394A Sali  195911202 1829 1768 1554 1280 1036  823  701  792  914 1158 1372 1554
394A Sali  195911211 1646 1646 1554 1341 1128  975  884  914 1067 1311 1585 1768
394A Sali  195911212 1920 1920 1829 1585 1311 1067  914  884  945 1097 1372 1585
394A Sali  195911221 1737 1798 1737 1554 1372 1158 1006  975 1036 1219 1463 1707
394A Sali  195911222 1829 1920 1890 1737 1494 1189 1036  914  914 1036 1219 1463
394A Sali  195911231 1707 1798 1859 1707 1524 1315 1128 1067 1036 1158 1280 1494
394A Sali  195911232 1707 1859 1859 1768 1585 1341 1158  975  975 1006 1128 1341
394A Sali  195911241 1585 1737 1798 1829 1707 1463 1311 1097 1006 1067 1158 1402
394A Sali  195911242 1585 1707 1829 1768 1737 1554 1311 1097  945  884  975 1158
394A Sali  195911251 1341 1554 1737 1798 1737 1554 1341 1158 1006  884  945 1036
394A Sali  195911252 1189 1463 1615 1615 1554 1524 1311 1097  975  853  853  914
394A Sali  195911261 1128 1280 1585 1737 1829 1768 1615 1433 1280 1067 1006 1036
394A Sali  195911262 1189 1341 1494 1676 1737 1707 1585 1372 1219 1036  945  945
394A Sali  195911271 1097 1250 1524 1737 1890 1920 1798 1676 1463 1250 1067  975
394A Sali  195911272  975 1097 1280 1494 1676 1707 1676 1554 1372 1128  945  884
394A Sali  195911281  914  975 1250 1463 1676 1890 1859 1768 1554 1341 1036  853
394A Sali  195911282  701  732  792  945 1189 1311 1402 1341 1250 1036  762  610
394A Sali  195911291  457  457  610  914 1189 1463 1676 1737 1615 1402 1158  853
394A Sali  195911292  610  488  488  610  762 1006 1280 1372 1402 1280 1067  762
394A Sali  195911301  549  434  457  610  914 1189 1524 1768 1859 1737 1554 1189
394A Sali  195911302  914  610  488  488  640  884 1128 1372 1585 1524 1402 1189
394A Sali  195912011  884  579  518  549  762 1036 1372 1737 2012 2042 1951 1707
394A Sali  195912012 1341  975  671  549  549  701 1006 1250 1585 1646 1676 1524
394A Sali  195912021 1250  914  640  488  579  762 1097 1494 1798 2012 2073 1981
394A Sali  195912022 1676 1280  884  610  427  457  671 1006 1341 1615 1707 1676
394A Sali  195912031 1433 1128  823  518  427  488  732 1097 1463 1829 2012 2012
394A Sali  195912032 1890 1494 1128  762  427  366  427  671 1006 1372 1646 1737
394A Sali  195912041 1707 1494 1158  884  579  457  518  732 1067 1463 1798 2012
394A Sali  195912042 2042 1890 1524 1158  762  488  427  549  792 1158 1494 1737
394A Sali  195912051 1890 1798 1615 1311  975  732  579  671  853 1219 1585 1859
394A Sali  195912052 2042 2042 1829 1524 1158  823  610  579  701  945 1311 1615
394A Sali  195912061 1798 1890 1829 1585 1311 1006  762  640  732  914 1189 1494
394A Sali  195912062 1737 1859 1829 1646 1311  945  671  488  488  579  823 1158
394A Sali  195912071 1433 1646 1707 1615 1402 1158  823  640  518  610  762 1067
394A Sali  195912072 1402 1554 1646 1615 1402 1128  853  610  488  518  640  853
394A Sali  195912081 1219 1433 1646 1707 1646 1433 1158  914  701  640  732  884
394A Sali  195912082 1097 1341 1524 1615 1524 1372 1158  884  701  610  671  792
394A Sali  195912091 1006 1311 1524 1707 1737 1646 1463 1250 1006  853  762  823
394A Sali  195912092  975 1189 1402 1554 1615 1554 1402 1219  975  792  732  762
394A Sali  195912101  914 1158 1402 1585 1768 1768 1676 1524 1280 1036  914  823
394A Sali  195912102  853 1006 1189 1372 1463 1554 1524 1402 1250 1036  884  823
394A Sali  195912111  853  975 1219 1463 1646 1798 1859 1768 1585 1402 1158 1036
394A Sali  195912112  945 1006 1128 1280 1463 1554 1646 1615 1463 1341 1158 1036
394A Sali  195912121  975 1006 1158 1402 1554 1768 1890 1920 1798 1676 1402 1219
394A Sali  195912122 1036  975 1006 1128 1280 1463 1585 1585 1554 1433 1219 1067
394A Sali  195912131  914  884  975 1128 1341 1524 1707 1829 1798 1676 1463 1250
394A Sali  195912132 1067  884  853  884 1006 1250 1402 1524 1554 1494 1341 1189
394A Sali  195912141 1006  914  914 1006 1158 1402 1646 1798 1890 1859 1737 1463
394A Sali  195912142 1189 1036  884  853  975 1128 1341 1494 1615 1615 1585 1463
394A Sali  195912151 1250 1097  975 1006 1158 1341 1585 1798 2012 2012 1920 1768
394A Sali  195912152 1494 1219 1006  884  975 1006 1250 1433 1646 1707 1676 1585
394A Sali  195912161 1372 1219 1067 1036 1036 1219 1433 1676 1890 1981 1981 1890
394A Sali  195912162 1676 1402 1158  975  914  945 1158 1372 1615 1737 1737 1707
394A Sali  195912171 1554 1376 1200 1084 1068 1159 1343 1585 1798 1981 2042 2012
394A Sali  195912172 1798 1585 1280 1067  914  914 1036 1219 1494 1676 1798 1737
394A Sali  195912181 1646 1494 1280 1097  945  975 1097 1311 1554 1768 1951 1951
394A Sali  195912182 1835 1615 1341 1067  853  732  732  914 1128 1372 1554 1626
394A Sali  195912191 1585 1433 1189  975  823  732  792  945 1158 1372 1585 1707
394A Sali  195912192 1676 1585 1341 1036  762  610  579  671  853 1097 1341 1494
394A Sali  195912201 1585 1524 1341 1097  914  762  732  792  945 1189 1463 1646
394A Sali  195912202 1737 1646 1524 1219  945  701  549  579  732  914 1219 1433
394A Sali  195912211 1554 1585 1494 1311 1036  853  732  762  853 1036 1311 1554
394A Sali  195912212 1676 1737 1615 1402 1128  853  640  579  671  823 1097 1372
394A Sali  195912221 1585 1676 1615 1494 1311 1067  884  792  823  914 1158 1402
394A Sali  195912222 1585 1707 1676 1554 1311 1067  823  732  732  792 1036 1280
394A Sali  195912231 1524 1676 1768 1737 1524 1341 1128  945  853  914 1128 1311
394A Sali  195912232 1554 1676 1768 1707 1585 1372 1158  914  792  853  945 1158
394A Sali  195912241 1402 1707 1859 1859 1768 1554 1341 1128 1006  914  975 1097
394A Sali  195912242 1280 1494 1585 1676 1554 1402 1219 1006  823  762  792  914
394A Sali  195912251 1158 1433 1646 1798 1859 1707 1554 1341 1097  945  884  914
394A Sali  195912252 1036 1280 1433 1554 1615 1494 1372 1189  945  762  732  823
394A Sali  195912261  975 1219 1524 1768 1859 1859 1798 1554 1341 1128  945  914
394A Sali  195912262  914 1036 1250 1463 1585 1615 1585 1402 1219 1036  914  823
394A Sali  195912271  884 1097 1372 1646 1829 2012 2012 1920 1676 1463 1189  975
394A Sali  195912272  853  945 1097 1311 1494 1615 1707 1646 1463 1280 1036  884
394A Sali  195912281  823  884 1036 1372 1676 1890 2103 2103 1981 1707 1463 1189
394A Sali  195912282  975  884  884 1006 1189 1463 1615 1707 1615 1433 1189  945
394A Sali  195912291  792  701  762  975 1189 1524 1859 2012 2042 1859 1646 1341
394A Sali  195912292 1006  762  671  701  853 1067 1341 1585 1707 1646 1463 1219
394A Sali  195912301  945  732  671  701  945 1219 1554 1859 2103 2134 1981 1707
394A Sali  195912302 1372 1036  792  671  732  884 1189 1463 1737 1829 1798 1585
394A Sali  195912311 1341 1036  823  732  762  975 1311 1676 2012 2225 2225 2103
394A Sali  195912312 1829 1433 1097  823  701  762  975 1341 1646 1859 1981 1929
