394A Salina Cruz        Mexico              1967 16096N 095122W 0000 3 00000R MM
394A Sali  196701011 1859 1768 1585 1311 1067  853  792  884 1158 1494 1768 1981
394A Sali  196701012 2103 2012 1798 1433 1128  853  701  701  853 1158 1463 1737
394A Sali  196701021 1890 1890 1768 1524 1280 1006  792  823  914 1158 1463 1737
394A Sali  196701022 1981 2042 1890 1707 1372 1006  762  671  732  945 1311 1585
394A Sali  196701031 1829 2012 1981 1859 1585 1311 1036  884  853  975 1189 1463
394A Sali  196701032 1737 1859 1920 1768 1494 1189  914  762  671  762 1006 1250
394A Sali  196701041 1585 1859 1981 1951 1798 1494 1219  945  762  762  884 1097
394A Sali  196701042 1311 1494 1646 1585 1463 1189  914  701  488  427  549  762
394A Sali  196701051 1097 1372 1585 1707 1676 1524 1280 1006  732  610  579  701
394A Sali  196701052  884 1067 1280 1433 1433 1311 1128  884  640  488  488  671
394A Sali  196701061  945 1189 1494 1707 1768 1707 1585 1341 1067  823  732  732
394A Sali  196701062  853 1036 1219 1372 1463 1463 1372 1158  975  732  671  732
394A Sali  196701071  823 1067 1372 1676 1859 1920 1859 1676 1463 1219 1006  884
394A Sali  196701072  853  945 1128 1341 1463 1554 1554 1463 1250 1067  884  823
394A Sali  196701081  823  975 1219 1494 1707 1951 2012 1920 1737 1524 1280 1067
394A Sali  196701082  945  884  945 1097 1280 1433 1524 1524 1433 1250  975  853
394A Sali  196701091  762  762  884 1067 1372 1615 1798 1890 1829 1615 1372 1067
394A Sali  196701092  914  762  732  823  945 1097 1311 1433 1463 1372 1158 1036
394A Sali  196701101  792  671  701  823 1097 1311 1585 1768 1798 1798 1646 1372
394A Sali  196701102 1067  853  762  640  671  853 1097 1280 1372 1372 1311 1097
394A Sali  196701111  884  701  579  579  701  945 1250 1494 1646 1737 1676 1494
394A Sali  196701112 1189  945  732  579  549  640  853 1128 1280 1402 1433 1280
394A Sali  196701121 1128  914  701  640  640  823 1076 1367 1631 1804 1840 1732
394A Sali  196701122 1514 1231  941  713  599  621  767  992 1238 1436 1534 1507
394A Sali  196701131 1372 1219  945  792  732  792  945 1189 1463 1707 1890 1859
394A Sali  196701132 1737 1494 1250  975  792  732  792  945 1219 1463 1646 1707
394A Sali  196701141 1676 1554 1341 1097  945  884  914 1128 1341 1615 1829 1920
394A Sali  196701142 1890 1737 1463 1189  945  792  792  945 1158 1433 1646 1768
394A Sali  196701151 1829 1707 1524 1311 1097 1006  914 1036 1219 1463 1707 1890
394A Sali  196701152 1920 1798 1615 1402 1097  884  823  823  975 1189 1433 1615
394A Sali  196701161 1768 1737 1615 1402 1189  945  823  823  945 1158 1372 1585
394A Sali  196701162 1737 1707 1554 1341 1067  792  701  610  732  914 1128 1372
394A Sali  196701171 1524 1676 1646 1494 1311 1128  945  853  884 1006 1219 1433
394A Sali  196701172 1585 1737 1676 1554 1341 1112  929  841  865  990 1192 1433
394A Sali  196701181 1676 1768 1768 1676 1494 1250 1097  945  945 1006 1158 1402
394A Sali  196701182 1494 1615 1646 1494 1341 1128  914  762  762  853 1006 1189
394A Sali  196701191 1402 1585 1676 1707 1585 1402 1189 1006  914  853  975 1158
394A Sali  196701192 1311 1463 1524 1494 1372 1189 1006  853  762  792  853 1036
394A Sali  196701201 1219 1494 1615 1707 1676 1554 1372 1128  975  884  884  975
394A Sali  196701202 1097 1219 1372 1463 1433 1311 1158  975  792  792  792  884
394A Sali  196701211 1158 1341 1524 1676 1737 1707 1615 1372 1189 1006  914  975
394A Sali  196701212 1036 1189 1311 1402 1433 1402 1311 1189 1097  945  884  975
394A Sali  196701221 1067 1280 1463 1676 1798 1829 1768 1615 1433 1219 1097 1006
394A Sali  196701222 1006 1128 1219 1341 1433 1463 1433 1311 1158 1036  914  914
394A Sali  196701231 1006 1128 1341 1585 1737 1859 1859 1798 1615 1402 1189 1067
394A Sali  196701232  975  975 1067 1189 1341 1433 1433 1372 1280 1158 1006  914
394A Sali  196701241  914  945 1097 1341 1554 1768 1859 1890 1768 1585 1402 1158
394A Sali  196701242 1006  945  975 1036 1219 1372 1433 1524 1433 1341 1189  975
394A Sali  196701251  884  914  975 1097 1372 1615 1798 1920 1920 1798 1585 1341
394A Sali  196701252 1128  945  884  914 1006 1189 1402 1494 1585 1494 1372 1158
394A Sali  196701261  975  884  853  914 1097 1372 1646 1859 1981 1951 1859 1615
394A Sali  196701262 1372 1097  884  792  884 1006 1250 1463 1554 1676 1585 1433
394A Sali  196701271 1158  975  823  792  914 1128 1402 1737 1920 2042 2012 1829
394A Sali  196701272 1524 1280  975  762  701  762  975 1219 1494 1646 1676 1585
394A Sali  196701281 1341 1128  853  671  610  732  914 1250 1524 1798 1920 1829
394A Sali  196701282 1615 1311  945  701  488  457  610  853 1158 1433 1615 1676
394A Sali  196701291 1524 1280 1036  762  518  518  640  884 1189 1524 1737 1829
394A Sali  196701292 1737 1524 1189  792  549  366  396  610  945 1250 1554 1768
394A Sali  196701301 1768 1615 1341 1067  792  579  549  671  945 1250 1585 1798
394A Sali  196701302 1859 1768 1494 1158  792  579  457  518  792 1158 1494 1798
394A Sali  196701311 1981 1951 1737 1463 1128  792  640  671  823 1067 1372 1707
394A Sali  196701312 1859 1859 1707 1494 1097  762  579  518  671  975 1372 1707
394A Sali  196702011 1981 2073 2012 1798 1494 1128  853  762  732  914 1189 1463
394A Sali  196702012 1707 1859 1829 1676 1341 1067  823  640  671  853 1128 1494
394A Sali  196702021 1829 2073 2134 2042 1829 1494 1189  914  792  823 1006 1250
394A Sali  196702022 1494 1707 1798 1768 1554 1280 1036  823  732  792  975 1250
394A Sali  196702031 1615 1829 2042 2103 1951 1737 1463 1189  945  823  914 1036
394A Sali  196702032 1280 1494 1646 1707 1615 1433 1189  914  792  732  762  945
394A Sali  196702041 1250 1524 1768 1951 1981 1859 1707 1463 1158  975  914  914
394A Sali  196702042 1036 1250 1433 1554 1615 1554 1402 1189 1006  853  732  792
394A Sali  196702051  975 1250 1524 1768 1920 1920 1829 1646 1372 1189 1006  914
394A Sali  196702052  975 1097 1250 1433 1554 1585 1554 1433 1219 1036  914  884
394A Sali  196702061  945 1128 1372 1615 1829 1981 1981 1920 1707 1524 1280 1097
394A Sali  196702062 1067 1128 1189 1341 1494 1615 1615 1585 1494 1311 1128 1006
394A Sali  196702071  914  975 1158 1402 1615 1768 1920 1920 1829 1676 1402 1219
394A Sali  196702072  975  914  914 1036 1189 1341 1463 1494 1494 1402 1219 1036
394A Sali  196702081  884  792  853  975 1158 1415 1646 1798 1798 1768 1585 1341
394A Sali  196702082 1189  945  884  914 1036 1158 1341 1524 1554 1524 1433 1189
394A Sali  196702091  975  823  823  823  975 1219 1341 1615 1676 1707 1615 1402
394A Sali  196702092 1189  945  732  701  671  792  975 1189 1372 1463 1402 1280
394A Sali  196702101 1128  914  762  732  792  975 1219 1463 1676 1768 1798 1676
394A Sali  196702102 1463 1219  945  823  732  762  975 1158 1341 1524 1585 1524
394A Sali  196702111 1372 1189  975  792  732  853  975 1250 1463 1646 1737 1707
394A Sali  196702112 1524 1280 1067  792  671  701  823 1006 1250 1433 1615 1646
394A Sali  196702121 1554 1402 1158  945  823  792  884 1097 1311 1554 1646 1737
394A Sali  196702122 1676 1433 1158  884  701  579  610  732 1006 1219 1402 1524
394A Sali  196702131 1463 1341 1128  914  701  579  579  701  884 1128 1341 1433
394A Sali  196702132 1433 1341 1128  853  610  457  427  549  732 1006 1250 1433
394A Sali  196702141 1524 1463 1280 1067  792  671  549  610  762  975 1219 1433
394A Sali  196702142 1463 1463 1280 1036  823  610  518  579  732 1006 1280 1463
394A Sali  196702151 1585 1615 1494 1280 1006  853  671  671  732  945 1158 1372
394A Sali  196702152 1433 1524 1433 1219 1006  792  671  610  762  914 1158 1463
394A Sali  196702161 1646 1707 1676 1554 1311 1067  884  762  792  884 1097 1311
394A Sali  196702162 1433 1554 1554 1433 1219 1036  823  701  762  914 1128 1402
394A Sali  196702171 1585 1768 1798 1707 1554 1311 1128  914  853  914 1006 1189
394A Sali  196702172 1402 1524 1585 1494 1341 1158  945  823  823  914  975 1250
394A Sali  196702181 1494 1707 1829 1859 1737 1524 1311 1097  914  884  884 1036
394A Sali  196702182 1250 1372 1494 1524 1433 1280 1097  914  823  792  884 1097
394A Sali  196702191 1280 1524 1646 1737 1737 1615 1402 1189 1006  914  884  914
394A Sali  196702192 1067 1219 1372 1433 1463 1372 1219 1036  945  823  853  945
394A Sali  196702201 1158 1402 1615 1737 1829 1768 1646 1463 1250 1097 1006  975
394A Sali  196702202 1036 1189 1280 1433 1494 1433 1372 1219 1067  945  884  884
394A Sali  196702211 1006 1219 1433 1615 1768 1829 1768 1676 1433 1250 1067  975
394A Sali  196702212  975 1006 1128 1280 1402 1463 1463 1372 1219 1036  914  823
394A Sali  196702221  914  975 1158 1372 1554 1737 1798 1737 1615 1433 1250 1067
394A Sali  196702222  914  884  975 1128 1280 1402 1463 1433 1341 1158 1006  823
394A Sali  196702231  792  762  884 1097 1372 1554 1707 1768 1707 1524 1311 1067
394A Sali  196702232  853  732  732  762  945 1158 1341 1402 1402 1219 1067  853
394A Sali  196702241  640  579  610  732  975 1280 1524 1676 1737 1615 1463 1250
394A Sali  196702242  975  762  610  610  762  975 1250 1402 1524 1524 1372 1128
394A Sali  196702251  884  671  579  549  701  914 1219 1494 1676 1707 1615 1372
394A Sali  196702252 1097  792  579  427  457  640  884 1219 1463 1615 1554 1372
394A Sali  196702261 1128  823  579  396  396  549  823 1158 1463 1615 1676 1554
394A Sali  196702262 1311  975  701  457  335  427  701 1006 1341 1585 1798 1737
394A Sali  196702271 1524 1250  884  610  457  457  640  945 1250 1524 1768 1737
394A Sali  196702272 1585 1311  945  671  396  396  549  853 1250 1615 1859 1981
394A Sali  196702281 1890 1676 1341  975  671  518  549  701 1036 1311 1615 1768
394A Sali  196702282 1768 1554 1280  884  610  427  396  579  884 1250 1676 1890
394A Sali  196703011 2012 1890 1615 1250  884  579  427  457  701  975 1311 1554
394A Sali  196703012 1676 1629 1430 1125  783  498  358  396  549  914 1311 1615
394A Sali  196703021 1890 1951 1859 1554 1189  823  610  488  518  701  975 1311
394A Sali  196703022 1524 1646 1585 1402 1097  762  518  427  518  732 1067 1433
394A Sali  196703031 1737 1920 1951 1798 1524 1219  853  640  579  649  853 1097
394A Sali  196703032 1341 1554 1615 1554 1372 1067  823  640  549  640  884 1189
394A Sali  196703041 1524 1768 1951 1951 1768 1554 1250  945  762  701  792  975
394A Sali  196703042 1189 1402 1585 1615 1524 1341 1097  884  732  701  762 1006
394A Sali  196703051 1341 1585 1829 1920 1890 1737 1494 1250 1006  884  823  884
394A Sali  196703052 1036 1250 1433 1554 1615 1494 1311 1067  975  823  792  884
394A Sali  196703061 1128 1341 1646 1798 1951 1920 1737 1585 1280 1097  945  975
394A Sali  196703062 1036 1219 1372 1494 1554 1615 1554 1402 1219 1036  945  914
394A Sali  196703071  945 1128 1311 1524 1707 1829 1768 1646 1433 1250 1067  884
394A Sali  196703072  853  884 1036 1158 1311 1433 1433 1372 1250 1067  914  823
394A Sali  196703081  762  884 1036 1189 1402 1615 1676 1676 1585 1372 1189 1036
394A Sali  196703082  884  884  884 1036 1189 1341 1463 1494 1433 1311 1158 1006
394A Sali  196703091  914  823  884 1006 1219 1402 1554 1585 1585 1463 1311 1067
394A Sali  196703092  914  823  762  823  975 1128 1311 1402 1494 1433 1341 1158
394A Sali  196703101  975  853  823  884 1036 1219 1402 1554 1646 1585 1494 1311
394A Sali  196703102 1097  905  783  757  833  992 1193 1388 1524 1524 1463 1341
394A Sali  196703111 1158  945  884  792  853 1006 1219 1402 1554 1615 1554 1433
394A Sali  196703112 1250 1036  823  762  792  884 1097 1280 1463 1585 1615 1494
394A Sali  196703121 1280 1097  914  792  792  975 1128 1331 1524 1676 1676 1615
394A Sali  196703122 1372 1158  975  823  762  884 1036 1280 1524 1707 1737 1707
394A Sali  196703131 1554 1341 1097  884  823  884 1006 1189 1433 1554 1676 1676
394A Sali  196703132 1554 1372 1128  914  792  792  914 1158 1433 1615 1768 1829
394A Sali  196703141 1737 1524 1311 1067  884  823  884  975 1219 1433 1646 1707
394A Sali  196703142 1646 1494 1189 1006  853  792  823 1006 1280 1494 1737 1890
394A Sali  196703151 1890 1768 1524 1280 1006  823  823  884 1067 1311 1494 1646
394A Sali  196703152 1676 1585 1372 1189  884  792  823  914 1158 1402 1676 1829
394A Sali  196703161 1859 1798 1585 1311 1036  823  732  792  914 1128 1311 1494
394A Sali  196703162 1554 1494 1372 1158  914  732  671  701  884 1097 1372 1615
394A Sali  196703171 1737 1768 1646 1402 1128  884  732  663  701  914 1128 1341
394A Sali  196703172 1463 1554 1463 1280 1006  823  701  671  792  975 1219 1524
394A Sali  196703181 1676 1798 1737 1554 1341 1128  884  792  732  792 1036 1250
394A Sali  196703182 1402 1463 1433 1311 1189 1006  823  701  701  823 1036 1311
394A Sali  196703191 1554 1676 1768 1676 1494 1280 1036  823  732  732  823 1006
394A Sali  196703192 1189 1341 1402 1372 1250 1097  914  762  671  762  914 1128
394A Sali  196703201 1372 1585 1707 1768 1646 1433 1219 1036  853  762  823  945
394A Sali  196703202 1097 1250 1372 1433 1341 1219 1097  884  792  762  823 1006
394A Sali  196703211 1219 1463 1646 1768 1768 1646 1463 1219 1067  853  823  895
394A Sali  196703212 1036 1158 1280 1402 1433 1372 1250 1067  884  792  823  884
394A Sali  196703221 1067 1250 1494 1615 1707 1676 1585 1402 1189  975  853  792
394A Sali  196703222  853  975 1128 1250 1402 1433 1341 1158 1006  853  792  732
394A Sali  196703231  823  975 1219 1433 1585 1707 1676 1554 1372 1189  945  853
394A Sali  196703232  792  853 1006 1189 1341 1463 1463 1463 1280 1128  945  823
394A Sali  196703241  792  823 1006 1189 1402 1585 1707 1707 1585 1372 1128  884
394A Sali  196703242  792  762  792 1006 1189 1433 1524 1615 1554 1402 1189  945
394A Sali  196703251  792  732  823  975 1189 1433 1615 1737 1737 1615 1372 1128
394A Sali  196703252  884  762  701  823 1036 1311 1554 1737 1829 1737 1554 1311
394A Sali  196703261 1036  792  701  762  914 1158 1463 1676 1798 1737 1646 1341
394A Sali  196703262 1097  823  671  640  792 1097 1372 1676 1890 1951 1859 1676
394A Sali  196703271 1341 1036  823  671  671  884 1128 1440 1707 1768 1798 1632
394A Sali  196703272 1372 1006  701  579  610  762 1067 1433 1798 2012 2073 1951
394A Sali  196703281 1676 1341  975  701  549  579  762 1097 1372 1615 1737 1707
394A Sali  196703282 1554 1189  853  610  457  488  732 1067 1463 1829 2073 2103
394A Sali  196703291 1981 1676 1280  914  610  457  610  792 1128 1372 1646 1768
394A Sali  196703292 1737 1524 1219  853  610  518  549  823 1189 1615 1920 2103
394A Sali  196703301 2134 1981 1585 1189  853  579  518  610  853 1158 1463 1737
394A Sali  196703302 1768 1676 1433 1128  823  640  518  671  914 1219 1646 1920
394A Sali  196703311 2103 2103 1890 1585 1189  853  671  579  701  914 1158 1494
394A Sali  196703312 1676 1737 1615 1372 1097  792  579  549  701  975 1280 1646
394A Sali  196704011 1920 2012 2012 1798 1463 1158  853  671  640  792 1036 1280
394A Sali  196704012 1494 1676 1676 1524 1311 1036  792  640  610  762 1006 1311
394A Sali  196704021 1646 1859 1890 1829 1615 1341 1036  792  671  640  762  975
394A Sali  196704022 1250 1433 1524 1494 1433 1189  945  762  701  701  792 1067
394A Sali  196704031 1311 1585 1737 1768 1707 1494 1311 1036  853  762  762  884
394A Sali  196704032 1067 1280 1433 1524 1494 1372 1219 1036  884  792  823  945
394A Sali  196704041 1158 1402 1585 1707 1707 1585 1402 1189 1006  853  823  853
394A Sali  196704042  914 1128 1280 1402 1463 1463 1341 1219 1067  884  853  853
394A Sali  196704051  945 1067 1280 1463 1524 1615 1524 1372 1189 1067  945  853
394A Sali  196704052  853  945 1067 1250 1433 1463 1463 1341 1219 1036  975  914
394A Sali  196704061  945 1036 1219 1372 1494 1615 1585 1524 1341 1189 1067  945
394A Sali  196704062  914  884 1036 1189 1311 1433 1524 1554 1433 1341 1189 1036
394A Sali  196704071  975  975 1097 1219 1372 1524 1615 1585 1554 1402 1250 1067
394A Sali  196704072  945  945  975 1067 1219 1402 1554 1646 1615 1524 1402 1219
394A Sali  196704081 1097 1006  975 1036 1189 1341 1494 1585 1585 1524 1372 1219
394A Sali  196704082 1067  914  853  975 1097 1280 1463 1646 1676 1646 1524 1341
394A Sali  196704091 1158  975  914  945 1006 1158 1341 1524 1554 1554 1463 1280
394A Sali  196704092 1128  945  853  884 1006 1158 1372 1554 1676 1707 1615 1494
394A Sali  196704101 1311 1036  914  853  853 1006 1158 1372 1524 1554 1524 1402
394A Sali  196704102 1219 1006  914  853  884 1036 1219 1433 1676 1768 1798 1707
394A Sali  196704111 1524 1280 1067  914  823  853  945 1158 1341 1494 1554 1524
394A Sali  196704112 1402 1250 1036  884  732  853 1036 1280 1554 1676 1798 1798
394A Sali  196704121 1676 1445 1189  945  823  762  823 1006 1158 1402 1524 1554
394A Sali  196704122 1524 1372 1128  914  823  823  914 1128 1402 1615 1829 1890
394A Sali  196704131 1798 1615 1341 1097  884  792  762  853 1097 1280 1494 1554
394A Sali  196704132 1494 1402 1158  914  792  762  823  975 1250 1463 1707 1829
394A Sali  196704141 1798 1707 1463 1158  914  762  671  701  914 1097 1280 1463
394A Sali  196704142 1524 1494 1280 1036  853  762  762  884 1067 1311 1585 1768
394A Sali  196704151 1859 1829 1615 1372 1097  853  701  701  762  975 1189 1311
394A Sali  196704152 1494 1494 1402 1189  975  823  732  732  884 1128 1402 1646
394A Sali  196704161 1768 1859 1768 1524 1280 1036  823  732  732  884 1067 1250
394A Sali  196704162 1433 1494 1463 1311 1128  945  823  732  792  975 1219 1463
394A Sali  196704171 1707 1768 1798 1707 1494 1250  975  792  762  792  945 1128
394A Sali  196704172 1311 1433 1524 1463 1280 1097  945  762  732  853 1036 1250
394A Sali  196704181 1524 1676 1768 1737 1615 1402 1128  914  792  762  792 1006
394A Sali  196704182 1158 1311 1463 1494 1433 1250 1097  884  823  792  914 1097
394A Sali  196704191 1341 1524 1676 1737 1707 1554 1372 1128  914  823  823  884
394A Sali  196704192 1036 1219 1372 1494 1494 1402 1280 1128 1006  853  853  975
394A Sali  196704201 1128 1341 1554 1676 1737 1707 1524 1311 1128  914  823  853
394A Sali  196704202  945 1097 1280 1494 1585 1554 1494 1341 1128  975  884  853
394A Sali  196704211  945 1128 1341 1494 1707 1707 1646 1494 1250 1067  884  762
394A Sali  196704212  792  914 1097 1341 1524 1615 1646 1554 1372 1189 1006  853
394A Sali  196704221  823  884 1067 1250 1433 1585 1646 1615 1402 1189 1006  823
394A Sali  196704222  732  732  914 1158 1402 1615 1768 1798 1646 1463 1219  975
394A Sali  196704231  823  762  823  975 1219 1402 1554 1646 1585 1402 1189  945
394A Sali  196704232  732  671  732  884 1158 1433 1707 1890 1920 1707 1463 1219
394A Sali  196704241  945  762  671  762  945 1128 1402 1585 1646 1585 1372 1189
394A Sali  196704242  914  701  610  671  884 1189 1554 1890 1981 1981 1829 1585
394A Sali  196704251 1250  975  701  549  671  884 1158 1433 1615 1615 1554 1341
394A Sali  196704252 1097  853  610  549  640  914 1280 1615 1920 2134 2073 1920
394A Sali  196704261 1554 1280  914  671  610  640  884 1128 1402 1585 1676 1615
394A Sali  196704262 1311 1067  792  549  518  671  884 1280 1646 1981 2103 2073
394A Sali  196704271 1890 1341  975  671  518  549  671  945 1250 1494 1676 1646
394A Sali  196704272 1463 1219  884  640  488  549  701 1036 1372 1737 2012 2103
394A Sali  196704281 2012 1676 1280  884  640  488  518  701  975 1250 1494 1615
394A Sali  196704282 1615 1402 1128  884  671  488  549  792 1128 1524 1768 1981
394A Sali  196704291 2012 1829 1554 1219  853  640  549  579  762 1036 1280 1524
394A Sali  196704292 1646 1585 1372 1128  914  610  579  640  884 1219 1554 1859
394A Sali  196704301 1981 1925 1707 1433 1097  853  640  579  701  914 1158 1402
394A Sali  196704302 1585 1646 1554 1372 1097  914  732  671  732  853 1189 1463
394A Sali  196705011 1707 1859 1920 1768 1554 1280  975  792  701  732  884 1097
394A Sali  196705012 1311 1494 1585 1585 1433 1189 1006  823  792  823  945 1128
394A Sali  196705021 1402 1646 1768 1768 1646 1433 1189  975  823  762  792  945
394A Sali  196705022 1128 1341 1524 1615 1554 1402 1219 1036  884  823  914 1067
394A Sali  196705031 1219 1402 1554 1676 1676 1524 1372 1189 1006  884  884  975
394A Sali  196705032 1128 1250 1402 1524 1615 1524 1402 1250 1097  945  884  975
394A Sali  196705041 1097 1219 1433 1554 1615 1554 1433 1250 1097  975  884  884
394A Sali  196705042  975 1158 1311 1433 1554 1615 1554 1433 1219 1128 1006  975
394A Sali  196705051 1036 1128 1280 1433 1524 1585 1554 1433 1280 1097 1036  914
394A Sali  196705052  914 1036 1189 1341 1524 1615 1646 1646 1554 1341 1189 1128
394A Sali  196705061 1036 1006 1067 1219 1311 1463 1585 1524 1463 1341 1189 1036
394A Sali  196705062  975  914 1036 1128 1362 1585 1676 1707 1646 1463 1280 1158
394A Sali  196705071 1036  914 1036 1158 1311 1433 1554 1554 1524 1402 1250 1128
394A Sali  196705072 1006  945 1006 1128 1250 1494 1646 1798 1798 1707 1524 1372
394A Sali  196705081 1219  975  914  945 1006 1189 1372 1463 1494 1494 1402 1250
394A Sali  196705082 1067  945  884 1006 1097 1341 1554 1737 1859 1798 1676 1524
394A Sali  196705091 1280 1128  914  884  975 1097 1250 1402 1524 1554 1463 1372
394A Sali  196705092 1189 1036  945  945 1006 1219 1463 1676 1829 1890 1890 1737
394A Sali  196705101 1554 1311 1067  894  823  914 1036 1280 1433 1585 1554 1494
394A Sali  196705102 1433 1189  975  914  914 1006 1189 1402 1646 1855 1951 1829
394A Sali  196705111 1676 1402 1067  884  853  884 1036 1189 1402 1524 1615 1554
394A Sali  196705112 1372 1250 1036  853  884  975 1158 1402 1676 1890 1981 1951
394A Sali  196705121 1737 1494 1219  975  823  823  853 1036 1250 1433 1554 1585
394A Sali  196705122 1463 1311 1128  914  823  884  975 1189 1494 1707 1920 1981
394A Sali  196705131 1890 1707 1433 1219  884  792  762  884  975 1189 1402 1494
394A Sali  196705132 1569 1554 1402 1280 1006  853  853  853 1097 1311 1632 1859
394A Sali  196705141 1920 1890 1737 1463 1189  914  823  732  884 1128 1372 1554
394A Sali  196705142 1585 1554 1433 1158  975  853  792  914 1189 1433 1707 1920
394A Sali  196705151 1920 1890 1707 1433 1128  914  853  823  914 1128 1280 1524
394A Sali  196705152 1615 1646 1463 1280 1128  945  823  884  975 1189 1494 1737
394A Sali  196705161 1890 1920 1798 1615 1341 1089  884  762  823  914 1128 1311
394A Sali  196705162 1494 1524 1494 1402 1219 1036  853  762  792  914 1158 1402
394A Sali  196705171 1585 1737 1737 1646 1494 1219 1036  823  701  701  945 1128
394A Sali  196705172 1280 1524 1554 1585 1433 1219 1036  884  853  884 1067 1219
394A Sali  196705181 1524 1676 1798 1768 1646 1433 1219 1036  823  732  823  975
394A Sali  196705182 1250 1463 1585 1707 1646 1494 1311 1097  945  884  853  975
394A Sali  196705191 1189 1433 1585 1737 1707 1615 1402 1158  945  823  792  853
394A Sali  196705192 1067 1311 1554 1707 1798 1768 1646 1433 1219 1006  914  975
394A Sali  196705201 1097 1280 1524 1676 1768 1768 1606 1372 1189 1006  853  823
394A Sali  196705202  975 1158 1433 1676 1859 1890 1890 1737 1494 1280 1097  975
394A Sali  196705211  968 1064 1233 1428 1595 1691 1686 1572 1385 1172  980  859
394A Sali  196705212  853 1006 1250 1524 1737 1981 2073 2012 1829 1615 1311 1067
394A Sali  196705221  914  914 1006 1158 1433 1585 1676 1615 1524 1311 1097  914
394A Sali  196705222  792  823 1036 1250 1554 1829 2042 2073 1981 1768 1463 1189
394A Sali  196705231  945  732  762  853 1036 1250 1463 1615 1646 1494 1250 1036
394A Sali  196705232  792  671  671  823 1128 1463 1737 1981 2042 1981 1737 1524
394A Sali  196705241 1158  884  701  671  792 1036 1280 1463 1646 1615 1494 1268
394A Sali  196705242 1006  792  671  732  823 1128 1524 1829 2073 2164 2042 1737
394A Sali  196705251 1524 1128  823  671  671  823 1097 1341 1585 1707 1676 1463
394A Sali  196705252 1219  945  671  640  640  838 1158 1554 1920 2103 2134 2073
394A Sali  196705261 1798 1372 1067  792  671  640  884 1128 1433 1615 1737 1676
394A Sali  196705262 1524 1219 1006  762  671  762  975 1280 1646 1951 2134 2134
394A Sali  196705271 2012 1737 1433 1072  792  640  701  914 1189 1494 1676 1737
394A Sali  196705272 1707 1524 1250 1006  792  762  884 1128 1372 1707 1951 2134
394A Sali  196705281 2103 2012 1707 1341 1006  792  701  823 1036 1250 1554 1676
394A Sali  196705282 1768 1707 1554 1311 1067  853  823  945 1158 1402 1707 1951
394A Sali  196705291 2073 1981 1859 1615 1250  975  823  762  945 1097 1341 1554
394A Sali  196705292 1768 1829 1737 1554 1341 1128 1006  914 1036 1250 1463 1676
394A Sali  196705301 1920 1951 1890 1768 1463 1189 1036  884  853  945 1128 1372
394A Sali  196705302 1585 1768 1768 1707 1554 1341 1158 1036 1006 1097 1280 1494
394A Sali  196705311 1707 1859 1920 1798 1646 1372 1128 1006  884  945 1036 1250
394A Sali  196705312 1463 1646 1768 1798 1737 1554 1372 1219 1097 1067 1189 1372
394A Sali  196706011 1494 1676 1798 1768 1676 1494 1311 1097 1006  914 1006 1128
394A Sali  196706012 1341 1554 1737 1798 1768 1676 1524 1311 1189 1097 1128 1219
394A Sali  196706021 1341 1524 1615 1737 1676 1600 1457 1283 1118 1003  968 1023
394A Sali  196706022 1158 1341 1554 1768 1865 1873 1791 1645 1474 1324 1231 1218
394A Sali  196706031 1280 1433 1585 1646 1737 1707 1585 1433 1280 1128 1067 1055
394A Sali  196706032 1128 1311 1585 1768 1829 1920 1829 1768 1554 1433 1341 1158
394A Sali  196706041 1158 1189 1311 1402 1554 1585 1585 1554 1463 1250 1189 1097
394A Sali  196706042 1067 1158 1324 1524 1707 1859 1951 1890 1768 1585 1372 1219
394A Sali  196706051 1128 1097 1158 1280 1433 1494 1615 1585 1494 1311 1189 1036
394A Sali  196706052 1036 1067 1219 1402 1615 1859 1951 1981 1890 1768 1585 1402
394A Sali  196706061 1189 1097 1097 1158 1311 1463 1553 1585 1615 1554 1372 1189
394A Sali  196706062 1097 1036 1067 1280 1433 1615 1798 1981 1981 1890 1737 1524
394A Sali  196706071 1280 1128 1067 1067 1158 1311 1433 1615 1615 1615 1524 1372
394A Sali  196706072 1158 1067 1128 1158 1311 1554 1798 1951 2042 2073 1951 1737
394A Sali  196706081 1433 1250 1097 1036 1006 1097 1341 1433 1615 1615 1554 1402
394A Sali  196706082 1219 1036 1006  975 1128 1311 1585 1798 1951 2042 1981 1829
394A Sali  196706091 1585 1341 1097  975  945 1036 1189 1372 1524 1615 1615 1524
394A Sali  196706092 1372 1189 1006  945  975 1128 1372 1615 1859 2012 2042 1951
394A Sali  196706101 1768 1494 1250 1006  914  914 1036 1219 1433 1585 1646 1615
394A Sali  196706102 1494 1311 1097  975  914  975 1158 1433 1707 1920 2073 2073
394A Sali  196706111 1920 1707 1402 1128  945  853  914 1067 1280 1494 1646 1676
394A Sali  196706112 1615 1463 1250 1067  914  914 1006 1219 1494 1768 1981 2073
394A Sali  196706121 2042 1859 1615 1311 1067  884  853  945 1128 1341 1554 1707
394A Sali  196706122 1737 1646 1463 1219 1036  914  914 1036 1280 1554 1829 2012
394A Sali  196706131 2073 1981 1786 1524 1219  975  853  853  975 1189 1433 1646
394A Sali  196706132 1768 1768 1646 1463 1219 1036  945  945 1097 1341 1585 1859
394A Sali  196706141 2012 2042 1920 1676 1402 1128  914  823  884 1036 1280 1554
394A Sali  196706142 1768 1859 1829 1676 1463 1250 1067  975 1006 1158 1372 1646
394A Sali  196706151 1859 1981 1951 1829 1585 1311 1067  884  823  914 1128 1402
394A Sali  196706152 1646 1859 1920 1890 1737 1494 1250 1067 1006 1036 1189 1402
394A Sali  196706161 1615 1829 1890 1859 1707 1494 1219 1006  853  853  975 1189
394A Sali  196706162 1463 1726 1920 2012 1920 1737 1524 1280 1097 1006 1036 1158
394A Sali  196706171 1372 1585 1737 1829 1768 1615 1402 1158  945  853  853 1006
394A Sali  196706172 1250 1554 1798 1981 2042 1951 1768 1524 1280 1097  975 1006
394A Sali  196706181 1128 1311 1524 1676 1737 1707 1554 1341 1097  914  823  853
394A Sali  196706182 1036 1280 1585 1859 2042 2073 1981 1798 1524 1280 1067  945
394A Sali  196706191  975 1097 1280 1463 1646 1707 1646 1524 1311 1067  884  823
394A Sali  196706192  853 1036 1311 1615 1890 2073 2134 2012 1798 1554 1250 1036
394A Sali  196706201  914  945 1036 1250 1463 1615 1646 1713 1676 1524 1311 1097
394A Sali  196706202  884  792  853 1036 1341 1676 2019 2225 2164 1920 1646 1372
394A Sali  196706211 1097  884  914 1067 1250 1433 1676 1707 1676 1585 1311 1128
394A Sali  196706212  945  792  884 1097 1372 1646 1951 2164 2195 2134 1920 1554
394A Sali  196706221 1311 1067  853  884  975 1219 1494 1646 1737 1707 1524 1311
394A Sali  196706222 1067  884  792  853 1036 1402 1737 1981 2103 2164 2042 1737
394A Sali  196706231 1402 1158  884  762  884 1067 1189 1463 1615 1676 1676 1463
394A Sali  196706232 1250 1036  823  792  884 1128 1250 1615 1951 2073 2103 1981
394A Sali  196706241 1707 1341 1075  884  792  853 1067 1250 1524 1646 1737 1676
394A Sali  196706242 1554 1219 1006  841  792  884 1097 1372 1646 1890 2073 2073
394A Sali  196706251 1890 1615 1280 1006  792  732  792 1036 1267 1494 1676 1829
394A Sali  196706252 1615 1524 1250  884  762  792  898 1128 1402 1676 1981 2073
394A Sali  196706261 1981 1829 1554 1128  884  762  823  792 1097 1311 1585 1798
394A Sali  196706262 1768 1676 1494 1280 1044  884  884  975 1189 1494 1737 1951
394A Sali  196706271 2012 1951 1768 1372 1128  975  792  792  945 1158 1463 1646
394A Sali  196706272 1829 1798 1692 1494 1280 1097  975 1006 1128 1341 1524 1829
394A Sali  196706281 1981 1981 1890 1707 1402 1158  975  945 1006 1097 1402 1585
394A Sali  196706282 1798 1829 1859 1646 1463 1341 1158 1006 1097 1250 1433 1676
394A Sali  196706291 1866 1977 1977 1866 1669 1434 1216 1070 1030 1097 1258 1481
394A Sali  196706292 1707 1859 1951 1890 1768 1585 1402 1219 1157 1189 1311 1494
394A Sali  196706301 1676 1859 1859 1829 1676 1524 1250 1097 1036 1036 1158 1311
394A Sali  196706302 1554 1676 1890 2012 1951 1829 1615 1426 1280 1219 1158 1311
394A Sali  196707011 1494 1646 1737 1829 1737 1646 1433 1280 1128 1067 1097 1158
394A Sali  196707012 1402 1646 1829 1951 1981 1920 1768 1585 1402 1280 1239 1280
394A Sali  196707021 1341 1494 1676 1707 1829 1737 1554 1372 1250 1067 1036 1097
394A Sali  196707022 1189 1460 1737 1859 1981 1951 1920 1737 1585 1433 1250 1158
394A Sali  196707031 1219 1311 1433 1553 1629 1638 1576 1461 1324 1201 1128 1134
394A Sali  196707032 1219 1433 1524 1707 1981 1981 1798 1829 1676 1433 1372 1250
394A Sali  196707041 1128 1158 1280 1402 1585 1585 1646 1494 1402 1250 1128 1067
394A Sali  196707042 1006 1158 1402 1585 1768 1920 2042 1981 1829 1646 1463 1311
394A Sali  196707051 1128 1158 1189 1250 1433 1554 1585 1585 1494 1311 1219 1128
394A Sali  196707052 1006 1097 1158 1372 1615 1707 1920 2042 1859 1768 1554 1341
394A Sali  196707061 1128 1036 1006 1097 1280 1341 1554 1524 1585 1433 1311 1158
394A Sali  196707062 1036  945 1097 1219 1402 1737 1890 2012 2042 1951 1829 1554
394A Sali  196707071 1372 1210 1128 1097 1097 1250 1402 1615 1585 1646 1433 1372
394A Sali  196707072 1158 1006  945 1036 1280 1463 1737 1951 2103 2073 1951 1798
394A Sali  196707081 1494 1280 1067  945  975 1121 1311 1433 1612 1707 1585 1402
394A Sali  196707082 1189 1036  945  914 1128 1372 1554 1768 2042 2103 2134 1981
394A Sali  196707091 1768 1402 1128 1036  945 1097 1250 1433 1615 1798 1829 1676
394A Sali  196707092 1494 1280 1067  914  945 1097 1372 1646 1890 2073 2134 2073
394A Sali  196707101 1890 1615 1341 1036  884  884  975 1189 1463 1646 1768 1798
394A Sali  196707102 1676 1463 1189 1006  945  914 1128 1280 1585 1859 2042 2073
394A Sali  196707111 1974 1768 1494 1158  884  914  975 1108 1311 1554 1829 1920
394A Sali  196707112 1829 1676 1524 1250 1036  945  975 1128 1402 1646 1951 2042
394A Sali  196707121 2103 2012 1707 1372 1128  853  792  945 1128 1433 1676 1829
394A Sali  196707122 1920 1890 1737 1463 1250 1067  884 1006 1158 1402 1737 1951
394A Sali  196707131 2042 2042 1859 1554 1311  975  853  853 1036 1250 1494 1798
394A Sali  196707132 1920 2073 1951 1829 1524 1250 1097  975 1036 1311 1524 1737
394A Sali  196707141 1981 2073 1981 1829 1494 1189  975  853  975 1006 1341 1615
394A Sali  196707142 1920 2103 2103 2042 1798 1494 1189 1010  945 1067 1250 1494
394A Sali  196707151 1768 1920 1920 1829 1585 1341 1128  914  792  853 1128 1341
394A Sali  196707152 1737 1951 2164 2134 2012 1707 1494 1280 1067 1006 1128 1280
394A Sali  196707161 1463 1615 1829 1920 1798 1585 1402 1097 1036  823  914 1128
394A Sali  196707162 1494 1829 2042 2195 2164 2012 1859 1608 1372 1128 1097 1097
394A Sali  196707171 1250 1463 1676 1829 1859 1676 1554 1311 1097  853  945  914
394A Sali  196707172 1158 1433 1829 2012 2137 2134 2073 1859 1494 1311 1067 1067
394A Sali  196707181 1097 1280 1433 1646 1676 1707 1737 1524 1280 1097  914  884
394A Sali  196707182 1006 1232 1524 1798 2012 2134 2134 2042 1829 1554 1341 1097
394A Sali  196707191 1036 1067 1189 1402 1585 1707 1676 1585 1463 1250 1067  914
394A Sali  196707192  914 1036 1158 1433 1707 1951 2134 2103 1951 1768 1554 1311
394A Sali  196707201 1128 1006 1067 1219 1372 1585 1646 1676 1615 1463 1219 1097
394A Sali  196707202  975  945 1036 1311 1554 1859 2084 2203 2186 2039 1806 1537
394A Sali  196707211 1283 1098 1021 1061 1198 1388 1576 1707 1737 1615 1554 1219
394A Sali  196707212 1128  945  914 1006 1250 1554 1890 2012 2103 2042 1981 1707
394A Sali  196707221 1454 1219  975  945  975 1219 1341 1463 1615 1737 1615 1494
394A Sali  196707222 1280 1067  884  884 1006 1189 1402 1646 1981 2073 2073 1829
394A Sali  196707231 1646 1341 1097 1006  958 1039 1221 1453 1671 1816 1843 1752
394A Sali  196707232 1571 1346 1131  988  959 1063 1278 1552 1822 2025 2107 2044
394A Sali  196707241 1859 1613 1341 1097  914  880  975 1219 1494 1707 1859 1890
394A Sali  196707242 1737 1585 1372 1158 1006 1006 1128 1311 1615 1829 2042 2134
394A Sali  196707251 2012 1798 1585 1250 1006  914  914 1067 1311 1615 1829 1890
394A Sali  196707252 1890 1798 1524 1341 1128  975 1036 1128 1341 1676 1890 2042
394A Sali  196707261 2012 1951 1768 1433 1158 1006 1006  975 1189 1463 1707 1890
394A Sali  196707262 1981 1920 1798 1494 1280 1128 1036 1067 1250 1494 1707 1920
394A Sali  196707271 1981 1890 1731 1494 1280 1067  975  975 1067 1311 1585 1768
394A Sali  196707272 1920 1920 1890 1707 1524 1372 1097 1036 1097 1250 1463 1646
394A Sali  196707281 1859 1890 1829 1707 1463 1219 1036  945  975 1189 1389 1615
394A Sali  196707282 1829 1951 1920 1829 1615 1433 1250 1142 1128 1158 1311 1494
394A Sali  196707291 1676 1768 1859 1707 1524 1311 1067  945  928 1006 1158 1402
394A Sali  196707292 1676 1890 1859 1859 1737 1615 1402 1250 1097 1036 1189 1402
394A Sali  196707301 1494 1676 1707 1768 1615 1463 1250 1128 1006 1036 1189 1280
394A Sali  196707302 1524 1768 1890 1920 1859 1859 1646 1341 1280 1097 1158 1311
394A Sali  196707311 1402 1585 1676 1737 1676 1554 1433 1189 1128 1036 1097 1219
394A Sali  196707312 1433 1676 1859 1951 1981 1829 1707 1524 1372 1158 1158 1189
394A Sali  196708011 1280 1372 1554 1585 1676 1585 1463 1341 1219 1067 1036 1097
394A Sali  196708012 1311 1463 1676 1920 1951 2012 1859 1707 1463 1311 1250 1097
394A Sali  196708021 1189 1280 1433 1585 1615 1676 1585 1524 1372 1158 1067 1097
394A Sali  196708022 1219 1372 1554 1707 1829 1951 1981 1859 1676 1524 1341 1250
394A Sali  196708031 1128 1128 1311 1433 1554 1646 1615 1494 1341 1311 1128 1067
394A Sali  196708032 1036 1128 1311 1554 1737 1920 1951 1920 1829 1646 1433 1250
394A Sali  196708041 1067  975 1067 1189 1311 1433 1494 1524 1463 1341 1158 1006
394A Sali  196708042  914  945 1006 1250 1463 1676 1859 1920 1951 1768 1585 1372
394A Sali  196708051 1189 1006  945 1036 1189 1341 1494 1585 1554 1494 1402 1128
394A Sali  196708052  945  823  914 1036 1250 1433 1707 1859 1920 1920 1768 1554
394A Sali  196708061 1311 1067  914  914 1006 1158 1311 1615 1707 1707 1524 1402
394A Sali  196708062 1189  884  884  884 1006 1250 1554 1829 2012 2042 2012 1707
394A Sali  196708071 1524 1250  975  914  853 1036 1250 1433 1707 1768 1726 1585
394A Sali  196708072 1402 1097 1006  853  884 1036 1341 1646 1920 2073 2134 2012
394A Sali  196708081 1798 1463 1097  914  853  914 1128 1402 1585 1859 1920 1951
394A Sali  196708082 1737 1433 1158 1006  853  914 1097 1402 1768 1951 2103 2103
394A Sali  196708091 1951 1585 1311  975  762  823  914 1158 1433 1737 2012 2073
394A Sali  196708092 1920 1768 1433 1097  945  853  975 1128 1402 1768 1981 2134
394A Sali  196708101 2042 1768 1524 1250  914  792  823  998 1280 1554 1849 2042
394A Sali  196708102 2134 1981 1737 1433 1128  975  792  884 1158 1524 1707 1951
394A Sali  196708111 2073 1890 1798 1433 1097  884  732  762 1006 1341 1707 1981
394A Sali  196708112 2181 2225 2073 1737 1433 1141  945  914  993 1189 1463 1768
394A Sali  196708121 1981 1951 1859 1615 1311 1006  792  701  884 1097 1402 1798
394A Sali  196708122 2012 2134 2195 1945 1585 1311 1036  853  853  975 1189 1402
394A Sali  196708131 1676 1829 1829 1676 1433 1219  945  792  701  853 1097 1372
394A Sali  196708132 1737 1951 2134 2073 1920 1646 1341 1128  884  884  975 1189
394A Sali  196708141 1402 1615 1707 1707 1646 1463 1189  975  762  732  853 1036
394A Sali  196708142 1311 1646 1951 2012 2012 1829 1524 1280 1097  945  914 1006
394A Sali  196708151 1158 1311 1494 1676 1646 1524 1372 1128  914  792  792  914
394A Sali  196708152 1128 1433 1707 1951 2012 1951 1829 1524 1280 1128 1006  945
394A Sali  196708161 1036 1219 1402 1585 1646 1676 1494 1311 1097  919  818  828
394A Sali  196708162  953 1171 1430 1674 1854 1934 1890 1737 1554 1311 1111  987
394A Sali  196708171  962 1036 1158 1341 1463 1585 1585 1463 1311 1067  914  853
394A Sali  196708172  792  914 1128 1402 1646 1798 1859 1798 1707 1494 1219 1006
394A Sali  196708181  914  945  884 1158 1219 1402 1494 1494 1402 1219 1006  884
394A Sali  196708182  732  792  914 1119 1372 1615 1737 1843 1829 1676 1433 1189
394A Sali  196708191 1006  884  884  884 1036 1250 1463 1585 1554 1433 1280 1128
394A Sali  196708192  945  884  914 1036 1036 1463 1554 1798 1951 1859 1768 1524
394A Sali  196708201 1219 1067  975  945 1067 1219 1433 1615 1707 1707 1615 1494
394A Sali  196708202 1250 1097  975  975 1097 1311 1524 1737 1981 2012 1920 1768
394A Sali  196708211 1554 1219 1036  914  945 1128 1372 1585 1676 1829 1798 1707
394A Sali  196708212 1463 1219 1128 1006  975 1097 1250 1585 1829 1951 1981 1890
394A Sali  196708221 1707 1463 1219  975  914  945 1128 1402 1646 1798 1859 1829
394A Sali  196708222 1707 1494 1250 1006  884  975 1067 1341 1646 1798 1951 1981
394A Sali  196708231 1768 1646 1280 1036  853  853  975 1158 1433 1646 1829 1951
394A Sali  196708232 1859 1646 1463 1158 1006  945  975 1158 1372 1676 1890 1920
394A Sali  196708241 1859 1707 1463 1250 1097  884  975 1128 1280 1554 1768 1920
394A Sali  196708242 1981 1798 1615 1311 1189 1006 1006 1067 1250 1524 1737 1890
394A Sali  196708251 1916 1823 1636 1398 1166 1015  982 1065 1243 1486 1736 1928
394A Sali  196708252 2012 1981 1829 1585 1311 1097 1036 1006 1158 1341 1554 1798
394A Sali  196708261 1829 1890 1768 1524 1219 1067  914 1036 1158 1311 1615 1859
394A Sali  196708262 1981 2012 1951 1768 1524 1311 1097 1047 1097 1219 1372 1646
394A Sali  196708271 1768 1798 1829 1646 1341 1189 1097 1006 1067 1250 1433 1737
394A Sali  196708272 1890 2134 2012 1981 1676 1463 1311 1194 1170 1237 1381 1567
394A Sali  196708281 1737 1798 1829 1737 1585 1392 1219 1097 1128 1189 1341 1615
394A Sali  196708282 1859 2042 2103 2012 1890 1676 1433 1311 1189 1158 1250 1402
394A Sali  196708291 1585 1798 1798 1768 1615 1454 1280 1189 1067 1097 1280 1463
394A Sali  196708292 1707 1798 1951 1981 1920 1707 1554 1311 1128 1036 1067 1219
394A Sali  196708301 1341 1524 1646 1646 1554 1433 1280 1097 1006  945 1036 1158
394A Sali  196708302 1372 1585 1768 1890 1890 1890 1676 1494 1280 1189 1067 1128
394A Sali  196708311 1219 1372 1463 1585 1585 1554 1463 1250 1097 1036  975 1036
394A Sali  196708312 1189 1433 1585 1707 1806 1829 1829 1615 1433 1219 1158 1006
394A Sali  196709011 1067 1158 1311 1463 1524 1554 1463 1311 1219 1036  914  975
394A Sali  196709012 1006 1219 1372 1615 1798 1859 1859 1768 1676 1433 1280 1128
394A Sali  196709021 1006 1067 1219 1341 1463 1524 1585 1524 1402 1250 1097  975
394A Sali  196709022  914  975 1128 1463 1646 1818 1920 1920 1859 1676 1402 1219
394A Sali  196709031 1006  975 1036 1189 1402 1494 1646 1737 1646 1463 1311 1097
394A Sali  196709032 1006  914 1036 1189 1463 1676 1951 2073 2073 1890 1707 1433
394A Sali  196709041 1250 1067  975 1036 1189 1433 1615 1798 1829 1707 1585 1341
394A Sali  196709042 1097 1067 1006 1006 1219 1433 1737 1920 2012 2012 1859 1646
394A Sali  196709051 1372 1097  914  884 1006 1219 1585 1798 1920 2012 1859 1707
394A Sali  196709052 1372 1158  975  884  963 1158 1372 1676 2042 2073 2073 1890
394A Sali  196709061 1615 1250  975  762  792 1006 1311 1646 1920 2042 2134 1981
394A Sali  196709062 1676 1372 1128  919  853  975 1189 1463 1859 2042 2134 2042
394A Sali  196709071 1829 1494 1158  914  823  884 1097 1463 1798 2012 2256 2286
394A Sali  196709072 2042 1768 1372 1158  945  914 1006 1189 1494 1829 1981 2073
394A Sali  196709081 1951 1676 1433 1097  823  701  792 1067 1494 1829 2042 2225
394A Sali  196709082 2195 2012 1737 1341  975  853  823  884 1158 1524 1829 1920
394A Sali  196709091 1951 1859 1585 1189  914  732  701  823 1158 1494 1829 2164
394A Sali  196709092 2225 2164 1920 1615 1250  975  792  792  914 1189 1524 1737
394A Sali  196709101 1890 1859 1737 1463 1158  884  732  732  884 1219 1524 1890
394A Sali  196709102 2134 2164 2134 1890 1524 1250  945  792  853  975 1250 1494
394A Sali  196709111 1737 1829 1859 1615 1372 1067  823  762  853  975 1341 1646
394A Sali  196709112 1951 2073 2164 2073 1859 1494 1250  945  884  914 1036 1311
394A Sali  196709121 1554 1737 1798 1798 1676 1372 1067  914  823  884 1067 1341
394A Sali  196709122 1615 1862 2012 2103 2012 1829 1524 1280 1097 1036 1006 1158
394A Sali  196709131 1402 1585 1676 1798 1707 1585 1341 1097  945  945  945 1097
394A Sali  196709132 1341 1585 1798 1951 1981 1920 1676 1463 1250 1128 1097 1067
394A Sali  196709141 1158 1341 1433 1585 1707 1646 1524 1280 1158  975  914 1006
394A Sali  196709142 1128 1280 1585 1768 1859 1920 1829 1646 1463 1280 1158 1036
394A Sali  196709151 1097 1189 1341 1524 1615 1707 1674 1558 1385 1198 1043  962
394A Sali  196709152  975 1067 1341 1554 1737 1829 1859 1798 1615 1433 1311 1097
394A Sali  196709161 1006 1036 1189 1341 1524 1646 1707 1676 1554 1433 1189 1128
394A Sali  196709162 1006 1006 1097 1280 1494 1646 1768 1829 1768 1554 1402 1219
394A Sali  196709171 1036  945 1006 1097 1280 1402 1615 1646 1646 1585 1372 1250
394A Sali  196709172 1036  914  914 1067 1311 1463 1676 1737 1829 1737 1524 1341
394A Sali  196709181 1128  945  914  914 1097 1311 1494 1676 1737 1707 1646 1463
394A Sali  196709182 1280 1067  975  975 1097 1311 1554 1737 1798 1829 1798 1585
394A Sali  196709191 1433 1128 1006  975 1006 1189 1402 1615 1859 1890 1859 1707
394A Sali  196709192 1554 1280 1128 1036 1067 1158 1402 1615 1798 1859 1890 1798
394A Sali  196709201 1585 1402 1097 1006 1006 1158 1341 1554 1798 1951 1981 1920
394A Sali  196709202 1707 1463 1250 1097 1036 1036 1219 1402 1676 1798 1890 1859
394A Sali  196709211 1737 1463 1250 1006  853  945 1097 1341 1646 1829 1859 1890
394A Sali  196709212 1829 1615 1341 1067  930  914  975 1158 1372 1615 1768 1768
394A Sali  196709221 1737 1554 1311 1097  914  914 1006 1189 1433 1737 1920 1951
394A Sali  196709222 1981 1737 1494 1250 1006  914  914 1006 1250 1463 1676 1768
394A Sali  196709231 1798 1676 1433 1219 1067  945  975 1097 1311 1615 1859 2012
394A Sali  196709232 1981 1890 1676 1402 1128  975  914  945 1097 1341 1554 1707
394A Sali  196709241 1768 1676 1554 1280 1097  975  945 1036 1189 1463 1676 1890
394A Sali  196709242 1981 1981 1798 1554 1341 1097  945  914 1006 1189 1402 1585
394A Sali  196709251 1737 1737 1615 1433 1250 1036  945  945 1067 1280 1494 1798
394A Sali  196709252 1920 1981 1859 1707 1463 1219 1036  945  945 1158 1311 1524
394A Sali  196709261 1646 1707 1676 1524 1341 1158 1036  975 1006 1158 1372 1646
394A Sali  196709262 1859 1951 1951 1859 1615 1372 1189 1036 1006 1036 1158 1341
394A Sali  196709271 1554 1646 1676 1585 1433 1280 1097 1006  975 1128 1250 1494
394A Sali  196709272 1646 1859 1951 1890 1798 1585 1341 1158 1036 1067 1097 1250
394A Sali  196709281 1433 1554 1615 1646 1554 1372 1219 1036  975  975 1067 1250
394A Sali  196709282 1433 1646 1798 1859 1829 1707 1463 1250 1128 1006 1006 1036
394A Sali  196709291 1189 1341 1433 1494 1463 1402 1189 1036  884  762  792  914
394A Sali  196709292 1097 1250 1494 1585 1646 1585 1463 1280 1067  914  823  792
394A Sali  196709301  914 1036 1158 1280 1372 1341 1280 1097  945  792  701  732
394A Sali  196709302  823 1036 1250 1402 1585 1676 1585 1463 1311 1067  945  853
394A Sali  196710011  792  884 1067 1250 1402 1463 1433 1341 1219 1036  853  762
394A Sali  196710012  762  853 1067 1280 1463 1615 1707 1707 1524 1280 1097  914
394A Sali  196710021  853  853  914 1097 1341 1524 1646 1646 1494 1372 1158  975
394A Sali  196710022  884  853  945 1158 1372 1585 1798 1859 1798 1646 1463 1189
394A Sali  196710031  992  884  945 1067 1311 1524 1768 1859 1859 1737 1524 1250
394A Sali  196710032 1036  884  853  914 1158 1372 1646 1829 1890 1829 1615 1341
394A Sali  196710041 1128  884  853  884 1067 1402 1676 1920 2073 2042 1890 1615
394A Sali  196710042 1341 1067  853  823  914 1128 1402 1676 1890 1951 1829 1615
394A Sali  196710051 1280 1036  823  762  853 1097 1433 1768 2042 2134 2164 1981
394A Sali  196710052 1646 1219  914  732  732  853 1115 1433 1707 1859 1890 1768
394A Sali  196710061 1554 1219  914  732  701  823 1158 1554 1920 2164 2256 2195
394A Sali  196710062 1951 1615 1250  884  671  671  792 1128 1463 1768 1920 1920
394A Sali  196710071 1768 1463 1158  884  732  732  884 1219 1646 2012 2256 2316
394A Sali  196710072 2195 1951 1585 1219  884  732  701  853 1158 1494 1768 1951
394A Sali  196710081 1920 1707 1402 1128  853  671  732  914 1219 1585 1951 2164
394A Sali  196710082 2227 2103 1859 1463 1128  853  701  762  945 1219 1524 1707
394A Sali  196710091 1829 1798 1585 1311 1006  762  671  671  884 1250 1585 1920
394A Sali  196710092 2073 2103 1951 1707 1341 1036  792  762  762  945 1280 1554
394A Sali  196710101 1737 1798 1707 1524 1250  945  732  701  671  945 1250 1585
394A Sali  196710102 1829 1981 1951 1829 1554 1250  945  792  762  853 1006 1280
394A Sali  196710111 1524 1676 1768 1646 1494 1219  975  853  792  823 1067 1341
394A Sali  196710112 1554 1798 1890 1890 1768 1494 1341 1097  853  792  884 1067
394A Sali  196710121 1311 1494 1615 1676 1615 1463 1219 1006  914  853  922 1097
394A Sali  196710122 1280 1524 1707 1829 1890 1707 1433 1250 1097  975  884 1006
394A Sali  196710131 1158 1372 1494 1676 1646 1615 1463 1250 1097 1006  945 1006
394A Sali  196710132 1158 1341 1494 1676 1798 1798 1676 1494 1341 1128 1036 1006
394A Sali  196710141 1097 1250 1402 1585 1676 1707 1707 1554 1402 1250 1128 1067
394A Sali  196710142 1097 1189 1372 1554 1676 1798 1768 1676 1494 1341 1219 1097
394A Sali  196710151 1036 1158 1311 1433 1646 1737 1798 1707 1646 1463 1280 1158
394A Sali  196710152 1097 1097 1250 1402 1585 1676 1768 1707 1676 1524 1372 1189
394A Sali  196710161 1067 1097 1128 1280 1494 1524 1707 1829 1737 1676 1463 1280
394A Sali  196710162 1128 1006 1036 1097 1280 1463 1615 1737 1707 1615 1402 1250
394A Sali  196710171 1067  961  945 1006 1219 1433 1585 1737 1768 1676 1524 1280
394A Sali  196710172 1076  914  823  853  945 1097 1280 1433 1494 1494 1402 1219
394A Sali  196710181 1036  853  732  762  945 1128 1341 1554 1646 1676 1585 1402
394A Sali  196710182 1158  945  762  701  671  853 1049 1250 1402 1463 1433 1311
394A Sali  196710191 1067  853  701  701  762  884 1097 1372 1585 1676 1615 1524
394A Sali  196710192 1311 1067  823  671  610  701  853 1097 1301 1433 1494 1402
394A Sali  196710201 1219  975  792  701  732  792  975 1250 1524 1646 1737 1676
394A Sali  196710202 1463 1280  975  732  610  640  762  975 1158 1372 1494 1463
394A Sali  196710211 1341 1158  914  792  701  762  884 1158 1402 1646 1770 1768
394A Sali  196710212 1646 1433 1158  914  701  579  671  823 1067 1280 1463 1494
394A Sali  196710221 1433 1280 1097  884  732  701  823 1006 1250 1524 1737 1798
394A Sali  196710222 1798 1585 1341 1067  792  671  671  762  975 1250 1402 1524
394A Sali  196710231 1494 1402 1219 1006  853  792  762  945 1158 1433 1707 1829
394A Sali  196710232 1890 1798 1585 1280 1006  823  762  792  945 1128 1402 1585
394A Sali  196710241 1554 1554 1433 1280 1006  884  853  914 1097 1311 1615 1798
394A Sali  196710242 1920 1890 1707 1494 1250 1006  884  823  914 1036 1311 1524
394A Sali  196710251 1615 1585 1524 1341 1158  945  853  823  975 1128 1372 1615
394A Sali  196710252 1768 1920 1829 1615 1372 1128  945  853  823  914 1128 1311
394A Sali  196710261 1433 1554 1524 1433 1219 1067  945  853  853 1006 1158 1433
394A Sali  196710262 1646 1798 1829 1707 1524 1341 1128  975  853  884 1036 1219
394A Sali  196710271 1433 1585 1615 1585 1433 1250 1067  945  884  945 1128 1341
394A Sali  196710272 1524 1737 1829 1829 1768 1554 1341 1189 1036  975 1067 1158
394A Sali  196710281 1341 1494 1646 1676 1615 1494 1341 1158 1006  975 1006 1189
394A Sali  196710282 1402 1524 1737 1829 1829 1707 1554 1341 1128 1006  975 1036
394A Sali  196710291 1158 1402 1554 1676 1737 1615 1554 1402 1189 1067 1036 1067
394A Sali  196710292 1219 1433 1633 1798 1859 1859 1768 1585 1402 1219 1097 1067
394A Sali  196710301 1128 1280 1463 1646 1829 1890 1798 1646 1463 1311 1097 1036
394A Sali  196710302 1067 1189 1372 1524 1707 1768 1798 1676 1463 1341 1097  975
394A Sali  196710311  945 1036 1250 1494 1707 1859 1920 1920 1707 1494 1219 1067
394A Sali  196710312  945  914 1036 1189 1402 1554 1707 1676 1554 1341 1097  945
394A Sali  196711011  823  792  884 1097 1402 1676 1859 1951 1920 1707 1372 1158
394A Sali  196711012  884  792  792  914 1128 1372 1585 1737 1737 1585 1433 1128
394A Sali  196711021  914  762  792  945 1250 1524 1859 2073 2134 2073 1829 1524
394A Sali  196711022 1189  914  762  762  884 1097 1372 1615 1798 1798 1646 1402
394A Sali  196711031 1128  884  762  853  975 1341 1707 2042 2286 2347 2195 1951
394A Sali  196711032 1554 1219  884  762  762  945 1158 1463 1737 1859 1829 1646
394A Sali  196711041 1402 1067  792  640  732  945 1280 1646 2012 2225 2286 2073
394A Sali  196711042 1737 1341 1036  671  579  549  732 1036 1341 1615 1707 1676
394A Sali  196711051 1463 1158  823  610  457  518  823 1128 1554 1859 2042 2103
394A Sali  196711052 1920 1646 1219  853  549  457  518  762 1097 1402 1646 1737
394A Sali  196711061 1676 1463 1128  884  610  518  610  853 1250 1615 1890 2073
394A Sali  196711062 2073 1890 1554 1128  823  549  518  610  884 1189 1463 1646
394A Sali  196711071 1676 1615 1372 1036  792  610  549  671  914 1250 1615 1859
394A Sali  196711072 1981 1951 1737 1402 1067  762  610  579  701  945 1219 1494
394A Sali  196711081 1646 1707 1585 1311 1067  823  640  610  732  945 1311 1554
394A Sali  196711082 1829 1890 1829 1615 1341 1036  762  640  640  762 1006 1250
394A Sali  196711091 1524 1615 1646 1524 1311 1097  853  762  701  823 1036 1311
394A Sali  196711092 1554 1737 1829 1737 1585 1341 1067  884  732  732  853 1067
394A Sali  196711101 1280 1524 1646 1646 1554 1311 1189 1006  884  823  945 1097
394A Sali  196711102 1311 1524 1676 1737 1676 1494 1280 1036  884  792  823  945
394A Sali  196711111 1158 1341 1524 1676 1707 1585 1433 1219 1036  975  945 1036
394A Sali  196711112 1189 1372 1524 1585 1646 1585 1433 1219 1006  884  853  884
394A Sali  196711121 1006 1189 1402 1554 1646 1646 1524 1402 1219 1006  975  914
394A Sali  196711122  975 1128 1311 1463 1494 1524 1463 1280 1158  975  884  823
394A Sali  196711131  853  975 1158 1311 1463 1585 1585 1524 1372 1189 1006  914
394A Sali  196711132  823  853 1036 1189 1341 1402 1463 1402 1311 1128 1006  945
394A Sali  196711141  853  884  975 1189 1433 1585 1676 1646 1585 1463 1250 1036
394A Sali  196711142  884  853  853 1036 1158 1311 1341 1433 1402 1311 1128  975
394A Sali  196711151  884  853  914 1067 1250 1463 1615 1707 1676 1554 1402 1158
394A Sali  196711152  945  792  792  853  945 1158 1341 1402 1463 1402 1280 1128
394A Sali  196711161  975  884  853  945 1158 1372 1554 1707 1768 1707 1585 1341
394A Sali  196711162 1128  914  792  762  853 1036 1189 1372 1463 1463 1372 1219
394A Sali  196711171 1067  884  823  853 1006 1219 1463 1646 1798 1829 1768 1554
394A Sali  196711172 1280 1036  853  762  792  914 1067 1311 1463 1524 1494 1372
394A Sali  196711181 1219 1006  884  853  884 1067 1280 1524 1768 1829 1859 1676
394A Sali  196711182 1463 1189  945  823  732  762  914 1128 1341 1494 1524 1494
394A Sali  196711191 1341 1158  945  823  792  884 1097 1341 1585 1798 1859 1798
394A Sali  196711192 1615 1372 1036  823  701  640  762  975 1219 1372 1524 1494
394A Sali  196711201 1402 1250 1006  884  762  762  945 1189 1463 1707 1859 1859
394A Sali  196711202 1768 1524 1280  975  762  671  732  884 1097 1311 1494 1585
394A Sali  196711211 1524 1402 1189  975  853  762  884 1067 1280 1554 1768 1890
394A Sali  196711212 1890 1707 1463 1189  914  762  732  823 1006 1219 1463 1615
394A Sali  196711221 1646 1554 1402 1158 1006  884  884 1036 1189 1494 1707 1859
394A Sali  196711222 1951 1859 1707 1433 1158  914  792  792  945 1097 1341 1554
394A Sali  196711231 1646 1615 1463 1250 1067  914  884  945 1067 1311 1554 1798
394A Sali  196711232 1951 1981 1829 1615 1311 1067  914  823  884 1006 1250 1433
394A Sali  196711241 1615 1676 1646 1494 1280 1128  975  945 1006 1158 1372 1615
394A Sali  196711242 1829 1951 1890 1737 1524 1250 1067  884  884  945 1128 1372
394A Sali  196711251 1554 1707 1768 1707 1524 1311 1128  975  914 1006 1189 1402
394A Sali  196711252 1615 1798 1859 1798 1646 1402 1158 1006  884  914 1036 1219
394A Sali  196711261 1433 1646 1768 1798 1707 1524 1341 1128 1036  975 1036 1219
394A Sali  196711262 1433 1646 1768 1798 1707 1554 1341 1006  823  732  762  914
394A Sali  196711271 1128 1372 1585 1707 1737 1646 1463 1250 1036  884  853  914
394A Sali  196711272 1036 1250 1433 1554 1585 1524 1372 1158  945  792  732  792
394A Sali  196711281  945 1189 1433 1646 1798 1798 1707 1524 1280 1036  884  823
394A Sali  196711282  853 1006 1189 1372 1494 1524 1463 1311 1128  914  762  732
394A Sali  196711291  792  945 1219 1494 1737 1859 1890 1768 1554 1311 1036  853
394A Sali  196711292  762  792  914 1097 1311 1463 1494 1463 1311 1097  884  732
394A Sali  196711301  671  732  945 1219 1524 1798 1951 1951 1829 1585 1311 1006
394A Sali  196711302  792  671  701  853 1067 1280 1463 1524 1463 1311 1097  853
394A Sali  196712011  701  610  701  914 1219 1554 1829 2012 2012 1890 1615 1280
394A Sali  196712012  975  732  610  640  792 1036 1280 1494 1554 1524 1341 1097
394A Sali  196712021  823  640  579  671  884 1219 1585 1890 2042 2073 1890 1615
394A Sali  196712022 1250  914  671  549  610  792 1067 1341 1554 1615 1554 1372
394A Sali  196712031 1097  792  610  549  640  884 1250 1615 1920 2103 2073 1890
394A Sali  196712032 1585 1219  853  610  518  610  823 1128 1402 1615 1676 1585
394A Sali  196712041 1372 1067  792  579  549  640  914 1280 1646 1951 2103 2073
394A Sali  196712042 1859 1524 1158  823  579  518  640  884 1189 1463 1676 1707
394A Sali  196712051 1615 1372 1067  792  610  579  701  975 1341 1676 1951 2073
394A Sali  196712052 2012 1768 1463 1067  762  579  549  671  945 1250 1524 1707
394A Sali  196712061 1737 1615 1372 1067  792  640  610  762 1036 1372 1676 1920
394A Sali  196712062 2012 1920 1676 1341 1006  732  579  579  732 1006 1280 1554
394A Sali  196712071 1707 1707 1585 1341 1067  823  671  671  823 1067 1372 1646
394A Sali  196712072 1829 1890 1768 1524 1219  914  671  569  610  792 1036 1341
394A Sali  196712081 1554 1676 1676 1524 1311 1067  853  732  732  884 1097 1372
394A Sali  196712082 1585 1737 1737 1615 1372 1097  853  671  610  671  853 1097
394A Sali  196712091 1372 1554 1676 1646 1494 1280 1067  853  762  762  914 1097
394A Sali  196712092 1311 1524 1615 1585 1463 1250 1006  792  671  640  732  914
394A Sali  196712101 1158 1402 1554 1646 1585 1463 1250 1036  884  792  792  914
394A Sali  196712102 1097 1280 1433 1494 1463 1341 1158  945  792  701  701  823
394A Sali  196712111 1006 1219 1433 1554 1615 1554 1433 1250 1036  884  823  823
394A Sali  196712112  914 1067 1219 1341 1402 1372 1250 1097  945  823  762  792
394A Sali  196712121  914 1067 1280 1463 1585 1615 1554 1402 1219 1036  914  823
394A Sali  196712122  853  914 1067 1189 1311 1341 1311 1219 1067  945  853  792
394A Sali  196712131  853  975 1128 1341 1494 1615 1646 1554 1402 1219 1036  914
394A Sali  196712132  823  853  914 1036 1189 1280 1311 1280 1219 1097  945  853
394A Sali  196712141  853  914 1036 1189 1402 1554 1646 1646 1585 1433 1219 1036
394A Sali  196712142  884  823  853  945 1067 1189 1280 1341 1311 1219 1097  945
394A Sali  196712151  884  853  945 1067 1250 1463 1615 1707 1676 1585 1402 1189
394A Sali  196712152 1006  853  823  853  945 1067 1219 1311 1341 1311 1219 1067
394A Sali  196712161  945  853  853  945 1097 1311 1524 1676 1737 1707 1585 1372
394A Sali  196712162 1158  945  823  792  823  945 1128 1280 1372 1372 1311 1189
394A Sali  196712171 1036  884  823  853  975 1158 1372 1585 1737 1768 1707 1554
394A Sali  196712172 1311 1067  884  762  732  823  975 1158 1311 1402 1402 1280
394A Sali  196712181 1128  975  823  762  823  975 1189 1433 1646 1768 1798 1676
394A Sali  196712182 1494 1219  975  792  701  732  853 1036 1219 1372 1433 1402
394A Sali  196712191 1250 1067  884  762  732  823 1006 1250 1524 1707 1798 1768
394A Sali  196712192 1646 1402 1128  884  701  640  732  884 1097 1311 1433 1463
394A Sali  196712201 1402 1219 1036  853  732  732  853 1067 1341 1585 1768 1829
394A Sali  196712202 1768 1554 1280 1006  762  640  640  762  975 1189 1402 1524
394A Sali  196712211 1524 1402 1189  975  792  732  762  914 1158 1402 1646 1798
394A Sali  196712212 1829 1707 1463 1189  914  701  610  671  823 1067 1311 1494
394A Sali  196712221 1585 1554 1402 1189  975  792  732  792  975 1219 1494 1676
394A Sali  196712222 1798 1768 1615 1341 1067  823  640  610  732  914 1189 1433
394A Sali  196712231 1615 1676 1585 1402 1189  945  792  762  823 1036 1280 1524
394A Sali  196712232 1707 1768 1676 1494 1250  975  732  610  640  792 1036 1311
394A Sali  196712241 1554 1707 1737 1615 1433 1189  945  823  792  884 1067 1280
394A Sali  196712242 1524 1646 1676 1585 1372 1128  884  701  640  701  884 1158
394A Sali  196712251 1433 1646 1768 1768 1646 1433 1189  945  823  792  884 1067
394A Sali  196712252 1280 1463 1585 1585 1463 1280 1036  823  671  640  732  945
394A Sali  196712261 1219 1494 1737 1829 1798 1646 1433 1158  945  823  792  884
394A Sali  196712262 1036 1250 1402 1524 1494 1372 1189  975  762  640  640  762
394A Sali  196712271 1006 1280 1554 1768 1859 1829 1676 1433 1158  945  792  762
394A Sali  196712272  853 1006 1189 1372 1463 1433 1341 1158  945  762  640  640
394A Sali  196712281  792 1006 1311 1585 1798 1890 1859 1676 1433 1158  914  762
394A Sali  196712282  732  792  945 1158 1311 1433 1433 1311 1158  945  762  640
394A Sali  196712291  640  762 1006 1311 1585 1798 1920 1890 1707 1463 1158  914
394A Sali  196712292  762  701  762  914 1128 1311 1433 1463 1341 1158  945  762
394A Sali  196712301  640  610  762 1006 1311 1615 1829 1951 1920 1737 1463 1158
394A Sali  196712302  914  732  671  732  914 1128 1341 1494 1494 1402 1219  975
394A Sali  196712311  762  610  610  732 1006 1311 1646 1890 2012 1951 1768 1494
394A Sali  196712312 1158  884  671  640  701  914 1158 1402 1554 1585 1463 1280
