394A Salina Cruz        Mexico              1972 16096N 095122W 0000 3 00000R MM
394A Sali  197201011 1189 1036  945 1006 1206 1494 1798 2042 2225 2286 2164 1951
394A Sali  197201012 1615 1311 1097  975  945 1128 1372 1646 1829 1981 1920 1768
394A Sali  197201021 1524 1311 1097 1006 1067 1250 1585 1890 2164 2316 2316 2225
394A Sali  197201022 1890 1615 1311 1067  945 1006 1250 1524 1829 2012 2073 2012
394A Sali  197201031 1615 1402 1097  914  884  945 1189 1494 1798 2073 2134 2103
394A Sali  197201032 1920 1615 1311 1006  823  762  884 1128 1433 1707 1920 1981
394A Sali  197201041 1890 1707 1433 1189  975  914 1006 1250 1524 1829 2012 2103
394A Sali  197201042 2073 1859 1554 1250  945  792  823  975 1189 1494 1768 1890
394A Sali  197201051 1951 1859 1615 1372 1097  945  914 1036 1189 1494 1768 1920
394A Sali  197201052 1981 1920 1676 1372 1006  762  610  640  823 1067 1341 1646
394A Sali  197201061 1768 1768 1646 1372 1128  853  701  762  823 1036 1311 1554
394A Sali  197201062 1707 1798 1646 1402 1097  853  640  610  671  914 1158 1433
394A Sali  197201071 1676 1798 1768 1585 1341 1097  884  762  762  914 1122 1341
394A Sali  197201072 1524 1646 1615 1494 1250  975  762  610  610  762  975 1219
394A Sali  197201081 1494 1707 1768 1676 1524 1311 1067  884  823  823  975 1158
394A Sali  197201082 1402 1554 1646 1585 1463 1219  975  823  762  792  945 1158
394A Sali  197201091 1427 1646 1768 1829 1737 1585 1402 1189 1006 1006 1036 1189
394A Sali  197201092 1372 1524 1646 1676 1585 1433 1250 1097  975  914 1006 1158
394A Sali  197201101 1402 1615 1829 1951 1951 1829 1676 1463 1280 1128 1097 1158
394A Sali  197201102 1311 1433 1554 1615 1615 1554 1372 1250 1097 1006  975 1067
394A Sali  197201111 1280 1494 1676 1829 1920 1859 1737 1585 1372 1189 1128 1128
394A Sali  197201112 1158 1311 1431 1524 1524 1554 1463 1311 1189 1067 1006 1067
394A Sali  197201121 1158 1341 1554 1707 1829 1829 1798 1615 1433 1280 1128 1067
394A Sali  197201122 1067 1128 1219 1341 1402 1433 1402 1311 1219 1097  975  945
394A Sali  197201131 1036 1158 1341 1554 1707 1798 1859 1798 1615 1494 1280 1158
394A Sali  197201132 1067 1097 1158 1280 1372 1433 1463 1463 1341 1250 1128 1006
394A Sali  197201141  975 1067 1189 1402 1585 1737 1829 1859 1798 1646 1463 1311
394A Sali  197201142 1158 1067 1097 1128 1250 1372 1463 1494 1463 1402 1250 1097
394A Sali  197201151 1006 1036 1067 1219 1402 1615 1768 1890 1890 1768 1615 1372
394A Sali  197201152 1219 1036  975  975 1036 1128 1280 1372 1402 1341 1219 1067
394A Sali  197201161  914  792  762  823  975 1158 1433 1615 1676 1676 1554 1341
394A Sali  197201162 1128  914  762  701  762  823 1006 1158 1311 1341 1280 1128
394A Sali  197201171  975  762  671  671  762  914 1219 1433 1615 1707 1676 1524
394A Sali  197201172 1311 1067  792  671  640  701  853 1128 1311 1433 1463 1372
394A Sali  197201181 1189 1006  792  701  671  762 1006 1311 1524 1737 1798 1768
394A Sali  197201182 1554 1311 1067  792  671  640  762 1036 1250 1524 1646 1707
394A Sali  197201191 1524 1341 1067  884  762  792  945 1219 1463 1737 1859 1920
394A Sali  197201192 1768 1524 1219  914  732  640  762 1036 1311 1585 1798 1890
394A Sali  197201201 1798 1585 1311 1067  884  792  853 1067 1372 1676 1859 1920
394A Sali  197201202 1859 1707 1433 1128  823  701  701  884 1189 1494 1798 1981
394A Sali  197201211 2012 1920 1707 1372 1097  914  853  945 1158 1433 1707 1920
394A Sali  197201212 1981 1859 1646 1341 1036  732  701  762  975 1280 1646 1920
394A Sali  197201221 2073 2073 1951 1707 1341 1097  914  853  945 1158 1402 1707
394A Sali  197201222 1859 1920 1829 1585 1250  945  732  701  823 1097 1463 1798
394A Sali  197201231 2073 2164 2103 1890 1585 1250 1006  884  884 1072 1372 1615
394A Sali  197201232 1798 1890 1760 1494 1219  945  792  732  853 1097 1433 1798
394A Sali  197201241 2042 2164 2103 1890 1615 1311 1036  884  853 1006 1250 1524
394A Sali  197201242 1707 1768 1707 1463 1250  975  823  701  823 1036 1341 1676
394A Sali  197201251 1981 2073 2042 1829 1615 1402 1128  945  853  792  914 1067
394A Sali  197201252 1250 1463 1615 1676 1676 1585 1341 1097  884  762  762  853
394A Sali  197201261 1067 1402 1615 1859 1951 1951 1768 1524 1189  975  823  762
394A Sali  197201262  853 1036 1219 1372 1494 1494 1372 1158  945  792  640  640
394A Sali  197201271  762 1006 1311 1585 1768 1890 1890 1707 1463 1219  975  823
394A Sali  197201272  762  853 1006 1189 1372 1463 1494 1433 1280 1036  823  701
394A Sali  197201281  701  762 1006 1250 1524 1737 1859 1859 1737 1494 1250 1036
394A Sali  197201282  853  792  853 1006 1219 1402 1463 1524 1463 1280 1067  884
394A Sali  197201291  762  701  792  975 1280 1524 1768 1890 1859 1707 1494 1219
394A Sali  197201292  975  823  732  823 1006 1189 1433 1554 1615 1554 1402 1189
394A Sali  197201301  975  853  853  945 1097 1372 1615 1859 1981 1951 1829 1585
394A Sali  197201302 1341 1036  884  823  914 1067 1280 1524 1676 1737 1676 1524
394A Sali  197201311 1280 1067  884  853  914 1097 1402 1615 1859 1951 1951 1768
394A Sali  197201312 1524 1250 1006  792  762  884 1097 1372 1615 1768 1829 1768
394A Sali  197202011 1554 1280 1036  884  853  945 1128 1402 1707 1890 1981 1890
394A Sali  197202012 1707 1494 1158  914  762  732  914 1128 1433 1676 1829 1890
394A Sali  197202021 1798 1585 1280 1036  884  853  945 1158 1463 1676 1890 1951
394A Sali  197202022 1859 1633 1341 1097  853  732  762  945 1189 1494 1768 1920
394A Sali  197202031 1890 1768 1524 1280 1006  853  884 1006 1189 1463 1707 1890
394A Sali  197202032 1890 1768 1524 1219  945  792  701  792 1006 1311 1585 1737
394A Sali  197202041 1768 1646 1433 1158  823  610  579  610  792 1006 1250 1402
394A Sali  197202042 1524 1433 1250  975  701  488  366  427  579  853 1128 1463
394A Sali  197202051 1554 1585 1463 1250  945  732  579  549  671  823 1067 1250
394A Sali  197202052 1463 1494 1433 1250 1006  762  610  549  671  884 1128 1402
394A Sali  197202061 1615 1707 1707 1554 1341 1097  853  762  732  853 1036 1250
394A Sali  197202062 1463 1524 1554 1433 1219 1006  792  701  732  853 1097 1372
394A Sali  197202071 1585 1768 1798 1768 1585 1341 1128  945  853  884 1006 1189
394A Sali  197202072 1402 1554 1615 1585 1494 1280 1097  945  884  945 1128 1372
394A Sali  197202081 1585 1768 1890 1920 1798 1615 1372 1128 1006 1006 1067 1158
394A Sali  197202082 1250 1463 1554 1585 1494 1341 1158  975  914  884 1006 1158
394A Sali  197202091 1402 1585 1737 1890 1829 1707 1524 1341 1158 1036 1006 1067
394A Sali  197202092 1158 1280 1433 1494 1463 1372 1189 1097  914  853  853  914
394A Sali  197202101 1067 1341 1494 1646 1737 1676 1585 1433 1280 1097 1006  975
394A Sali  197202102 1036 1128 1250 1372 1402 1402 1341 1219 1097  975  914  975
394A Sali  197202111 1067 1219 1433 1615 1707 1768 1737 1615 1463 1280 1158 1067
394A Sali  197202112 1067 1128 1219 1341 1433 1463 1402 1311 1189 1036  975  914
394A Sali  197202121  945 1067 1219 1433 1585 1707 1707 1676 1554 1372 1189 1067
394A Sali  197202122  975  945 1036 1128 1250 1341 1402 1402 1280 1189 1067  945
394A Sali  197202131  853  884 1006 1219 1372 1615 1707 1768 1676 1554 1372 1219
394A Sali  197202132 1036  914  945  975 1128 1280 1433 1494 1524 1433 1311 1158
394A Sali  197202141 1036  975  945 1097 1280 1524 1676 1859 1890 1798 1646 1433
394A Sali  197202142 1189 1036  945  975 1097 1219 1433 1585 1676 1676 1615 1402
394A Sali  197202151 1219 1067  975  975 1097 1341 1585 1768 1920 1951 1859 1676
394A Sali  197202152 1372 1158  975  884  945 1128 1311 1585 1737 1829 1798 1646
394A Sali  197202161 1433 1219 1006  853  914 1036 1280 1585 1798 1920 1951 1829
394A Sali  197202162 1585 1311 1036  853  792  884 1128 1402 1707 1920 2012 1981
394A Sali  197202171 1798 1463 1158  975  853  914 1067 1311 1615 1829 1951 1920
394A Sali  197202172 1737 1463 1097  884  701  701  823 1128 1433 1768 2012 2073
394A Sali  197202181 1981 1676 1341 1036  792  701  762  975 1311 1585 1798 1890
394A Sali  197202182 1798 1585 1250  914  671  518  579  762 1067 1463 1768 1951
394A Sali  197202191 1951 1798 1524 1128  792  518  457  579  792 1097 1372 1582
394A Sali  197202192 1646 1554 1311  945  610  366  274  274  579  975 1372 1768
394A Sali  197202201 1920 1807 1524 1219  914  610  488  488  610  853 1067 1311
394A Sali  197202202 1524 1585 1524 1311 1036  762  549  359  335  579  914 1341
394A Sali  197202211 1646 1890 1829 1524 1219  914  610  488  579  762  919 1128
394A Sali  197202212 1311 1494 1581 1524 1250  975  701  459  366  549  853 1219
394A Sali  197202221 1494 1768 1890 1829 1585 1280  975  640  488  518  610  853
394A Sali  197202222 1158 1372 1494 1494 1311 1067  823  579  457  427  579  853
394A Sali  197202231 1158 1463 1676 1829 1768 1524 1280  975  732  610  610  701
394A Sali  197202232  914 1158 1341 1494 1463 1311 1097  853  701  549  579  732
394A Sali  197202241  975 1280 1524 1737 1859 1768 1615 1341 1097  853  762  732
394A Sali  197202242  853 1006 1250 1463 1524 1524 1402 1219 1036  853  732  732
394A Sali  197202251  823 1097 1372 1585 1768 1859 1829 1676 1433 1189  975  853
394A Sali  197202252  823  945 1128 1311 1463 1585 1585 1494 1311 1067  914  823
394A Sali  197202261  823  975 1158 1402 1646 1768 1859 1798 1646 1433 1219 1006
394A Sali  197202262  884  884  975 1097 1341 1494 1585 1585 1494 1341 1128  975
394A Sali  197202271  853  853  914 1097 1311 1554 1737 1829 1707 1615 1402 1158
394A Sali  197202272  914  792  792  853 1067 1311 1402 1524 1585 1463 1311 1097
394A Sali  197202281  914  823  792  853 1006 1280 1433 1646 1676 1676 1463 1250
394A Sali  197202282 1067  823  732  732  853 1006 1250 1433 1615 1615 1554 1341
394A Sali  197202291 1128  914  792  792  853 1036 1280 1463 1676 1707 1676 1463
394A Sali  197202292 1250  975  792  701  732  975 1219 1433 1615 1737 1707 1585
394A Sali  197203011 1372 1128  914  792  792  914 1128 1341 1585 1707 1737 1646
394A Sali  197203012 1433 1158  945  732  701  792 1006 1280 1524 1768 1798 1768
394A Sali  197203021 1615 1372 1097  884  792  823  945 1219 1433 1646 1737 1707
394A Sali  197203022 1585 1341 1097  884  762  732  853 1097 1311 1585 1768 1829
394A Sali  197203031 1737 1554 1250  975  792  732  792  945 1158 1372 1585 1646
394A Sali  197203032 1585 1433 1189  945  701  640  701  853 1128 1372 1615 1768
394A Sali  197203041 1768 1615 1433 1097  914  732  701  762  975 1219 1402 1585
394A Sali  197203042 1615 1554 1372 1097  884  732  701  792 1006 1280 1554 1737
394A Sali  197203051 1829 1798 1615 1341 1097  853  762  762  853 1067 1250 1463
394A Sali  197203052 1554 1554 1463 1250 1067  823  701  732  884 1128 1402 1676
394A Sali  197203061 1829 1829 1737 1554 1219  975  823  732  823  945 1097 1219
394A Sali  197203062 1372 1486 1494 1341 1128  884  640  610  701  853 1128 1402
394A Sali  197203071 1585 1676 1707 1554 1372 1097  884  732  732  823  945 1189
394A Sali  197203072 1311 1433 1463 1402 1219 1006  884  762  762  884 1067 1311
394A Sali  197203081 1554 1737 1768 1737 1554 1341 1158  914  823  823  914 1067
394A Sali  197203082 1219 1341 1463 1433 1311 1128  975  823  762  823  945 1158
394A Sali  197203091 1372 1585 1707 1707 1615 1433 1250 1036  914  792  823  914
394A Sali  197203092 1067 1128 1250 1311 1280 1128  975  792  701  671  701  853
394A Sali  197203101 1067 1250 1402 1463 1524 1372 1219 1067  853  701  701  732
394A Sali  197203102  853  975 1128 1189 1189 1128 1006  884  732  640  671  701
394A Sali  197203111  914 1067 1250 1402 1494 1433 1372 1189 1006  853  762  732
394A Sali  197203112  792  884 1036 1189 1250 1250 1189 1067  914  792  732  701
394A Sali  197203121  792  945 1097 1280 1433 1494 1463 1402 1250 1006  914  792
394A Sali  197203122  762  823  945 1128 1219 1311 1372 1341 1189 1067  914  853
394A Sali  197203131  823  884 1006 1219 1402 1554 1707 1676 1554 1372 1189 1036
394A Sali  197203132  945  884 1006 1158 1311 1494 1585 1646 1585 1433 1311 1128
394A Sali  197203141  975  914 1006 1128 1372 1554 1707 1768 1737 1615 1402 1189
394A Sali  197203142  975  884  884 1006 1189 1463 1646 1798 1798 1768 1585 1341
394A Sali  197203151 1128 1006  914 1006 1158 1402 1615 1798 1859 1798 1646 1402
394A Sali  197203152 1189  945  853  884 1067 1311 1585 1829 1981 2012 1890 1737
394A Sali  197203161 1402 1128  945  884  975 1158 1433 1646 1829 1890 1829 1646
394A Sali  197203162 1372 1067  853  823  853 1036 1341 1707 1981 2164 2164 2012
394A Sali  197203171 1707 1402 1067  884  792  914 1158 1433 1707 1859 1920 1798
394A Sali  197203172 1615 1280  945  792  701  853 1128 1433 1798 2103 2286 2225
394A Sali  197203181 2042 1707 1311  945  762  732  884 1097 1402 1707 1890 1951
394A Sali  197203182 1798 1554 1250  914  671  640  792 1097 1463 1859 2195 2286
394A Sali  197203191 2256 2042 1676 1311  945  722  671  853 1128 1433 1737 1920
394A Sali  197203192 1951 1768 1494 1219  884  671  640  762 1097 1463 1829 2164
394A Sali  197203201 2316 2256 2012 1646 1280  884  732  732  884 1158 1494 1798
394A Sali  197203202 1920 1920 1768 1463 1158  853  701  701  914 1189 1554 2012
394A Sali  197203211 2256 2316 2195 1890 1585 1219  914  792  792 1006 1280 1585
394A Sali  197203212 1829 1951 1890 1707 1433 1097  853  732  762  975 1280 1646
394A Sali  197203221 1951 2164 2195 2103 1859 1524 1158  975  823  853 1036 1250
394A Sali  197203222 1524 1768 1829 1768 1615 1311 1067  853  732  762  945 1219
394A Sali  197203231 1554 1798 2012 2042 1951 1676 1372 1128  884  823  853 1006
394A Sali  197203232 1219 1463 1646 1737 1707 1524 1341 1097  914  823  853 1036
394A Sali  197203241 1311 1554 1829 1951 1951 1859 1676 1433 1158 1006  945  945
394A Sali  197203242 1097 1311 1494 1676 1737 1707 1554 1341 1097  975  914  945
394A Sali  197203251 1128 1311 1524 1737 1859 1890 1829 1615 1433 1189 1036  945
394A Sali  197203252 1006 1158 1341 1554 1768 1768 1768 1615 1463 1219 1128 1036
394A Sali  197203261 1036 1158 1341 1554 1737 1859 1859 1768 1615 1433 1219 1067
394A Sali  197203262 1006 1036 1219 1372 1585 1737 1798 1798 1707 1524 1341 1189
394A Sali  197203271 1097 1097 1189 1341 1524 1707 1829 1859 1768 1585 1463 1250
394A Sali  197203272 1097 1006 1067 1189 1372 1585 1768 1859 1829 1737 1554 1372
394A Sali  197203281 1189 1067 1067 1158 1341 1524 1676 1768 1829 1737 1615 1402
394A Sali  197203282 1189 1067 1006 1097 1219 1433 1676 1829 1920 1890 1737 1524
394A Sali  197203291 1311 1158 1036 1036 1158 1280 1494 1676 1768 1798 1707 1494
394A Sali  197203292 1311 1128 1006  975 1097 1280 1524 1768 1890 1951 1890 1707
394A Sali  197203301 1494 1250 1067  975  975 1128 1311 1494 1707 1768 1768 1615
394A Sali  197203302 1402 1189 1067  945  945 1097 1341 1585 1798 1951 1951 1890
394A Sali  197203311 1646 1433 1189 1006  945 1006 1158 1341 1554 1707 1737 1707
394A Sali  197203312 1524 1311 1158  975  945  975 1158 1402 1676 1859 1951 1951
394A Sali  197204011 1798 1585 1280 1067  914  884  914 1158 1372 1524 1676 1707
394A Sali  197204012 1615 1402 1158 1006  884  884  975 1219 1463 1707 1859 1859
394A Sali  197204021 1798 1585 1341 1036  823  701  732  853 1036 1250 1402 1494
394A Sali  197204022 1463 1341 1128  884  732  701  732  914 1189 1433 1646 1829
394A Sali  197204031 1829 1707 1494 1250  975  853  792  823 1006 1219 1433 1615
394A Sali  197204032 1646 1585 1433 1189 1006  823  792  884 1067 1341 1615 1798
394A Sali  197204041 1890 1859 1707 1433 1158  914  823  823  914 1067 1280 1433
394A Sali  197204042 1554 1524 1463 1311 1067  914  792  823  945 1189 1433 1676
394A Sali  197204051 1798 1890 1798 1524 1311 1067  914  823  823  975 1128 1280
394A Sali  197204052 1463 1524 1494 1372 1158  975  884  823  853 1006 1219 1494
394A Sali  197204061 1707 1798 1829 1676 1463 1250 1067  884  853  914 1067 1250
394A Sali  197204062 1433 1524 1524 1433 1280 1097  945  914  945 1067 1250 1494
394A Sali  197204071 1707 1829 1890 1768 1615 1341 1128 1036  975  945 1067 1219
394A Sali  197204072 1433 1524 1554 1554 1463 1311 1128 1006  945  975 1128 1341
394A Sali  197204081 1554 1737 1829 1829 1737 1554 1341 1189 1036  975 1006 1158
394A Sali  197204082 1311 1524 1554 1615 1585 1463 1280 1128 1006  975 1036 1128
394A Sali  197204091 1311 1524 1707 1768 1737 1646 1494 1280 1097 1006  975 1067
394A Sali  197204092 1158 1341 1494 1646 1676 1615 1554 1402 1219 1097 1036 1067
394A Sali  197204101 1158 1372 1524 1646 1768 1737 1676 1494 1311 1128 1006  975
394A Sali  197204102 1006 1128 1311 1524 1676 1737 1676 1585 1402 1250 1097 1036
394A Sali  197204111 1067 1128 1280 1494 1676 1737 1737 1676 1524 1311 1097  945
394A Sali  197204112  914  975 1158 1372 1615 1768 1859 1859 1707 1585 1311 1158
394A Sali  197204121 1006 1036 1097 1250 1463 1615 1737 1768 1646 1463 1280 1006
394A Sali  197204122  945  884  975 1128 1433 1646 1859 1981 1951 1829 1615 1341
394A Sali  197204131 1097  975  945 1006 1189 1463 1585 1737 1737 1676 1524 1219
394A Sali  197204132  975  823  823  884 1158 1494 1798 2012 2103 2103 1920 1676
394A Sali  197204141 1341 1067  853  823  945 1189 1433 1676 1798 1829 1707 1463
394A Sali  197204142 1189  914  732  792  914 1189 1524 1890 2164 2286 2195 2012
394A Sali  197204151 1615 1280  945  792  732  884 1128 1433 1676 1768 1859 1737
394A Sali  197204152 1402 1067  853  671  701  823 1189 1554 1920 2225 2286 2195
394A Sali  197204161 1951 1615 1189  853  671  671  823 1128 1433 1707 1859 1829
394A Sali  197204162 1615 1372 1067  732  640  671  823 1158 1585 1951 2225 2316
394A Sali  197204171 2164 1920 1494 1097  792  640  671  853 1128 1494 1737 1890
394A Sali  197204172 1829 1676 1341 1036  701  579  640  823 1189 1585 1951 2225
394A Sali  197204181 2256 2134 1798 1463 1036  732  640  610  853 1219 1554 1798
394A Sali  197204182 1859 1859 1615 1311 1006  732  640  701  914 1280 1676 1981
394A Sali  197204191 2164 2164 2073 1737 1402 1006  762  610  762  914 1219 1463
394A Sali  197204192 1829 1829 1768 1494 1280 1006  762  732  792  945 1250 1676
394A Sali  197204201 1920 2073 2073 1951 1615 1311  975  823  792  822  975 1311
394A Sali  197204202 1615 1768 1859 1829 1615 1311 1097  884  792  853 1036 1372
394A Sali  197204211 1615 1859 2012 2012 1829 1585 1280 1006  853  792  853 1097
394A Sali  197204212 1341 1585 1798 1798 1768 1585 1372 1128  975  884  945 1158
394A Sali  197204221 1341 1615 1798 1890 1920 1737 1494 1280  975  853  853  945
394A Sali  197204222 1128 1372 1585 1737 1798 1676 1554 1372 1158 1006  945 1067
394A Sali  197204231 1158 1341 1524 1707 1829 1798 1676 1463 1219 1006  914  914
394A Sali  197204232  945 1189 1341 1615 1707 1798 1707 1563 1372 1219 1006 1006
394A Sali  197204241 1067 1189 1341 1554 1676 1768 1707 1615 1433 1250 1067  975
394A Sali  197204242  975 1097 1250 1463 1676 1798 1859 1798 1615 1463 1280 1158
394A Sali  197204251 1067 1097 1250 1372 1524 1676 1737 1737 1646 1433 1189 1158
394A Sali  197204252 1067 1067 1189 1402 1554 1768 1890 1920 1890 1707 1524 1341
394A Sali  197204261 1219 1128 1189 1280 1433 1585 1707 1768 1737 1646 1486 1311
394A Sali  197204262 1128 1067 1128 1311 1524 1707 1890 2012 2012 1920 1768 1554
394A Sali  197204271 1341 1189 1097 1128 1311 1433 1585 1737 1768 1707 1615 1433
394A Sali  197204272 1280 1158 1097 1158 1372 1554 1829 1951 2042 2042 1890 1676
394A Sali  197204281 1463 1250 1097 1036 1128 1219 1372 1585 1737 1798 1676 1585
394A Sali  197204282 1372 1219 1097 1097 1219 1372 1585 1798 1981 2073 2012 1890
394A Sali  197204291 1615 1433 1189 1006 1036 1097 1219 1463 1585 1676 1676 1646
394A Sali  197204292 1463 1250 1128 1036 1097 1189 1372 1615 1859 1981 2042 2012
394A Sali  197204301 1798 1494 1280 1128 1036 1036 1097 1280 1494 1646 1676 1707
394A Sali  197204302 1554 1433 1219 1097 1036 1067 1250 1494 1768 1951 2042 2042
394A Sali  197205011 1920 1676 1463 1219 1036 1006 1067 1158 1402 1585 1707 1707
394A Sali  197205012 1676 1524 1341 1189 1067 1067 1189 1341 1585 1890 2042 2103
394A Sali  197205021 2042 1859 1554 1402 1158 1036 1036 1128 1311 1524 1646 1768
394A Sali  197205022 1768 1707 1494 1372 1158 1067 1128 1280 1494 1737 1951 2134
394A Sali  197205031 2164 2012 1798 1554 1311 1128 1067 1097 1219 1433 1615 1707
394A Sali  197205032 1768 1768 1615 1402 1250 1128 1097 1158 1311 1585 1768 2012
394A Sali  197205041 2073 2073 1890 1615 1341 1128 1036  975 1036 1219 1412 1585
394A Sali  197205042 1676 1737 1554 1372 1311 1097  975  975 1097 1280 1524 1737
394A Sali  197205051 1890 1951 1829 1707 1433 1158 1036  914  945 1036 1219 1433
394A Sali  197205052 1615 1676 1707 1615 1402 1280 1128 1036 1067 1158 1433 1646
394A Sali  197205061 1829 1920 1951 1829 1646 1372 1219 1036  975 1036 1128 1311
394A Sali  197205062 1524 1707 1768 1768 1646 1433 1280 1158 1006 1097 1250 1463
394A Sali  197205071 1676 1859 1981 1951 1798 1585 1372 1158 1036 1036 1097 1280
394A Sali  197205072 1524 1707 1798 1890 1829 1676 1494 1341 1189 1128 1189 1341
394A Sali  197205081 1585 1737 1890 1920 1890 1768 1585 1311 1189 1067 1097 1189
394A Sali  197205082 1433 1585 1768 1951 1981 1920 1737 1585 1311 1219 1189 1219
394A Sali  197205091 1372 1554 1707 1859 1859 1798 1646 1494 1189 1067 1036 1036
394A Sali  197205092 1189 1372 1615 1890 2012 2073 1951 1768 1615 1372 1280 1219
394A Sali  197205101 1189 1341 1463 1676 1768 1829 1768 1646 1402 1189 1067 1006
394A Sali  197205102 1006 1219 1402 1707 1890 2103 2134 2042 1829 1554 1372 1219
394A Sali  197205111 1097 1097 1250 1433 1646 1768 1829 1798 1676 1402 1189 1067
394A Sali  197205112  975 1006 1219 1463 1768 2042 2195 2256 2195 1951 1646 1433
394A Sali  197205121 1158 1036 1036 1128 1372 1585 1768 1859 1829 1646 1402 1181
394A Sali  197205122 1006  914  975 1189 1494 1798 2073 2286 2347 2256 2012 1707
394A Sali  197205131 1372 1128  975  975 1158 1372 1646 1798 1951 1920 1768 1463
394A Sali  197205132 1250  975  914  975 1189 1524 1890 2256 2408 2438 2316 2042
394A Sali  197205141 1676 1280 1067  914  914 1067 1402 1707 1920 2012 1890 1737
394A Sali  197205142 1463 1158  914  823  975 1189 1554 1890 2256 2438 2469 2316
394A Sali  197205151 2012 1615 1250 1006  853  914 1158 1463 1768 1920 2012 1951
394A Sali  197205152 1646 1372 1097  884  762  884 1189 1585 1920 2256 2408 2408
394A Sali  197205161 2256 1951 1463 1128  884  792  975 1158 1524 1829 2012 2042
394A Sali  197205162 1920 1737 1402 1097  914  853  914 1158 1585 1890 2225 2408
394A Sali  197205171 2377 2195 1890 1524 1097  914  853 1006 1189 1463 1798 2042
394A Sali  197205172 2073 1951 1768 1433 1158  975  914 1036 1250 1646 1981 2286
394A Sali  197205181 2408 2347 2164 1798 1463 1189  975  884 1036 1372 1676 1920
394A Sali  197205182 2042 2134 2042 1798 1494 1280 1067 1036 1189 1372 1707 1981
394A Sali  197205191 2225 2316 2256 2012 1768 1341 1128  945  945 1097 1341 1646
394A Sali  197205192 1920 2103 2134 1981 1768 1463 1280 1128 1097 1158 1341 1646
394A Sali  197205201 1890 2073 2103 2042 1859 1524 1311 1036  975  975 1097 1372
394A Sali  197205202 1646 1859 1981 2042 1920 1707 1494 1311 1128 1128 1250 1372
394A Sali  197205211 1615 1829 1951 2012 1859 1646 1463 1158 1006  914  975 1189
394A Sali  197205212 1433 1646 1859 1951 1981 1859 1707 1463 1250 1158 1158 1219
394A Sali  197205221 1372 1585 1798 1890 1920 1829 1646 1463 1251 1097 1097 1189
394A Sali  197205222 1311 1585 1768 2012 2073 2042 1920 1737 1524 1341 1219 1189
394A Sali  197205231 1311 1433 1676 1798 1859 1859 1768 1585 1463 1250 1158 1189
394A Sali  197205232 1280 1433 1676 1859 2042 2164 2103 2012 1768 1554 1372 1280
394A Sali  197205241 1280 1372 1463 1615 1768 1859 1890 1768 1646 1463 1341 1250
394A Sali  197205242 1250 1372 1554 1707 1981 2042 2012 1981 1890 1707 1494 1311
394A Sali  197205251 1250 1250 1311 1433 1585 1737 1768 1798 1615 1524 1372 1280
394A Sali  197205252 1219 1189 1280 1463 1707 1859 2103 2073 1981 1798 1676 1463
394A Sali  197205261 1341 1219 1219 1280 1402 1524 1676 1737 1707 1585 1494 1372
394A Sali  197205262 1189 1158 1189 1372 1494 1707 1951 2103 2073 1981 1829 1646
394A Sali  197205271 1463 1280 1189 1219 1280 1372 1524 1707 1737 1676 1585 1433
394A Sali  197205272 1280 1189 1128 1219 1375 1585 1768 1981 2042 2042 1951 1768
394A Sali  197205281 1585 1341 1189 1128 1128 1250 1463 1554 1676 1737 1646 1494
394A Sali  197205282 1311 1158 1097 1128 1250 1433 1615 1890 2012 2103 2042 1920
394A Sali  197205291 1737 1463 1280 1128 1036 1128 1311 1433 1615 1707 1707 1646
394A Sali  197205292 1463 1341 1158 1097 1128 1280 1494 1768 1920 2103 2103 2042
394A Sali  197205301 1890 1646 1433 1219 1097 1097 1189 1372 1554 1707 1768 1737
394A Sali  197205302 1615 1433 1311 1128 1128 1158 1341 1615 1859 2073 2134 2134
394A Sali  197205311 2012 1798 1554 1311 1128 1067 1097 1219 1402 1585 1737 1798
394A Sali  197205312 1737 1646 1402 1250 1158 1158 1250 1463 1676 1951 2073 2164
394A Sali  197206011 2134 1890 1676 1402 1250 1036 1067 1158 1311 1524 1707 1798
394A Sali  197206012 1829 1737 1554 1341 1189 1097 1097 1250 1463 1707 1920 2073
394A Sali  197206021 2103 2012 1798 1524 1219 1067 1006 1036 1189 1402 1615 1737
394A Sali  197206022 1829 1829 1676 1524 1402 1189 1128 1250 1402 1554 1829 2012
394A Sali  197206031 2103 2103 1981 1768 1524 1250 1097 1036 1189 1311 1554 1768
394A Sali  197206032 1951 2012 1951 1768 1554 1433 1219 1219 1311 1463 1707 1920
394A Sali  197206041 2073 2164 2042 1890 1646 1402 1219 1097 1128 1219 1433 1676
394A Sali  197206042 1890 2073 2103 2012 1768 1554 1433 1311 1250 1311 1524 1707
394A Sali  197206051 1920 2073 2073 1981 1798 1554 1331 1158 1097 1128 1250 1524
394A Sali  197206052 1768 2012 2103 2103 2012 1798 1585 1433 1311 1250 1311 1463
394A Sali  197206061 1707 1859 1981 1981 1920 1798 1524 1311 1128 1085 1158 1341
394A Sali  197206062 1585 1859 2042 2195 2195 2042 1859 1615 1402 1250 1280 1311
394A Sali  197206071 1463 1676 1829 1951 1951 1829 1615 1433 1219 1097 1067 1158
394A Sali  197206072 1372 1646 1920 2134 2256 2253 2131 1920 1675 1452 1298 1250
394A Sali  197206081 1312 1459 1646 1798 1920 1920 1829 1646 1341 1189 1097 1097
394A Sali  197206082 1189 1433 1676 1981 2195 2316 2286 2164 1859 1615 1341 1250
394A Sali  197206091 1189 1280 1433 1646 1768 1890 1920 1798 1646 1402 1158 1067
394A Sali  197206092 1067 1158 1463 1768 2103 2316 2408 2438 2256 2012 1646 1402
394A Sali  197206101 1219 1158 1280 1402 1676 1798 1951 1981 1859 1646 1402 1219
394A Sali  197206102 1036 1036 1189 1433 1737 2103 2347 2469 2438 2256 1981 1615
394A Sali  197206111 1311 1158 1036 1158 1311 1554 1768 1951 2012 1859 1646 1372
394A Sali  197206112 1128  975  975 1128 1402 1707 2042 2286 2438 2408 2195 1890
394A Sali  197206121 1554 1247 1036  975 1097 1250 1554 1798 1951 2012 1890 1676
394A Sali  197206122 1372 1128  975  945 1097 1372 1676 1981 2286 2408 2469 2225
394A Sali  197206131 1920 1554 1250 1036  914 1036 1250 1554 1798 1951 2042 1920
394A Sali  197206132 1707 1433 1189  945  975 1067 1372 1737 2042 2316 2408 2347
394A Sali  197206141 2103 1768 1402 1067  884  853  945 1219 1554 1829 2012 1981
394A Sali  197206142 1890 1615 1341 1067  914  914 1097 1311 1646 1981 2195 2286
394A Sali  197206151 2195 1981 1615 1219  975  853  762  945 1250 1554 1829 1951
394A Sali  197206152 1981 1859 1615 1280 1067  945  914 1036 1280 1585 1951 2134
394A Sali  197206161 2195 2103 1798 1463 1158  945  762  823 1006 1341 1615 1890
394A Sali  197206162 1981 1981 1829 1554 1311 1128  975  945 1097 1311 1615 1890
394A Sali  197206171 2012 2073 1951 1707 1372 1097  853  823  884 1097 1372 1615
394A Sali  197206172 1859 2012 2012 1859 1554 1341 1128 1006  975 1158 1372 1615
394A Sali  197206181 1829 1951 1920 1798 1554 1250 1006  853  823  914 1097 1372
394A Sali  197206182 1615 1859 1920 1859 1768 1524 1280 1036  975 1067 1158 1311
394A Sali  197206191 1524 1707 1859 1798 1646 1433 1158  945  884  884  975 1219
394A Sali  197206192 1433 1676 1890 1920 1829 1737 1554 1341 1097 1036 1036 1219
394A Sali  197206201 1433 1554 1646 1768 1737 1585 1372 1158  975  975 1006 1067
394A Sali  197206202 1311 1554 1798 1890 1951 1859 1707 1433 1311 1219 1097 1158
394A Sali  197206211 1219 1402 1585 1646 1707 1676 1494 1311 1189 1006  975 1006
394A Sali  197206212 1189 1372 1585 1829 1951 1920 1859 1676 1494 1311 1219 1158
394A Sali  197206221 1189 1280 1463 1554 1676 1615 1615 1433 1402 1189 1067 1036
394A Sali  197206222 1158 1311 1524 1768 1890 2012 1920 1859 1646 1463 1341 1219
394A Sali  197206231 1158 1189 1280 1463 1554 1615 1646 1615 1463 1311 1158 1097
394A Sali  197206232 1097 1158 1372 1615 1737 1920 1981 1951 1829 1676 1463 1280
394A Sali  197206241 1158 1158 1219 1341 1463 1615 1676 1646 1585 1463 1341 1189
394A Sali  197206242 1158 1128 1280 1463 1676 1890 2012 2012 2012 1859 1737 1524
394A Sali  197206251 1311 1189 1128 1250 1372 1494 1615 1676 1676 1585 1463 1311
394A Sali  197206252 1189 1158 1189 1341 1494 1737 1981 2042 2073 2042 1890 1707
394A Sali  197206261 1463 1280 1189 1158 1219 1433 1463 1646 1768 1646 1615 1524
394A Sali  197206262 1372 1189 1158 1189 1372 1615 1768 1981 2042 2073 1981 1829
394A Sali  197206271 1585 1372 1189 1097 1158 1280 1433 1585 1737 1798 1737 1585
394A Sali  197206272 1402 1250 1189 1158 1219 1402 1676 1920 2073 2164 2164 2042
394A Sali  197206281 1798 1585 1372 1189 1158 1219 1372 1554 1707 1829 1829 1768
394A Sali  197206282 1585 1433 1280 1189 1189 1311 1463 1768 2012 2195 2225 2164
394A Sali  197206291 2012 1768 1463 1219 1128 1158 1280 1433 1615 1798 1920 1890
394A Sali  197206292 1798 1615 1402 1219 1097 1158 1280 1524 1829 2042 2195 2195
394A Sali  197206301 2073 1890 1646 1402 1158 1097 1097 1280 1494 1707 1890 1951
394A Sali  197206302 1920 1768 1585 1311 1158 1097 1128 1280 1554 1829 2042 2164
394A Sali  197207011 2164 2042 1768 1463 1219 1067 1067 1128 1341 1615 1829 1981
394A Sali  197207012 2042 1981 1798 1524 1280 1158 1097 1158 1372 1585 1920 2073
394A Sali  197207021 2134 2103 1922 1676 1372 1128 1006 1036 1189 1433 1707 1981
394A Sali  197207022 2134 2134 2042 1798 1494 1341 1189 1158 1280 1524 1737 1951
394A Sali  197207031 2103 2164 2073 1829 1554 1311 1097 1036 1104 1280 1527 1795
394A Sali  197207032 2020 2149 2156 2042 1841 1601 1383 1245 1223 1315 1495 1718
394A Sali  197207041 1920 1981 2042 1859 1676 1341 1128 1006  945 1047 1250 1554
394A Sali  197207042 1890 2103 2164 2134 1951 1768 1494 1250 1128 1158 1219 1433
394A Sali  197207051 1676 1859 1981 1951 1768 1554 1311 1097  975  945 1036 1341
394A Sali  197207052 1585 1890 2073 2195 2134 1951 1707 1463 1250 1128 1097 1189
394A Sali  197207061 1433 1615 1768 1890 1829 1707 1463 1219 1006  945  914 1097
394A Sali  197207062 1311 1615 1951 2073 2195 2134 1951 1707 1402 1158 1067 1036
394A Sali  197207071 1128 1341 1524 1737 1768 1768 1646 1402 1189 1036  884  914
394A Sali  197207072 1081 1341 1676 1951 2134 2225 2195 1951 1707 1463 1250 1067
394A Sali  197207081 1006 1158 1341 1585 1707 1798 1798 1646 1433 1219 1036  914
394A Sali  197207082  945 1097 1341 1646 1981 2134 2286 2195 2042 1798 1494 1219
394A Sali  197207091 1097 1036 1097 1341 1554 1737 1829 1829 1737 1494 1280 1067
394A Sali  197207092  884  945 1097 1311 1707 2012 2164 2286 2225 2012 1737 1402
394A Sali  197207101 1219 1006 1006 1067 1280 1494 1737 1829 1859 1737 1494 1219
394A Sali  197207102  975  853  945 1067 1494 1676 2042 2256 2347 2195 2073 1737
394A Sali  197207111 1463 1158  975  975 1067 1311 1646 1798 1920 1951 1798 1463
394A Sali  197207112 1219 1097  975  975 1036 1372 1676 2012 2256 2316 2225 1981
394A Sali  197207121 1707 1280 1067  884  914 1067 1280 1585 1859 1981 1981 1798
394A Sali  197207122 1524 1280 1036  914  945 1097 1341 1768 2012 2256 2286 2195
394A Sali  197207131 1981 1646 1311 1006  884  945 1127 1402 1707 2012 2073 2103
394A Sali  197207132 1890 1646 1369 1128 1036 1097 1219 1524 1768 2073 2316 2316
394A Sali  197207141 2164 1920 1615 1280 1067  914 1006 1219 1524 1829 2073 2164
394A Sali  197207142 2134 1951 1676 1402 1158 1036 1036 1219 1494 1859 2042 2195
394A Sali  197207151 2195 2073 1798 1433 1158  975  914 1036 1311 1615 1890 2134
394A Sali  197207152 2225 2103 1890 1646 1372 1158 1036 1128 1280 1554 1859 2073
394A Sali  197207161 2134 2134 1951 1646 1341 1097  945  968 1128 1372 1676 1920
394A Sali  197207162 2134 2195 2042 1859 1585 1311 1158 1097 1189 1372 1615 1859
394A Sali  197207171 2042 2073 2012 1835 1585 1280 1067 1006 1067 1219 1463 1768
394A Sali  197207172 2012 2134 2134 1981 1829 1524 1372 1219 1158 1250 1433 1615
394A Sali  197207181 1859 1951 1981 1951 1707 1463 1219 1097 1036 1097 1341 1585
394A Sali  197207182 1859 2103 2134 2225 2042 1768 1463 1341 1219 1158 1341 1463
394A Sali  197207191 1676 1829 1859 1859 1737 1646 1433 1280 1067 1128 1189 1433
394A Sali  197207192 1737 1920 2103 2134 2073 1981 1829 1534 1280 1250 1250 1402
394A Sali  197207201 1463 1646 1768 1829 1798 1676 1554 1402 1250 1158 1158 1341
394A Sali  197207202 1524 1798 1951 2103 2073 2012 1920 1737 1554 1402 1341 1311
394A Sali  197207211 1402 1554 1676 1798 1768 1768 1646 1494 1372 1219 1219 1250
394A Sali  197207212 1402 1615 1798 1981 2103 2103 2042 1890 1676 1554 1463 1372
394A Sali  197207221 1402 1463 1646 1707 1829 1798 1768 1707 1554 1463 1341 1331
394A Sali  197207222 1402 1554 1737 1920 2042 2134 2134 2073 1933 1768 1585 1494
394A Sali  197207231 1433 1402 1524 1615 1707 1798 1829 1768 1615 1463 1341 1219
394A Sali  197207232 1311 1402 1524 1707 1920 2073 2134 2134 2042 1920 1707 1585
394A Sali  197207241 1372 1372 1402 1494 1585 1676 1798 1798 1768 1615 1494 1311
394A Sali  197207242 1250 1250 1341 1524 1707 1890 2073 2195 2103 1981 1859 1615
394A Sali  197207251 1463 1311 1280 1341 1402 1554 1676 1768 1768 1737 1615 1463
394A Sali  197207252 1311 1219 1250 1372 1524 1737 1951 2134 2134 2134 2042 1829
394A Sali  197207261 1585 1372 1250 1243 1324 1465 1627 1768 1829 1829 1768 1615
394A Sali  197207262 1402 1250 1189 1219 1341 1524 1746 1943 2073 2102 2022 1856
394A Sali  197207271 1643 1423 1245 1157 1178 1292 1463 1707 1829 1981 1951 1768
394A Sali  197207272 1615 1433 1280 1189 1219 1402 1615 1829 2103 2225 2195 2073
394A Sali  197207281 1859 1585 1402 1189 1097 1158 1341 1524 1798 1981 2042 1981
394A Sali  197207282 1798 1615 1433 1219 1067 1219 1402 1615 1829 2103 2195 2134
394A Sali  197207291 2012 1737 1463 1219 1067 1006 1158 1372 1646 1890 2042 2103
394A Sali  197207292 2012 1859 1585 1311 1158 1067 1128 1341 1585 1829 2012 2103
394A Sali  197207301 1951 1859 1554 1280 1006  945 1006 1158 1372 1707 2012 2134
394A Sali  197207302 2103 2012 1768 1463 1219 1067 1006 1128 1372 1585 1890 2042
394A Sali  197207311 2134 2012 1737 1463 1128  945  884 1006 1250 1554 1859 2103
394A Sali  197207312 2225 2195 2012 1768 1433 1158 1067  975 1067 1402 1615 1890
394A Sali  197208011 2042 1981 1890 1646 1341 1097  914  914 1006 1280 1615 1951
394A Sali  197208012 2134 2286 2256 2042 1707 1463 1189 1067 1036 1189 1402 1676
394A Sali  197208021 1951 2042 1981 1829 1585 1250 1067  975  975 1158 1372 1707
394A Sali  197208022 2012 2256 2316 2195 2042 1737 1433 1250 1097 1097 1341 1524
394A Sali  197208031 1676 1890 1981 1920 1768 1585 1311 1036  975 1006 1128 1433
394A Sali  197208032 1829 2042 2286 2377 2286 2012 1768 1402 1219 1097 1128 1280
394A Sali  197208041 1494 1737 1859 1981 1859 1676 1494 1250  975  945 1006 1158
394A Sali  197208042 1463 1707 1981 2195 2195 2134 1920 1585 1402 1158 1067 1097
394A Sali  197208051 1219 1402 1615 1768 1859 1707 1585 1311 1128  945  884  914
394A Sali  197208052 1067 1402 1646 1951 2103 2103 2073 1829 1585 1341 1097 1006
394A Sali  197208061 1036 1158 1372 1524 1676 1737 1707 1554 1341 1036  914  823
394A Sali  197208062  914 1067 1341 1585 1829 2042 2134 1981 1829 1585 1341 1158
394A Sali  197208071 1006 1036 1158 1341 1494 1737 1768 1676 1585 1402 1219  975
394A Sali  197208072  884  914 1128 1341 1585 1890 2042 2103 2012 1859 1585 1341
394A Sali  197208081 1128 1006 1036 1097 1311 1524 1798 1890 1829 1676 1463 1219
394A Sali  197208082 1036  914  914 1067 1341 1615 1858 2028 2078 1993 1801 1548
394A Sali  197208091 1280 1067  914  945 1067 1311 1554 1768 1890 1890 1768 1524
394A Sali  197208092 1250 1067  914  975 1097 1311 1646 1981 2073 2164 2073 1890
394A Sali  197208101 1585 1280 1006  914  975 1158 1433 1707 1920 2012 1981 1829
394A Sali  197208102 1615 1311 1128  975  975 1097 1372 1676 2012 2134 2164 2012
394A Sali  197208111 1829 1524 1158 1006  914  975 1219 1524 1768 1951 2073 2012
394A Sali  197208112 1798 1554 1311 1097  975  945 1128 1369 1646 1920 2073 2073
394A Sali  197208121 1890 1646 1311 1097  914  853  975 1250 1585 1859 2073 2117
394A Sali  197208122 2012 1798 1524 1250 1006  945  975 1158 1463 1737 1981 2073
394A Sali  197208131 1981 1829 1554 1219  975  853  914 1097 1311 1615 1920 2042
394A Sali  197208132 2073 2012 1737 1494 1189  975  975 1067 1250 1463 1737 1951
394A Sali  197208141 2012 1920 1737 1463 1189  945  884  914 1097 1402 1737 1981
394A Sali  197208142 2103 2073 1951 1676 1433 1158 1036  975 1067 1311 1554 1768
394A Sali  197208151 1859 1920 1768 1524 1280 1067  945  914 1067 1250 1524 1829
394A Sali  197208152 2012 2103 2012 1798 1554 1280  975  914 1006 1158 1311 1585
394A Sali  197208161 1737 1829 1829 1615 1433 1219 1036  945  975 1097 1311 1646
394A Sali  197208162 1859 1981 2012 1890 1768 1494 1280 1097 1036 1067 1219 1463
394A Sali  197208171 1646 1768 1798 1768 1615 1433 1219 1097 1036 1036 1189 1402
394A Sali  197208172 1676 1859 2012 2042 1951 1798 1585 1402 1280 1176 1158 1280
394A Sali  197208181 1433 1615 1707 1737 1676 1554 1402 1219 1036 1036 1189 1372
394A Sali  197208182 1524 1707 1859 1982 2012 1920 1737 1585 1402 1280 1197 1189
394A Sali  197208191 1280 1372 1494 1634 1707 1676 1524 1402 1189 1036 1097 1250
394A Sali  197208192 1494 1676 1859 1981 1981 1920 1829 1585 1402 1341 1219 1189
394A Sali  197208201 1250 1433 1524 1615 1676 1615 1524 1363 1189 1097 1036 1067
394A Sali  197208202 1189 1372 1615 1737 1859 1890 1859 1737 1524 1341 1280 1189
394A Sali  197208211 1189 1280 1402 1463 1554 1615 1585 1463 1311 1128 1097 1067
394A Sali  197208212 1097 1219 1402 1615 1829 1890 1920 1890 1737 1554 1433 1311
394A Sali  197208221 1250 1280 1311 1433 1554 1707 1768 1707 1646 1463 1341 1250
394A Sali  197208222 1219 1250 1402 1554 1768 1920 2042 2103 2012 1920 1676 1554
394A Sali  197208231 1433 1341 1341 1402 1554 1676 1798 1859 1859 1737 1585 1433
394A Sali  197208232 1250 1158 1219 1372 1524 1737 1951 2073 2103 2042 1829 1676
394A Sali  197208241 1463 1280 1219 1280 1433 1585 1737 1920 1981 1859 1737 1524
394A Sali  197208242 1311 1128 1067 1219 1372 1585 1798 1981 2073 2012 1951 1737
394A Sali  197208251 1494 1219 1128 1097 1189 1372 1615 1859 1951 1981 1951 1707
394A Sali  197208252 1494 1280 1158 1097 1189 1341 1585 1829 2042 2073 2042 1890
394A Sali  197208261 1646 1341 1097 1006 1036 1189 1433 1707 1920 2042 2073 1951
394A Sali  197208262 1707 1463 1219 1036  975 1067 1280 1585 1829 1981 2073 1981
394A Sali  197208271 1737 1494 1219 1006  945 1006 1219 1524 1798 2103 2195 2225
394A Sali  197208272 2012 1737 1433 1128  975  945 1097 1311 1646 1890 2073 2103
394A Sali  197208281 2012 1798 1494 1158  975  914 1036 1372 1676 2012 2225 2347
394A Sali  197208282 2316 2103 1829 1494 1158 1001 1002 1146 1394 1689 1956 2119
394A Sali  197208291 2134 1981 1737 1402 1128  914  945 1097 1372 1768 2073 2347
394A Sali  197208292 2438 2347 2134 1829 1463 1189 1006 1036 1158 1433 1737 1981
394A Sali  197208301 2103 2103 1890 1676 1372 1097  914  914 1097 1463 1768 2073
394A Sali  197208302 2347 2408 2286 2134 1768 1463 1219 1036 1036 1250 1463 1707
394A Sali  197208311 1951 2042 2042 1829 1524 1280  975  884  914 1067 1341 1768
394A Sali  197208312 2012 2286 2316 2256 1951 1676 1372 1128 1036 1036 1250 1494
394A Sali  197209011 1737 1920 1981 1920 1737 1433 1189 1036  853  945 1158 1433
394A Sali  197209012 1768 2073 2225 2225 2103 1951 1615 1341 1128 1036 1097 1280
394A Sali  197209021 1524 1768 1920 1951 1859 1676 1402 1189  975  914 1006 1128
394A Sali  197209022 1433 1707 1981 2103 2103 1900 1615 1341 1150 1036  975 1067
394A Sali  197209031 1250 1433 1646 1768 1798 1707 1554 1311 1128  945  853  975
394A Sali  197209032 1128 1372 1646 1857 1986 2003 1901 1715 1492 1280 1097 1067
394A Sali  197209041 1097 1242 1433 1615 1768 1829 1737 1585 1402 1189 1006  945
394A Sali  197209042  975 1128 1341 1615 1829 1981 2042 1981 1768 1554 1311 1158
394A Sali  197209051 1097 1128 1250 1463 1676 1798 1890 1798 1676 1524 1311 1128
394A Sali  197209052 1036 1067 1219 1463 1707 1920 2042 2103 2042 1859 1615 1433
394A Sali  197209061 1250 1128 1158 1341 1524 1768 1920 2012 1981 1859 1646 1463
394A Sali  197209062 1280 1189 1158 1311 1524 1768 2012 2134 2195 2073 1890 1646
394A Sali  197209071 1402 1250 1158 1189 1341 1585 1829 1981 2073 2012 1859 1676
394A Sali  197209072 1402 1189 1097 1128 1280 1494 1737 1920 2073 2103 2012 1829
394A Sali  197209081 1524 1280 1128 1067 1158 1402 1585 1798 2012 2103 2042 1859
394A Sali  197209082 1615 1341 1097 1036 1067 1219 1494 1737 1920 2042 2012 1890
394A Sali  197209091 1676 1433 1189 1036 1036 1128 1372 1646 1920 2103 2134 2042
394A Sali  197209092 1829 1524 1311 1128 1036 1067 1250 1494 1737 1920 2042 2012
394A Sali  197209101 1798 1585 1280 1067  975  975 1219 1445 1707 1920 2073 2134
394A Sali  197209102 1981 1737 1524 1219 1067 1006 1097 1280 1524 1829 1920 2017
394A Sali  197209111 1981 1768 1494 1250 1036 1006 1036 1311 1615 1829 2012 2134
394A Sali  197209112 2134 1951 1689 1402 1158 1006 1006 1128 1372 1646 1859 1951
394A Sali  197209121 1951 1798 1585 1311 1128 1006 1006 1158 1402 1676 1951 2103
394A Sali  197209122 2134 2012 1859 1585 1280 1128  975 1036 1158 1402 1646 1829
394A Sali  197209131 1890 1859 1676 1433 1250 1097 1036 1036 1250 1463 1798 1951
394A Sali  197209132 2073 2103 1951 1737 1433 1250 1036 1036 1067 1219 1433 1646
394A Sali  197209141 1768 1829 1737 1524 1311 1128 1006  975 1097 1280 1524 1829
394A Sali  197209142 1981 2042 1981 1859 1585 1341 1189 1097 1067 1189 1341 1585
394A Sali  197209151 1707 1768 1768 1646 1433 1280 1097 1036 1036 1158 1463 1646
394A Sali  197209152 1829 1981 2042 1951 1768 1524 1372 1189 1158 1189 1372 1494
394A Sali  197209161 1676 1768 1798 1768 1646 1463 1250 1158 1128 1189 1311 1585
394A Sali  197209162 1798 1951 2012 2042 1920 1737 1585 1402 1311 1250 1311 1372
394A Sali  197209171 1554 1676 1768 1798 1737 1585 1433 1280 1158 1158 1219 1402
394A Sali  197209172 1554 1768 1920 1981 1981 1859 1676 1494 1311 1280 1250 1280
394A Sali  197209181 1433 1585 1676 1737 1737 1646 1494 1341 1250 1158 1158 1250
394A Sali  197209182 1372 1615 1737 1890 1981 1890 1798 1615 1463 1402 1311 1250
394A Sali  197209191 1311 1433 1554 1646 1737 1737 1676 1524 1372 1250 1158 1189
394A Sali  197209192 1250 1372 1585 1737 1829 1920 1829 1707 1585 1402 1311 1219
394A Sali  197209201 1219 1250 1402 1554 1676 1768 1737 1676 1524 1372 1250 1158
394A Sali  197209202 1158 1250 1372 1615 1768 1890 1951 1890 1768 1615 1433 1280
394A Sali  197209211 1219 1128 1280 1433 1615 1768 1859 1829 1768 1615 1402 1280
394A Sali  197209212 1158 1128 1189 1402 1585 1768 1890 1951 1920 1768 1554 1341
394A Sali  197209221 1189 1097 1128 1250 1463 1646 1859 1981 1981 1859 1676 1433
394A Sali  197209222 1219 1097 1067 1158 1341 1615 1798 1920 2012 1920 1737 1494
394A Sali  197209231 1280 1097 1067 1067 1280 1524 1768 2012 2073 2103 1920 1707
394A Sali  197209232 1463 1189 1036 1006 1128 1341 1585 1859 1981 2012 1920 1676
394A Sali  197209241 1463 1219 1067  975 1097 1280 1585 1934 2225 2256 2256 2012
394A Sali  197209242 1768 1433 1158 1006  975 1097 1372 1646 1890 2073 2073 1951
394A Sali  197209251 1676 1372 1158  975  945 1097 1402 1707 2042 2316 2377 2316
394A Sali  197209252 2103 1737 1402 1097  975  975 1128 1372 1737 1951 2134 2103
394A Sali  197209261 1920 1646 1341 1036  914  945 1142 1463 1829 2134 2408 2469
394A Sali  197209262 2377 2073 1737 1372 1036  914  975 1158 1433 1768 2042 2134
394A Sali  197209271 2134 1920 1615 1311 1036  884  945 1158 1524 1890 2256 2499
394A Sali  197209272 2499 2347 2103 1707 1372 1050  884 1036 1219 1494 1829 2073
394A Sali  197209281 2164 2103 1890 1554 1250  945  884  975 1219 1585 1920 2225
394A Sali  197209282 2408 2469 2316 2012 1585 1280 1097  945 1067 1219 1585 1890
394A Sali  197209291 2103 2134 2103 1829 1494 1219  975  853  945 1189 1554 1920
394A Sali  197209292 2225 2377 2377 2225 1951 1615 1311 1097 1036 1097 1311 1585
394A Sali  197209301 1859 2073 2073 2012 1768 1494 1219 1006  945 1006 1219 1554
394A Sali  197209302 1829 2134 2256 2256 2103 1829 1524 1250 1067 1006 1128 1341
394A Sali  197210011 1585 1829 1951 1981 1890 1676 1402 1219 1036 1006 1067 1280
394A Sali  197210012 1554 1798 2012 2134 2134 1951 1737 1463 1250 1097 1067 1219
394A Sali  197210021 1372 1615 1829 1920 1951 1890 1646 1463 1219 1097 1067 1097
394A Sali  197210022 1311 1554 1768 1981 2073 2073 1951 1737 1463 1280 1189 1128
394A Sali  197210031 1189 1402 1615 1798 1920 1951 1890 1676 1463 1250 1128 1067
394A Sali  197210032 1097 1250 1494 1707 1890 1951 1951 1859 1615 1402 1280 1128
394A Sali  197210041 1097 1189 1341 1554 1737 1859 1920 1890 1737 1524 1311 1158
394A Sali  197210042 1097 1097 1250 1433 1646 1829 1890 1890 1829 1615 1372 1219
394A Sali  197210051 1067 1036 1097 1341 1524 1737 1859 1951 1859 1707 1494 1311
394A Sali  197210052 1128 1036 1067 1189 1402 1615 1768 1859 1890 1768 1585 1402
394A Sali  197210061 1189 1067 1036 1158 1341 1585 1798 1951 2012 1951 1768 1524
394A Sali  197210062 1311 1097 1036 1067 1158 1372 1615 1768 1920 1890 1768 1554
394A Sali  197210071 1341 1158 1036 1036 1158 1372 1676 1890 2012 2042 1951 1737
394A Sali  197210072 1524 1219 1067 1006 1006 1189 1402 1585 1798 1859 1829 1676
394A Sali  197210081 1463 1250 1036 1006 1036 1219 1494 1768 1981 2042 2012 1920
394A Sali  197210082 1646 1372 1128  945  929 1036 1189 1402 1615 1798 1829 1768
394A Sali  197210091 1585 1402 1128 1006  975 1036 1280 1494 1768 2012 2073 1981
394A Sali  197210092 1829 1615 1311 1067  945  914 1036 1250 1494 1676 1798 1798
394A Sali  197210101 1707 1463 1250 1036  945  975 1097 1341 1585 1890 2012 2042
394A Sali  197210102 1951 1707 1402 1158  975  914  884 1097 1280 1524 1676 1737
394A Sali  197210111 1676 1554 1341 1097  914  884  975 1158 1402 1676 1890 1951
394A Sali  197210112 1951 1829 1585 1311 1067  853  823  884 1097 1341 1524 1646
394A Sali  197210121 1676 1585 1402 1189 1006  853  853  975 1250 1463 1707 1859
394A Sali  197210122 1920 1859 1676 1402 1128  945  823  853  975 1158 1402 1554
394A Sali  197210131 1615 1615 1494 1280 1097  975  853  914 1036 1341 1615 1798
394A Sali  197210132 1920 1920 1798 1585 1341 1128  945  914  975 1128 1311 1494
394A Sali  197210141 1646 1676 1646 1463 1250 1097  945  914 1036 1219 1494 1676
394A Sali  197210142 1859 1920 1890 1737 1494 1250 1097 1006 1006 1097 1219 1433
394A Sali  197210151 1585 1646 1676 1524 1433 1219 1036  975  975 1097 1280 1524
394A Sali  197210152 1737 1829 1859 1798 1646 1433 1250 1097  975  975 1097 1250
394A Sali  197210161 1433 1585 1646 1585 1524 1341 1158 1036  975 1006 1097 1311
394A Sali  197210162 1524 1676 1798 1798 1707 1524 1341 1189 1036 1036 1067 1158
394A Sali  197210171 1341 1494 1615 1646 1615 1494 1311 1189 1067 1006 1036 1189
394A Sali  197210172 1341 1554 1676 1737 1737 1646 1524 1341 1158 1067 1036 1067
394A Sali  197210181 1219 1372 1585 1615 1707 1676 1585 1433 1250 1158 1067 1097
394A Sali  197210182 1219 1372 1554 1676 1768 1768 1676 1524 1402 1219 1128 1097
394A Sali  197210191 1128 1311 1463 1646 1798 1798 1798 1676 1524 1341 1219 1128
394A Sali  197210192 1158 1219 1402 1585 1707 1798 1829 1707 1524 1341 1219 1128
394A Sali  197210201 1128 1189 1341 1524 1768 1890 1920 1890 1737 1554 1341 1189
394A Sali  197210202 1067 1067 1158 1372 1554 1692 1768 1798 1707 1494 1311 1128
394A Sali  197210211 1067 1067 1158 1372 1594 1811 1976 2047 2001 1850 1635 1404
394A Sali  197210212 1206 1087 1078 1176 1349 1548 1721 1821 1816 1707 1494 1280
394A Sali  197210221 1128  975 1006 1158 1433 1737 1981 2195 2195 2134 1890 1646
394A Sali  197210222 1341 1097  945  945 1097 1311 1585 1768 1890 1890 1768 1554
394A Sali  197210231 1280 1067  975  975 1189 1463 1829 2103 2316 2347 2256 1981
394A Sali  197210232 1646 1341 1067  914  914 1097 1372 1646 1890 1981 1981 1798
394A Sali  197210241 1524 1219 1006  914  945 1158 1524 1859 2225 2377 2438 2286
394A Sali  197210242 1981 1646 1250  975  853  914 1158 1433 1707 1890 2012 1981
394A Sali  197210251 1768 1463 1128  884  792  853 1128 1524 1920 2256 2408 2408
394A Sali  197210252 2256 1951 1615 1250  975  824  853 1097 1402 1737 1951 2012
394A Sali  197210261 1920 1676 1372 1067  823  792  884 1158 1524 1890 2225 2377
394A Sali  197210262 2347 2134 1798 1433 1097  853  792  884 1189 1524 1829 2012
394A Sali  197210271 2073 1951 1737 1463 1189  975  874  945 1219 1585 1951 2225
394A Sali  197210272 2316 2316 2103 1768 1341 1036  853  823  975 1250 1554 1829
394A Sali  197210281 1981 2042 1920 1646 1372 1097  914  853  975 1250 1585 1920
394A Sali  197210282 2195 2286 2256 2073 1798 1463 1219 1019  975 1097 1341 1676
394A Sali  197210291 1890 2042 2073 1951 1737 1463 1189 1006  945 1067 1311 1585
394A Sali  197210292 1890 2073 2134 2134 1920 1646 1341 1128 1006 1006 1128 1372
394A Sali  197210301 1646 1859 2012 2012 1920 1676 1463 1280 1128 1006 1128 1341
394A Sali  197210302 1585 1859 2012 2073 2012 1859 1646 1402 1189 1097 1067 1189
394A Sali  197210311 1372 1676 1829 1981 1981 1920 1737 1494 1280 1158 1097 1128
394A Sali  197210312 1311 1554 1737 1890 1920 1890 1768 1615 1402 1250 1119 1097
394A Sali  197211011 1189 1402 1646 1798 1951 1951 1920 1737 1524 1341 1219 1158
394A Sali  197211012 1158 1280 1463 1646 1768 1829 1829 1707 1554 1402 1250 1158
394A Sali  197211021 1158 1250 1463 1676 1859 2012 2042 1951 1798 1646 1463 1280
394A Sali  197211022 1219 1250 1372 1524 1707 1859 1920 1859 1768 1615 1463 1311
394A Sali  197211031 1219 1250 1341 1585 1768 1951 2073 2073 1981 1829 1610 1402
394A Sali  197211032 1280 1128 1219 1311 1433 1615 1737 1798 1768 1707 1524 1402
394A Sali  197211041 1250 1189 1219 1341 1585 1798 1981 2042 2073 1981 1829 1615
394A Sali  197211042 1402 1250 1189 1219 1311 1463 1676 1798 1859 1829 1737 1615
394A Sali  197211051 1494 1341 1280 1250 1372 1585 1798 1981 2073 2073 2012 1859
394A Sali  197211052 1737 1615 1494 1402 1341 1372 1463 1646 1798 1890 1890 1798
394A Sali  197211061 1676 1554 1402 1280 1311 1463 1646 1859 2042 2164 2164 2103
394A Sali  197211062 1920 1737 1554 1341 1250 1250 1341 1524 1707 1829 1890 1829
394A Sali  197211071 1737 1585 1463 1341 1280 1341 1494 1707 1920 2103 2195 2164
394A Sali  197211072 2042 1859 1676 1463 1311 1219 1250 1372 1524 1737 1859 1890
394A Sali  197211081 1829 1707 1554 1402 1311 1280 1341 1494 1676 1859 2042 2073
394A Sali  197211082 2012 1859 1646 1463 1311 1189 1158 1219 1402 1585 1768 1829
394A Sali  197211091 1829 1737 1585 1402 1250 1189 1219 1372 1554 1798 1951 2073
394A Sali  197211092 2073 2012 1829 1646 1463 1280 1158 1189 1311 1463 1646 1829
394A Sali  197211101 1890 1859 1676 1615 1494 1341 1311 1372 1494 1737 1951 2149
394A Sali  197211102 2225 2134 2001 1829 1585 1402 1280 1250 1311 1433 1585 1768
394A Sali  197211111 1859 1859 1768 1646 1524 1372 1250 1250 1311 1494 1707 1890
394A Sali  197211112 2073 2103 2042 1890 1676 1494 1250 1128 1128 1250 1402 1646
394A Sali  197211121 1829 1951 1951 1829 1676 1554 1433 1311 1250 1311 1554 1798
394A Sali  197211122 2012 2103 2103 2012 1890 1707 1524 1372 1311 1280 1341 1494
394A Sali  197211131 1585 1737 1798 1829 1768 1676 1585 1494 1433 1463 1554 1676
394A Sali  197211132 1798 1829 2012 2042 1951 1798 1585 1433 1311 1311 1402 1585
394A Sali  197211141 1737 1930 2042 2042 1989 1890 1707 1524 1433 1402 1463 1676
394A Sali  197211142 1920 2134 2195 2164 2042 1829 1646 1463 1311 1311 1372 1524
394A Sali  197211151 1737 1920 2073 2103 2012 1890 1707 1524 1372 1311 1372 1463
394A Sali  197211152 1676 1890 2012 2042 2012 1859 1646 1463 1280 1158 1189 1311
394A Sali  197211161 1494 1707 1859 2012 2042 2012 1859 1676 1494 1341 1280 1341
394A Sali  197211162 1463 1646 1829 1951 1981 1920 1798 1615 1494 1341 1249 1250
394A Sali  197211171 1402 1615 1829 2012 2073 2073 1981 1798 1585 1341 1280 1219
394A Sali  197211172 1311 1433 1585 1798 1859 1859 1798 1646 1524 1311 1158 1189
394A Sali  197211181 1311 1433 1707 1920 2103 2195 2195 2042 1829 1676 1433 1250
394A Sali  197211182 1280 1280 1494 1646 1768 1890 1890 1829 1676 1433 1280 1189
394A Sali  197211191 1158 1280 1463 1768 2042 2225 2347 2316 2134 1890 1646 1402
394A Sali  197211192 1219 1158 1219 1402 1585 1798 1890 1920 1859 1676 1463 1250
394A Sali  197211201 1128 1067 1219 1433 1768 2042 2286 2408 2377 2195 1890 1524
394A Sali  197211202 1280 1128 1036 1128 1280 1554 1768 1890 1890 1829 1615 1372
394A Sali  197211211 1128  947  885  965 1177 1477 1800 2071 2221 2208 2036 1747
394A Sali  197211212 1402 1097  975  914  968 1152 1410 1669 1857 1915 1825 1619
394A Sali  197211221 1352 1085  892  835  938 1186 1529 1889 2183 2338 2316 2134
394A Sali  197211222 1737 1372 1067  853  823  914 1219 1524 1829 1951 1920 1768
394A Sali  197211231 1524 1189  884  732  732  914 1250 1615 2012 2256 2316 2195
394A Sali  197211232 1981 1585 1158  884  732  701  914 1189 1554 1829 1951 1951
394A Sali  197211241 1737 1433 1128  853  762  762  945 1250 1646 1981 2286 2316
394A Sali  197211242 2225 1859 1524 1158  853  701  732  945 1250 1585 1890 1981
394A Sali  197211251 1981 1798 1524 1219  945  823  823 1036 1341 1737 2073 2256
394A Sali  197211252 2286 2195 1890 1585 1158  884  792  853 1097 1372 1707 1981
394A Sali  197211261 2073 2042 1890 1585 1250  975  884  914 1067 1402 1676 1981
394A Sali  197211262 2195 2195 2012 1707 1372 1036  792  701  762  975 1219 1554
394A Sali  197211271 1798 1951 1890 1707 1463 1158  945  823  823  975 1250 1524
394A Sali  197211272 1798 1951 1981 1859 1615 1280 1036  792  762  884 1097 1402
394A Sali  197211281 1707 1890 1981 1890 1768 1463 1189  975  914  945 1128 1341
394A Sali  197211282 1646 1829 1890 1920 1707 1524 1219  975  853  823  975 1219
394A Sali  197211291 1524 1737 1920 1951 1951 1737 1524 1280 1097 1006 1067 1158
394A Sali  197211292 1402 1615 1737 1829 1798 1615 1433 1189 1006  884  945 1097
394A Sali  197211301 1311 1554 1737 1920 1981 1920 1707 1524 1280 1128 1067 1067
394A Sali  197211302 1219 1372 1554 1707 1737 1707 1604 1435 1242 1069  964  956
394A Sali  197212011 1053 1260 1492 1701 1843 1886 1817 1660 1455 1252 1095 1019
394A Sali  197212012 1036 1097 1240 1392 1511 1563 1525 1412 1250 1097  975  914
394A Sali  197212021  945 1067 1280 1494 1676 1798 1859 1768 1585 1402 1189 1067
394A Sali  197212022 1006 1036 1189 1311 1402 1554 1615 1615 1524 1341 1189 1067
394A Sali  197212031 1036 1067 1250 1463 1676 1859 1981 1951 1859 1707 1524 1311
394A Sali  197212032 1158 1097 1128 1250 1372 1524 1676 1707 1646 1531 1372 1250
394A Sali  197212041 1189 1128 1189 1372 1615 1798 1981 2042 2042 1890 1737 1554
394A Sali  197212042 1311 1189 1128 1189 1311 1463 1646 1707 1737 1707 1585 1402
394A Sali  197212051 1280 1158 1158 1311 1463 1676 1890 2073 2103 2042 1890 1707
394A Sali  197212052 1463 1311 1158 1128 1250 1341 1524 1707 1798 1829 1737 1585
394A Sali  197212061 1402 1280 1189 1250 1372 1585 1798 2012 2134 2164 2073 1920
394A Sali  197212062 1676 1433 1280 1189 1128 1250 1433 1646 1798 1859 1829 1737
394A Sali  197212071 1554 1372 1250 1189 1250 1402 1615 1859 2042 2164 2164 2042
394A Sali  197212072 1829 1615 1311 1158 1067 1097 1219 1433 1585 1768 1829 1737
394A Sali  197212081 1615 1463 1219 1128 1158 1250 1402 1646 1890 2042 2134 2103
394A Sali  197212082 1951 1768 1494 1250 1097 1097 1189 1311 1585 1768 1859 1890
394A Sali  197212091 1768 1646 1433 1219 1158 1219 1311 1524 1768 2012 2164 2195
394A Sali  197212092 2134 1890 1676 1402 1189 1128 1158 1280 1494 1737 1890 1951
394A Sali  197212101 1951 1829 1646 1402 1280 1250 1250 1402 1646 1859 2073 2195
394A Sali  197212102 2164 2073 1829 1585 1341 1128 1128 1219 1372 1585 1829 1951
394A Sali  197212111 2012 1981 1768 1615 1433 1250 1219 1280 1463 1676 1920 2042
394A Sali  197212112 2164 2134 1951 1676 1402 1189 1128 1128 1189 1433 1646 1920
394A Sali  197212121 2012 2042 1920 1768 1554 1372 1219 1250 1341 1524 1768 1981
394A Sali  197212122 2103 2103 2012 1859 1646 1341 1128 1097 1189 1311 1524 1768
394A Sali  197212131 1981 2073 2073 1951 1737 1554 1341 1219 1250 1372 1585 1798
394A Sali  197212132 1951 2012 2042 1920 1707 1463 1250 1067 1097 1158 1372 1585
394A Sali  197212141 1829 1951 2103 2042 1890 1676 1463 1311 1219 1189 1341 1524
394A Sali  197212142 1707 1890 1981 1951 1798 1585 1372 1219 1128 1158 1250 1463
394A Sali  197212151 1707 1951 2134 2225 2134 2012 1798 1554 1341 1280 1250 1372
394A Sali  197212152 1554 1768 1890 1951 1890 1768 1554 1311 1158 1036 1067 1189
394A Sali  197212161 1372 1585 1859 1951 2042 1890 1707 1463 1189  975  884  884
394A Sali  197212162  945 1128 1250 1372 1433 1372 1250 1067  823  671  640  610
394A Sali  197212171  792 1006 1341 1585 1737 1768 1676 1524 1311  975  853  762
394A Sali  197212172  732  853 1067 1250 1372 1433 1372 1280 1067  884  732  671
394A Sali  197212181  701  914 1158 1402 1707 1859 1981 1890 1737 1402 1158  914
394A Sali  197212182  792  792  945 1128 1311 1463 1554 1494 1372 1189  914  762
394A Sali  197212191  732  762  975 1250 1554 1890 2042 2164 2012 1829 1494 1219
394A Sali  197212192 1006  853  884  975 1219 1433 1585 1707 1676 1524 1341 1128
394A Sali  197212201  884  792  853 1067 1372 1737 2042 2225 2316 2225 1951 1676
394A Sali  197212202 1341 1067  914  975 1097 1341 1585 1829 1951 1920 1737 1524
394A Sali  197212211 1250 1036  945  975 1189 1494 1859 2164 2377 2408 2347 2073
394A Sali  197212212 1768 1341 1097  975  945 1158 1433 1737 1981 2103 2012 1798
394A Sali  197212221 1554 1158  975  914  914 1158 1494 1829 2134 2316 2347 2195
394A Sali  197212222 1859 1524 1189  914  762  823 1036 1341 1676 1920 2042 1951
394A Sali  197212231 1768 1433 1158  914  823  914 1128 1463 1859 2134 2286 2377
394A Sali  197212232 2195 1920 1524 1158  884  823  884 1128 1524 1829 2073 2195
394A Sali  197212241 2103 1890 1585 1341 1097  945 1006 1250 1524 1890 2164 2316
394A Sali  197212242 2286 2103 1798 1433 1097  853  792  914 1158 1494 1829 2042
394A Sali  197212251 2103 2012 1859 1524 1158  914  853  945 1067 1402 1768 2012
394A Sali  197212252 2134 2103 1951 1646 1311 1006  823  853 1006 1280 1615 1890
394A Sali  197212261 2134 2195 2103 1920 1585 1341 1036  975 1036 1250 1494 1798
394A Sali  197212262 2012 2103 2042 1859 1524 1250  945  823  823 1006 1311 1646
394A Sali  197212271 1859 2012 2073 1951 1737 1433 1189 1006  884  975 1158 1433
394A Sali  197212272 1646 1829 1890 1798 1585 1341 1067  853  792  853 1036 1311
394A Sali  197212281 1585 1829 1981 1981 1920 1646 1372 1189 1006  975 1067 1219
394A Sali  197212282 1463 1676 1798 1829 1737 1585 1341 1158 1006  975 1097 1250
394A Sali  197212291 1554 1798 2042 2103 2042 1920 1524 1311 1097  975  975 1067
394A Sali  197212292 1219 1402 1554 1646 1615 1524 1341 1128  945  853  884  975
394A Sali  197212301 1189 1433 1646 1829 1890 1829 1707 1494 1280 1097 1006 1006
394A Sali  197212302 1097 1250 1402 1524 1554 1554 1433 1280 1097  975  914  945
394A Sali  197212311 1067 1250 1463 1676 1798 1859 1798 1646 1463 1280 1128 1036
394A Sali  197212312 1036 1097 1219 1372 1463 1524 1494 1402 1250 1097  975  945
