394A Salina Cruz        Mexico              1979 16096N 095122W 0000 3 00000R MM
394A Sali  197901011 9999 9999 9999 9999 9999 9999 9999 9999 9999 9999 9999 9999
394A Sali  197901012 9999 9999 9999 9999 9999 9999 9999 9999 9999 9999 9999 9999
394A Sali  197901021 9999 9999 9999 9999 9999 9999 9999 9999 9999 9999 9999 9999
394A Sali  197901022 9999 9999 9999 9999 9999 9999 9999 9999 9999 9999 9999 9999
394A Sali  197901031 9999 9999 9999 9999 9999 9999 9999 9999 9999 9999 9999 9999
394A Sali  197901032 9999 9999 9999 9999 9999 9999 9999 9999 9999 9999 9999 9999
394A Sali  197901041 9999 9999 9999 9999 9999 9999 9999 9999 9999 9999 9999 9999
394A Sali  197901042 9999 9999 9999 9999 9999 9999 9999 9999 9999 9999 9999 9999
394A Sali  197901051 9999 9999 9999 9999 9999 9999 9999 9999 9999 9999 9999 9999
394A Sali  197901052 9999 9999 9999 9999 9999 9999 9999 9999 9999 9999 9999 9999
394A Sali  197901061 9999 9999 9999 9999 9999 9999 9999 9999 9999 9999 9999 9999
394A Sali  197901062 9999 9999 9999 9999 9999 9999 9999 9999 9999 9999 9999 9999
394A Sali  197901071 9999 9999 9999 9999 9999 9999 9999 9999 9999 9999 9999 9999
394A Sali  197901072 9999 9999 9999 9999 9999 9999 9999 9999 9999 9999 9999 9999
394A Sali  197901081 9999 9999 9999 9999 9999 9999 9999 9999 9999 9999 9999 9999
394A Sali  197901082 9999 9999 9999 9999 9999 9999 9999 9999 9999 9999 9999 9999
394A Sali  197901091 9999 9999 9999 9999 9999 9999 9999 9999 9999 9999 9999 9999
394A Sali  197901092 9999 9999 9999 9999 9999 9999 9999 9999 9999 9999 9999 9999
394A Sali  197901101 9999 9999 9999 9999 9999 9999 9999 9999 9999 9999 9999 9999
394A Sali  197901102 9999 9999 9999 9999 9999 9999 9999 9999 9999 9999 9999 9999
394A Sali  197901111 9999 9999 9999 9999 9999 9999 9999 9999 9999 9999 9999 9999
394A Sali  197901112 9999 9999 9999 9999 9999 9999 9999 9999 9999 9999 9999 9999
394A Sali  197901121 9999 9999 9999 9999 9999 9999 9999 9999 9999 9999 9999 9999
394A Sali  197901122 9999 9999 9999 9999 9999 9999 9999 9999 9999 9999 9999 9999
394A Sali  197901131 9999 9999 9999 9999 9999 9999 9999 9999 9999 9999 9999 9999
394A Sali  197901132 9999 9999 9999 9999 9999 9999 9999 9999 9999 9999 9999 9999
394A Sali  197901141 9999 9999 9999 9999 9999 9999 9999 9999 9999 9999 9999 9999
394A Sali  197901142 9999 9999 9999 9999 9999 9999 9999 9999 9999 9999 9999 9999
394A Sali  197901151 9999 9999 9999 9999 9999 9999 9999 9999 9999 9999 9999 9999
394A Sali  197901152 9999 9999 9999 9999 9999 9999 9999 9999 9999 9999 9999 9999
394A Sali  197901161 9999 9999 9999 9999 9999 9999 9999 9999 9999 9999 9999 9999
394A Sali  197901162 9999 9999 9999 9999 9999 9999 9999 9999 9999 9999 9999 9999
394A Sali  197901171 9999 9999 9999 9999 9999 9999 9999 9999 9999 9999 9999 9999
394A Sali  197901172 9999 9999 9999 9999 9999 9999 9999 9999 9999 9999 9999 9999
394A Sali  197901181 9999 9999 9999 9999 9999 9999 9999 9999 9999 9999 9999 9999
394A Sali  197901182 9999 9999 9999 9999 9999 9999 9999 9999 9999 9999 9999 9999
394A Sali  197901191 9999 9999 9999 9999 9999 9999 9999 9999 9999 9999 9999 9999
394A Sali  197901192 9999 9999 9999 9999 9999 9999 9999 9999 9999 9999 9999 9999
394A Sali  197901201 9999 9999 9999 9999 9999 9999 9999 9999 9999 9999 9999 9999
394A Sali  197901202 9999 9999 9999 9999 9999 9999 9999 9999 9999 9999 9999 9999
394A Sali  197901211 9999 9999 9999 9999 9999 9999 9999 9999 9999 9999 9999 9999
394A Sali  197901212 9999 9999 9999 9999 9999 9999 9999 9999 9999 9999 9999 9999
394A Sali  197901221 9999 9999 9999 9999 9999 9999 9999 9999 9999 9999 9999 9999
394A Sali  197901222 9999 9999 9999 9999 9999 9999 9999 9999 9999 9999 9999 9999
394A Sali  197901231 9999 9999 9999 9999 9999 9999 9999 9999 9999 9999 9999 9999
394A Sali  197901232 9999 9999 9999 9999 9999 9999 9999 9999 9999 9999 9999 9999
394A Sali  197901241 9999 9999 9999 9999 9999 9999 9999 9999 9999 9999 9999 9999
394A Sali  197901242 9999 9999 9999 9999 9999 9999 9999 9999 9999 9999 9999 9999
394A Sali  197901251 9999 9999 9999 9999 9999 9999 9999 9999 9999 9999 9999 9999
394A Sali  197901252 9999 9999 9999 9999 9999 9999 9999 9999 9999 9999 9999 9999
394A Sali  197901261 9999 9999 9999 9999 9999 9999 9999 9999 9999 9999 9999 9999
394A Sali  197901262 9999 9999 9999 9999 9999 9999 9999 9999 9999 9999 9999 9999
394A Sali  197901271 9999 9999 9999 9999 9999 9999 9999 9999 9999 9999 9999 9999
394A Sali  197901272 9999 9999 9999 9999 9999 9999 9999 9999 9999 9999 9999 9999
394A Sali  197901281 9999 9999 9999 9999 9999 9999 9999 9999 9999 9999 9999 9999
394A Sali  197901282 9999 9999 9999 9999 9999 9999 9999 9999 9999 9999 9999 9999
394A Sali  197901291 9999 9999 9999 9999 9999 9999 9999 9999 9999 9999 9999 9999
394A Sali  197901292 9999 9999 9999 9999 9999 9999 9999 9999 9999 9999 9999 9999
394A Sali  197901301 9999 9999 9999 9999 9999 9999 9999 9999 9999 9999 9999 9999
394A Sali  197901302 9999 9999 9999 9999 9999 9999 9999 9999 9999 9999 9999 9999
394A Sali  197901311 9999 9999 9999 9999 9999 9999 9999 9999 9999 9999 9999 9999
394A Sali  197901312 9999 9999 9999 9999 9999 9999 9999 9999 9999 9999 9999 9999
394A Sali  197902011 9999 9999 9999 9999 9999 9999 9999 9999 9999 9999 9999 9999
394A Sali  197902012 9999 9999 9999 9999 9999 9999 9999 9999 9999 9999 9999 9999
394A Sali  197902021 9999 9999 9999 9999 9999 9999 9999 9999 9999 9999 9999 9999
394A Sali  197902022 9999 9999 9999 9999 9999 9999 9999 9999 9999 9999 9999 9999
394A Sali  197902031 9999 9999 9999 9999 9999 9999 9999 9999 9999 9999 9999 9999
394A Sali  197902032 9999 9999 9999 9999 9999 9999 9999 9999 9999 9999 9999 9999
394A Sali  197902041 9999 9999 9999 9999 9999 9999 9999 9999 9999 9999 9999 9999
394A Sali  197902042 9999 9999 9999 9999 9999 9999 9999 9999 9999 9999 9999 9999
394A Sali  197902051 9999 9999 9999 9999 9999 9999 9999 9999 9999 9999 9999 9999
394A Sali  197902052 9999 9999 9999 9999 9999 9999 9999 9999 9999 9999 9999 9999
394A Sali  197902061 9999 9999 9999 9999 9999 9999 9999 9999 9999 9999 9999 9999
394A Sali  197902062 9999 9999 9999 9999 9999 9999 9999 9999 9999 9999 9999 9999
394A Sali  197902071 9999 9999 9999 9999 9999 9999 9999 9999 9999 9999 9999 9999
394A Sali  197902072 9999 9999 9999 9999 9999 9999 9999 9999 9999 9999 9999 9999
394A Sali  197902081 9999 9999 9999 9999 9999 9999 9999 9999 9999 9999 9999 9999
394A Sali  197902082 9999 9999 9999 9999 9999 9999 9999 9999 9999 9999 9999 9999
394A Sali  197902091 9999 9999 9999 9999 9999 9999 9999 9999 9999 9999 9999 9999
394A Sali  197902092 9999 9999 9999 9999 9999 9999 9999 9999 9999 9999 9999 9999
394A Sali  197902101 9999 9999 9999 9999 9999 9999 9999 9999 9999 9999 9999 9999
394A Sali  197902102 9999 9999 9999 9999 9999 9999 9999 9999 9999 9999 9999 9999
394A Sali  197902111 9999 9999 9999 9999 9999 9999 9999 9999 9999 9999 9999 9999
394A Sali  197902112 9999 9999 9999 9999 9999 9999 9999 9999 9999 9999 9999 9999
394A Sali  197902121 9999 9999 9999 9999 9999 9999 9999 9999 9999 9999 9999 9999
394A Sali  197902122 9999 9999 9999 9999 9999 9999 9999 9999 9999 9999 9999 9999
394A Sali  197902131 9999 9999 9999 9999 9999 9999 9999 9999 9999 9999 9999 9999
394A Sali  197902132 9999 9999 9999 9999 9999 9999 9999 9999 9999 9999 9999 9999
394A Sali  197902141 9999 9999 9999 9999 9999 9999 9999 9999 9999 9999 9999 9999
394A Sali  197902142 9999 9999 9999 9999 9999 9999 9999 9999 9999 9999 9999 9999
394A Sali  197902151 9999 9999 9999 9999 9999 9999 9999 9999 9999 9999 9999 9999
394A Sali  197902152 9999 9999 9999 9999 9999 9999 9999 9999 9999 9999 9999 9999
394A Sali  197902161 9999 9999 9999 9999 9999 9999 9999 9999 9999 9999 9999 9999
394A Sali  197902162 9999 9999 9999 9999 9999 9999 9999 9999 9999 9999 9999 9999
394A Sali  197902171 9999 9999 9999 9999 9999 9999 9999 9999 9999 9999 9999 9999
394A Sali  197902172 9999 9999 9999 9999 9999 9999 9999 9999 9999 9999 9999 9999
394A Sali  197902181 9999 9999 9999 9999 9999 9999 9999 9999 9999 9999 9999 9999
394A Sali  197902182 9999 9999 9999 9999 9999 9999 9999 9999 9999 9999 9999 9999
394A Sali  197902191 9999 9999 9999 9999 9999 9999 9999 9999 9999 9999 9999 9999
394A Sali  197902192 9999 9999 9999 9999 9999 9999 9999 9999 9999 9999 9999 9999
394A Sali  197902201 9999 9999 9999 9999 9999 9999 9999 9999 9999 9999 9999 9999
394A Sali  197902202 9999 9999 9999 9999 9999 9999 9999 9999 9999 9999 9999 9999
394A Sali  197902211 9999 9999 9999 9999 9999 9999 9999 9999 9999 9999 9999 9999
394A Sali  197902212 9999 9999 9999 9999 9999 9999 9999 9999 9999 9999 9999 9999
394A Sali  197902221 9999 9999 9999 9999 9999 9999 9999 9999 9999 9999 9999 9999
394A Sali  197902222 9999 9999 9999 9999 9999 9999 9999 9999 9999 9999 9999 9999
394A Sali  197902231 9999 9999 9999 9999 9999 9999 9999 9999 9999 9999 9999 9999
394A Sali  197902232 9999 9999 9999 9999 9999 9999 9999 9999 9999 9999 9999 9999
394A Sali  197902241 9999 9999 9999 9999 9999 9999 9999 9999 9999 9999 9999 9999
394A Sali  197902242 9999 9999 9999 9999 9999 9999 9999 9999 9999 9999 9999 9999
394A Sali  197902251 9999 9999 9999 9999 9999 9999 9999 9999 9999 9999 9999 9999
394A Sali  197902252 9999 9999 9999 9999 9999 9999 9999 9999 9999 9999 9999 9999
394A Sali  197902261 9999 9999 9999 9999 9999 9999 9999 9999 9999 9999 9999 9999
394A Sali  197902262 9999 9999 9999 9999 9999 9999 9999 9999 9999 9999 9999 9999
394A Sali  197902271 9999 9999 9999 9999 9999 9999 9999 9999 9999 9999 9999 9999
394A Sali  197902272 9999 9999 9999 9999 9999 9999 9999 9999 9999 9999 9999 9999
394A Sali  197902281 9999 9999 9999 9999 9999 9999 9999 9999 9999 9999 9999 9999
394A Sali  197902282 9999 9999 9999 9999 9999 9999 9999 9999 9999 9999 9999 9999
394A Sali  197903011 9999 9999 9999 9999 9999 9999 9999 1036 1402 1676 1951 2103
394A Sali  197903012 2103 1646 1372 1006  762  671  792 1067 1359 1646 1951 2184
394A Sali  197903021 2225 1951 1646 1311  945  762  732 1006 1280 1554 1768 2042
394A Sali  197903022 2042 1829 1524 1372 1128  853  701  823 1036 1372 1676 2073
394A Sali  197903031 2256 2134 1829 1576 1280  975  732  732  914 1219 1494 1737
394A Sali  197903032 2042 1920 1737 1524 1250 1036  792  640  762 1006 1372 1737
394A Sali  197903041 2103 2256 2195 1920 1585 1219  945  823  805  945 1250 1585
394A Sali  197903042 1829 1985 1981 1798 1494 1158  914  762  762  914 1219 1554
394A Sali  197903051 1890 2073 2134 2073 1798 1402 1097  884  792  792  975 1250
394A Sali  197903052 1524 1737 1798 1798 1615 1402 1097  884  762  732  884 1158
394A Sali  197903061 1494 1737 1920 1981 1951 1707 1433 1158  945  802  792  945
394A Sali  197903062 1158 1433 1615 1676 1684 1585 1372 1097  914  823  823  945
394A Sali  197903071 1219 1463 1707 1829 1891 1829 1646 1402 1158  945  884  853
394A Sali  197903072 1006 1219 1402 1524 1585 1554 1402 1189  975  853  823  823
394A Sali  197903081  975 1219 1463 1676 1737 1737 1676 1494 1280 1128  945  914
394A Sali  197903082  914 1067 1280 1463 1554 1585 1585 1463 1280 1128 1006  945
394A Sali  197903091  975 1128 1372 1554 1737 1798 1798 1707 1554 1372 1219 1097
394A Sali  197903092 1036 1067 1219 1402 1554 1646 1676 1646 1524 1372 1219 1128
394A Sali  197903101 1097 1128 1280 1463 1707 1798 1859 1859 1768 1615 1433 1280
394A Sali  197903102 1158 1128 1128 1280 1433 1585 1646 1707 1707 1554 1402 1280
394A Sali  197903111 1158 1158 1158 1311 1494 1646 1768 1829 1829 1737 1554 1372
394A Sali  197903112 1189 1067 1025 1067 1189 1372 1524 1585 1585 1585 1463 1311
394A Sali  197903121 1158 1036  965  975 1128 1311 1494 1615 1676 1676 1585 1433
394A Sali  197903122 1250 1097  975  975 1036 1189 1402 1554 1676 1707 1583 1404
394A Sali  197903131 1207 1036 1006 1036 1219 1402 1585 1707 1768 1768 1646 1494
394A Sali  197903132 1280 1097 1001 1006 1097 1311 1494 1707 1798 1798 1768 1585
394A Sali  197903141 1402 1195 1067 1067 1097 1280 1494 1707 1829 1895 1859 1676
394A Sali  197903142 1463 1219 1067  982 1006 1158 1402 1646 1798 1885 1859 1737
394A Sali  197903151 1554 1341 1128 1036 1036 1097 1311 1524 1676 1768 1768 1707
394A Sali  197903152 1554 1341 1097  975  914  975 1189 1402 1676 1859 1951 1890
394A Sali  197903161 1707 1494 1280 1128 1006 1006 1097 1311 1524 1707 1798 1798
394A Sali  197903162 1737 1554 1341 1128 1006  975 1067 1311 1585 1829 1951 2012
394A Sali  197903171 1951 1768 1524 1311 1128 1036 1036 1189 1433 1646 1798 1829
394A Sali  197903172 1829 1707 1494 1280 1097 1036 1036 1219 1494 1768 1981 2073
394A Sali  197903181 2103 2012 1768 1524 1280 1128 1097 1158 1402 1646 1829 1890
394A Sali  197903182 1914 1829 1615 1402 1189 1067 1036 1158 1402 1707 1981 2134
394A Sali  197903191 2164 2103 1920 1646 1372 1189 1066 1067 1219 1463 1676 1859
394A Sali  197903192 1920 1920 1768 1554 1341 1158 1046 1067 1250 1524 1757 1988
394A Sali  197903201 2143 2172 2164 2012 1737 1402 1158 1006  975 1128 1311 1585
394A Sali  197903202 1737 1859 1890 1768 1524 1311 1097  975  975 1128 1356 1641
394A Sali  197903211 1913 2101 2164 2103 1890 1585 1311 1097 1006 1006 1158 1372
394A Sali  197903212 1585 1768 1829 1798 1646 1402 1219 1036  975  975 1158 1402
394A Sali  197903221 1707 1951 2073 2103 2012 1798 1615 1341 1097 1006 1097 1158
394A Sali  197903222 1402 1615 1798 1829 1798 1615 1463 1250 1006  975 1067 1219
394A Sali  197903231 1494 1768 1951 2073 2073 1890 1676 1402 1219 1067 1006 1097
394A Sali  197903232 1250 1494 1646 1798 1798 1737 1524 1311 1097  975  945 1067
394A Sali  197903241 1189 1494 1737 1920 2012 1981 1829 1676 1402 1158 1006 1006
394A Sali  197903242 1097 1280 1494 1676 1798 1829 1768 1585 1372 1158 1036  945
394A Sali  197903251 1067 1219 1494 1707 1890 1981 1951 1768 1585 1311 1097  975
394A Sali  197903252  914 1036 1219 1433 1646 1798 1859 1798 1554 1311 1128  975
394A Sali  197903261  914  914 1067 1311 1554 1768 1890 1859 1707 1463 1250  975
394A Sali  197903262  884  792  884 1158 1433 1676 1859 1920 1859 1646 1402 1158
394A Sali  197903271  975  823  884 1036 1311 1554 1798 1890 1890 1737 1463 1189
394A Sali  197903272  945  762  701  884 1097 1433 1707 1859 1951 1951 1707 1463
394A Sali  197903281 1158  945  792  853  975 1219 1585 1798 1951 1920 1798 1494
394A Sali  197903282 1219  945  792  732  823 1128 1433 1798 2012 2103 2042 1829
394A Sali  197903291 1524 1158  884  732  762  945 1250 1554 1829 1951 1920 1768
394A Sali  197903292 1494 1158  884  732  732  884 1189 1615 1920 2134 2164 2134
394A Sali  197903301 1890 1524 1158  884  762  762  945 1311 1646 1859 1981 1981
394A Sali  197903302 1859 1554 1128  884  732  732  975 1280 1646 2012 2195 2256
394A Sali  197903311 2164 1859 1494 1158  823  762  762  975 1341 1676 1890 2012
394A Sali  197903312 1951 1768 1433 1097  823  732  792  975 1311 1676 2042 2225
394A Sali  197904011 2286 2103 1798 1402 1054  823  762  792 1067 1372 1768 1981
394A Sali  197904012 1981 1920 1707 1372 1067  853  762  823 1097 1433 1798 2042
394A Sali  197904021 2256 2225 2042 1737 1311 1158  884  853  884 1097 1463 1737
394A Sali  197904022 1951 1981 1890 1676 1372 1097  884  732  884 1097 1372 1764
394A Sali  197904031 1981 2103 2042 1768 1433 1128  853  701  701  853 1097 1341
394A Sali  197904032 1585 1768 1798 1646 1433 1128  914  732  732  792 1067 1402
394A Sali  197904041 1646 1859 1981 1920 1768 1463 1189 1006  823  762  853 1067
394A Sali  197904042 1341 1554 1707 1676 1585 1372 1158  975  853  823  945 1158
394A Sali  197904051 1402 1646 1798 1829 1768 1585 1341 1097  914  823  853  945
394A Sali  197904052 1158 1341 1585 1615 1585 1463 1280 1036  884  792  823  945
394A Sali  197904061 1158 1372 1585 1676 1737 1615 1433 1219 1036  853  762  792
394A Sali  197904062  945 1128 1341 1494 1524 1463 1341 1189 1006  853  853  853
394A Sali  197904071  975 1189 1402 1554 1646 1615 1524 1311 1189  975  853  823
394A Sali  197904072  884 1036 1189 1341 1524 1554 1524 1372 1250 1097  975  945
394A Sali  197904081  975 1097 1280 1463 1554 1646 1615 1524 1372 1219 1067  945
394A Sali  197904082  914 1006 1097 1280 1463 1615 1615 1585 1494 1341 1189 1067
394A Sali  197904091 1006 1006 1128 1280 1463 1585 1646 1646 1585 1433 1280 1097
394A Sali  197904092  975  945 1006 1128 1341 1494 1615 1646 1646 1463 1341 1158
394A Sali  197904101 1036  975 1036 1189 1311 1494 1615 1646 1646 1524 1341 1128
394A Sali  197904102 1006  945 1006 1189 1341 1524 1676 1768 1707 1585 1433 1250
394A Sali  197904111 1067  975  975 1158 1280 1494 1676 1707 1768 1646 1524 1341
394A Sali  197904112 1189 1067 1036 1158 1311 1494 1707 1798 1890 1829 1676 1494
394A Sali  197904121 1280 1158 1006 1006 1097 1280 1463 1615 1737 1707 1615 1494
394A Sali  197904122 1280 1036  975  975 1097 1311 1524 1737 1859 1920 1829 1707
394A Sali  197904131 1524 1250 1036  975  975 1097 1280 1470 1646 1737 1737 1615
394A Sali  197904132 1402 1250 1036  945  975 1097 1311 1524 1768 1890 1981 1920
394A Sali  197904141 1737 1494 1189  975  853  884 1006 1250 1433 1615 1707 1676
394A Sali  197904142 1554 1341 1097  914  853  884 1006 1280 1554 1798 1951 1981
394A Sali  197904151 1859 1646 1341 1006  823  792  823 1006 1250 1463 1615 1646
394A Sali  197904152 1585 1372 1128  853  762  732  853 1128 1341 1646 1890 1951
394A Sali  197904161 1920 1737 1433 1158  914  732  701  792 1036 1341 1524 1646
394A Sali  197904162 1676 1585 1402 1097  884  762  762  884 1158 1463 1768 1981
394A Sali  197904171 2012 2002 1859 1554 1219  975  732  762  869 1067 1341 1524
394A Sali  197904172 1676 1676 1524 1332 1097  884  792  853  975 1250 1585 1859
394A Sali  197904181 1981 2042 1890 1585 1311 1067  853  762  823 1006 1280 1524
394A Sali  197904182 1676 1768 1737 1554 1311 1067  884  853  884 1097 1341 1646
394A Sali  197904191 1890 2012 2012 1920 1615 1280 1036  853  792  853 1036 1280
394A Sali  197904192 1494 1676 1737 1676 1463 1219 1006  884  792  884 1097 1372
394A Sali  197904201 1646 1829 1951 1920 1768 1463 1219  945  823  792  792 1036
394A Sali  197904202 1341 1524 1707 1737 1646 1463 1280 1036  853  823  884 1058
394A Sali  197904211 1311 1576 1786 1893 1874 1726 1487 1220  983  828  792  914
394A Sali  197904212 1158 1341 1554 1707 1768 1646 1463 1219 1067  884  853  914
394A Sali  197904221 1128 1367 1615 1768 1829 1768 1646 1402 1158  914  853  792
394A Sali  197904222  945 1151 1402 1585 1737 1768 1707 1494 1280 1067  914  853
394A Sali  197904231  945 1097 1341 1554 1707 1798 1768 1585 1372 1097  914  823
394A Sali  197904232  792  884 1158 1402 1676 1798 1859 1798 1615 1372 1158  975
394A Sali  197904241  853  945 1097 1341 1494 1707 1768 1737 1585 1341 1128  884
394A Sali  197904242  792  762  945 1158 1433 1707 1890 1951 1890 1676 1463 1189
394A Sali  197904251 1006  914  914 1128 1311 1554 1737 1859 1798 1646 1463 1189
394A Sali  197904252 1006  884  853 1006 1280 1585 1859 2012 2103 2042 1890 1615
394A Sali  197904261 1311 1067  914  914 1036 1280 1524 1707 1859 1859 1737 1524
394A Sali  197904262 1250 1006  884  857  975 1250 1585 1859 2073 2134 2134 1890
394A Sali  197904271 1585 1250  975  823  823  945 1219 1524 1707 1829 1852 1737
394A Sali  197904272 1524 1219  975  853  823  945 1219 1554 1859 2042 2134 2103
394A Sali  197904281 1890 1585 1280  945  792  792  914 1189 1494 1707 1829 1829
394A Sali  197904282 1768 1494 1250 1006  850  853 1067 1280 1585 1890 2073 2134
394A Sali  197904291 2134 1890 1585 1280 1036  823  792  975 1189 1433 1676 1829
394A Sali  197904292 1829 1707 1524 1250 1036  884  853  914 1250 1585 1890 2073
394A Sali  197904301 2164 2042 1829 1494 1219  914  792  792  975 1280 1554 1768
394A Sali  197904302 1829 1829 1676 1433 1189  945  853  853 1036 1341 1654 1887
394A Sali  197905011 1982 1909 1707 1402 1128  853  762  792  975 1250 1524 1676
394A Sali  197905012 1737 1737 1402 1189  914  732  701  701  884 1158 1463 1707
394A Sali  197905021 1798 1829 1676 1463 1219  975  762  671  671  853 1067 1311
394A Sali  197905022 1463 1524 1524 1372 1189 1006  823  762  762  884 1067 1311
394A Sali  197905031 1524 1646 1646 1585 1433 1219 1006  853  792  762  884 1036
394A Sali  197905032 1219 1372 1463 1494 1402 1219 1036  853  792  884 1006 1097
394A Sali  197905041 1250 1372 1524 1524 1433 1250 1097  945  792  701  792  914
394A Sali  197905042 1067 1219 1372 1494 1402 1280 1158 1036  914  853  914 1006
394A Sali  197905051 1128 1280 1402 1494 1433 1341 1219 1067  914  792  732  792
394A Sali  197905052  914 1067 1219 1341 1463 1402 1280 1219 1097 1006  914  975
394A Sali  197905061 1067 1158 1280 1372 1433 1372 1250 1158 1036  945  823  762
394A Sali  197905062  853  975 1128 1250 1398 1463 1372 1280 1158 1067  945  975
394A Sali  197905071 1036 1128 1219 1280 1364 1372 1280 1214 1128 1006  914  792
394A Sali  197905072  823  914 1067 1219 1372 1463 1494 1402 1311 1189 1097 1006
394A Sali  197905081 1006 1067 1158 1219 1280 1364 1372 1280 1189 1036  945  842
394A Sali  197905082  823  914 1036 1158 1341 1463 1554 1524 1402 1280 1128 1001
394A Sali  197905091  945 1006 1097 1158 1250 1311 1372 1311 1219 1128 1036  914
394A Sali  197905092  839  853 1006 1158 1311 1494 1615 1615 1494 1372 1228 1076
394A Sali  197905101  959  914  975 1067 1158 1250 1341 1402 1341 1219 1097  975
394A Sali  197905102  823  792  853 1006 1219 1402 1577 1676 1615 1463 1341 1189
394A Sali  197905111 1036  898  853  914 1036 1128 1250 1341 1402 1311 1189 1067
394A Sali  197905112  914  792  762  853 1036 1280 1463 1676 1768 1707 1524 1372
394A Sali  197905121 1189  975  853  792  853 1006 1158 1280 1402 1463 1402 1219
394A Sali  197905122 1067  914  823  732  823 1036 1250 1463 1707 1829 1737 1554
394A Sali  197905131 1372 1158  975  792  732  823  975 1128 1311 1463 1463 1341
394A Sali  197905132 1189 1006  884  701  671  792  975 1250 1463 1768 1890 1798
394A Sali  197905141 1615 1402 1158  945  762  732  884 1097 1280 1470 1554 1463
394A Sali  197905142 1280 1097  914  732  640  671  853 1067 1311 1585 1829 1951
394A Sali  197905151 1890 1676 1433 1128  823  671  732  914 1097 1311 1494 1585
394A Sali  197905152 1524 1311 1128  945  762  640  671  853 1067 1311 1585 1829
394A Sali  197905161 1951 1829 1524 1250  975  701  640  732  914 1097 1311 1494
394A Sali  197905162 1646 1554 1402 1128  862  660  586  661  867 1160 1474 1729
394A Sali  197905171 1859 1832 1655 1370 1043  744  547  498  597  811 1086 1346
394A Sali  197905172 1524 1646 1554 1341 1158  945  701  610  701  884 1189 1463
394A Sali  197905181 1707 1951 2012 1829 1524 1250  914  701  701  823 1006 1219
394A Sali  197905182 1463 1676 1768 1646 1402 1189  914  671  671  884 1189 1463
394A Sali  197905191 1768 1981 1981 1768 1585 1341 1097  884  792  853 1006 1219
394A Sali  197905192 1433 1676 1859 1859 1676 1402 1189 1006  914 1006 1056 1224
394A Sali  197905201 1463 1701 1874 2042 1951 1768 1463 1189 1006  914  945 1128
394A Sali  197905202 1372 1676 1859 2012 2012 1859 1676 1433 1250 1067 1036 1158
394A Sali  197905211 1372 1585 1829 1951 2012 1920 1676 1494 1219 1036  975 1006
394A Sali  197905212 1219 1463 1676 1920 2073 2073 1981 1707 1463 1280 1128 1097
394A Sali  197905221 1158 1372 1585 1768 1890 1951 1859 1646 1433 1219 1006 1006
394A Sali  197905222 1036 1219 1494 1768 1981 2073 2103 1981 1798 1554 1311 1158
394A Sali  197905231 1067 1128 1280 1494 1737 1890 1890 1890 1676 1402 1158 1036
394A Sali  197905232  975 1036 1219 1494 1798 1951 2164 2256 2225 1981 1646 1402
394A Sali  197905241 1158 1036 1036 1219 1494 1707 1859 1859 1829 1646 1402 1189
394A Sali  197905242  975  975  975 1189 1524 1798 2012 2164 2195 2073 1768 1524
394A Sali  197905251 1219 1067  975 1006 1158 1463 1615 1829 1890 1859 1676 1402
394A Sali  197905252 1219 1036  945 1036 1250 1554 1859 2073 2225 2225 2042 1798
394A Sali  197905261 1494 1219 1006  945  975 1219 1433 1646 1829 1890 1798 1627
394A Sali  197905262 1372 1097 1006  975 1006 1250 1554 1829 2103 2225 2225 2042
394A Sali  197905271 1798 1463 1189  975  945  975 1250 1494 1768 1890 1981 1890
394A Sali  197905272 1707 1433 1219  975  975 1097 1372 1707 1981 2195 2257 2160
394A Sali  197905281 1926 1602 1250 1006  975 1036 1219 1402 1707 1890 1981 1951
394A Sali  197905282 1798 1554 1311 1128 1006 1036 1219 1463 1737 2012 2195 2256
394A Sali  197905291 2225 1951 1676 1341 1097  975  975 1158 1402 1646 1890 1951
394A Sali  197905292 1981 1859 1646 1341 1158 1036 1097 1280 1494 1768 2103 2225
394A Sali  197905301 2256 2134 1859 1585 1250 1036  975  975 1219 1463 1768 1920
394A Sali  197905302 1981 1920 1737 1554 1341 1158 1067 1158 1311 1585 1829 2012
394A Sali  197905311 2164 2164 2012 1737 1433 1128 1036  975 1067 1219 1494 1707
394A Sali  197905312 1890 1951 1859 1707 1402 1219 1097 1067 1128 1372 1615 1890
394A Sali  197906011 2049 2073 1975 1779 1531 1288 1110 1037 1079 1223 1436 1660
394A Sali  197906012 1834 1920 1899 1779 1595 1400 1250 1158 1158 1250 1463 1676
394A Sali  197906021 1920 2073 2073 1951 1737 1524 1341 1158 1036 1097 1219 1433
394A Sali  197906022 1707 1890 1951 1951 1890 1646 1402 1280 1219 1290 1443 1652
394A Sali  197906031 1798 1890 2073 2042 1920 1707 1494 1280 1219 1189 1311 1433
394A Sali  197906032 1676 1890 2012 2042 2042 1890 1649 1402 1341 1250 1280 1402
394A Sali  197906041 1615 1768 1890 1981 1981 1798 1646 1433 1250 1067 1036 1067
394A Sali  197906042 1250 1463 1615 1798 2012 2012 1768 1646 1463 1372 1250 1372
394A Sali  197906051 1494 1540 1585 1646 1798 1798 1737 1646 1524 1463 1235 1097
394A Sali  197906052 1219 1433 1554 1646 1707 1981 1981 1707 1554 1463 1311 1250
394A Sali  197906061 1250 1341 1494 1646 1737 1768 1787 1737 1585 1463 1311 1189
394A Sali  197906062 1189 1250 1494 1676 1859 1920 1951 1920 1768 1585 1372 1189
394A Sali  197906071 1158 1158 1280 1463 1585 1646 1676 1585 1433 1250 1128  975
394A Sali  197906072  975 1067 1250 1433 1646 1829 1920 1859 1707 1554 1341 1128
394A Sali  197906081 1067 1036 1067 1189 1402 1515 1581 1573 1482 1330 1148  975
394A Sali  197906082  884  914 1036 1280 1463 1707 1829 1890 1859 1737 1494 1280
394A Sali  197906091 1097  975  914 1006 1158 1311 1463 1554 1554 1433 1280 1097
394A Sali  197906092  914  823  823  975 1219 1463 1737 1890 1951 1890 1646 1463
394A Sali  197906101 1189 1036  853  853  975 1128 1372 1524 1615 1554 1463 1250
394A Sali  197906102 1036  914  793  792 1036 1219 1554 1829 1951 2012 1890 1646
394A Sali  197906111 1372 1097  884  792  792  914 1128 1372 1554 1676 1615 1433
394A Sali  197906112 1189  945  792  701  732  945 1250 1585 1859 1981 2012 1859
394A Sali  197906121 1585 1311  975  762  671  762  975 1158 1402 1585 1707 1585
394A Sali  197906122 1402 1158  914  762  671  792  975 1311 1707 1920 2012 2012
394A Sali  197906131 1798 1554 1097  823  640  549  640  914 1158 1402 1617 1707
394A Sali  197906132 1646 1402 1097  762  610  579  671  884 1311 1615 1859 2003
394A Sali  197906141 1981 1768 1433 1067  762  610  579  671  945 1250 1524 1676
394A Sali  197906142 1707 1646 1433 1097  884  610  640  792 1097 1372 1829 1981
394A Sali  197906151 2012 1951 1707 1402 1036  762  640  671  792 1128 1463 1676
394A Sali  197906152 1829 1829 1676 1494 1250  945  792  762  853 1097 1433 1737
394A Sali  197906161 1981 2012 1951 1676 1372 1006  792  671  640  823 1097 1463
394A Sali  197906162 1707 1890 1920 1829 1554 1311 1006  884  884  914 1158 1554
394A Sali  197906171 1798 1981 2073 1951 1707 1372 1097  884  762  823 1006 1281
394A Sali  197906172 1585 1859 2012 2042 1920 1707 1402 1158 1006  945 1036 1280
394A Sali  197906181 1524 1768 1951 1981 1890 1646 1372 1128  898  792  853 1036
394A Sali  197906182 1311 1615 1829 2019 2073 1920 1676 1433 1158 1006  945 1036
394A Sali  197906191 1250 1494 1707 1859 1890 1768 1585 1311 1067  884  823  884
394A Sali  197906192 1097 1372 1615 1890 2012 2063 1981 1737 1433 1189 1036  975
394A Sali  197906201 1067 1158 1402 1646 1768 1859 1737 1585 1372 1139  975  975
394A Sali  197906202  981 1097 1433 1702 1920 2042 2042 1951 1676 1463 1219 1006
394A Sali  197906211  975 1036 1219 1402 1585 1737 1768 1768 1585 1341 1097  945
394A Sali  197906212  914  975 1189 1524 1768 1920 2103 2073 1951 1707 1402 1219
394A Sali  197906221 1025  945 1006 1189 1372 1585 1707 1737 1615 1463 1189 1006
394A Sali  197906222  914  884 1036 1158 1494 1768 2073 2073 2075 1951 1707 1463
394A Sali  197906231 1158 1036 1006 1036 1219 1463 1646 1798 1768 1707 1524 1280
394A Sali  197906232 1036  945  945 1036 1250 1554 1798 2042 2164 2134 1981 1707
394A Sali  197906241 1463 1189 1036  975 1067 1280 1524 1707 1859 1829 1737 1524
394A Sali  197906242 1341 1128 1006  945 1097 1372 1585 1890 2073 2195 2103 1951
394A Sali  197906251 1615 1433 1128  945  945 1067 1280 1554 1707 1829 1859 1737
394A Sali  197906252 1554 1311 1097  978  975 1128 1402 1646 1920 2103 2134 2042
394A Sali  197906261 1829 1494 1250  975  914  945 1036 1280 1554 1707 1768 1768
394A Sali  197906262 1585 1402 1158 1006  884  975 1097 1372 1676 1890 2042 2073
394A Sali  197906271 1951 1707 1341 1097  914  884  914 1067 1341 1585 1707 1798
394A Sali  197906272 1737 1524 1341 1158  975  914 1067 1250 1463 1768 1920 2042
394A Sali  197906281 2012 1829 1494 1280  945  884  853 1006 1189 1433 1707 1768
394A Sali  197906282 1829 1737 1524 1250 1128  975  975 1097 1280 1554 1798 1951
394A Sali  197906291 2012 1920 1707 1433 1158  975  884  884 1036 1250 1524 1768
394A Sali  197906292 1798 1829 1707 1494 1280 1097 1036 1095 1250 1402 1585 1829
394A Sali  197906301 1951 1951 1798 1585 1341 1067  884  884  914 1097 1341 1615
394A Sali  197906302 1768 1829 1829 1585 1463 1128 1067 1006 1067 1250 1433 1676
394A Sali  197907011 1829 1920 1890 1768 1463 1250 1036  945  914 1036 1280 1494
394A Sali  197907012 1737 1890 1890 1829 1646 1463 1280 1158 1097 1189 1341 1524
394A Sali  197907021 1737 1859 1890 1798 1676 1433 1219 1036  945  975 1158 1402
394A Sali  197907022 1585 1768 1920 1890 1829 1646 1433 1219 1128 1158 1311 1494
394A Sali  197907031 1615 1798 1920 1859 1768 1585 1402 1189 1067 1036 1097 1341
394A Sali  197907032 1554 1768 1920 1951 1890 1859 1615 1433 1280 1219 1219 1311
394A Sali  197907041 1494 1615 1768 1890 1829 1676 1524 1280 1097 1036 1097 1189
394A Sali  197907042 1402 1554 1798 1920 1981 1951 1768 1585 1402 1280 1189 1280
394A Sali  197907051 1433 1494 1646 1737 1768 1707 1554 1463 1250 1128 1006 1067
394A Sali  197907052 1219 1402 1585 1737 1951 2042 1890 1707 1433 1250 1150 1128
394A Sali  197907061 1158 1311 1433 1554 1646 1737 1676 1494 1311 1128  975  975
394A Sali  197907062 1067 1219 1463 1676 1829 1981 1981 1829 1646 1494 1280 1158
394A Sali  197907071 1128 1189 1280 1433 1554 1646 1737 1646 1494 1311 1158 1036
394A Sali  197907072 1006 1097 1372 1585 1768 1981 2073 2073 1920 1676 1494 1250
394A Sali  197907081 1158 1097 1128 1250 1463 1615 1707 1737 1615 1402 1219 1097
394A Sali  197907082  975 1036 1158 1374 1646 1859 2073 2164 2103 1951 1707 1463
394A Sali  197907091 1219 1067 1067 1097 1311 1524 1615 1737 1768 1676 1494 1219
394A Sali  197907092 1036  947  975 1097 1402 1615 1920 2103 2195 2103 1951 1646
394A Sali  197907101 1341 1097  945  945 1036 1250 1494 1737 1829 1798 1737 1524
394A Sali  197907102 1219 1006  853  914 1128 1372 1707 1981 2195 2316 2225 2012
394A Sali  197907111 1737 1372 1097  945  975 1140 1402 1615 1890 1951 1920 1859
394A Sali  197907112 1585 1311 1128  945  975 1128 1433 1768 2134 2301 2316 2195
394A Sali  197907121 1981 1615 1341 1006  884  884 1067 1311 1676 1951 2103 2012
394A Sali  197907122 1890 1585 1341 1067  975 1006 1219 1483 1798 2134 2377 2377
394A Sali  197907131 2225 1920 1585 1158  945  853  853 1097 1433 1737 2012 2134
394A Sali  197907132 2134 1920 1585 1341 1036  884  945 1097 1341 1737 2042 2286
394A Sali  197907141 2286 2164 1829 1463 1097  853  792  945 1067 1402 1798 2073
394A Sali  197907142 2164 2164 1981 1646 1372 1067  914  914 1158 1402 1768 2012
394A Sali  197907151 2195 2164 2073 1737 1402  975  853  732  853 1097 1433 1829
394A Sali  197907152 2073 2195 2164 1920 1676 1311 1036  945  914 1067 1402 1737
394A Sali  197907161 1981 2103 2103 1890 1615 1250  914  762  762  853 1128 1494
394A Sali  197907162 1768 2012 2164 2134 1859 1524 1250 1006  910  961 1150 1433
394A Sali  197907171 1646 1890 1951 1920 1707 1463 1158  945  732  640  945 1219
394A Sali  197907172 1524 1828 2042 2134 2042 1768 1524 1219 1036  914  975 1128
394A Sali  197907181 1433 1615 1859 1890 1859 1707 1463 1189  914  823  823  945
394A Sali  197907182 1250 1585 1798 2042 2073 2042 1798 1554 1280 1097 1006 1006
394A Sali  197907191 1128 1372 1646 1768 1890 1859 1615 1402 1158  945  884  914
394A Sali  197907192 1036 1341 1615 1859 2042 2073 2012 1859 1585 1341 1189 1036
394A Sali  197907201 1128 1250 1433 1646 1859 1890 1829 1646 1524 1280 1128  975
394A Sali  197907202 1036 1158 1433 1676 1951 2073 2134 2042 1853 1615 1402 1250
394A Sali  197907211 1097 1097 1250 1463 1646 1768 1859 1859 1646 1524 1372 1128
394A Sali  197907212  975 1067 1280 1463 1768 1981 2134 2164 2073 1859 1629 1402
394A Sali  197907221 1250 1158 1128 1250 1463 1615 1768 1829 1859 1707 1433 1372
394A Sali  197907222 1128 1097 1158 1311 1585 1829 2042 2195 2134 2073 1829 1554
394A Sali  197907231 1341 1128 1097 1158 1311 1463 1707 1798 1859 1768 1676 1402
394A Sali  197907232 1219 1036 1067 1097 1311 1585 1829 2042 2164 2103 2012 1829
394A Sali  197907241 1524 1250 1128 1006 1128 1280 1494 1707 1829 1859 1798 1646
394A Sali  197907242 1372 1219 1097 1097 1189 1402 1615 1829 2042 2073 2073 1890
394A Sali  197907251 1737 1463 1189 1036 1097 1158 1341 1554 1768 1920 1920 1798
394A Sali  197907252 1585 1433 1219 1067 1128 1250 1433 1646 1920 2103 2150 2073
394A Sali  197907261 1920 1676 1372 1158 1067 1067 1189 1433 1646 1829 1951 1920
394A Sali  197907262 1768 1581 1372 1189 1097 1128 1280 1463 1737 1981 2164 2134
394A Sali  197907271 2073 1829 1554 1250 1128 1006 1097 1250 1494 1768 1859 2012
394A Sali  197907272 1920 1829 1585 1341 1128 1097 1341 1554 1768 2012 2012 2134
394A Sali  197907281 2042 1920 1676 1372 1158  975  975 1097 1311 1524 1768 1920
394A Sali  197907282 1951 1859 1676 1402 1250 1097 1067 1128 1372 1554 1768 1951
394A Sali  197907291 2012 1951 1737 1524 1219 1036  914  945 1097 1311 1554 1737
394A Sali  197907292 1951 1951 1768 1585 1402 1158 1036 1036 1189 1341 1585 1859
394A Sali  197907301 1890 1920 1829 1585 1372 1097  945  914 1024 1219 1402 1615
394A Sali  197907302 1829 1920 1831 1646 1463 1280 1158 1067 1128 1250 1433 1707
394A Sali  197907311 1859 1920 1829 1707 1463 1219 1006  945  975 1067 1341 1585
394A Sali  197907312 1768 1920 1920 1829 1615 1433 1216 1067 1067 1158 1303 1494
394A Sali  197908011 1676 1768 1801 1737 1585 1372 1128 1036  945  975 1158 1402
394A Sali  197908012 1615 1768 1951 1890 1829 1585 1372 1219 1128 1036 1128 1280
394A Sali  197908021 1463 1646 1707 1676 1615 1494 1250 1036  914  914 1006 1158
394A Sali  197908022 1402 1615 1798 1890 1829 1737 1554 1311 1128 1036 1036 1158
394A Sali  197908031 1311 1433 1646 1707 1707 1615 1372 1189 1067  914  945 1036
394A Sali  197908032 1250 1524 1707 1859 1890 1890 1768 1524 1311 1189 1097 1067
394A Sali  197908041 1158 1311 1494 1615 1646 1646 1494 1311 1128  945  884  914
394A Sali  197908042 1036 1280 1494 1768 1890 1920 1859 1646 1494 1311 1128 1067
394A Sali  197908051 1067 1128 1280 1463 1615 1676 1615 1463 1311 1128  945  914
394A Sali  197908052 1006 1128 1372 1615 1798 1951 1981 1920 1737 1554 1341 1158
394A Sali  197908061 1036 1036 1189 1402 1554 1676 1737 1646 1524 1341 1128  975
394A Sali  197908062  914  945 1128 1372 1676 1890 1981 2012 1920 1707 1463 1189
394A Sali  197908071 1006  945  945 1067 1311 1463 1615 1676 1615 1402 1250 1006
394A Sali  197908072  823  762  884 1036 1311 1615 1890 2012 2042 1920 1646 1372
394A Sali  197908081 1097  853  823  884 1067 1280 1615 1768 1798 1707 1524 1250
394A Sali  197908082 1036  823  762  792 1036 1341 1646 1951 2134 2073 1859 1646
394A Sali  197908091 1341 1036  792  732  884 1097 1372 1676 1859 1951 1829 1646
394A Sali  197908092 1372 1036  762  701  792 1006 1341 1707 1981 2134 2103 1920
394A Sali  197908101 1585 1219  884  671  701  823 1067 1433 1707 1981 2012 1920
394A Sali  197908102 1676 1341 1031  786  684  761  996 1333 1692 1991 2155 2138
394A Sali  197908111 1951 1554 1219  914  701  671  884 1158 1524 1798 2047 2134
394A Sali  197908112 2042 1768 1494 1067  853  762  853 1097 1433 1798 2073 2164
394A Sali  197908121 2134 1890 1524 1219  853  671  732  945 1250 1646 1951 2195
394A Sali  197908122 2225 2103 1798 1463 1128  914  853  884 1158 1494 1859 2073
394A Sali  197908131 2195 2012 1798 1433 1097  792  701  732 1036 1372 1737 2073
394A Sali  197908132 2195 2225 2103 1737 1433 1097  884  823  945 1219 1524 1829
394A Sali  197908141 2042 2073 1951 1707 1402 1036  823  732  853 1097 1402 1737
394A Sali  197908142 2103 2256 2225 2042 1737 1402 1128  945  945 1006 1219 1554
394A Sali  197908151 1829 1951 2012 1859 1615 1352 1097  853  762  884 1128 1433
394A Sali  197908152 1737 2012 2134 2073 1920 1676 1341 1097  975  914 1036 1311
394A Sali  197908161 1524 1737 1890 1890 1768 1524 1250 1006  823  792  914 1128
394A Sali  197908162 1433 1737 1951 2073 2012 1859 1585 1341 1158 1006  914  975
394A Sali  197908171 1128 1341 1554 1768 1890 1859 1615 1372 1097  945  914  975
394A Sali  197908172 1128 1407 1676 1890 2012 2012 1920 1707 1402 1219 1036  945
394A Sali  197908181 1067 1280 1463 1646 1737 1798 1676 1524 1341 1158  945  975
394A Sali  197908182 1006 1250 1494 1707 1920 2012 2042 1859 1676 1463 1311 1158
394A Sali  197908191 1097 1097 1280 1494 1676 1768 1768 1707 1554 1341 1158 1067
394A Sali  197908192 1067 1097 1280 1524 1798 1920 2012 2042 1920 1707 1524 1341
394A Sali  197908201 1189 1189 1219 1341 1494 1646 1768 1829 1737 1615 1402 1219
394A Sali  197908202 1067 1067 1128 1311 1524 1737 1951 2042 2042 1951 1768 1585
394A Sali  197908211 1341 1142 1036 1128 1280 1524 1707 1829 1859 1798 1676 1554
394A Sali  197908212 1463 1341 1280 1311 1402 1646 1829 2012 2042 2042 1890 1646
394A Sali  197908221 1433 1250 1097 1097 1219 1372 1554 1707 1829 1798 1676 1524
394A Sali  197908222 1311 1158 1036 1036 1128 1341 1585 1768 1920 2042 1951 1798
394A Sali  197908231 1646 1463 1250 1067 1067 1250 1433 1615 1768 1829 1798 1737
394A Sali  197908232 1524 1311 1097 1036 1036 1189 1433 1646 1829 1981 2012 1920
394A Sali  197908241 1737 1433 1158 1036 1006 1097 1250 1433 1615 1768 1829 1798
394A Sali  197908242 1676 1494 1341 1158 1097 1128 1280 1615 1768 2012 2073 2073
394A Sali  197908251 1920 1676 1433 1158 1067 1036 1189 1341 1524 1646 1798 1859
394A Sali  197908252 1768 1585 1402 1250 1158 1158 1250 1433 1646 1798 1951 2042
394A Sali  197908261 1890 1707 1524 1341 1158 1097 1158 1311 1494 1646 1798 1890
394A Sali  197908262 1890 1707 1524 1372 1250 1158 1189 1311 1494 1646 1829 1951
394A Sali  197908271 1951 1768 1524 1372 1158 1067 1067 1158 1341 1524 1676 1829
394A Sali  197908272 1919 1890 1737 1554 1341 1189 1067 1128 1280 1433 1615 1798
394A Sali  197908281 1920 1859 1646 1433 1250 1097 1006 1065 1219 1402 1554 1737
394A Sali  197908282 1890 1951 1829 1585 1372 1158 1067 1097 1219 1372 1524 1707
394A Sali  197908291 1829 1829 1707 1494 1311 1128 1006 1006 1128 1311 1554 1768
394A Sali  197908292 1951 1981 1890 1707 1494 1311 1158 1097 1097 1250 1402 1554
394A Sali  197908301 1707 1768 1707 1524 1372 1219 1036 1006 1006 1158 1402 1643
394A Sali  197908302 1859 1981 2012 1920 1684 1402 1219 1158 1097 1097 1250 1494
394A Sali  197908311 1585 1737 1768 1707 1524 1372 1128  975  975  975 1219 1494
394A Sali  197908312 1737 1920 2012 2012 1859 1676 1463 1280 1128 1097 1189 1311
394A Sali  197909011 1494 1676 1768 1798 1676 1554 1341 1189 1067 1006 1097 1341
394A Sali  197909012 1554 1798 1981 2073 2073 1890 1707 1494 1311 1219 1189 1219
394A Sali  197909021 1372 1554 1768 1829 1859 1768 1585 1402 1250 1067 1067 1158
394A Sali  197909022 1341 1554 1859 2012 2103 2073 1951 1768 1524 1372 1280 1219
394A Sali  197909031 1250 1433 1554 1737 1798 1829 1707 1585 1372 1250 1097 1097
394A Sali  197909032 1128 1311 1585 1859 2012 2134 2134 2012 1798 1585 1372 1280
394A Sali  197909041 1189 1280 1463 1646 1859 1951 1981 1890 1676 1494 1311 1189
394A Sali  197909042 1189 1250 1494 1768 2012 2256 2377 2408 2195 1920 1676 1463
394A Sali  197909051 1250 1189 1280 1463 1646 1829 2012 2042 1920 1707 1494 1250
394A Sali  197909052 1097 1036 1097 1280 1585 1859 2073 2195 2164 2042 1768 1494
394A Sali  197909061 1250 1097 1036 1097 1341 1646 1890 2073 2103 2012 1798 1524
394A Sali  197909062 1250 1036  975 1036 1250 1554 1890 2134 2286 2256 2073 1768
394A Sali  197909071 1433 1158  975  975 1036 1280 1646 1951 2164 2195 2073 1848
394A Sali  197909072 1554 1250 1006  945  945 1219 1524 1859 2134 2316 2256 2042
394A Sali  197909081 1707 1372 1097  884  884 1036 1372 1707 2073 2256 2316 2256
394A Sali  197909082 1951 1554 1219  975  914  943 1128 1524 1890 2134 2286 2225
394A Sali  197909091 1981 1646 1250 1006  823  792 1036 1341 1737 2073 2316 2347
394A Sali  197909092 2195 1890 1554 1158  853  732  823 1128 1433 1798 2073 2195
394A Sali  197909101 2073 1829 1463 1036  823  701  732 1036 1372 1768 2103 2256
394A Sali  197909102 2256 2103 1768 1372 1036  823  732  853 1158 1494 1829 2073
394A Sali  197909111 2134 1951 1676 1280  975  762  701  762 1036 1402 1798 2042
394A Sali  197909112 2225 2164 2012 1646 1280  945  762  762  884 1128 1494 1798
394A Sali  197909121 1951 1981 1859 1585 1280  975  762  732  823 1097 1402 1768
394A Sali  197909122 2012 2134 2134 1890 1585 1250  884  762  762  884 1158 1463
394A Sali  197909131 1737 1859 1920 1768 1524 1189  945  792  732  823 1097 1433
394A Sali  197909132 1737 1981 2012 2012 1768 1494 1219  975  823  792  914 1158
394A Sali  197909141 1463 1676 1737 1768 1615 1341 1097  882  762  762  914 1097
394A Sali  197909142 1402 1676 1859 1951 1890 1676 1402 1158  914  823  853  975
394A Sali  197909151 1158 1372 1524 1676 1646 1524 1280 1067  914  792  792  914
394A Sali  197909152 1128 1372 1585 1737 1798 1707 1554 1341 1128  945  884  914
394A Sali  197909161 1006 1158 1372 1524 1585 1585 1463 1311 1067  914  853  853
394A Sali  197909162  975 1189 1402 1585 1768 1798 1737 1585 1372 1128  975  914
394A Sali  197909171  914 1067 1219 1372 1524 1585 1585 1463 1311 1158 1036  945
394A Sali  197909172  945 1036 1250 1433 1585 1768 1768 1707 1585 1402 1189 1067
394A Sali  197909181  975 1006 1158 1311 1463 1615 1676 1646 1524 1402 1219 1067
394A Sali  197909182  975 1006 1158 1280 1524 1646 1798 1798 1768 1615 1433 1219
394A Sali  197909191 1097 1036 1067 1219 1341 1524 1676 1737 1768 1615 1463 1280
394A Sali  197909192 1128 1067 1097 1189 1372 1554 1737 1798 1829 1768 1615 1433
394A Sali  197909201 1189 1097 1067 1067 1219 1433 1615 1737 1798 1768 1615 1433
394A Sali  197909202 1250 1097 1036 1036 1189 1402 1585 1737 1829 1829 1768 1615
394A Sali  197909211 1372 1189 1097 1036 1097 1280 1494 1676 1798 1829 1829 1676
394A Sali  197909212 1463 1250 1097  975 1097 1189 1402 1646 1768 1829 1798 1676
394A Sali  197909221 1463 1219 1067  975 1006 1128 1372 1585 1768 1829 1859 1768
394A Sali  197909222 1524 1280 1097 1006  945 1036 1219 1463 1676 1798 1859 1737
394A Sali  197909231 1554 1341 1067  945  884  975 1189 1433 1646 1798 1890 1829
394A Sali  197909232 1707 1402 1219  975  945  975 1097 1311 1524 1768 1829 1859
394A Sali  197909241 1707 1433 1219 1036  914  914 1036 1250 1554 1737 1859 1890
394A Sali  197909242 1798 1585 1311 1036  914  823  914 1097 1341 1585 1707 1768
394A Sali  197909251 1737 1554 1311 1080  907  854  931 1109 1354 1615 1798 1890
394A Sali  197909252 1829 1676 1433 1158  884  792  762  853 1036 1311 1494 1646
394A Sali  197909261 1646 1554 1341 1097  853  762  732  792 1036 1372 1585 1768
394A Sali  197909262 1829 1798 1585 1311 1067  823  792  762  914 1158 1402 1585
394A Sali  197909271 1676 1646 1524 1280 1036  853  792  792  975 1189 1463 1737
394A Sali  197909272 1859 1859 1737 1554 1250 1036  853  823  823 1006 1250 1494
394A Sali  197909281 1615 1676 1615 1494 1219 1006  853  823  823 1036 1311 1585
394A Sali  197909282 1768 1890 1890 1737 1494 1250 1036  914  853  884 1097 1372
394A Sali  197909291 1524 1646 1676 1585 1402 1158  975  853  823  884 1128 1433
394A Sali  197909292 1615 1829 1859 1859 1676 1402 1189 1006  914  914 1036 1189
394A Sali  197909301 1433 1585 1646 1646 1554 1311 1128  945  853  853  914 1189
394A Sali  197909302 1402 1676 1829 1859 1859 1646 1433 1189 1006  975  975 1036
394A Sali  197910011 1250 1463 1585 1676 1676 1585 1341 1128  975  884  853 1006
394A Sali  197910012 1189 1433 1737 1859 1890 1829 1646 1402 1189 1036  945  945
394A Sali  197910021 1067 1219 1463 1585 1676 1676 1585 1311 1158 1006  853  853
394A Sali  197910022 1006 1219 1463 1676 1829 1859 1798 1615 1402 1189 1006  945
394A Sali  197910031  945 1067 1219 1463 1646 1768 1768 1646 1402 1219 1036  914
394A Sali  197910032  914  975 1189 1494 1676 1859 1859 1829 1707 1402 1158 1006
394A Sali  197910041  914  914 1067 1311 1554 1737 1859 1859 1737 1524 1280 1036
394A Sali  197910042  914  914 1006 1158 1402 1707 1890 1951 1829 1646 1402 1158
394A Sali  197910051  914  823  823 1006 1280 1585 1859 1981 1981 1829 1585 1280
394A Sali  197910052 1036  823  823  853 1097 1385 1676 1890 1920 1890 1676 1341
394A Sali  197910061 1097  914  823  853 1067 1433 1737 1981 2134 2134 1981 1676
394A Sali  197910062 1341 1067  853  823  914 1158 1524 1829 2012 2073 2042 1798
394A Sali  197910071 1463 1128  884  823  853 1097 1494 1859 2103 2225 2225 2012
394A Sali  197910072 1707 1341 1006  792  762  853 1128 1463 1829 1981 2012 1981
394A Sali  197910081 1676 1341 1006  762  701  792 1067 1463 1829 2073 2225 2225
394A Sali  197910082 2012 1646 1250  914  732  701  853 1097 1494 1829 2012 2073
394A Sali  197910091 1951 1676 1311 1036  823  762  914 1158 1615 1951 2195 2316
394A Sali  197910092 2256 1951 1646 1219  914  732  732  853 1158 1554 1859 2012
394A Sali  197910101 2042 1981 1646 1341 1036  884  800  884 1250 1554 1951 2164
394A Sali  197910102 2256 2225 1951 1585 1219  975  792  792  975 1280 1524 1829
394A Sali  197910111 1920 1920 1798 1494 1189  945  792  792  914 1158 1585 1890
394A Sali  197910112 2042 2103 2073 1737 1433 1097  914  792  792 1006 1311 1615
394A Sali  197910121 1829 1951 1951 1737 1463 1189  975  914  914 1067 1372 1707
394A Sali  197910122 1951 2134 2134 2042 1798 1524 1250 1067  975 1036 1250 1524
394A Sali  197910131 1768 1920 2012 1981 1829 1585 1341 1158 1067 1128 1311 1524
394A Sali  197910132 1798 2012 2134 2164 2042 1829 1554 1372 1189 1128 1158 1341
394A Sali  197910141 1585 1768 1920 1981 1951 1768 1554 1341 1158 1128 1158 1280
394A Sali  197910142 1524 1737 1951 2012 2012 1890 1646 1463 1219 1097 1097 1158
394A Sali  197910151 1311 1494 1646 1768 1798 1707 1615 1372 1189 1067 1036 1067
394A Sali  197910152 1219 1433 1646 1768 1859 1859 1798 1585 1372 1250 1158 1097
394A Sali  197910161 1158 1311 1494 1676 1768 1768 1737 1585 1433 1250 1158 1128
394A Sali  197910162 1158 1280 1463 1615 1768 1798 1829 1768 1554 1372 1219 1189
394A Sali  197910171 1158 1219 1372 1554 1707 1798 1798 1798 1615 1463 1341 1158
394A Sali  197910172 1128 1158 1250 1461 1676 1768 1798 1829 1798 1737 1494 1341
394A Sali  197910181 1250 1219 1250 1402 1554 1676 1798 1829 1768 1585 1402 1219
394A Sali  197910182 1158 1097 1128 1280 1463 1615 1707 1798 1737 1615 1463 1280
394A Sali  197910191 1128 1036 1097 1219 1402 1585 1737 1829 1859 1707 1554 1372
394A Sali  197910192 1158 1097 1067 1097 1250 1402 1585 1707 1798 1768 1646 1463
394A Sali  197910201 1250 1067 1067 1128 1280 1463 1707 1829 1890 1859 1798 1554
394A Sali  197910202 1341 1158 1097 1067 1128 1341 1524 1707 1829 1829 1798 1615
394A Sali  197910211 1372 1250 1128 1097 1158 1341 1585 1798 2012 2012 1951 1798
394A Sali  197910212 1524 1280 1128 1067 1036 1189 1372 1524 1798 1890 1829 1707
394A Sali  197910221 1524 1280 1097 1067 1067 1219 1433 1707 1920 2042 2042 1951
394A Sali  197910222 1676 1463 1219 1006  975 1036 1189 1433 1707 1798 1859 1798
394A Sali  197910231 1646 1402 1189 1036 1006 1097 1311 1524 1859 2012 2103 2103
394A Sali  197910232 1890 1585 1341 1128  945  914 1006 1250 1463 1676 1829 1829
394A Sali  197910241 1707 1554 1341 1097  975  975 1097 1311 1524 1859 2012 2103
394A Sali  197910242 2012 1798 1494 1219 1036  945 1036 1250 1463 1615 1737 1829
394A Sali  197910251 1829 1676 1494 1341 1189 1043 1036 1219 1433 1646 1829 1981
394A Sali  197910252 1981 1859 1676 1463 1280 1097  975  975 1097 1341 1554 1737
394A Sali  197910261 1798 1737 1524 1311 1067  914  884  945 1158 1463 1707 1920
394A Sali  197910262 2012 2012 1829 1494 1250  975  823  762  853 1128 1402 1585
394A Sali  197910271 1737 1768 1676 1463 1219 1036  914  884  945 1219 1494 1737
394A Sali  197910272 1951 1981 1859 1646 1433 1219 1006  914  914 1006 1219 1433
394A Sali  197910281 1646 1768 1768 1646 1463 1280 1097  945  945 1067 1341 1585
394A Sali  197910282 1890 2012 2042 1951 1737 1463 1189 1036  975 1006 1158 1402
394A Sali  197910291 1612 1768 1859 1829 1707 1494 1219 1067 1036 1006 1158 1433
394A Sali  197910292 1676 1890 1981 2012 1890 1646 1402 1189 1036 1006 1036 1219
394A Sali  197910301 1494 1676 1829 1920 1890 1737 1494 1311 1128 1036 1067 1250
394A Sali  197910302 1433 1707 1890 2012 2012 1890 1646 1433 1189 1036 1006 1128
394A Sali  197910311 1250 1524 1707 1890 1981 1920 1768 1524 1280 1128 1067 1067
394A Sali  197910312 1189 1402 1615 1829 1890 1920 1737 1615 1341 1158  975  975
394A Sali  197911011 1036 1219 1463 1707 1859 1951 9999 9999 9999 9999 9999 9999
394A Sali  197911012 9999 9999 9999 9999 9999 9999 9999 9999 9999 9999 9999 9999
394A Sali  197911021 9999 9999 9999 9999 9999 9999 9999 9999 9999 9999 9999 9999
394A Sali  197911022 9999 9999 9999 9999 9999 9999 9999 9999 9999 9999 9999 9999
394A Sali  197911031 9999 9999 9999 9999 9999 9999 9999 9999 9999 9999 9999 9999
394A Sali  197911032 9999 9999 9999 9999 9999 9999 9999 9999 9999 9999 9999 9999
394A Sali  197911041 9999 9999 9999 9999 9999 9999 9999 9999 9999 9999 9999 9999
394A Sali  197911042 9999 9999 9999 9999 9999 9999 9999 9999 9999 9999 9999 9999
394A Sali  197911051 9999 9999 9999 9999 9999 9999 9999 9999 9999 9999 9999 9999
394A Sali  197911052 9999 9999 9999 9999 9999 9999 9999 9999 9999 9999 9999 9999
394A Sali  197911061 9999 9999 9999 9999 9999 9999 9999 9999 9999 9999 9999 9999
394A Sali  197911062 9999 9999 9999 9999 9999 9999 9999 9999 9999 9999 9999 9999
394A Sali  197911071 9999 9999 9999 9999 9999 9999 9999 9999 9999 9999 9999 9999
394A Sali  197911072 9999 9999 9999 9999 9999 9999 9999 9999 9999 9999 9999 9999
394A Sali  197911081 9999 9999 9999 9999 9999 9999 9999 9999 9999 9999 9999 9999
394A Sali  197911082 9999 9999 9999 9999 9999 9999 9999 9999 9999 9999 9999 9999
394A Sali  197911091 9999 9999 9999 9999 9999 9999 9999 9999 9999 9999 9999 9999
394A Sali  197911092 9999 9999 9999 9999 9999 9999 9999 9999 9999 9999 9999 9999
394A Sali  197911101 9999 9999 9999 9999 9999 9999 9999 9999 9999 9999 9999 9999
394A Sali  197911102 9999 9999 9999 9999 9999 9999 9999 9999 9999 9999 9999 9999
394A Sali  197911111 9999 9999 9999 9999 9999 9999 9999 9999 9999 9999 9999 9999
394A Sali  197911112 9999 9999 9999 9999 9999 9999 9999 9999 9999 9999 9999 9999
394A Sali  197911121 9999 9999 9999 9999 9999 9999 9999 9999 9999 9999 9999 9999
394A Sali  197911122 9999 9999 9999 9999 9999 9999 9999 9999 9999 9999 9999 9999
394A Sali  197911131 9999 9999 9999 9999 9999 9999 9999 9999 9999 9999 9999 9999
394A Sali  197911132 9999 9999 9999 9999 9999 9999 9999 9999 9999 9999 9999 9999
394A Sali  197911141 9999 9999 9999 9999 9999 9999 9999 9999 9999 9999 9999 9999
394A Sali  197911142 9999 9999 9999 9999 9999 9999 9999 9999 9999 9999 9999 9999
394A Sali  197911151 9999 9999 9999 9999 9999 9999 9999 9999 9999 9999 9999 9999
394A Sali  197911152 9999 9999 9999 9999 9999 9999 9999 9999 9999 9999 9999 9999
394A Sali  197911161 9999 9999 9999 9999 9999 9999 9999 9999 9999 9999 9999 9999
394A Sali  197911162 9999 9999 9999 9999 9999 9999 9999 9999 9999 9999 9999 9999
394A Sali  197911171 9999 9999 9999 9999 9999 9999 9999 9999 9999 9999 9999 9999
394A Sali  197911172 9999 9999 9999 9999 9999 9999 9999 9999 9999 9999 9999 9999
394A Sali  197911181 9999 9999 9999 9999 9999 9999 9999 9999 9999 9999 9999 9999
394A Sali  197911182 9999 9999 9999 9999 9999 9999 9999 9999 9999 9999 9999 9999
394A Sali  197911191 9999 9999 9999 9999 9999 9999 9999 9999 9999 9999 9999 9999
394A Sali  197911192 9999 9999 9999 9999 9999 9999 9999 9999 9999 9999 9999 9999
394A Sali  197911201 9999 9999 9999 9999 9999 9999 9999 9999 9999 9999 9999 9999
394A Sali  197911202 9999 9999 9999 9999 9999 9999 9999 9999 9999 9999 9999 9999
394A Sali  197911211 9999 9999 9999 9999 9999 9999 9999 9999 9999 9999 9999 9999
394A Sali  197911212 9999 9999 9999 9999 9999 9999 9999 9999 9999 9999 9999 9999
394A Sali  197911221 9999 9999 9999 9999 9999 9999 9999 9999 9999 9999 9999 9999
394A Sali  197911222 9999 9999 9999 9999 9999 9999 9999 9999 9999 9999 9999 9999
394A Sali  197911231 9999 9999 9999 9999 9999 9999 9999 9999 9999 9999 9999 9999
394A Sali  197911232 9999 9999 9999 9999 9999 9999 9999 9999 9999 9999 9999 9999
394A Sali  197911241 9999 9999 9999 9999 9999 9999 9999 9999 9999 9999 9999 9999
394A Sali  197911242 9999 9999 9999 9999 9999 9999 9999 9999 9999 9999 9999 9999
394A Sali  197911251 9999 9999 9999 9999 9999 9999 9999 9999 9999 9999 9999 9999
394A Sali  197911252 9999 9999 9999 9999 9999 9999 9999 9999 9999 9999 9999 9999
394A Sali  197911261 9999 9999 9999 9999 9999 9999 9999 9999 9999 9999 9999 9999
394A Sali  197911262 9999 9999 9999 9999 9999 9999 9999 9999 9999 9999 9999 9999
394A Sali  197911271 9999 9999 9999 9999 9999 9999 9999 9999 9999 9999 9999 9999
394A Sali  197911272 9999 9999 9999 9999 9999 9999 9999 9999 9999 9999 9999 9999
394A Sali  197911281 9999 9999 9999 9999 9999 9999 9999 9999 9999 9999 9999 9999
394A Sali  197911282 9999 9999 9999 9999 9999 9999 9999 9999 9999 9999 9999 9999
394A Sali  197911291 9999 9999 9999 9999 9999 9999 9999 9999 9999 9999 9999 9999
394A Sali  197911292 9999 9999 9999 9999 9999 9999 9999 9999 9999 9999 9999 9999
394A Sali  197911301 9999 9999 9999 9999 9999 9999 9999 9999 9999 9999 9999 9999
394A Sali  197911302 9999 9999 9999 9999 9999 9999 9999 9999 9999 9999 9999 9999
394A Sali  197912011 9999 9999 9999 9999 9999 9999 9999 9999 9999 9999 9999 9999
394A Sali  197912012 9999 9999 9999 9999 9999 9999 9999 9999 9999 9999 9999 9999
394A Sali  197912021 9999 9999 9999 9999 9999 9999 9999 9999 9999 9999 9999 9999
394A Sali  197912022 9999 9999 9999 9999 9999 9999 9999 9999 9999 9999 9999 9999
394A Sali  197912031 9999 9999 9999 9999 9999 9999 9999 9999 9999 9999 9999 9999
394A Sali  197912032 9999 9999 9999 9999 9999 9999 9999 9999 9999 9999 9999 9999
394A Sali  197912041 9999 9999 9999 9999 9999 9999 9999 9999 9999 9999 9999 9999
394A Sali  197912042 9999 9999 9999 9999 9999 9999 9999 9999 9999 9999 9999 9999
394A Sali  197912051 9999 9999 9999 9999 9999 9999 9999 9999 9999 9999 9999 9999
394A Sali  197912052 9999 9999 9999 9999 9999 9999 9999 9999 9999 9999 9999 9999
394A Sali  197912061 9999 9999 9999 9999 9999 9999 9999 9999 9999 9999 9999 9999
394A Sali  197912062 9999 9999 9999 9999 9999 9999 9999 9999 9999 9999 9999 9999
394A Sali  197912071 9999 9999 9999 9999 9999 9999 9999 9999 9999 9999 9999 9999
394A Sali  197912072 9999 9999 9999 9999 9999 9999 9999 9999 9999 9999 9999 9999
394A Sali  197912081 9999 9999 9999 9999 9999 9999 9999 9999 9999 9999 9999 9999
394A Sali  197912082 9999 9999 9999 9999 9999 9999 9999 9999 9999 9999 9999 9999
394A Sali  197912091 9999 9999 9999 9999 9999 9999 9999 9999 9999 9999 9999 9999
394A Sali  197912092 9999 9999 9999 9999 9999 9999 9999 9999 9999 9999 9999 9999
394A Sali  197912101 9999 9999 9999 9999 9999 9999 9999 9999 9999 9999 9999 9999
394A Sali  197912102 9999 9999 9999 9999 9999 9999 9999 9999 9999 9999 9999 9999
394A Sali  197912111 9999 9999 9999 9999 9999 9999 9999 9999 9999 9999 9999 9999
394A Sali  197912112 9999 9999 9999 9999 9999 9999 9999 9999 9999 9999 9999 9999
394A Sali  197912121 9999 9999 9999 9999 9999 9999 9999 9999 9999 9999 9999 9999
394A Sali  197912122 9999 9999 9999 9999 9999 9999 9999 9999 9999 9999 9999 9999
394A Sali  197912131 9999 9999 9999 9999 9999 9999 9999 9999 9999 9999 9999 9999
394A Sali  197912132 9999 9999 9999 9999 9999 9999 9999 9999 9999 9999 9999 9999
394A Sali  197912141 9999 9999 9999 9999 9999 9999 9999 9999 9999 9999 9999 9999
394A Sali  197912142 9999 9999 9999 9999 9999 9999 9999 9999 9999 9999 9999 9999
394A Sali  197912151 9999 9999 9999 9999 9999 9999 9999 9999 9999 9999 9999 9999
394A Sali  197912152 9999 9999 9999 9999 9999 9999 9999 9999 9999 9999 9999 9999
394A Sali  197912161 9999 9999 9999 9999 9999 9999 9999 9999 9999 9999 9999 9999
394A Sali  197912162 9999 9999 9999 9999 9999 9999 9999 9999 9999 9999 9999 9999
394A Sali  197912171 9999 9999 9999 9999 9999 9999 9999 9999 9999 9999 9999 9999
394A Sali  197912172 9999 9999 9999 9999 9999 9999 9999 9999 9999 9999 9999 9999
394A Sali  197912181 9999 9999 9999 9999 9999 9999 9999 9999 9999 9999 9999 9999
394A Sali  197912182 9999 9999 9999 9999 9999 9999 9999 9999 9999 9999 9999 9999
394A Sali  197912191 9999 9999 9999 9999 9999 9999 9999 9999 9999 9999 9999 9999
394A Sali  197912192 9999 9999 9999 9999 9999 9999 9999 9999 9999 9999 9999 9999
394A Sali  197912201 9999 9999 9999 9999 9999 9999 9999 9999 9999 9999 9999 9999
394A Sali  197912202 9999 9999 9999 9999 9999 9999 9999 9999 9999 9999 9999 9999
394A Sali  197912211 9999 9999 9999 9999 9999 9999 9999 9999 9999 9999 9999 9999
394A Sali  197912212 9999 9999 9999 9999 9999 9999 9999 9999 9999 9999 9999 9999
394A Sali  197912221 9999 9999 9999 9999 9999 9999 9999 9999 9999 9999 9999 9999
394A Sali  197912222 9999 9999 9999 9999 9999 9999 9999 9999 9999 9999 9999 9999
394A Sali  197912231 9999 9999 9999 9999 9999 9999 9999 9999 9999 9999 9999 9999
394A Sali  197912232 9999 9999 9999 9999 9999 9999 9999 9999 9999 9999 9999 9999
394A Sali  197912241 9999 9999 9999 9999 9999 9999 9999 9999 9999 9999 9999 9999
394A Sali  197912242 9999 9999 9999 9999 9999 9999 9999 9999 9999 9999 9999 9999
394A Sali  197912251 9999 9999 9999 9999 9999 9999 9999 9999 9999 9999 9999 9999
394A Sali  197912252 9999 9999 9999 9999 9999 9999 9999 9999 9999 9999 9999 9999
394A Sali  197912261 9999 9999 9999 9999 9999 9999 9999 9999 9999 9999 9999 9999
394A Sali  197912262 9999 9999 9999 9999 9999 9999 9999 9999 9999 9999 9999 9999
394A Sali  197912271 9999 9999 9999 9999 9999 9999 9999 9999 9999 9999 9999 9999
394A Sali  197912272 9999 9999 9999 9999 9999 9999 9999 9999 9999 9999 9999 9999
394A Sali  197912281 9999 9999 9999 9999 9999 9999 9999 9999 9999 9999 9999 9999
394A Sali  197912282 9999 9999 9999 9999 9999 9999 9999 9999 9999 9999 9999 9999
394A Sali  197912291 9999 9999 9999 9999 9999 9999 9999 9999 9999 9999 9999 9999
394A Sali  197912292 9999 9999 9999 9999 9999 9999 9999 9999 9999 9999 9999 9999
394A Sali  197912301 9999 9999 9999 9999 9999 9999 9999 9999 9999 9999 9999 9999
394A Sali  197912302 9999 9999 9999 9999 9999 9999 9999 9999 9999 9999 9999 9999
394A Sali  197912311 9999 9999 9999 9999 9999 9999 9999 9999 9999 9999 9999 9999
394A Sali  197912312 9999 9999 9999 9999 9999 9999 9999 9999 9999 9999 9999 9999
