394A Salina Cruz        Mexico              1988 16096N 095122W 0000 3 00000R MM
394A Sali  198801011  762  853 1036 1311 1524 1737 1829 1829 1676 1494 1250 1067
394A Sali  198801012  884  823  853 1036 1189 1372 1463 1494 1433 1280 1097  945
394A Sali  198801021  823  843  960 1160 1402 1615 1798 1859 1829 1737 1524 1250
394A Sali  198801022 1038  901  863  927 1065 1235 1388 1481 1481 1390 1237 1063
394A Sali  198801031  925  843  853  945 1128 1341 1554 1768 1829 1737 1585 1372
394A Sali  198801032 1128  914  792  762  823  945 1128 1280 1402 1402 1311 1189
394A Sali  198801041  975  823  760  792  914 1128 1372 1585 1768 1737 1707 1524
394A Sali  198801042 1280 1036  823  732  732  792  945 1158 1311 1433 1433 1280
394A Sali  198801051 1128  914  792  762  792  914 1128 1372 1554 1707 1737 1646
394A Sali  198801052 1463 1189  914  722  631  657  784  975 1189 1341 1372 1372
394A Sali  198801061 1280 1036  853  732  732  762  945 1158 1402 1585 1737 1707
394A Sali  198801062 1554 1341 1097  851  684  632  696  853 1097 1280 1463 1524
394A Sali  198801071 1463 1280 1128  945  823  792  914 1097 1372 1585 1798 1859
394A Sali  198801072 1790 1615 1402 1158  914  792  853  945 1158 1402 1615 1737
394A Sali  198801081 1737 1646 1463 1250 1036  945  945 1006 1219 1463 1676 1798
394A Sali  198801082 1859 1768 1524 1280  975  792  732  762  945 1189 1402 1554
394A Sali  198801091 1646 1615 1494 1280 1097  945  884  914 1036 1250 1463 1676
394A Sali  198801092 1737 1707 1615 1402 1128  884  792  792  884 1097 1341 1554
394A Sali  198801101 1707 1737 1646 1494 1280 1067  945  914  975 1128 1311 1494
394A Sali  198801102 1676 1676 1615 1433 1189  975  853  735  732  884 1097 1341
394A Sali  198801111 1524 1585 1615 1524 1311 1158  945  853  792  914 1036 1219
394A Sali  198801112 1402 1494 1524 1372 1189  975  762  732  732  732  914 1189
394A Sali  198801121 1433 1585 1646 1585 1463 1250 1067  914  792  823  914 1097
394A Sali  198801122 1250 1402 1463 1402 1280 1097  914  792  732  762  884 1097
394A Sali  198801131 1311 1524 1646 1676 1646 1463 1280 1067  945  853  914 1006
394A Sali  198801132 1158 1311 1402 1463 1372 1219 1067  853  762  732  823  975
394A Sali  198801141 1189 1402 1554 1676 1676 1591 1433 1189 1006  853  762  823
394A Sali  198801142  975 1097 1250 1280 1280 1250 1097  975  792  732  732  792
394A Sali  198801151  975 1219 1402 1585 1707 1707 1585 1433 1250 1097  945  914
394A Sali  198801152  945 1036 1158 1250 1311 1311 1250 1128  945  792  732  732
394A Sali  198801161  823 1036 1280 1494 1615 1737 1737 1615 1402 1250 1036  914
394A Sali  198801162  853  914 1036 1189 1280 1372 1341 1280 1158  975  853  792
394A Sali  198801171  823 1006 1219 1463 1707 1859 1890 1890 1707 1494 1280 1067
394A Sali  198801172  975  945 1006 1158 1280 1372 1433 1433 1341 1158 1006  853
394A Sali  198801181  823  823 1006 1250 1494 1737 1920 1981 1920 1707 1524 1250
394A Sali  198801182 1036  914  853  975 1097 1250 1402 1494 1524 1463 1311 1097
394A Sali  198801191  914  792  792  914 1128 1402 1676 1920 2012 2012 1829 1615
394A Sali  198801192 1341 1067  914  823  884 1036 1250 1494 1585 1615 1524 1341
394A Sali  198801201 1128  914  762  762  884 1097 1433 1737 1951 2012 1981 1798
394A Sali  198801202 1524 1219  945  762  762  823 1036 1311 1585 1737 1798 1676
394A Sali  198801211 1463 1189  945  762  762  884 1097 1463 1768 1981 2073 1981
394A Sali  198801212 1768 1463 1097  781  594  582  734 1000 1311 1585 1707 1768
394A Sali  198801221 1646 1341 1097  798  599  558  686  945 1250 1585 1798 1890
394A Sali  198801222 1768 1524 1219  853  581  460  523  751 1044 1372 1676 1829
394A Sali  198801231 1829 1676 1402 1097  823  638  617  762 1036 1372 1646 1829
394A Sali  198801232 1859 1768 1524 1128  792  537  449  543  792 1128 1524 1791
394A Sali  198801241 1920 1920 1768 1463 1189  853  732  732  823 1067 1402 1676
394A Sali  198801242 1859 1859 1737 1433 1128  802  585  534  653  914 1219 1615
394A Sali  198801251 1890 2012 1951 1737 1430 1090  803  638  624  762  975 1250
394A Sali  198801252 1524 1615 1615 1463 1128  792  497  316  290  417  672  999
394A Sali  198801261 1311 1554 1676 1615 1402 1128  823  610  427  427  549  792
394A Sali  198801262 1067 1280 1372 1372 1250  975  732  457  396  396  549  823
394A Sali  198801271 1097 1372 1585 1646 1615 1433 1189  853  640  488  488  610
394A Sali  198801272  853 1067 1250 1280 1280 1067  884  640  457  366  396  549
394A Sali  198801281  823 1067 1341 1554 1585 1524 1307 1036  823  610  518  518
394A Sali  198801282  671  823 1036 1189 1219 1189 1036  884  671  549  488  549
394A Sali  198801291  671  914 1128 1372 1554 1585 1463 1280 1097  914  762  671
394A Sali  198801292  671  792  975 1128 1250 1280 1189 1036  884  732  640  579
394A Sali  198801301  701  853 1097 1341 1524 1676 1729 1674 1539 1363 1188 1056
394A Sali  198801302  999  954  987 1067 1189 1280 1311 1280 1189 1067  914  762
394A Sali  198801311  701  762  914 1158 1372 1554 1676 1676 1524 1341 1158 1006
394A Sali  198801312  853  792  792  914 1097 1250 1372 1402 1372 1219 1128 1006
394A Sali  198802011  884  853  884 1067 1311 1524 1707 1798 1829 1737 1585 1372
394A Sali  198802012 1189 1006  914  945 1036 1189 1341 1463 1554 1524 1421 1280
394A Sali  198802021 1158 1036  975 1036 1189 1402 1585 1768 1859 1859 1768 1585
394A Sali  198802022 1372 1158 1006  945  945 1067 1250 1402 1554 1615 1554 1433
394A Sali  198802031 1280 1097  975  975 1006 1158 1372 1585 1737 1829 1798 1707
394A Sali  198802032 1494 1250 1036  884  853  884 1067 1250 1433 1554 1585 1524
394A Sali  198802041 1372 1189 1006  914  884  975 1158 1402 1646 1768 1829 1768
394A Sali  198802042 1615 1402 1189  945  884  823  945 1036 1280 1463 1615 1680
394A Sali  198802051 1646 1494 1311 1097  975  914  975 1097 1311 1524 1707 1798
394A Sali  198802052 1768 1615 1402 1158  945  853  819  884 1097 1311 1524 1657
394A Sali  198802061 1676 1585 1463 1250 1036  914  853  945 1097 1311 1524 1646
394A Sali  198802062 1707 1615 1463 1219  975  732  640  671  823 1036 1302 1493
394A Sali  198802071 1572 1534 1402 1189  975  792  701  671  732  884 1067 1311
394A Sali  198802072 1463 1524 1494 1311 1158  884  701  610  671  792 1006 1250
394A Sali  198802081 1494 1615 1615 1524 1311 1097  914  792  762  853 1006 1219
394A Sali  198802082 1402 1524 1554 1463 1311 1097  853  732  914 1010 1158 1402
394A Sali  198802091 1585 1676 1676 1524 1311 1067  884  792  762  914 1067 1250
394A Sali  198802092 1433 1524 1524 1402 1189 1006  823  732  762  914 1065 1250
394A Sali  198802101 1494 1707 1829 1798 1646 1463 1219 1036  895  853  945 1067
394A Sali  198802102 1250 1433 1524 1524 1433 1158 1006  853  792  884 1036 1280
394A Sali  198802111 1524 1737 1829 1829 1707 1524 1311 1097  945  914  975 1128
394A Sali  198802112 1280 1433 1524 1524 1463 1311 1097  945  853  853  975 1189
394A Sali  198802121 1433 1646 1798 1859 1829 1707 1463 1250 1067  945  914  945
394A Sali  198802122 1036 1189 1250 1341 1341 1280 1097  914  853  792  762  762
394A Sali  198802131  914 1097 1341 1524 1615 1585 1538 1433 1250 1000  823  792
394A Sali  198802132  884 1036 1158 1280 1311 1250 1158 1006  853  732  701  762
394A Sali  198802141  853 1097 1372 1585 1676 1737 1646 1494 1311 1067  945  884
394A Sali  198802142  914 1006 1128 1280 1341 1372 1311 1189 1067 1006  853  732
394A Sali  198802151  792  914 1128 1372 1615 1768 1859 1829 1737 1524 1311 1128
394A Sali  198802152  975  975 1067 1219 1341 1494 1524 1494 1402 1189 1006  884
394A Sali  198802161  792  823  975 1189 1433 1646 1768 1829 1768 1585 1372 1158
394A Sali  198802162  941  807  785  871 1036 1230 1399 1494 1494 1372 1189 1006
394A Sali  198802171  853  762  792  975 1219 1524 1737 1920 1920 1829 1646 1402
394A Sali  198802172 1158  945  853  884 1006 1189 1433 1585 1707 1707 1524 1329
394A Sali  198802181 1097  914  792  853 1036 1311 1615 1857 2020 2051 1925 1671
394A Sali  198802182 1341 1055  815  692  727  911 1199 1524 1798 1960 1971 1837
394A Sali  198802191 1598 1310 1037  856  823  952 1205 1520 1821 2036 2104 2003
394A Sali  198802192 1768 1433 1067  853  732  853 1097 1402 1737 2012 2103 2042
394A Sali  198802201 1901 1643 1329 1037  855  839  991 1271 1615 1859 1981 2012
394A Sali  198802202 1798 1554 1219  884  701  701  853 1219 1585 1848 2042 2103
394A Sali  198802211 2073 1829 1554 1189  914  792  792  975 1219 1463 1737 1951
394A Sali  198802212 1951 1707 1498 1219  945  701  701  914 1219 1524 1737 2073
394A Sali  198802221 2134 1981 1707 1463 1158  914  792  757  884 1219 1554 1798
394A Sali  198802222 1890 1829 1615 1341 1158  914  762  792 1219 1494 1829 2042
394A Sali  198802231 2042 1981 1737 1463 1189  975  792  762  823 1097 1341 1585
394A Sali  198802232 1707 1768 1707 1494 1158  884  671  549  579  792 1067 1433
394A Sali  198802241 1768 1951 1981 1890 1615 1341 1006  762  671  732  884 1158
394A Sali  198802242 1372 1615 1676 1615 1402 1158  853  701  579  671  853 1097
394A Sali  198802251 1402 1707 1829 1829 1707 1463 1158  914  701  671  732  914
394A Sali  198802252 1128 1311 1463 1524 1463 1280 1036  823  640  640  732  884
394A Sali  198802261 1158 1402 1615 1707 1707 1585 1341 1128  914  732  701  762
394A Sali  198802262  914 1097 1280 1402 1402 1341 1189  975  823  732  701  823
394A Sali  198802271  975 1189 1463 1615 1707 1707 1585 1372 1189 1006  884  853
394A Sali  198802272  914 1036 1219 1372 1463 1463 1372 1250 1097  945  853  853
394A Sali  198802281  945 1097 1280 1463 1615 1707 1707 1585 1433 1250 1036  945
394A Sali  198802282  945  975 1097 1250 1372 1433 1433 1372 1280 1128  945  914
394A Sali  198802291  914  975 1158 1280 1433 1615 1698 1693 1609 1471 1307 1153
394A Sali  198802292 1044 1006 1043 1141 1272 1402 1463 1463 1433 1311 1158 1036
394A Sali  198803011  975  975 1036 1158 1341 1524 1615 1707 1676 1585 1402 1219
394A Sali  198803012 1036  975  914  914 1097 1189 1311 1433 1463 1433 1311 1158
394A Sali  198803021 1036  914  914  975 1128 1311 1463 1615 1676 1646 1585 1402
394A Sali  198803022 1189 1036  975  914  975 1097 1280 1433 1554 1585 1524 1433
394A Sali  198803031 1280 1128 1006  975 1036 1189 1372 1554 1646 1737 1737 1676
394A Sali  198803032 1524 1311 1128 1006  968 1006 1158 1372 1554 1676 1728 1707
394A Sali  198803041 1585 1433 1219 1067 1006 1006 1097 1280 1463 1646 1707 1737
394A Sali  198803042 1615 1463 1280 1097  975  853  853 1036 1219 1547 1768 1676
394A Sali  198803051 1585 1341 1128  945  914  975 1128 1311 1494 1646 1676 1615
394A Sali  198803052 1463 1250 1036  853  792  823  975 1219 1463 1615 1735 1737
394A Sali  198803061 1585 1341 1097  894  793  803  904 1067 1280 1463 1585 1585
394A Sali  198803062 1469 1280 1067  853  701  732  823 1036 1280 1554 1707 1737
394A Sali  198803071 1646 1433 1219 1006  792  701  762  884 1097 1311 1463 1554
394A Sali  198803072 1524 1341 1158  914  701  671  732 1036 1311 1554 1699 1737
394A Sali  198803081 1707 1494 1280 1036  792  732  732  884 1097 1280 1494 1524
394A Sali  198803082 1524 1367 1128  945  762  671  733  914 1158 1406 1642 1797
394A Sali  198803091 1829 1798 1494 1219  945  823  762  823  975 1067 1280 1463
394A Sali  198803092 1554 1524 1402 1250 1006  792  701  762  945 1189 1463 1707
394A Sali  198803101 1829 1829 1737 1524 1250 1006  792  732  762  945 1067 1280
394A Sali  198803102 1433 1463 1372 1189 1036  823  701  640  732  914 1219 1463
394A Sali  198803111 1646 1768 1707 1615 1402 1128  945  823  701  823  945 1097
394A Sali  198803112 1341 1433 1463 1311 1158  975  792  671  671  792  975 1250
394A Sali  198803121 1494 1676 1707 1707 1524 1311 1067  914  823  732  884 1036
394A Sali  198803122 1189 1372 1433 1311 1189 1006  762  701  701  853 1097 1402
394A Sali  198803131 1554 1737 1768 1615 1524 1158  975  853  792  853 1067 1158
394A Sali  198803132 1341 1372 1372 1250 1036  945  732  701  732  884 1311 1280
394A Sali  198803141 1524 1646 1676 1676 1494 1280 1097  914  792  853  945 1036
394A Sali  198803142 1250 1341 9999 9999 9999 9999 9999 9999 9999 9999 9999 9999
394A Sali  198803151 9999 9999 9999 9999 9999 9999 9999 9999 9999 9999 9999 9999
394A Sali  198803152 9999 9999 9999 9999 9999 9999 9999 9999 9999 9999 9999 9999
394A Sali  198803161 9999 9999 9999 9999 9999 9999 9999 9999 9999 9999 9999 9999
394A Sali  198803162 9999 9999 9999 9999 9999 9999 9999 9999 9999 9999 9999 9999
394A Sali  198803171 9999 9999 9999 9999 9999 9999 9999 9999 9999 9999 9999 9999
394A Sali  198803172 9999 9999 9999 9999 9999 9999 9999 9999 9999 9999 9999 9999
394A Sali  198803181 9999 9999 9999 9999 9999 9999 9999 9999 9999 9999 9999 9999
394A Sali  198803182 9999 9999 9999 9999 9999 9999 9999 9999 9999 9999 9999 9999
394A Sali  198803191 9999 9999 9999 9999 9999 9999 9999 9999 9999 9999 9999 9999
394A Sali  198803192 9999 9999 9999 9999 9999 9999 9999 9999 9999 9999 9999 9999
394A Sali  198803201 9999 9999 9999 9999 9999 9999 9999 9999 9999 9999 9999 9999
394A Sali  198803202 9999 9999 9999 9999 9999 9999 9999 9999 9999 9999 9999 9999
394A Sali  198803211 9999 9999 9999 9999 9999 9999 9999 9999 9999 9999 9999 9999
394A Sali  198803212 9999 9999 9999 9999 9999 9999 9999 9999 9999 9999 9999 9999
394A Sali  198803221 9999 9999 9999 9999 9999 9999 9999 9999 9999 9999 9999 9999
394A Sali  198803222 9999 9999 9999 9999 9999 9999 9999 9999 9999 9999 9999 9999
394A Sali  198803231 9999 9999 9999 9999 9999 9999 9999 9999 9999 9999 9999 9999
394A Sali  198803232 9999 9999 9999 9999 9999 9999 9999 9999 9999 9999 9999 9999
394A Sali  198803241 9999 9999 9999 9999 9999 9999 9999 9999 9999 9999 9999 9999
394A Sali  198803242 9999 9999 9999 9999 9999 9999 9999 9999 9999 9999 9999 9999
394A Sali  198803251 9999 9999 9999 9999 9999 9999 9999 9999 9999 9999 9999 9999
394A Sali  198803252 9999 9999 9999 9999 9999 9999 9999 9999 9999 9999 9999 9999
394A Sali  198803261 9999 9999 9999 9999 9999 9999 9999 9999 9999 9999 9999 9999
394A Sali  198803262 9999 9999 9999 9999 9999 9999 9999 9999 9999 9999 9999 9999
394A Sali  198803271 9999 9999 9999 9999 9999 9999 9999 9999 9999 9999 9999 9999
394A Sali  198803272 9999 9999 9999 9999 9999 9999 9999 9999 9999 9999 9999 9999
394A Sali  198803281 9999 9999 9999 9999 9999 9999 9999 9999 9999 9999 9999 9999
394A Sali  198803282 9999 9999 9999 9999 9999 9999 9999 9999 9999 9999 9999 9999
394A Sali  198803291 9999 9999 9999 9999 9999 9999 9999 9999 9999 9999 9999 9999
394A Sali  198803292 9999 9999 9999 9999 9999 9999 9999 9999 9999 9999 9999 9999
394A Sali  198803301 9999 9999 9999 9999 9999 9999 9999 9999 9999 9999 9999 9999
394A Sali  198803302 9999 9999 9999 9999 9999 9999 9999 9999 9999 9999 9999 9999
394A Sali  198803311 9999 9999 9999 9999 9999 9999 9999 9999 9999 9999 9999 9999
394A Sali  198803312 9999 9999 9999 9999 9999 9999 9999 9999 9999 9999 9999 9999
394A Sali  198804011 9999 9999 9999 9999 9999 9999 9999 9999 9999 9999 9999 9999
394A Sali  198804012 9999 9999 9999 9999 9999 9999 9999 9999 9999 9999 9999 9999
394A Sali  198804021 9999 9999 9999 9999 9999 9999 9999 9999 9999 9999 9999 9999
394A Sali  198804022 9999 9999 9999 9999 9999 9999 9999 9999 9999 9999 9999 9999
394A Sali  198804031 9999 9999 9999 9999 9999 9999 9999 9999 9999 9999 9999 9999
394A Sali  198804032 9999 9999 9999 9999 9999 9999 9999 9999 9999 9999 9999 9999
394A Sali  198804041 9999 9999 9999 9999 9999 9999 9999 9999 9999 9999 9999 9999
394A Sali  198804042 9999 9999 9999 9999 9999 9999 9999 9999 9999 9999 9999 9999
394A Sali  198804051 9999 9999 9999 9999 9999 9999 9999 9999 9999 9999 9999 9999
394A Sali  198804052 9999 9999 9999 9999 9999 9999 9999 9999 9999 9999 9999 9999
394A Sali  198804061 9999 9999 9999 9999 9999 9999 9999 9999 9999 9999 9999 9999
394A Sali  198804062 9999 9999 9999 9999 9999 9999 9999 9999 9999 9999 9999 9999
394A Sali  198804071 9999 9999 9999 9999 9999 9999 9999 9999 9999 9999 9999 9999
394A Sali  198804072 9999 9999 9999 9999 9999 9999 9999 9999 9999 9999 9999 9999
394A Sali  198804081 9999 9999 9999 9999 9999 9999 9999 9999 9999 9999 9999 9999
394A Sali  198804082 9999 9999 9999 9999 9999 9999 9999 9999 9999 9999 9999 9999
394A Sali  198804091 9999 9999 9999 9999 9999 9999 9999 9999 9999 9999 9999 9999
394A Sali  198804092 9999 9999 9999 9999 9999 9999 9999 9999 9999 9999 9999 9999
394A Sali  198804101 9999 9999 9999 9999 9999 9999 9999 9999 9999 9999 9999 9999
394A Sali  198804102 9999 9999 9999 9999 9999 9999 9999 9999 9999 9999 9999 9999
394A Sali  198804111 9999 9999 9999 9999 9999 9999 9999 9999 9999 9999 9999 9999
394A Sali  198804112 9999 9999 9999 9999 9999 9999 9999 9999 9999 9999 9999 9999
394A Sali  198804121 9999 9999 9999 9999 9999 9999 9999 9999 9999 9999 9999 9999
394A Sali  198804122 9999 9999 9999 9999 9999 9999 9999 9999 9999 9999 9999 9999
394A Sali  198804131 9999 9999 9999 9999 9999 9999 9999 9999 9999 9999 9999 9999
394A Sali  198804132 9999 9999 9999 9999 9999 9999 9999 9999 9999 9999 9999 9999
394A Sali  198804141 9999 9999 9999 9999 9999 9999 9999 9999 9999 9999 9999 9999
394A Sali  198804142 9999 9999 9999 9999 9999 9999 9999 9999 9999 9999 9999 9999
394A Sali  198804151 9999 9999 9999 9999 9999 9999 9999 9999 9999 9999 9999 9999
394A Sali  198804152 9999 9999 9999 9999 9999 9999 9999 9999 9999 9999 9999 9999
394A Sali  198804161 9999 9999 9999 9999 9999 9999 9999 9999 9999 9999 9999 9999
394A Sali  198804162 9999 9999 9999 9999 9999 9999 9999 9999 9999 9999 9999 9999
394A Sali  198804171 9999 9999 9999 9999 9999 9999 9999 9999 9999 9999 9999 9999
394A Sali  198804172 9999 9999 9999 9999 9999 9999 9999 9999 9999 9999 9999 9999
394A Sali  198804181 9999 9999 9999 9999 9999 9999 9999 9999 9999 9999 9999 9999
394A Sali  198804182 9999 9999 9999 9999 9999 9999 9999 9999 9999 9999 9999 9999
394A Sali  198804191 9999 9999 9999 9999 9999 9999 9999 9999 9999 9999 9999 9999
394A Sali  198804192 9999 9999 9999 9999 9999 9999 9999 9999 9999 9999 9999 9999
394A Sali  198804201 9999 9999 9999 9999 9999 9999 9999 9999 9999 9999 9999 9999
394A Sali  198804202 9999 9999 9999 9999 9999 9999 9999 9999 9999 9999 9999 9999
394A Sali  198804211 9999 9999 9999 9999 9999 9999 9999 9999 9999 9999 9999 9999
394A Sali  198804212 9999 9999 9999 9999 9999 9999 9999 9999 9999 9999 9999 9999
394A Sali  198804221 9999 9999 9999 9999 9999 9999 9999 9999 9999 9999 9999 9999
394A Sali  198804222 9999 9999 9999 9999 9999 9999 9999 9999 9999 9999 9999 9999
394A Sali  198804231 9999 9999 9999 9999 9999 9999 9999 9999 9999 9999 9999 9999
394A Sali  198804232 9999 9999 9999 9999 9999 9999 9999 9999 9999 9999 9999 9999
394A Sali  198804241 9999 9999 9999 9999 9999 9999 9999 9999 9999 9999 9999 9999
394A Sali  198804242 9999 9999 9999 9999 9999 9999 9999 9999 9999 9999 9999 9999
394A Sali  198804251 9999 9999 9999 9999 9999 9999 9999 9999 9999 9999 9999 9999
394A Sali  198804252 9999 9999 9999 9999 9999 9999 9999 9999 9999 9999 9999 9999
394A Sali  198804261 9999 9999 9999 9999 9999 9999 9999 9999 9999 9999 9999 9999
394A Sali  198804262 9999 9999 9999 9999 9999 9999 9999 9999 9999 9999 9999 9999
394A Sali  198804271 9999 9999 9999 9999 9999 9999 9999 9999 9999 9999 9999 9999
394A Sali  198804272 9999 9999 9999 9999 9999 9999 9999 9999 9999 9999 9999 9999
394A Sali  198804281 9999 9999 9999 9999 9999 9999 9999 9999 9999 9999 9999 9999
394A Sali  198804282 9999 9999 9999 9999 9999 9999 9999 9999 9999 9999 9999 9999
394A Sali  198804291 9999 9999 9999 9999 9999 9999 9999 9999 9999 9999 9999 9999
394A Sali  198804292 9999 9999 9999 9999 9999 9999 9999 9999 9999 9999 9999 9999
394A Sali  198804301 9999 9999 9999 9999 9999 9999 9999 9999 9999 9999 9999 9999
394A Sali  198804302 9999 9999 9999 9999 9999 9999 9999 9999 9999 9999 9999 9999
394A Sali  198805011 9999 9999 9999 9999 9999 9999 9999 9999 9999 9999 9999 9999
394A Sali  198805012 9999 9999 9999 9999 9999 9999 9999 9999 9999 9999 9999 9999
394A Sali  198805021 9999 9999 9999 9999 9999 9999 9999 9999 9999 9999 9999 9999
394A Sali  198805022 9999 9999 9999 9999 9999 9999 9999 9999 9999 9999 9999 9999
394A Sali  198805031 9999 9999 9999 9999 9999 9999 9999 9999 9999 9999 9999 9999
394A Sali  198805032 9999 9999 9999 9999 9999 9999 9999 9999 9999 9999 9999 9999
394A Sali  198805041 9999 9999 9999 9999 9999 9999 9999 9999 9999 9999 9999 9999
394A Sali  198805042 9999 9999 9999 9999 9999 9999 9999 9999 9999 9999 9999 9999
394A Sali  198805051 9999 9999 9999 9999 9999 9999 9999 9999 9999 9999 9999 9999
394A Sali  198805052 9999 9999 9999 9999 9999 9999 9999 9999 9999 9999 9999 9999
394A Sali  198805061 9999 9999 9999 9999 9999 9999 9999 9999 9999 9999 9999 9999
394A Sali  198805062 9999 9999 9999 9999 9999 9999 9999 9999 9999 9999 9999 9999
394A Sali  198805071 9999 9999 9999 9999 9999 9999 9999 9999 9999 9999 9999 9999
394A Sali  198805072 9999 9999 9999 9999 9999 9999 9999 9999 9999 9999 9999 9999
394A Sali  198805081 9999 9999 9999 9999 9999 9999 9999 9999 9999 9999 9999 9999
394A Sali  198805082 9999 9999 9999 9999 9999 9999 9999 9999 9999 9999 9999 9999
394A Sali  198805091 9999 9999 9999 9999 9999 9999 9999 9999 9999 9999 9999 9999
394A Sali  198805092 9999 9999 9999 9999 9999 9999 9999 9999 9999 9999 9999 9999
394A Sali  198805101 9999 9999 9999 9999 9999 9999 9999 9999 9999 9999 9999 9999
394A Sali  198805102 9999 9999 9999 9999 9999 9999 9999 9999 9999 9999 9999 9999
394A Sali  198805111 9999 9999 9999 9999 9999 9999 9999 9999 9999 9999 9999 9999
394A Sali  198805112 9999 9999 9999 9999 9999 9999 9999 9999 9999 9999 9999 9999
394A Sali  198805121 9999 9999 9999 9999 9999 9999 9999 9999 9999 9999 9999 9999
394A Sali  198805122 9999 9999 9999 9999 9999 9999 9999 9999 9999 9999 9999 9999
394A Sali  198805131 9999 9999 9999 9999 9999 9999 9999 9999 9999 9999 9999 9999
394A Sali  198805132 9999 9999 9999 9999 9999 9999 9999 9999 9999 9999 9999 9999
394A Sali  198805141 9999 9999 9999 9999 9999 9999 9999 9999 9999 9999 9999 9999
394A Sali  198805142 9999 9999 9999 9999 9999 9999 9999 9999 9999 9999 9999 9999
394A Sali  198805151 9999 9999 9999 9999 9999 9999 9999 9999 9999 9999 9999 9999
394A Sali  198805152 9999 9999 9999 9999 9999 9999 9999 9999 9999 9999 9999 9999
394A Sali  198805161 9999 9999 9999 9999 9999 9999 9999 9999 9999 9999 9999 9999
394A Sali  198805162 9999 9999 9999 9999 9999 9999 9999 9999 9999 9999 9999 9999
394A Sali  198805171 9999 9999 9999 9999 9999 9999 9999 9999 9999 9999 9999 9999
394A Sali  198805172 9999 9999 9999 9999 9999 9999 9999 9999 9999 9999 9999 9999
394A Sali  198805181 9999 9999 9999 9999 9999 9999 9999 9999 9999 9999 9999 9999
394A Sali  198805182 9999 9999 9999 9999 9999 9999 9999 9999 9999 9999 9999 9999
394A Sali  198805191 9999 9999 9999 9999 9999 9999 9999 9999 9999 9999 9999 9999
394A Sali  198805192 9999 9999 9999 9999 9999 9999 9999 9999 9999 9999 9999 9999
394A Sali  198805201 9999 9999 9999 9999 9999 9999 9999 9999 9999 9999 9999 9999
394A Sali  198805202 9999 9999 9999 9999 9999 9999 9999 9999 9999 9999 9999 9999
394A Sali  198805211 9999 9999 9999 9999 9999 9999 9999 9999 9999 9999 9999 9999
394A Sali  198805212 9999 9999 9999 9999 9999 9999 9999 9999 9999 9999 9999 9999
394A Sali  198805221 9999 9999 9999 9999 9999 9999 9999 9999 9999 9999 9999 9999
394A Sali  198805222 9999 9999 9999 9999 9999 9999 9999 9999 9999 9999 9999 9999
394A Sali  198805231 9999 9999 9999 9999 9999 9999 9999 9999 9999 9999 9999 9999
394A Sali  198805232 9999 9999 9999 9999 9999 9999 9999 9999 9999 9999 9999 9999
394A Sali  198805241 9999 9999 9999 9999 9999 9999 9999 9999 9999 9999 9999 9999
394A Sali  198805242 9999 9999 9999 9999 9999 9999 9999 9999 9999 9999 9999 9999
394A Sali  198805251 9999 9999 9999 9999 9999 9999 9999 9999 9999 9999 9999 9999
394A Sali  198805252 9999 9999 9999 9999 9999 9999 9999 9999 9999 9999 9999 9999
394A Sali  198805261 9999 9999 9999 9999 9999 9999 9999 9999 9999 9999 9999 9999
394A Sali  198805262 9999 9999 9999 9999 9999 9999 9999 9999 9999 9999 9999 9999
394A Sali  198805271 9999 9999 9999 9999 9999 9999 9999 9999 9999 9999 9999 9999
394A Sali  198805272 9999 9999 9999 9999 9999 9999 9999 9999 9999 9999 9999 9999
394A Sali  198805281 9999 9999 9999 9999 9999 9999 9999 9999 9999 9999 9999 9999
394A Sali  198805282 9999 9999 9999 9999 9999 9999 9999 9999 9999 9999 9999 9999
394A Sali  198805291 9999 9999 9999 9999 9999 9999 9999 9999 9999 9999 9999 9999
394A Sali  198805292 9999 9999 9999 9999 9999 9999 9999 9999 9999 9999 9999 9999
394A Sali  198805301 9999 9999 9999 9999 9999 9999 9999 9999 9999 9999 9999 9999
394A Sali  198805302 9999 9999 9999 9999 9999 9999 9999 9999 9999 9999 9999 9999
394A Sali  198805311 9999 9999 9999 9999 9999 9999 9999 9999 9999 9999 9999 9999
394A Sali  198805312 9999 9999 9999 9999 9999 9999 9999 9999 9999 9999 9999 9999
394A Sali  198806011 9999 9999 9999 9999 9999 9999 9999 9999 9999 9999 9999 9999
394A Sali  198806012 9999 9999 9999 9999 9999 9999 9999 9999 9999 9999 9999 9999
394A Sali  198806021 9999 9999 9999 9999 9999 9999 9999 9999 9999 9999 9999 9999
394A Sali  198806022 9999 9999 9999 9999 9999 9999 9999 9999 9999 9999 9999 9999
394A Sali  198806031 9999 9999 9999 9999 9999 9999 9999 9999 9999 9999 9999 9999
394A Sali  198806032 9999 9999 9999 9999 9999 9999 9999 9999 9999 9999 9999 9999
394A Sali  198806041 9999 9999 9999 9999 9999 9999 9999 9999 9999 9999 9999 9999
394A Sali  198806042 9999 9999 9999 9999 9999 9999 9999 9999 9999 9999 9999 9999
394A Sali  198806051 9999 9999 9999 9999 9999 9999 9999 9999 9999 9999 9999 9999
394A Sali  198806052 9999 9999 9999 9999 9999 9999 9999 9999 9999 9999 9999 9999
394A Sali  198806061 9999 9999 9999 9999 9999 9999 9999 9999 9999 9999 9999 9999
394A Sali  198806062 9999 9999 9999 9999 9999 9999 9999 9999 9999 9999 9999 9999
394A Sali  198806071 9999 9999 9999 9999 9999 9999 9999 9999 9999 9999 9999 9999
394A Sali  198806072 9999 9999 9999 9999 9999 9999 9999 9999 9999 9999 9999 9999
394A Sali  198806081 9999 9999 9999 9999 9999 9999 9999 9999 9999 9999 9999 9999
394A Sali  198806082 9999 9999 9999 9999 9999 9999 9999 9999 9999 9999 9999 9999
394A Sali  198806091 9999 9999 9999 9999 9999 9999 9999 9999 9999 9999 9999 9999
394A Sali  198806092 9999 9999 9999 9999 9999 9999 9999 9999 9999 9999 9999 9999
394A Sali  198806101 9999 9999 9999 9999 9999 9999 9999 9999 9999 9999 9999 9999
394A Sali  198806102 9999 9999 9999 9999 9999 9999 9999 9999 9999 9999 9999 9999
394A Sali  198806111 9999 9999 9999 9999 9999 9999 9999 9999 9999 9999 9999 9999
394A Sali  198806112 9999 9999 9999 9999 9999 9999 9999 9999 9999 9999 9999 9999
394A Sali  198806121 9999 9999 9999 9999 9999 9999 9999 9999 9999 9999 9999 9999
394A Sali  198806122 9999 9999 9999 9999 9999 9999 9999 9999 9999 9999 9999 9999
394A Sali  198806131 9999 9999 9999 9999 9999 9999 9999 9999 9999 9999 9999 9999
394A Sali  198806132 9999 9999 9999 9999 9999 9999 9999 9999 9999 9999 9999 9999
394A Sali  198806141 9999 9999 9999 9999 9999 9999 9999 9999 9999 9999 9999 9999
394A Sali  198806142 9999 9999 9999 9999 9999 9999 9999 9999 9999 9999 9999 9999
394A Sali  198806151 9999 9999 9999 9999 9999 9999 9999 9999 9999 9999 9999 9999
394A Sali  198806152 9999 9999 9999 9999 9999 9999 9999 9999 9999 9999 9999 9999
394A Sali  198806161 9999 9999 9999 9999 9999 9999 9999 9999 9999 9999 9999 9999
394A Sali  198806162 9999 9999 9999 9999 9999 9999 9999 9999 9999 9999 9999 9999
394A Sali  198806171 9999 9999 9999 9999 9999 9999 9999 9999 9999 9999 9999 9999
394A Sali  198806172 9999 9999 9999 9999 9999 9999 9999 9999 9999 9999 9999 9999
394A Sali  198806181 9999 9999 9999 9999 9999 9999 9999 9999 9999 9999 9999 9999
394A Sali  198806182 9999 9999 9999 9999 9999 9999 9999 9999 9999 9999 9999 9999
394A Sali  198806191 9999 9999 9999 9999 9999 9999 9999 9999 9999 9999 9999 9999
394A Sali  198806192 9999 9999 9999 9999 9999 9999 9999 9999 9999 9999 9999 9999
394A Sali  198806201 9999 9999 9999 9999 9999 9999 9999 9999 9999 9999 9999 9999
394A Sali  198806202 9999 9999 9999 9999 9999 9999 9999 9999 9999 9999 9999 9999
394A Sali  198806211 9999 9999 9999 9999 9999 9999 9999 9999 9999 9999 9999 9999
394A Sali  198806212 9999 9999 9999 9999 9999 9999 9999 9999 9999 9999 9999 9999
394A Sali  198806221 9999 9999 9999 9999 9999 9999 9999 9999 9999 9999 9999 9999
394A Sali  198806222 9999 9999 9999 9999 9999 9999 9999 9999 9999 9999 9999 9999
394A Sali  198806231 9999 9999 9999 9999 9999 9999 9999 9999 9999 9999 9999 9999
394A Sali  198806232 9999 9999 9999 9999 9999 9999 9999 9999 9999 9999 9999 9999
394A Sali  198806241 9999 9999 9999 9999 9999 9999 9999 9999 9999 9999 9999 9999
394A Sali  198806242 9999 9999 9999 9999 9999 9999 9999 9999 9999 9999 9999 9999
394A Sali  198806251 9999 9999 9999 9999 9999 9999 9999 9999 9999 9999 9999 9999
394A Sali  198806252 9999 9999 9999 9999 9999 9999 9999 9999 9999 9999 9999 9999
394A Sali  198806261 9999 9999 9999 9999 9999 9999 9999 9999 9999 9999 9999 9999
394A Sali  198806262 9999 9999 9999 9999 9999 9999 9999 9999 9999 9999 9999 9999
394A Sali  198806271 9999 9999 9999 9999 9999 9999 9999 9999 9999 9999 9999 9999
394A Sali  198806272 9999 9999 9999 9999 9999 9999 9999 9999 9999 9999 9999 9999
394A Sali  198806281 9999 9999 9999 9999 9999 9999 9999 9999 9999 9999 9999 9999
394A Sali  198806282 9999 9999 9999 9999 9999 9999 9999 9999 9999 9999 9999 9999
394A Sali  198806291 9999 9999 9999 9999 9999 9999 9999 9999 9999 9999 9999 9999
394A Sali  198806292 9999 9999 9999 9999 9999 9999 9999 9999 9999 9999 9999 9999
394A Sali  198806301 9999 9999 9999 9999 9999 9999 9999 9999 9999 9999 9999 9999
394A Sali  198806302 9999 9999 9999 9999 9999 9999 9999 9999 9999 9999 9999 9999
394A Sali  198807011 9999 9999 9999 9999 9999 9999 9999 9999 9999 9999 9999 9999
394A Sali  198807012 9999 9999 9999 9999 9999 9999 9999 9999 9999 9999 9999 9999
394A Sali  198807021 9999 9999 9999 9999 9999 9999 9999 9999 9999 9999 9999 9999
394A Sali  198807022 9999 9999 9999 9999 9999 9999 9999 9999 9999 9999 9999 9999
394A Sali  198807031 9999 9999 9999 9999 9999 9999 9999 9999 9999 9999 9999 9999
394A Sali  198807032 9999 9999 9999 9999 9999 9999 9999 9999 9999 9999 9999 9999
394A Sali  198807041 9999 9999 9999 9999 9999 9999 9999 9999 9999 9999 9999 9999
394A Sali  198807042 9999 9999 9999 9999 9999 9999 9999 9999 9999 9999 9999 9999
394A Sali  198807051 9999 9999 9999 9999 9999 9999 9999 9999 9999 9999 9999 9999
394A Sali  198807052 9999 9999 9999 9999 9999 9999 9999 9999 9999 9999 9999 9999
394A Sali  198807061 9999 9999 9999 9999 9999 9999 9999 9999 9999 9999 9999 9999
394A Sali  198807062 9999 9999 9999 9999 9999 9999 9999 9999 9999 9999 9999 9999
394A Sali  198807071 9999 9999 9999 9999 9999 9999 9999 9999 9999 9999 9999 9999
394A Sali  198807072 9999 9999 9999 9999 9999 9999 9999 9999 9999 9999 9999 9999
394A Sali  198807081 9999 9999 9999 9999 9999 9999 9999 9999 9999 9999 9999 9999
394A Sali  198807082 9999 9999 9999 9999 9999 9999 9999 9999 9999 9999 9999 9999
394A Sali  198807091 9999 9999 9999 9999 9999 9999 9999 9999 9999 9999 9999 9999
394A Sali  198807092 9999 9999 9999 9999 9999 9999 9999 9999 9999 9999 9999 9999
394A Sali  198807101 9999 9999 9999 9999 9999 9999 9999 9999 9999 9999 9999 9999
394A Sali  198807102 9999 9999 9999 9999 9999 9999 9999 9999 9999 9999 9999 9999
394A Sali  198807111 9999 9999 9999 9999 9999 9999 9999 9999 9999 9999 9999 9999
394A Sali  198807112 9999 9999 9999 9999 9999 9999 9999 9999 9999 9999 9999 9999
394A Sali  198807121 9999 9999 9999 9999 9999 9999 9999 9999 9999 9999 9999 9999
394A Sali  198807122 9999 9999 9999 9999 9999 9999 9999 9999 9999 9999 9999 9999
394A Sali  198807131 9999 9999 9999 9999 9999 9999 9999 9999 9999 9999 9999 9999
394A Sali  198807132 9999 9999 9999 9999 9999 9999 9999 9999 9999 9999 9999 9999
394A Sali  198807141 9999 9999 9999 9999 9999 9999 9999 9999 9999 9999 9999 9999
394A Sali  198807142 9999 9999 9999 9999 9999 9999 9999 9999 9999 9999 9999 9999
394A Sali  198807151 9999 9999 9999 9999 9999 9999 9999 9999 9999 9999 9999 9999
394A Sali  198807152 9999 9999 9999 9999 9999 9999 9999 9999 9999 9999 9999 9999
394A Sali  198807161 9999 9999 9999 9999 9999 9999 9999 9999 9999 9999 9999 9999
394A Sali  198807162 9999 9999 9999 9999 9999 9999 9999 9999 9999 9999 9999 9999
394A Sali  198807171 9999 9999 9999 9999 9999 9999 9999 9999 9999 9999 9999 9999
394A Sali  198807172 9999 9999 9999 9999 9999 9999 9999 9999 9999 9999 9999 9999
394A Sali  198807181 9999 9999 9999 9999 9999 9999 9999 9999 9999 9999 9999 9999
394A Sali  198807182 9999 9999 9999 9999 9999 9999 9999 9999 9999 9999 9999 9999
394A Sali  198807191 9999 9999 9999 9999 9999 9999 9999 9999 9999 9999 9999 9999
394A Sali  198807192 9999 9999 9999 9999 9999 9999 9999 9999 9999 9999 9999 9999
394A Sali  198807201 9999 9999 9999 9999 9999 9999 9999 9999 9999 9999 9999 9999
394A Sali  198807202 9999 9999 9999 9999 9999 9999 9999 9999 9999 9999 9999 9999
394A Sali  198807211 9999 9999 9999 9999 9999 9999 9999 9999 9999 9999 9999 9999
394A Sali  198807212 9999 9999 9999 9999 9999 9999 9999 9999 9999 9999 9999 9999
394A Sali  198807221 9999 9999 9999 9999 9999 9999 9999 9999 9999 9999 9999 9999
394A Sali  198807222 9999 9999 9999 9999 9999 9999 9999 9999 9999 9999 9999 9999
394A Sali  198807231 9999 9999 9999 9999 9999 9999 9999 9999 9999 9999 9999 9999
394A Sali  198807232 9999 9999 9999 9999 9999 9999 9999 9999 9999 9999 9999 9999
394A Sali  198807241 9999 9999 9999 9999 9999 9999 9999 9999 9999 9999 9999 9999
394A Sali  198807242 9999 9999 9999 9999 9999 9999 9999 9999 9999 9999 9999 9999
394A Sali  198807251 9999 9999 9999 9999 9999 9999 9999 9999 9999 9999 9999 9999
394A Sali  198807252 9999 9999 9999 9999 9999 9999 9999 9999 9999 9999 9999 9999
394A Sali  198807261 9999 9999 9999 9999 9999 9999 9999 9999 9999 9999 9999 9999
394A Sali  198807262 9999 9999 9999 9999 9999 9999 9999 9999 9999 9999 9999 9999
394A Sali  198807271 9999 9999 9999 9999 9999 9999 9999 9999 9999 9999 9999 9999
394A Sali  198807272 9999 9999 9999 9999 9999 9999 9999 9999 9999 9999 9999 9999
394A Sali  198807281 9999 9999 9999 9999 9999 9999 9999 9999 9999 9999 9999 9999
394A Sali  198807282 9999 9999 9999 9999 9999 9999 9999 9999 9999 9999 9999 9999
394A Sali  198807291 9999 9999 9999 9999 9999 9999 9999 9999 9999 9999 9999 9999
394A Sali  198807292 9999 9999 9999 9999 9999 9999 9999 9999 9999 9999 9999 9999
394A Sali  198807301 9999 9999 9999 9999 9999 9999 9999 9999 9999 9999 9999 9999
394A Sali  198807302 9999 9999 9999 9999 9999 9999 9999 9999 9999 9999 9999 9999
394A Sali  198807311 9999 9999 9999 9999 9999 9999 9999 9999 9999 9999 9999 9999
394A Sali  198807312 9999 9999 9999 9999 9999 9999 9999 9999 9999 9999 9999 9999
394A Sali  198808011 9999 9999 9999 9999 9999 9999 9999 9999 9999 9999 9999 9999
394A Sali  198808012 9999 9999 9999 9999 9999 9999 9999 9999 9999 9999 9999 9999
394A Sali  198808021 9999 9999 9999 9999 9999 9999 9999 9999 9999 9999 9999 9999
394A Sali  198808022 9999 9999 9999 9999 9999 9999 9999 9999 9999 9999 9999 9999
394A Sali  198808031 9999 9999 9999 9999 9999 9999 9999 9999 9999 9999 9999 9999
394A Sali  198808032 9999 9999 9999 9999 9999 9999 9999 9999 9999 9999 9999 9999
394A Sali  198808041 9999 9999 9999 9999 9999 9999 9999 9999 9999 9999 9999 9999
394A Sali  198808042 9999 9999 9999 9999 9999 9999 9999 9999 9999 9999 9999 9999
394A Sali  198808051 9999 9999 9999 9999 9999 9999 9999 9999 9999 9999 9999 9999
394A Sali  198808052 9999 9999 9999 9999 9999 9999 9999 9999 9999 9999 9999 9999
394A Sali  198808061 9999 9999 9999 9999 9999 9999 9999 9999 9999 9999 9999 9999
394A Sali  198808062 9999 9999 9999 9999 9999 9999 9999 9999 9999 9999 9999 9999
394A Sali  198808071 9999 9999 9999 9999 9999 9999 9999 9999 9999 9999 9999 9999
394A Sali  198808072 9999 9999 9999 9999 9999 9999 9999 9999 9999 9999 9999 9999
394A Sali  198808081 9999 9999 9999 9999 9999 9999 9999 9999 9999 9999 9999 9999
394A Sali  198808082 9999 9999 9999 9999 9999 9999 9999 9999 9999 9999 9999 9999
394A Sali  198808091 9999 9999 9999 9999 9999 9999 9999 9999 9999 9999 9999 9999
394A Sali  198808092 9999 9999 9999 9999 9999 9999 9999 9999 9999 9999 9999 9999
394A Sali  198808101 9999 9999 9999 9999 9999 9999 9999 9999 9999 9999 9999 9999
394A Sali  198808102 9999 9999 9999 9999 9999 9999 9999 9999 9999 9999 9999 9999
394A Sali  198808111 9999 9999 9999 9999 9999 9999 9999 9999 9999 9999 9999 9999
394A Sali  198808112 9999 9999 9999 9999 9999 9999 9999 9999 9999 9999 9999 9999
394A Sali  198808121 9999 9999 9999 9999 9999 9999 9999 9999 9999 9999 9999 9999
394A Sali  198808122 9999 9999 9999 9999 9999 9999 9999 9999 9999 9999 9999 9999
394A Sali  198808131 9999 9999 9999 9999 9999 9999 9999 9999 9999 9999 9999 9999
394A Sali  198808132 9999 9999 9999 9999 9999 9999 9999 9999 9999 9999 9999 9999
394A Sali  198808141 9999 9999 9999 9999 9999 9999 9999 9999 9999 9999 9999 9999
394A Sali  198808142 9999 9999 9999 9999 9999 9999 9999 9999 9999 9999 9999 9999
394A Sali  198808151 9999 9999 9999 9999 9999 9999 9999 9999 9999 9999 9999 9999
394A Sali  198808152 9999 9999 9999 9999 9999 9999 9999 9999 9999 9999 9999 9999
394A Sali  198808161 9999 9999 9999 9999 9999 9999 9999 9999 9999 9999 9999 9999
394A Sali  198808162 9999 9999 9999 9999 9999 9999 9999 9999 9999 9999 9999 9999
394A Sali  198808171 9999 9999 9999 9999 9999 9999 9999 9999 9999 9999 9999 9999
394A Sali  198808172 9999 9999 9999 9999 9999 9999 9999 9999 9999 9999 9999 9999
394A Sali  198808181 9999 9999 9999 9999 9999 9999 9999 9999 9999 9999 9999 9999
394A Sali  198808182 9999 9999 9999 9999 9999 9999 9999 9999 9999 9999 9999 9999
394A Sali  198808191 9999 9999 9999 9999 9999 9999 9999 9999 9999 9999 9999 9999
394A Sali  198808192 9999 9999 9999 9999 9999 9999 9999 9999 9999 9999 9999 9999
394A Sali  198808201 9999 9999 9999 9999 9999 9999 9999 9999 9999 9999 9999 9999
394A Sali  198808202 9999 9999 9999 9999 9999 9999 9999 9999 9999 9999 9999 9999
394A Sali  198808211 9999 9999 9999 9999 9999 9999 9999 9999 9999 9999 9999 9999
394A Sali  198808212 9999 9999 9999 9999 9999 9999 9999 9999 9999 9999 9999 9999
394A Sali  198808221 9999 9999 9999 9999 9999 9999 9999 9999 9999 9999 9999 9999
394A Sali  198808222 9999 9999 9999 9999 9999 9999 9999 9999 9999 9999 9999 9999
394A Sali  198808231 9999 9999 9999 9999 9999 9999 9999 9999 9999 9999 9999 9999
394A Sali  198808232 9999 9999 9999 9999 9999 9999 9999 9999 9999 9999 9999 9999
394A Sali  198808241 9999 9999 9999 9999 9999 9999 9999 9999 9999 9999 9999 9999
394A Sali  198808242 9999 9999 9999 9999 9999 9999 9999 9999 9999 9999 9999 9999
394A Sali  198808251 9999 9999 9999 9999 9999 9999 9999 9999 9999 9999 9999 9999
394A Sali  198808252 9999 9999 9999 9999 9999 9999 9999 9999 9999 9999 9999 9999
394A Sali  198808261 9999 9999 9999 9999 9999 9999 9999 9999 9999 9999 9999 9999
394A Sali  198808262 9999 9999 9999 9999 9999 9999 9999 9999 9999 9999 9999 9999
394A Sali  198808271 9999 9999 9999 9999 9999 9999 9999 9999 9999 9999 9999 9999
394A Sali  198808272 9999 9999 9999 9999 9999 9999 9999 9999 9999 9999 9999 9999
394A Sali  198808281 9999 9999 9999 9999 9999 9999 9999 9999 9999 9999 9999 9999
394A Sali  198808282 9999 9999 9999 9999 9999 9999 9999 9999 9999 9999 9999 9999
394A Sali  198808291 9999 9999 9999 9999 9999 9999 9999 9999 9999 9999 9999 9999
394A Sali  198808292 9999 9999 9999 9999 9999 9999 9999 9999 9999 9999 9999 9999
394A Sali  198808301 9999 9999 9999 9999 9999 9999 9999 9999 9999 9999 9999 9999
394A Sali  198808302 9999 9999 9999 9999 9999 9999 9999 9999 9999 9999 9999 9999
394A Sali  198808311 9999 9999 9999 9999 9999 9999 9999 9999 9999 9999 9999 9999
394A Sali  198808312 9999 9999 9999 9999 9999 9999 9999 9999 9999 9999 9999 9999
394A Sali  198809011 9999 9999 9999 9999 9999 9999 9999 9999 9999 9999 9999 9999
394A Sali  198809012 9999 9999 9999 9999 9999 9999 9999 9999 9999 9999 9999 9999
394A Sali  198809021 9999 9999 9999 9999 9999 9999 9999 9999 9999 9999 9999 9999
394A Sali  198809022 9999 9999 9999 9999 9999 9999 9999 9999 9999 9999 9999 9999
394A Sali  198809031 9999 9999 9999 9999 9999 9999 9999 9999 9999 9999 9999 9999
394A Sali  198809032 9999 9999 9999 9999 9999 9999 9999 9999 9999 9999 9999 9999
394A Sali  198809041 9999 9999 9999 9999 9999 9999 9999 9999 9999 9999 9999 9999
394A Sali  198809042 9999 9999 9999 9999 9999 9999 9999 9999 9999 9999 9999 9999
394A Sali  198809051 9999 9999 9999 9999 9999 9999 9999 9999 9999 9999 9999 9999
394A Sali  198809052 9999 9999 9999 9999 9999 9999 9999 9999 9999 9999 9999 9999
394A Sali  198809061 9999 9999 9999 9999 9999 9999 9999 9999 9999 9999 9999 9999
394A Sali  198809062 9999 9999 9999 9999 9999 9999 9999 9999 9999 9999 9999 9999
394A Sali  198809071 9999 9999 9999 9999 9999 9999 9999 9999 9999 9999 9999 9999
394A Sali  198809072 9999 9999 9999 9999 9999 9999 9999 9999 9999 9999 9999 9999
394A Sali  198809081 9999 9999 9999 9999 9999 9999 9999 9999 9999 9999 9999 9999
394A Sali  198809082 9999 9999 9999 9999 9999 9999 9999 9999 9999 9999 9999 9999
394A Sali  198809091 9999 9999 9999 9999 9999 9999 9999 9999 9999 9999 9999 9999
394A Sali  198809092 9999 9999 9999 9999 9999 9999 9999 9999 9999 9999 9999 9999
394A Sali  198809101 9999 9999 9999 9999 9999 9999 9999 9999 9999 9999 9999 9999
394A Sali  198809102 9999 9999 9999 9999 9999 9999 9999 9999 9999 9999 9999 9999
394A Sali  198809111 9999 9999 9999 9999 9999 9999 9999 9999 9999 9999 9999 9999
394A Sali  198809112 9999 9999 9999 9999 9999 9999 9999 9999 9999 9999 9999 9999
394A Sali  198809121 9999 9999 9999 9999 9999 9999 9999 9999 9999 9999 9999 9999
394A Sali  198809122 9999 9999 9999 9999 9999 9999 9999 9999 9999 9999 9999 9999
394A Sali  198809131 9999 9999 9999 9999 9999 9999 9999 9999 9999 9999 9999 9999
394A Sali  198809132 9999 9999 9999 9999 9999 9999 9999 9999 9999 9999 9999 9999
394A Sali  198809141 9999 9999 9999 9999 9999 9999 9999 9999 9999 9999 9999 9999
394A Sali  198809142 9999 9999 9999 9999 9999 9999 9999 9999 9999 9999 9999 9999
394A Sali  198809151 9999 9999 9999 9999 9999 9999 9999 9999 9999 9999 9999 9999
394A Sali  198809152 9999 9999 9999 9999 9999 9999 9999 9999 9999 9999 9999 9999
394A Sali  198809161 9999 9999 9999 9999 9999 9999 9999 9999 9999 9999 9999 9999
394A Sali  198809162 9999 9999 9999 9999 9999 9999 9999 9999 9999 9999 9999 9999
394A Sali  198809171 9999 9999 9999 9999 9999 9999 9999 9999 9999 9999 9999 9999
394A Sali  198809172 9999 9999 9999 9999 9999 9999 9999 9999 9999 9999 9999 9999
394A Sali  198809181 9999 9999 9999 9999 9999 9999 9999 9999 9999 9999 9999 9999
394A Sali  198809182 9999 9999 9999 9999 9999 9999 9999 9999 9999 9999 9999 9999
394A Sali  198809191 9999 9999 9999 9999 9999 9999 9999 9999 9999 9999 9999 9999
394A Sali  198809192 9999 9999 9999 9999 9999 9999 9999 9999 9999 9999 9999 9999
394A Sali  198809201 9999 9999 9999 9999 9999 9999 9999 9999 9999 9999 9999 9999
394A Sali  198809202 9999 9999 9999 9999 9999 9999 9999 9999 9999 9999 9999 9999
394A Sali  198809211 9999 9999 9999 9999 9999 9999 9999 9999 9999 9999 9999 9999
394A Sali  198809212 9999 9999 9999 9999 9999 9999 9999 9999 9999 9999 9999 9999
394A Sali  198809221 9999 9999 9999 9999 9999 9999 9999 9999 9999 9999 9999 9999
394A Sali  198809222 9999 9999 9999 9999 9999 9999 9999 9999 9999 9999 9999 9999
394A Sali  198809231 9999 9999 9999 9999 9999 9999 9999 9999 9999 9999 9999 9999
394A Sali  198809232 9999 9999 9999 9999 9999 9999 9999 1829 1646 1463 1250 1067
394A Sali  198809241 1036 1036 1128 1341 1585 1737 1829 1829 1707 1494 1311 1097
394A Sali  198809242  945  975 1006 1189 1433 1615 1859 1890 1829 1707 1463 1280
394A Sali  198809251 1036  945  914 1036 1250 1554 1780 1920 1951 1859 1707 1402
394A Sali  198809252 1189  945  853  853 1097 1250 1524 1768 1859 1859 1676 1433
394A Sali  198809261 1158  889  732  732  853 1097 1372 1768 1859 1951 1920 1585
394A Sali  198809262 1280  975  762  701  786  997 1274 1549 1749 1815 1707 1524
394A Sali  198809271 1189  884  701  640  762 1067 1433 1768 2012 2195 2134 1981
394A Sali  198809272 1615 1267  940  719  663  777 1022 1336 1641 1855 1915 1811
394A Sali  198809281 1581 1264  945  701  671  823 1128 1524 1890 2195 2286 2225
394A Sali  198809282 2012 1585 1189  914  720  701  853 1189 1494 1768 1981 2042
394A Sali  198809291 1829 1585 1189  914  762  701  853 1189 1646 2012 2286 2347
394A Sali  198809292 2225 1981 1676 1311  975  762  762  945 1280 1585 1859 2042
394A Sali  198809301 2012 1798 1554 1219  914  762  792  975 1341 1703 2042 2256
394A Sali  198809302 2316 2195 1951 1585 1158  945  762  823  975 1280 1585 1890
394A Sali  198810011 1981 1951 1768 1494 1158  945  792  792 1006 1372 1707 2012
394A Sali  198810012 2195 2225 2073 1829 1463 1189  914  853  884 1128 1402 1646
394A Sali  198810021 1859 1920 1859 1676 1433 1128  914  853  945 1128 1410 1707
394A Sali  198810022 1951 2103 2134 1981 1707 1433 1128  975  914 1006 1158 1402
394A Sali  198810031 1615 1737 1798 1707 1554 1341 1097  945  853  945 1158 1372
394A Sali  198810032 1615 1798 1981 2012 1829 1646 1433 1189  975  914  914 1036
394A Sali  198810041 1219 1402 1585 1615 1554 1372 1219 1006  884  853  884 1097
394A Sali  198810042 1341 1524 1676 1707 1615 1494 1280 1067  853  792  869 1036
394A Sali  198810051 1158 1341 1463 1494 1402 1280 1067  914  823  853  884  975
394A Sali  198810052 1097 1250 1372 1463 1585 1554 1463 1250 1097  945  823  853
394A Sali  198810061  945 1006 1189 1341 1433 1433 1402 1250 1067  975  884  884
394A Sali  198810062  914 1036 1158 1311 1433 1554 1524 1402 1219 1036  914  823
394A Sali  198810071  823  914 1036 1189 1280 1402 1433 1341 1280 1097  945  884
394A Sali  198810072  853  945 1036 1158 1311 1433 1463 1433 1311 1128 1006  884
394A Sali  198810081  823  853  914 1067 1219 1402 1463 1494 1402 1280 1097  945
394A Sali  198810082  884  884  920 1023 1164 1312 1432 1489 1465 1372 1250 1128
394A Sali  198810091  945  914  945 1067 1189 1372 1524 1615 1646 1554 1402 1189
394A Sali  198810092 1036  914  914  975 1097 1219 1311 1463 1554 1585 1494 1280
394A Sali  198810101 1128  975  914  945 1097 1250 1494 1646 1737 1737 1585 1372
394A Sali  198810102 1219 1006  914  914  945 1097 1280 1463 1554 1585 1494 1311
394A Sali  198810111 1189 1006  897  884 1006 1128 1372 1554 1737 1768 1676 1524
394A Sali  198810112 1341 1097  884  792  853  975 1128 1280 1494 1585 1524 1402
394A Sali  198810121 1219 1006  884  823  884 1067 1280 1494 1676 1829 1768 1737
394A Sali  198810122 1554 1250 1006  853  762  762  945 1158 1311 1524 1554 1524
394A Sali  198810131 1402 1250 1067  823  762  823  945 1158 1402 1671 1829 1798
394A Sali  198810132 1707 1433 1189  853  701  701  762  945 1158 1372 1433 1524
394A Sali  198810141 1463 1280 1036  823  732  762  884 1128 1402 1646 1798 1859
394A Sali  198810142 1707 1494 1250  975  762  671  732  884 1067 1280 1433 1494
394A Sali  198810151 1463 1280 1067  853  701  701  792 1036 1280 1524 1737 1859
394A Sali  198810152 1798 1676 1341 1128  884  701  701  762  975 1158 1372 1524
394A Sali  198810161 1524 1433 1250 1036  823  732  762  914 1097 1341 1585 1782
394A Sali  198810162 1859 1829 1646 1433 1158  884  762  762  914 1067 1280 1433
394A Sali  198810171 1524 1554 1494 1311 1067  884  762  792  884 1097 1372 1615
394A Sali  198810172 1798 1859 1768 1554 1280 1036  853  823  823  975 1158 1352
394A Sali  198810181 1494 1554 1494 1402 1189 1006  823  762  823 1006 1219 1463
394A Sali  198810182 1737 1859 1859 1737 1554 1311 1097  914  884  914 1067 1219
394A Sali  198810191 1402 1524 1585 1494 1372 1158  975  854  822  899 1073 1310
394A Sali  198810192 1554 1737 1829 1798 1676 1463 1250 1036  914  884  975 1128
394A Sali  198810201 1311 1494 1585 1585 1463 1311 1158  975  884  914 1006 1128
394A Sali  198810202 1372 1554 1707 1768 1737 1585 1402 1158  975  884  914 1067
394A Sali  198810211 1250 1463 1585 1676 1615 1554 1402 1189 1067  945  914 1036
394A Sali  198810212 1158 1280 1463 1676 1737 1737 1585 1341 1219 1036  884  884
394A Sali  198810221 1006 1219 1372 1554 1676 1707 1707 1554 1341 1097  945  884
394A Sali  198810222  914 1067 1311 1463 1615 1676 1646 1554 1311 1128  945  823
394A Sali  198810231  853  975 1158 1402 1615 1829 1890 1798 1615 1402 1158  975
394A Sali  198810232  884  884 1067 1250 1463 1676 1707 1707 1554 1311 1128  945
394A Sali  198810241  853  823  914 1128 1463 1768 1951 2042 1981 1798 1554 1219
394A Sali  198810242 1006  853  884  945 1097 1372 1585 1737 1768 1646 1433 1189
394A Sali  198810251  914  762  732  884 1189 1554 1768 2042 2134 2042 1737 1463
394A Sali  198810252 1189  884  701  701  853 1128 1341 1615 1798 1768 1585 1372
394A Sali  198810261 1128  853  701  823  975 1311 1615 1938 2164 2225 2073 1829
394A Sali  198810262 1554 1250  945  701  701  823 1097 1433 1707 1859 1859 1707
394A Sali  198810271 1402 1097  884  732  762  914 1189 1585 1981 2225 2286 2225
394A Sali  198810272 1890 1524 1148  853  671  701  884 1158 1494 1737 1890 1859
394A Sali  198810281 1646 1402 1067  792  701  701  914 1280 1646 1981 2195 2225
394A Sali  198810282 2050 1739 1362 1000  742  640  671  914 1219 1554 1768 1859
394A Sali  198810291 1768 1585 1311 1006  762  671  732  975 1341 1737 1981 2134
394A Sali  198810292 2103 1920 1585 1250 1006  732  640  823 1067 1311 1585 1768
394A Sali  198810301 1829 1676 1463 1189  853  732  732  884 1117 1432 1746 1980
394A Sali  198810302 2079 2019 1814 1514 1191  916  750  726  844 1071 1340 1572
394A Sali  198810311 1707 1676 1524 1280 1051  853  732  762  884 1128 1402 1707
394A Sali  198810312 1890 1920 1829 1676 1402 1097  884  762  792  945 1189 1433
394A Sali  198811011 1585 1707 1676 1585 1372 1189 1006  823  823  975 1189 1433
394A Sali  198811012 1676 1829 1859 1737 1524 1250 1036  884  823  853  945 1158
394A Sali  198811021 1402 1536 1591 1548 1413 1219 1036  884  823  884 1006 1189
394A Sali  198811022 1402 1585 1676 1615 1494 1311 1128  975  853  823  914 1036
394A Sali  198811031 1189 1402 1524 1615 1585 1433 1280 1158 1006  945  975 1067
394A Sali  198811032 1250 1402 1554 1615 1646 1524 1341 1169 1006  914  884 1006
394A Sali  198811041 1128 1311 1524 1615 1646 1676 1554 1402 1250 1128 1097 1097
394A Sali  198811042 1250 1372 1524 1615 1707 1676 1615 1433 1341 1158 1097 1097
394A Sali  198811051 1128 1311 1494 1646 1737 1859 1737 1676 1494 1311 1219 1128
394A Sali  198811052 1189 1280 1433 1524 1646 1676 1646 1585 1463 1311 1195 1128
394A Sali  198811061 1067 1158 1311 1433 1646 1768 1768 1768 1615 1433 1250 1067
394A Sali  198811062 1006 1036 1128 1250 1380 1494 1554 1524 1402 1311 1128 1006
394A Sali  198811071  914  945 1097 1250 1433 1615 1707 1707 1585 1463 1250 1128
394A Sali  198811072  993  923  932 1013 1141 1282 1403 1467 1458 1382 1258 1117
394A Sali  198811081 1006  945 1006 1158 1311 1554 1737 1798 1798 1676 1494 1280
394A Sali  198811082 1128  975  884  914 1067 1219 1433 1494 1554 1524 1402 1219
394A Sali  198811091 1067  975  945 1067 1219 1433 1646 1798 1890 1859 1737 1524
394A Sali  198811092 1280 1097  914  853  884 1036 1219 1402 1554 1554 1524 1372
394A Sali  198811101 1189 1006  853  914  975 1158 1433 1676 1829 1951 1859 1676
394A Sali  198811102 1494 1189 1036  884  823  914 1067 1280 1463 1554 1524 1494
394A Sali  198811111 1280 1097  914  884  914 1067 1311 1558 1771 1892 1890 1829
394A Sali  198811112 1615 1280 1036  842  762  762  914 1097 1280 1463 1585 1554
394A Sali  198811121 1372 1189  945  823  823  914 1128 1433 1707 1920 1981 1920
394A Sali  198811122 1737 1463 1219  945  762  732  884 1036 1280 1463 1615 1615
394A Sali  198811131 1494 1311 1067  914  823  853  945 1311 1585 1829 1981 2042
394A Sali  198811132 1981 1737 1433 1158  884  762  853  914 1067 1330 1554 1615
394A Sali  198811141 1524 1433 1158  945  792  732  823 1006 1219 1524 1707 1920
394A Sali  198811142 1951 1768 1494 1311 1036  792  701  792  975 1189 1402 1554
394A Sali  198811151 1615 1554 1433 1219 1036  853  792  823 1006 1280 1585 1768
394A Sali  198811152 1890 1890 1768 1494 1189 1006  823  792  853 1036 1311 1463
394A Sali  198811161 1676 1737 1707 1524 1280 1097  945  914  975 1158 1433 1707
394A Sali  198811162 1920 1981 1920 1768 1524 1280 1067  884  853  975 1128 1402
394A Sali  198811171 1615 1737 1798 1707 1524 1280 1067  975  914 1006 1158 1433
394A Sali  198811172 1646 1798 1857 1798 1615 1372 1097  914  823  792  914 1128
394A Sali  198811181 1372 1554 1707 1707 1585 1423 1219 1006  884  884  945 1067
394A Sali  198811182 1280 1554 1676 1676 1646 1494 1311 1097  914  823  823 1006
394A Sali  198811191 1250 1492 1707 1798 1890 1768 1615 1402 1219 1036  975 1067
394A Sali  198811192 1158 1372 1524 1676 1737 1707 1524 1341 1189  975  853  945
394A Sali  198811201 1097 1280 1524 1707 1951 2012 1920 1768 1494 1280 1067  975
394A Sali  198811202 1036 1158 1341 1524 1646 1676 1646 1524 1280 1036  853  732
394A Sali  198811211  732  914 1128 1402 1707 1829 1859 1798 1554 1280 1036  792
394A Sali  198811212  671  732  853 1067 1250 1402 1463 1372 1280 1067  853  610
394A Sali  198811221  549  675  914 1189 1524 1737 1890 1856 1676 1433 1128  884
394A Sali  198811222  701  640  671  792  975 1219 1372 1463 1433 1280 1036  762
394A Sali  198811231  610  579  640  853 1125 1435 1712 1890 1890 1766 1524 1250
394A Sali  198811232 1036  732  610  549  701  945 1250 1457 1554 1494 1341 1067
394A Sali  198811241  853  640  518  610  823 1128 1494 1780 1951 1981 1859 1586
394A Sali  198811242 1250  945  701  518  549  762 1097 1372 1524 1615 1554 1372
394A Sali  198811251 1097  853  610  579  701  945 1311 1646 1920 2042 1981 1798
394A Sali  198811252 1463 1097  762  579  549  697  975 1219 1494 1676 1707 1554
394A Sali  198811261 1372 1158  884  701  671  732  945 1219 1554 1859 2042 2103
394A Sali  198811262 2012 1798 1494 1250  945  701  640  762 1006 1250 1585 1737
394A Sali  198811271 1737 1615 1372 1097  884  732  853 1067 1402 1737 2012 2134
394A Sali  198811272 2073 1859 1554 1219  914  732  701  853 1097 1402 1676 1768
394A Sali  198811281 1768 1615 1341 1097  884  792  823  975 1250 1524 1768 1951
394A Sali  198811282 1951 1829 1554 1280  945  732  579  610  762 1006 1280 1494
394A Sali  198811291 1524 1524 1372 1097  914  732  640  671  762 1097 1311 1585
394A Sali  198811292 1707 1676 1558 1341 1067  823  579  549  671  853 1128 1341
394A Sali  198811301 1494 1615 1585 1433 1219 1006  884  792  853  975 1219 1402
394A Sali  198811302 1646 1737 1707 1585 1341 1036  823  701  671  732  945 1128
394A Sali  198812011 1311 1554 1585 1554 1396 1192  995  853  792  853  975 1189
394A Sali  198812012 1372 1524 1585 1494 1280 1067  884  732  671  671  792  945
394A Sali  198812021 1189 1372 1463 1554 1433 1250 1067  945  762  762  853 1036
394A Sali  198812022 1250 1341 1463 1463 1402 1280 1097  945  792  640  671  823
394A Sali  198812031 1067 1250 1372 1494 1524 1372 1280 1067  884  823  792  853
394A Sali  198812032  975 1097 1280 1372 1341 1280 1219 1006  884  762  732  792
394A Sali  198812041  945 1097 1280 1433 1554 1554 1463 1311 1097 1006  823  823
394A Sali  198812042  884 1006 1158 1250 1311 1250 1219 1067  975  823  762  762
394A Sali  198812051  914 1006 1189 1372 1524 1646 1626 1524 1311 1097  945  853
394A Sali  198812052  823  914  975 1128 1250 1280 1311 1189 1067  975  823  762
394A Sali  198812061  762  853 1036 1250 1402 1585 1646 1615 1463 1311 1067  914
394A Sali  198812062  914  853  945 1036 1219 1280 1341 1341 1280 1158 1006  914
394A Sali  198812071  853  884 1036 1250 1463 1646 1768 1798 1707 1524 1341 1097
394A Sali  198812072  975  914  914 1036 1097 1219 1372 1463 1433 1311 1189 1067
394A Sali  198812081  945  914 1036 1219 1433 1646 1829 1920 1920 1829 1615 1433
394A Sali  198812082 1189 1036  945  914 1036 1189 1311 1494 1554 1494 1372 1219
394A Sali  198812091 1036  975  945 1036 1219 1463 1646 1920 1981 1951 1829 1615
394A Sali  198812092 1341 1128  914  853  884 1006 1189 1402 1463 1524 1402 1280
394A Sali  198812101 1128 1006  884  853 1006 1128 1372 1646 1890 1951 1920 1707
394A Sali  198812102 1463 1250  945  762  732  853  975 1219 1372 1494 1554 1494
394A Sali  198812111 1341 1128  975  823  823 1006 1250 1494 1768 1951 2042 1920
394A Sali  198812112 1737 1463 1189  945  823  853  914 1128 1341 1494 1615 1646
394A Sali  198812121 1524 1311 1036  884  853  884 1097 1372 1676 1920 2006 1951
394A Sali  198812122 1798 1585 1250 1006  762  671  732  853 1067 1311 1524 1554
394A Sali  198812131 1463 1311 1067  853  701  701  762  975 1219 1494 1707 1829
394A Sali  198812132 1829 1676 1402 1036  762  610  518  640  792 1097 1372 1554
394A Sali  198812141 1585 1494 1280 1097  853  701  671  762  975 1250 1524 1737
394A Sali  198812142 1859 1829 1585 1341 1006  792  610  671  823 1097 1341 1646
394A Sali  198812151 1768 1798 1737 1524 1311 1067  914  853  914 1128 1402 1676
394A Sali  198812152 1920 1951 1859 1646 1341 1067  823  732  792  945 1219 1524
394A Sali  198812161 1737 1890 1981 1829 1615 1341 1067  914  823  945 1158 1402
394A Sali  198812162 1615 1707 1707 1594 1372 1128  884  732  610  671  823 1097
394A Sali  198812171 1402 1676 1737 1737 1676 1463 1189  975  762  732  823 1067
394A Sali  198812172 1279 1472 1591 1602 1494 1292 1045  814  653  606  686  875
394A Sali  198812181 1135 1405 1625 1746 1744 1615 1403 1152  920  762  701  792
394A Sali  198812182  975 1158 1372 1463 1463 1402 1213  987  778  637  604  692
394A Sali  198812191  884 1158 1524 1707 1798 1798 1676 1433 1158  975  792  732
394A Sali  198812192  792  945 1128 1341 1433 1494 1372 1219 1006  823  701  732
394A Sali  198812201  792 1006 1311 1585 1798 1951 1920 1829 1585 1341 1036  853
394A Sali  198812202  792  853 1036 1250 1433 1524 1494 1463 1311 1097  914  823
394A Sali  198812211  762  853 1097 1341 1646 1859 2012 1981 1829 1554 1280 1036
394A Sali  198812212  823  762  823  945 1158 1372 1463 1494 1433 1311 1067  823
394A Sali  198812221  732  671  823 1006 1341 1615 1890 1981 1920 1737 1494 1189
394A Sali  198812222  945  762  685  732  884 1128 1311 1463 1554 1494 1311 1067
394A Sali  198812231  853  732  701  884 1128 1463 1737 1920 2012 1951 1798 1554
394A Sali  198812232 1219  945  732  701  792  945 1219 1402 1585 1554 1494 1280
394A Sali  198812241 1067  853  762  732  884 1128 1433 1737 1920 2042 2012 1798
394A Sali  198812242 1554 1250  975  762  701  792 1006 1311 1524 1646 1646 1554
394A Sali  198812251 1372 1097  884  823  792  853 1067 1402 1615 1859 1981 1951
394A Sali  198812252 1768 1494 1128  853  671  671  732 1006 1250 1463 1646 1585
394A Sali  198812261 1494 1311 1097  823  732  732  853 1097 1341 1646 1859 1951
394A Sali  198812262 1859 1585 1341  975  732  671  640  732 1067 1311 1554 1646
394A Sali  198812271 1615 1585 1341 1128  925  823  853 1067 1372 1585 1829 1951
394A Sali  198812272 1890 1829 1524 1280  975  823  732  792 1006 1250 1494 1707
394A Sali  198812281 1798 1737 1554 1311 1067  945  884 1006 1128 1402 1646 1829
394A Sali  198812282 1920 1859 1707 1463 1128  914  762  762  884 1097 1341 1564
394A Sali  198812291 1707 1707 1554 1433 1189  945  792  792  823 1008 1241 1463
394A Sali  198812292 1604 1637 1551 1367 1128  853  671  610  610  792 1006 1280
394A Sali  198812301 1494 1615 1646 1554 1311 1128  945  884  853  945 1067 1311
394A Sali  198812302 1524 1676 1646 1524 1341 1128  914  792  762  841 1006 1219
394A Sali  198812311 1433 1615 1707 1707 1615 1433 1189 1036  945  914 1036 1189
394A Sali  198812312 1402 1524 1615 1615 1463 1250 1067  914  823  823  914 1128
