394A Salina Cruz        Mexico              1970 16096N 095122W 0000 3 00000R MM
394A Sali  197001011 1554 1737 1829 1798 1707 1494 1280 1128 1067 1067 1158 1341
394A Sali  197001012 1524 1646 1737 1737 1615 1463 1250 1067  945  975 1097 1280
394A Sali  197001021 1494 1737 1890 1951 1890 1737 1585 1372 1219 1128 1158 1219
394A Sali  197001022 1402 1524 1646 1676 1627 1509 1348 1186 1059 1006 1036 1189
394A Sali  197001031 1402 1615 1859 2042 2073 2012 1829 1646 1433 1250 1128 1158
394A Sali  197001032 1250 1402 1524 1585 1615 1585 1433 1280 1128 1006  975  975
394A Sali  197001041 1128 1341 1615 1768 1920 1920 1859 1676 1402 1219 1097 1006
394A Sali  197001042 1036 1128 1250 1402 1463 1494 1463 1341 1219 1067  945  884
394A Sali  197001051  975 1158 1372 1676 1859 1981 2012 1951 1768 1524 1372 1189
394A Sali  197001052 1097 1128 1219 1341 1494 1585 1646 1554 1433 1250 1128 1036
394A Sali  197001061 1006 1128 1280 1554 1798 2042 2134 2103 1981 1829 1585 1341
394A Sali  197001062 1158 1036 1067 1189 1311 1463 1554 1615 1524 1372 1158  914
394A Sali  197001071  792  792  884 1036 1341 1585 1768 1920 1890 1737 1554 1219
394A Sali  197001072  945  792  671  640  762  945 1128 1280 1341 1280 1097  914
394A Sali  197001081  671  518  457  610  823 1128 1433 1707 1859 1859 1707 1463
394A Sali  197001082 1219  914  701  579  640  823 1006 1067 1280 1341 1250 1006
394A Sali  197001091  853  579  366  366  457  701 1006 1311 1585 1768 1737 1585
394A Sali  197001092 1280  914  610  427  305  396  610  884 1158 1372 1433 1402
394A Sali  197001101 1158  884  640  427  396  488  762 1097 1463 1707 1829 1798
394A Sali  197001102 1646 1341  914  640  457  427  610  914 1280 1554 1707 1737
394A Sali  197001111 1554 1280  975  701  640  701  945 1280 1646 1920 2073 2042
394A Sali  197001112 1798 1463 1128  889  701  549  646  914 1189 1524 1829 2073
394A Sali  197001121 2103 2012 1768 1494 1158  975  853  975 1219 1524 1859 2042
394A Sali  197001122 2134 2073 1829 1463 1128  853  701  762  975 1311 1646 1920
394A Sali  197001131 2134 2164 2073 1768 1463 1158  945  853 1006 1250 1524 1798
394A Sali  197001132 1981 2042 1920 1676 1372 1067  792  732  792  975 1311 1646
394A Sali  197001141 1981 2195 2195 2042 1768 1463 1219  975  914  975 1189 1524
394A Sali  197001142 1737 1890 1951 1859 1597 1280 1036  762  732  823 1036 1341
394A Sali  197001151 1707 2012 2103 2134 1920 1707 1372 1097  945  853  975 1158
394A Sali  197001152 1433 1646 1798 1829 1676 1463 1189  945  792  732  914 1097
394A Sali  197001161 1433 1737 1951 2134 2073 1951 1646 1365 1128 1006  975 1067
394A Sali  197001162 1189 1463 1615 1707 1737 1615 1402 1158  975  884  884  975
394A Sali  197001171 1189 1463 1707 1859 2012 1951 1859 1615 1280 1067  975  945
394A Sali  197001172 1006 1189 1372 1494 1585 1524 1461 1341 1128  975  884  884
394A Sali  197001181 1006 1219 1524 1737 1890 1951 1920 1798 1585 1341 1158 1067
394A Sali  197001182 1006 1128 1250 1402 1554 1615 1585 1494 1341 1158 1067 1006
394A Sali  197001191 1006 1158 1311 1554 1768 1890 1951 1920 1798 1585 1341 1189
394A Sali  197001192 1036 1006 1097 1219 1341 1494 1524 1524 1433 1250 1067  945
394A Sali  197001201  884  884 1006 1158 1402 1585 1707 1737 1676 1554 1372 1128
394A Sali  197001202  975  853  853  884 1036 1189 1311 1372 1341 1280 1158 1036
394A Sali  197001211  914  853  914 1067 1219 1463 1676 1798 1829 1737 1615 1402
394A Sali  197001212 1189 1006  884  884  945 1067 1280 1402 1494 1433 1372 1189
394A Sali  197001221 1036  945  884  914 1067 1280 1494 1676 1829 1859 1737 1554
394A Sali  197001222 1280 1097  945  853  853  975 1158 1341 1463 1524 1463 1372
394A Sali  197001231 1189  975  914  853  975 1128 1311 1554 1707 1829 1798 1707
394A Sali  197001232 1463 1250 1006  884  823  884 1067 1280 1433 1585 1615 1554
394A Sali  197001241 1433 1219 1067  975  975 1067 1219 1494 1737 1829 1890 1890
394A Sali  197001242 1707 1433 1219 1036  884  853  945 1158 1402 1585 1676 1707
394A Sali  197001251 1554 1402 1158 1006  884  945 1067 1280 1524 1768 1859 1890
394A Sali  197001252 1798 1585 1311 1097  884  792  884 1128 1341 1524 1737 1798
394A Sali  197001261 1737 1615 1402 1189 1036  975 1006 1158 1372 1585 1798 1890
394A Sali  197001262 1859 1737 1494 1250 1036  853  884  975 1189 1463 1676 1859
394A Sali  197001271 1890 1798 1646 1433 1189 1036 1006 1067 1219 1433 1646 1768
394A Sali  197001272 1829 1798 1615 1341 1128  914  823  914 1036 1280 1524 1768
394A Sali  197001281 1859 1859 1737 1494 1280 1097 1006  975 1097 1280 1524 1676
394A Sali  197001282 1768 1798 1707 1463 1250 1006  884  884 1006 1189 1494 1707
394A Sali  197001291 1920 1981 1920 1768 1524 1341 1158 1006 1006 1189 1372 1524
394A Sali  197001292 1646 1676 1615 1463 1280 1128  945  853  975 1097 1341 1646
394A Sali  197001301 1859 1981 1981 1920 1676 1433 1189 1036  975 1006 1128 1311
394A Sali  197001302 1463 1554 1554 1463 1250 1006  792  701  671  701  884 1158
394A Sali  197001311 1311 1554 1646 1615 1494 1280 1036  823  701  701  762  853
394A Sali  197001312 1067 1219 1311 1311 1189 1006  823  640  579  610  701  945
394A Sali  197002011 1158 1433 1646 1707 1707 1554 1341 1158  975  853  853  945
394A Sali  197002012 1067 1219 1372 1402 1433 1311 1128  945  792  762  792  945
394A Sali  197002021 1158 1402 1646 1798 1890 1859 1676 1494 1311 1128  975 1006
394A Sali  197002022 1067 1219 1341 1433 1494 1433 1341 1219 1006  884  823  884
394A Sali  197002031 1006 1250 1463 1737 1890 1890 1890 1737 1494 1311 1067 1006
394A Sali  197002032  945  975 1097 1250 1280 1311 1250 1158  945  853  732  701
394A Sali  197002041  884 1036 1219 1494 1676 1798 1890 1859 1768 1554 1372 1219
394A Sali  197002042 1067  914  853  884  975 1158 1250 1250 1189 1036  823  671
394A Sali  197002051  579  610  792 1067 1311 1615 1798 1890 1829 1676 1433 1189
394A Sali  197002052  975  823  792  884 1006 1219 1372 1494 1524 1433 1219 1006
394A Sali  197002061  792  671  640  792 1036 1341 1585 1798 1890 1859 1676 1433
394A Sali  197002062 1158  914  732  701  792 1006 1250 1524 1646 1707 1585 1372
394A Sali  197002071 1128  853  732  671  823 1067 1372 1676 1890 1981 1920 1737
394A Sali  197002072 1402 1097  823  671  671  823 1067 1372 1615 1798 1859 1737
394A Sali  197002081 1463 1158  884  701  671  792 1036 1311 1646 1859 1920 1859
394A Sali  197002082 1646 1311 1006  732  579  579  762 1067 1433 1737 1920 1951
394A Sali  197002091 1829 1524 1219  884  671  640  732  975 1250 1615 1798 1859
394A Sali  197002092 1798 1524 1189  853  518  427  457  762 1067 1463 1798 1951
394A Sali  197002101 1981 1798 1463 1128  823  640  579  640  914 1280 1585 1768
394A Sali  197002102 1829 1707 1433 1036  762  518  457  549  792 1158 1524 1798
394A Sali  197002111 1951 2012 1768 1433 1067  762  579  610  701  945 1280 1554
394A Sali  197002112 1707 1737 1615 1341  975  762  579  518  701  945 1341 1676
394A Sali  197002121 1920 2042 2012 1768 1524 1158  853  732  701  823 1067 1372
394A Sali  197002122 1615 1768 1798 1615 1341 1006  792  579  579  732 1006 1341
394A Sali  197002131 1676 1920 1951 1890 1646 1372 1067  823  671  640  823 1036
394A Sali  197002132 1311 1524 1615 1585 1433 1189  914  701  610  671  823 1097
394A Sali  197002141 1433 1676 1859 1920 1829 1646 1402 1128  884  792  823  975
394A Sali  197002142 1189 1372 1554 1646 1585 1463 1250 1006  884  792  853 1006
394A Sali  197002151 1311 1554 1768 1920 1981 1890 1737 1463 1219 1067 1006 1006
394A Sali  197002152 1128 1280 1463 1615 1646 1615 1463 1280 1128 1006  945 1006
394A Sali  197002161 1158 1402 1585 1768 1920 1951 1859 1737 1494 1250 1128 1036
394A Sali  197002162 1067 1158 1280 1433 1554 1524 1494 1341 1158  945  853  823
394A Sali  197002171  884 1006 1158 1372 1524 1676 1676 1494 1311 1128  914  853
394A Sali  197002172  732  762  823 1036 1158 1250 1341 1250 1158 1036  853  792
394A Sali  197002181  732  853  945 1219 1341 1524 1646 1615 1554 1402 1189 1036
394A Sali  197002182  884  914  914 1067 1128 1280 1402 1402 1341 1250 1128 1006
394A Sali  197002191  914  884  975 1067 1232 1405 1552 1638 1637 1555 1413 1237
394A Sali  197002192 1067  945  884  945 1097 1280 1433 1554 1585 1463 1341 1311
394A Sali  197002201 1128 1006 1036 1067 1189 1341 1524 1707 1798 1737 1585 1402
394A Sali  197002202 1250 1036  945  853  975 1097 1250 1402 1463 1494 1433 1280
394A Sali  197002211 1097  945  853  823  914 1097 1219 1402 1554 1585 1554 1372
394A Sali  197002212 1158  945  732  671  701  792  945 1158 1280 1366 1355 1256
394A Sali  197002221 1097  915  758  671  678  777  940 1128 1341 1524 1554 1463
394A Sali  197002222 1280 1067  853  640  579  732  823 1036 1280 1463 1524 1494
394A Sali  197002231 1341 1158  914  792  732  762  853 1067 1341 1494 1585 1554
394A Sali  197002232 1433 1128  945  762  671  671  792 1036 1250 1494 1646 1676
394A Sali  197002241 1585 1372 1097  975  792  762  823  945 1219 1463 1615 1646
394A Sali  197002242 1585 1433 1158  914  762  701  853 1006 1219 1524 1737 1859
394A Sali  197002251 1798 1646 1402 1128  945  884  853  975 1158 1372 1585 1676
394A Sali  197002252 1676 1554 1372 1097  853  762  792  884 1097 1372 1646 1768
394A Sali  197002261 1829 1737 1494 1250 1006  792  701  762  884 1067 1280 1433
394A Sali  197002262 1554 1494 1341 1097  853  640  579  610  792 1097 1341 1646
394A Sali  197002271 1737 1737 1646 1463 1158  884  762  671  732  914 1158 1341
394A Sali  197002272 1494 1554 1433 1219 1006  792  671  640  732 1036 1280 1524
394A Sali  197002281 1768 1859 1829 1676 1463 1219  945  823  792  884 1067 1250
394A Sali  197002282 1463 1554 1524 1433 1250 1006  792  732  762  914 1128 1463
394A Sali  197003011 1707 1920 1951 1859 1676 1402 1158  975  823  823  945 1128
394A Sali  197003012 1341 1494 1585 1524 1402 1189  975  823  732  823  975 1189
394A Sali  197003021 1494 1737 1890 1859 1798 1585 1341 1128  975  884  945 1067
394A Sali  197003022 1250 1372 1524 1554 1463 1341 1128  975  823  792  884 1067
394A Sali  197003031 1341 1615 1737 1859 1859 1707 1524 1372 1189 1036  914  884
394A Sali  197003032 1036 1280 1463 1524 1524 1402 1250 1067  945  853  792  884
394A Sali  197003041 1128 1402 1676 1880 2000 2010 1902 1703 1467 1243 1072  989
394A Sali  197003042 1007 1109 1260 1412 1522 1557 1499 1353 1158 1036  914  884
394A Sali  197003051  945 1097 1311 1585 1798 1890 1890 1768 1585 1402 1189 1036
394A Sali  197003052  975  975 1097 1280 1433 1554 1615 1554 1433 1250 1036  914
394A Sali  197003061  853  884 1036 1341 1554 1707 1859 1859 1768 1585 1372 1128
394A Sali  197003062  945  884  945 1036 1250 1494 1646 1768 1707 1585 1372 1158
394A Sali  197003071 1006  884  884 1006 1250 1524 1707 1859 1890 1798 1615 1341
394A Sali  197003072 1097  914  823  884 1067 1311 1554 1768 1890 1859 1737 1524
394A Sali  197003081 1250 1006  853  823  914 1158 1433 1707 1859 1890 1798 1585
394A Sali  197003082 1311  975  792  701  762  975 1280 1554 1859 1981 1981 1829
394A Sali  197003091 1524 1189  945  732  671  823 1067 1402 1676 1829 1859 1707
394A Sali  197003092 1465 1158  884  671  640  732  975 1341 1707 1981 2103 2073
394A Sali  197003101 1890 1554 1158  914  732  701  914 1158 1463 1737 1890 1920
394A Sali  197003102 1768 1494 1128  884  640  640  762 1067 1463 1798 2073 2195
394A Sali  197003111 2164 1920 1585 1189  884  701  701  823 1128 1463 1707 1890
394A Sali  197003112 1859 1676 1402 1067  732  610  610  823 1097 1463 1829 2042
394A Sali  197003121 2164 2042 1798 1463 1036  762  640  671  853 1128 1402 1707
394A Sali  197003122 1798 1768 1585 1280  945  701  549  610  792 1128 1554 1798
394A Sali  197003131 2012 2042 1890 1615 1219  884  640  549  640  823 1128 1372
394A Sali  197003132 1585 1646 1585 1372 1097  792  549  488  518  732 1067 1341
394A Sali  197003141 1676 1768 1798 1615 1372 1036  732  549  457  549  732  975
394A Sali  197003142 1219 1402 1402 1311 1097  884  610  427  427  518  762 1067
394A Sali  197003151 1372 1554 1646 1615 1433 1189  945  701  549  549  640  792
394A Sali  197003152 1067 1250 1341 1402 1280 1128  914  671  579  579  701  884
394A Sali  197003161 1158 1402 1585 1646 1615 1463 1250 1006  823  701  701  823
394A Sali  197003162 1006 1189 1341 1433 1402 1311 1158 1006  823  762  762  914
394A Sali  197003171 1128 1280 1494 1615 1676 1646 1494 1311 1097  945  884  853
394A Sali  197003172  975 1128 1250 1402 1463 1463 1372 1219 1036  945  853  914
394A Sali  197003181 1036 1189 1372 1524 1615 1676 1646 1494 1280 1128  975  884
394A Sali  197003182  945 1036 1158 1250 1402 1463 1433 1372 1250 1067  945  914
394A Sali  197003191  945 1036 1158 1341 1463 1585 1615 1585 1433 1280 1128  975
394A Sali  197003192  945  945 1006 1158 1280 1402 1463 1463 1372 1250 1128 1006
394A Sali  197003201  914  945 1036 1189 1341 1463 1585 1585 1554 1402 1280 1067
394A Sali  197003202  945  884  914 1006 1158 1280 1463 1524 1494 1433 1280 1128
394A Sali  197003211  975  914  975 1036 1189 1341 1494 1554 1585 1494 1372 1158
394A Sali  197003212  975  914  884  914 1067 1219 1402 1554 1615 1585 1463 1280
394A Sali  197003221 1097  975  884  945 1036 1189 1341 1524 1585 1585 1524 1311
394A Sali  197003222 1128  975  853  853  914 1097 1311 1494 1615 1646 1615 1463
394A Sali  197003231 1250 1036  884  823  853  975 1128 1341 1494 1554 1524 1402
394A Sali  197003232 1219  975  792  762  823  914 1128 1311 1524 1646 1646 1554
394A Sali  197003241 1372 1128  914  762  671  762  914 1128 1341 1463 1494 1463
394A Sali  197003242 1311 1097  884  701  671  792  975 1250 1494 1707 1798 1829
394A Sali  197003251 1646 1402 1128  914  792  762  853 1067 1280 1463 1554 1585
394A Sali  197003252 1524 1280 1036  884  732  792  914 1189 1463 1707 1859 1920
394A Sali  197003261 1829 1615 1341 1067  884  792  823  975 1189 1402 1585 1676
394A Sali  197003262 1615 1433 1219 1036  823  762  823 1006 1280 1615 1859 1951
394A Sali  197003271 1951 1768 1524 1219  945  792  701  792 1006 1219 1433 1585
394A Sali  197003272 1585 1494 1311 1067  853  701  732  823 1067 1372 1646 1859
394A Sali  197003281 1951 1859 1707 1402 1128  884  762  732  853 1067 1311 1494
394A Sali  197003282 1615 1585 1433 1219 1006  823  732  762  945 1250 1554 1768
394A Sali  197003291 1920 1981 1859 1646 1372 1067  884  792  853  975 1189 1402
394A Sali  197003292 1585 1646 1615 1463 1219 1006  853  762  823 1036 1280 1585
394A Sali  197003301 1768 1920 1951 1829 1554 1311 1067  853  792  853 1006 1189
394A Sali  197003302 1402 1524 1554 1494 1311 1097  853  762  701  823  975 1280
394A Sali  197003311 1524 1737 1859 1829 1676 1433 1189  975  823  792  853 1006
394A Sali  197003312 1189 1372 1524 1554 1494 1311 1097  884  762  762  853 1067
394A Sali  197004011 1311 1554 1768 1859 1829 1646 1463 1219  975  884  884  945
394A Sali  197004012 1067 1280 1402 1494 1524 1433 1250 1097  914  792  823  884
394A Sali  197004021 1067 1311 1524 1646 1737 1737 1615 1402 1189  975  884  853
394A Sali  197004022  945 1128 1280 1433 1554 1615 1494 1341 1158  975  853  792
394A Sali  197004031  884  975 1158 1372 1524 1585 1585 1463 1280 1036  884  762
394A Sali  197004032  671  792  975 1219 1372 1494 1585 1585 1402 1189 1006  884
394A Sali  197004041  792  853  975 1189 1402 1585 1646 1646 1524 1341 1128  884
394A Sali  197004042  762  762  884 1067 1311 1524 1707 1768 1707 1585 1341 1097
394A Sali  197004051  945  762  762  884 1097 1341 1524 1615 1615 1524 1311 1036
394A Sali  197004052  823  671  640  762  975 1250 1524 1707 1768 1798 1615 1372
394A Sali  197004061 1097  853  701  701  732  975 1250 1463 1585 1585 1463 1219
394A Sali  197004062  975  732  549  549  701  975 1280 1554 1737 1859 1890 1707
394A Sali  197004071 1372 1067  762  610  610  701  914 1219 1524 1585 1554 1372
394A Sali  197004072 1128  853  610  518  579  671  945 1341 1646 1920 1981 1859
394A Sali  197004081 1615 1250  884  610  518  518  732  975 1250 1494 1585 1524
394A Sali  197004082 1372 1128  823  579  457  549  792 1097 1494 1798 1981 1981
394A Sali  197004091 1859 1585 1219  853  610  518  549  762 1067 1341 1554 1646
394A Sali  197004092 1585 1433 1067  853  640  579  640  853 1189 1554 1859 2012
394A Sali  197004101 2012 1798 1524 1189  853  610  549  640  884 1158 1402 1615
394A Sali  197004102 1676 1554 1372 1097  823  610  610  732  945 1280 1554 1798
394A Sali  197004111 1920 1920 1737 1372 1097  792  579  549  732  914 1189 1433
394A Sali  197004112 1554 1585 1463 1189  975  732  579  579  732  975 1280 1554
394A Sali  197004121 1768 1859 1768 1524 1219  914  701  579  610  762  975 1219
394A Sali  197004122 1402 1524 1524 1372 1158  914  732  640  701  853 1097 1402
394A Sali  197004131 1646 1768 1798 1707 1463 1280 1067  853  762  792  945 1128
394A Sali  197004132 1372 1524 1585 1524 1402 1189 1036  884  792  853 1036 1250
394A Sali  197004141 1494 1676 1768 1768 1646 1433 1219  975  823  823  853 1006
394A Sali  197004142 1189 1372 1463 1554 1494 1311 1219 1036  884  853  884 1006
394A Sali  197004151 1280 1463 1615 1707 1646 1585 1341 1189 1006  884  853  884
394A Sali  197004152 1036 1189 1341 1494 1494 1433 1372 1158 1006  914  945  975
394A Sali  197004161 1067 1311 1463 1585 1615 1585 1524 1311 1128  975  884  884
394A Sali  197004162  945 1036 1219 1372 1463 1524 1494 1402 1219 1067  975  945
394A Sali  197004171 1006 1128 1280 1402 1524 1615 1585 1433 1270 1097  945  853
394A Sali  197004172  853 1006 1128 1280 1433 1524 1554 1494 1372 1250 1128 1006
394A Sali  197004181  945  975 1097 1219 1402 1494 1494 1494 1372 1250 1128  975
394A Sali  197004182  884  914  975 1158 1341 1524 1585 1615 1554 1402 1280 1128
394A Sali  197004191 1006  945 1006 1097 1250 1402 1524 1554 1524 1433 1280 1097
394A Sali  197004192  975  914  975 1097 1250 1463 1615 1707 1676 1554 1402 1189
394A Sali  197004201 1036  914  945  914 1097 1250 1433 1494 1524 1433 1280 1128
394A Sali  197004202 1006  853  853  914 1128 1372 1585 1707 1768 1768 1615 1372
394A Sali  197004211 1189 1006  914  914  945 1128 1311 1463 1524 1524 1463 1280
394A Sali  197004212 1067  945  853  853 1006 1219 1433 1707 1798 1859 1798 1615
394A Sali  197004221 1402 1128  914  853  853  945 1097 1341 1494 1554 1554 1433
394A Sali  197004222 1250 1006  884  823  884 1067 1280 1554 1798 1920 1951 1768
394A Sali  197004231 1524 1280  945  823  762  792  884 1128 1311 1463 1494 1463
394A Sali  197004232 1280 1067  884  732  701  792 1067 1311 1585 1798 1920 1859
394A Sali  197004241 1707 1433 1158  914  732  701  762  914 1219 1433 1524 1524
394A Sali  197004242 1402 1250 1036  853  701  732  884 1158 1433 1768 1920 1951
394A Sali  197004251 1890 1676 1341 1097  823  732  732  823 1067 1311 1494 1585
394A Sali  197004252 1554 1372 1158  945  732  671  701  914 1219 1554 1829 1981
394A Sali  197004261 1981 1890 1585 1311  975  792  732  762  914 1158 1402 1585
394A Sali  197004262 1646 1554 1372 1189  914  732  701  853 1036 1311 1646 1859
394A Sali  197004271 2012 2012 1829 1579 1285 1013  829  774  853  975 1280 1463
394A Sali  197004272 1615 1646 1554 1372 1189  884  762  732  884 1097 1372 1646
394A Sali  197004281 1890 1981 1920 1768 1494 1189  945  823  823  884 1097 1341
394A Sali  197004282 1494 1646 1646 1554 1372 1128  945  823  762  914 1128 1402
394A Sali  197004291 1646 1829 1890 1859 1615 1402 1158  975  823  853  945 1128
394A Sali  197004292 1402 1524 1646 1646 1554 1433 1128  945  853  792  945 1158
394A Sali  197004301 1402 1585 1768 1829 1737 1524 1341 1128  914  762  823  884
394A Sali  197004302 1158 1402 1585 1676 1737 1615 1433 1250 1067  914  914 1036
394A Sali  197005011 1250 1402 1585 1737 1798 1676 9999 9999 9999 9999 9999 9999
394A Sali  197005012 9999 9999 9999 9999 9999 9999 9999 9999 9999 9999 9999 9999
394A Sali  197005021 9999 9999 9999 9999 9999 9999 9999 9999 9999 9999 9999 9999
394A Sali  197005022 9999 9999 9999 9999 9999 9999 9999 9999 9999 9999 9999 9999
394A Sali  197005031 9999 9999 9999 9999 9999 9999 9999 9999 9999 9999 9999 9999
394A Sali  197005032 9999 9999 9999 9999 9999 9999 9999 9999 9999 9999 9999 9999
394A Sali  197005041 9999 9999 9999 9999 9999 9999 9999 9999 9999 9999 9999 9999
394A Sali  197005042 9999 9999 9999 9999 9999 9999 9999 9999 9999 9999 9999 9999
394A Sali  197005051 9999 9999 9999 9999 9999 9999 9999 9999 9999 9999 9999 9999
394A Sali  197005052 9999 9999 9999 9999 9999 9999 9999 9999 9999 9999 9999 9999
394A Sali  197005061 9999 9999 9999 9999 9999 9999 9999 9999 9999 9999 9999 9999
394A Sali  197005062 9999 9999 9999 9999 9999 9999 9999 9999 9999 9999 9999 9999
394A Sali  197005071 9999 9999 9999 9999 9999 9999 9999 9999 9999 9999 9999 9999
394A Sali  197005072 9999 9999 9999 9999 9999 9999 9999 9999 9999 9999 9999 9999
394A Sali  197005081 9999 9999 9999 9999 9999 9999 9999 9999 9999 9999 9999 9999
394A Sali  197005082 9999 9999 9999 9999 9999 9999 9999 9999 9999 9999 9999 9999
394A Sali  197005091 9999 9999 9999 9999 9999 9999 9999 9999 9999 9999 9999 9999
394A Sali  197005092 9999 9999 9999 9999 9999 9999 9999 9999 9999 9999 9999 9999
394A Sali  197005101 9999 9999 9999 9999 9999 9999 9999 9999 9999 9999 9999 9999
394A Sali  197005102 9999 9999 9999 9999 9999 9999 9999 9999 9999 9999 9999 9999
394A Sali  197005111 9999 9999 9999 9999 9999 9999 9999 9999 9999 9999 9999 9999
394A Sali  197005112 9999 9999 9999 9999 9999 9999 9999 9999 9999 9999 9999 9999
394A Sali  197005121 9999 9999 9999 9999 9999 9999 9999 9999 9999 9999 9999 9999
394A Sali  197005122 9999 9999 9999 9999 9999 9999 9999 9999 9999 9999 9999 9999
394A Sali  197005131 9999 9999 9999 9999 9999 9999 9999 9999 9999 9999 9999 9999
394A Sali  197005132 9999 9999 9999 9999 9999 9999 9999 9999 9999 9999 9999 9999
394A Sali  197005141 9999 9999 9999 9999 9999 9999 9999 9999 9999 9999 9999 9999
394A Sali  197005142 9999 9999 9999 9999 9999 9999 9999 9999 9999 9999 9999 9999
394A Sali  197005151 9999 9999 9999 9999 9999 9999 9999 9999 9999 9999 9999 9999
394A Sali  197005152 9999 9999 9999 9999 9999 9999 9999 9999 9999 9999 9999 9999
394A Sali  197005161 9999 9999 9999 9999 9999 9999 9999 9999 9999 9999 9999 9999
394A Sali  197005162 9999 9999 9999 9999 9999 9999 9999 9999 9999 9999 9999 9999
394A Sali  197005171 9999 9999 9999 9999 9999 9999 9999 9999 9999 9999 9999 9999
394A Sali  197005172 9999 9999 9999 9999 9999 9999 9999 9999 9999 9999 9999 9999
394A Sali  197005181 9999 9999 9999 9999 9999 9999 9999 9999 9999 9999 9999 9999
394A Sali  197005182 9999 9999 9999 9999 9999 9999 9999 9999 9999 9999 9999 9999
394A Sali  197005191 9999 9999 9999 9999 9999 9999 9999 9999 9999 9999 9999 9999
394A Sali  197005192 9999 9999 9999 9999 9999 9999 9999 9999 9999 9999 9999 9999
394A Sali  197005201 9999 9999 9999 9999 9999 9999 9999 9999 9999 9999 9999 9999
394A Sali  197005202 9999 9999 9999 9999 9999 9999 9999 9999 9999 9999 9999 9999
394A Sali  197005211 9999 9999 9999 9999 9999 9999 9999 9999 9999 9999 9999 9999
394A Sali  197005212 9999 9999 9999 9999 9999 9999 9999 9999 9999 9999 9999 9999
394A Sali  197005221 9999 9999 9999 9999 9999 9999 9999 9999 9999 9999 9999 9999
394A Sali  197005222 9999 9999 9999 9999 9999 9999 9999 9999 9999 9999 9999 9999
394A Sali  197005231 9999 9999 9999 9999 9999 9999 9999 9999 9999 9999 9999 9999
394A Sali  197005232 9999 9999 9999 9999 9999 9999 9999 9999 9999 9999 9999 9999
394A Sali  197005241 9999 9999 9999 9999 9999 9999 9999 9999 9999 9999 9999 9999
394A Sali  197005242 9999 9999 9999 9999 9999 9999 9999 9999 9999 9999 9999 9999
394A Sali  197005251 9999 9999 9999 9999 9999 9999 9999 9999 9999 9999 9999 9999
394A Sali  197005252 9999 9999 9999 9999 9999 9999 9999 9999 9999 9999 9999 9999
394A Sali  197005261 9999 9999 9999 9999 9999 9999 9999 9999 9999 9999 9999 9999
394A Sali  197005262 9999 9999 9999 9999 9999 9999 9999 9999 9999 9999 9999 9999
394A Sali  197005271 9999 9999 9999 9999 9999 9999 9999 9999 9999 9999 9999 9999
394A Sali  197005272 9999 9999 9999 9999 9999 9999 9999 9999 9999 9999 9999 9999
394A Sali  197005281 9999 9999 9999 9999 9999 9999 9999 9999 9999 9999 9999 9999
394A Sali  197005282 9999 9999 9999 9999 9999 9999 9999 9999 9999 9999 9999 9999
394A Sali  197005291 9999 9999 9999 9999 9999 9999 9999 9999 9999 9999 9999 9999
394A Sali  197005292 9999 9999 9999 9999 9999 9999 9999 9999 9999 9999 9999 9999
394A Sali  197005301 9999 9999 9999 9999 9999 9999 9999 9999 9999 9999 9999 9999
394A Sali  197005302 9999 9999 9999 9999 9999 9999 9999 9999 9999 9999 9999 9999
394A Sali  197005311 9999 9999 9999 9999 9999 9999 9999 9999 9999 9999 9999 9999
394A Sali  197005312 9999 9999 9999 9999 9999 9999 9999 9999 9999 9999 9999 9999
394A Sali  197006011 9999 9999 9999 9999 9999 9999 9999 9999 9999 9999 9999 9999
394A Sali  197006012 9999 9999 9999 9999 9999 9999 9999 9999 9999 9999 9999 9999
394A Sali  197006021 9999 9999 9999 9999 9999 9999 9999 9999 9999 9999 9999 9999
394A Sali  197006022 9999 9999 9999 9999 9999 9999 9999 9999 9999 9999 9999 9999
394A Sali  197006031 9999 9999 9999 9999 9999 9999 9999 9999 9999 9999 9999 9999
394A Sali  197006032 9999 9999 9999 9999 9999 9999 9999 9999 9999 9999 9999 9999
394A Sali  197006041 9999 9999 9999 9999 9999 9999 9999 9999 9999 9999 9999 9999
394A Sali  197006042 9999 9999 9999 9999 9999 9999 9999 9999 9999 9999 9999 9999
394A Sali  197006051 9999 9999 9999 9999 9999 9999 9999 9999 9999 9999 9999 9999
394A Sali  197006052 9999 9999 9999 9999 9999 9999 9999 9999 9999 9999 9999 9999
394A Sali  197006061 9999 9999 9999 9999 9999 9999 9999 9999 9999 9999 9999 9999
394A Sali  197006062 9999 9999 9999 9999 9999 9999 9999 9999 9999 9999 9999 9999
394A Sali  197006071 9999 9999 9999 9999 9999 9999 9999 9999 9999 9999 9999 9999
394A Sali  197006072 9999 9999 9999 9999 9999 9999 9999 9999 9999 9999 9999 9999
394A Sali  197006081 9999 9999 9999 9999 9999 9999 9999 9999 9999 9999 9999 9999
394A Sali  197006082 9999 9999 9999 9999 9999 9999 9999 9999 9999 9999 9999 9999
394A Sali  197006091 9999 9999 9999 9999 9999 9999 9999 9999 9999 9999 9999 9999
394A Sali  197006092 9999 9999 9999 9999 9999 9999 9999 9999 9999 9999 9999 9999
394A Sali  197006101 9999 9999 9999 9999 9999 9999 9999 9999 9999 9999 9999 9999
394A Sali  197006102 9999 9999 9999 9999 9999 9999 9999 9999 9999 9999 9999 9999
394A Sali  197006111 9999 9999 9999 9999 9999 9999 9999 9999 9999 9999 9999 9999
394A Sali  197006112 9999 9999 9999 9999 9999 9999 9999 9999 9999 9999 9999 9999
394A Sali  197006121 9999 9999 9999 9999 9999 9999 9999 9999 9999 9999 9999 9999
394A Sali  197006122 9999 9999 9999 9999 9999 9999 9999 9999 9999 9999 9999 9999
394A Sali  197006131 9999 9999 9999 9999 9999 9999 9999 9999 9999 9999 9999 9999
394A Sali  197006132 9999 9999 9999 9999 9999 9999 9999 9999 9999 9999 9999 9999
394A Sali  197006141 9999 9999 9999 9999 9999 9999 9999 9999 9999 9999 9999 9999
394A Sali  197006142 9999 9999 9999 9999 9999 9999 9999 9999 9999 9999 9999 9999
394A Sali  197006151 9999 9999 9999 9999 9999 9999 9999 9999 9999 9999 9999 9999
394A Sali  197006152 9999 9999 9999 9999 9999 9999 9999 9999 9999 9999 9999 9999
394A Sali  197006161 9999 9999 9999 9999 9999 9999 9999 9999 9999 9999 9999 9999
394A Sali  197006162 9999 9999 9999 9999 9999 9999 9999 9999 9999 9999 9999 9999
394A Sali  197006171 9999 9999 9999 9999 9999 9999 9999 9999 9999 9999 9999 9999
394A Sali  197006172 9999 9999 9999 9999 9999 9999 9999 9999 9999 9999 9999 9999
394A Sali  197006181 9999 9999 9999 9999 9999 9999 9999 9999 9999 9999 9999 9999
394A Sali  197006182 9999 9999 9999 9999 9999 9999 9999 9999 9999 9999 9999 9999
394A Sali  197006191 9999 9999 9999 9999 9999 9999 9999 9999 9999 9999 9999 9999
394A Sali  197006192 9999 9999 9999 9999 9999 9999 9999 9999 9999 9999 9999 9999
394A Sali  197006201 9999 9999 9999 9999 9999 9999 9999 9999 9999 9999 9999 9999
394A Sali  197006202 9999 9999 9999 9999 9999 9999 9999 9999 9999 9999 9999 9999
394A Sali  197006211 9999 9999 9999 9999 9999 9999 9999 9999 9999 9999 9999 9999
394A Sali  197006212 9999 9999 9999 9999 9999 9999 9999 9999 9999 9999 9999 9999
394A Sali  197006221 9999 9999 9999 9999 9999 9999 9999 9999 9999 9999 9999 9999
394A Sali  197006222 9999 9999 9999 9999 9999 9999 9999 9999 9999 9999 9999 9999
394A Sali  197006231 9999 9999 9999 9999 9999 9999 9999 9999 9999 9999 9999 9999
394A Sali  197006232 9999 9999 9999 9999 9999 9999 9999 9999 9999 9999 9999 9999
394A Sali  197006241 9999 9999 9999 9999 9999 9999 9999 9999 9999 9999 9999 9999
394A Sali  197006242 9999 9999 9999 9999 9999 9999 9999 9999 9999 9999 9999 9999
394A Sali  197006251 9999 9999 9999 9999 9999 9999 9999 9999 9999 9999 9999 9999
394A Sali  197006252 9999 9999 9999 9999 9999 9999 9999 9999 9999 9999 9999 9999
394A Sali  197006261 9999 9999 9999 9999 9999 9999 9999 9999 9999 9999 9999 9999
394A Sali  197006262 9999 9999 9999 9999 9999 9999 9999 9999 9999 9999 9999 9999
394A Sali  197006271 9999 9999 9999 9999 9999 9999 9999 9999 9999 9999 9999 9999
394A Sali  197006272 9999 9999 9999 9999 9999 9999 9999 9999 9999 9999 9999 9999
394A Sali  197006281 9999 9999 9999 9999 9999 9999 9999 9999 9999 9999 9999 9999
394A Sali  197006282 9999 9999 9999 9999 9999 9999 9999 9999 9999 9999 9999 9999
394A Sali  197006291 9999 9999 9999 9999 9999 9999 9999 9999 9999 9999 9999 9999
394A Sali  197006292 9999 9999 9999 9999 9999 9999 9999 9999 9999 9999 9999 9999
394A Sali  197006301 9999 9999 9999 9999 9999 9999 9999 9999 9999 9999 9999 9999
394A Sali  197006302 9999 9999 9999 9999 9999 9999 9999 9999 9999 9999 9999 9999
394A Sali  197007011 9999 9999 9999 9999 9999 9999 9999 9999 9999 9999 9999 9999
394A Sali  197007012 9999 9999 9999 9999 9999 9999 9999 9999 9999 9999 9999 9999
394A Sali  197007021 9999 9999 9999 9999 9999 9999 9999 9999 9999 9999 9999 9999
394A Sali  197007022 9999 9999 9999 9999 9999 9999 9999 9999 9999 9999 9999 9999
394A Sali  197007031 9999 9999 9999 9999 9999 9999 9999 9999 9999 9999 9999 9999
394A Sali  197007032 9999 9999 9999 9999 9999 9999 9999 9999 9999 9999 9999 9999
394A Sali  197007041 9999 9999 9999 9999 9999 9999 9999 9999 9999 9999 9999 9999
394A Sali  197007042 9999 9999 9999 9999 9999 9999 9999 9999 9999 9999 9999 9999
394A Sali  197007051 9999 9999 9999 9999 9999 9999 9999 9999 9999 9999 9999 9999
394A Sali  197007052 9999 9999 9999 9999 9999 9999 9999 9999 9999 9999 9999 9999
394A Sali  197007061 9999 9999 9999 9999 9999 9999 9999 9999 9999 9999 9999 9999
394A Sali  197007062 9999 9999 9999 9999 9999 9999 9999 9999 9999 9999 9999 9999
394A Sali  197007071 9999 9999 9999 9999 9999 9999 9999 9999 9999 9999 9999 9999
394A Sali  197007072 9999 9999 9999 9999 9999 9999 9999 9999 9999 9999 9999 9999
394A Sali  197007081 9999 9999 9999 9999 9999 9999 9999 9999 9999 9999 9999 9999
394A Sali  197007082 9999 9999 9999 9999 9999 9999 9999 9999 9999 9999 9999 9999
394A Sali  197007091 9999 9999 9999 9999 9999 9999 9999 9999 9999 9999 9999 9999
394A Sali  197007092 9999 9999 9999 9999 9999 9999 9999 9999 9999 9999 9999 9999
394A Sali  197007101 9999 9999 9999 9999 9999 9999 9999 9999 9999 9999 9999 9999
394A Sali  197007102 9999 9999 9999 9999 9999 9999 9999 9999 9999 9999 9999 9999
394A Sali  197007111 9999 9999 9999 9999 9999 9999 9999 9999 9999 9999 9999 9999
394A Sali  197007112 9999 9999 9999 9999 9999 9999 9999 9999 9999 9999 9999 9999
394A Sali  197007121 9999 9999 9999 9999 9999 9999 9999 9999 9999 9999 9999 9999
394A Sali  197007122 9999 9999 9999 9999 9999 9999 9999 9999 9999 9999 9999 9999
394A Sali  197007131 9999 9999 9999 9999 9999 9999 9999 9999 9999 9999 9999 9999
394A Sali  197007132 9999 9999 9999 9999 9999 9999 9999 9999 9999 9999 9999 9999
394A Sali  197007141 9999 9999 9999 9999 9999 9999 9999 9999 9999 9999 9999 9999
394A Sali  197007142 9999 9999 9999 9999 9999 9999 9999 9999 9999 9999 9999 9999
394A Sali  197007151 9999 9999 9999 9999 9999 9999 9999 9999 9999 9999 9999 9999
394A Sali  197007152 9999 9999 9999 9999 9999 9999 9999 9999 9999 9999 9999 9999
394A Sali  197007161 9999 9999 9999 9999 9999 9999 9999 9999 9999 9999 9999 9999
394A Sali  197007162 9999 9999 9999 9999 9999 9999 9999 9999 9999 9999 9999 9999
394A Sali  197007171 9999 9999 9999 9999 9999 9999 9999 9999 9999 9999 9999 9999
394A Sali  197007172 9999 9999 9999 9999 9999 9999 9999 9999 9999 9999 9999 9999
394A Sali  197007181 9999 9999 9999 9999 9999 9999 9999 9999 9999 9999 9999 9999
394A Sali  197007182 9999 9999 9999 9999 9999 9999 9999 9999 9999 9999 9999 9999
394A Sali  197007191 9999 9999 9999 9999 9999 9999 9999 9999 9999 9999 9999 9999
394A Sali  197007192 9999 9999 9999 9999 9999 9999 9999 9999 9999 9999 9999 9999
394A Sali  197007201 9999 9999 9999 9999 9999 9999 9999 9999 9999 9999 9999 9999
394A Sali  197007202 9999 9999 9999 9999 9999 9999 9999 9999 9999 9999 9999 9999
394A Sali  197007211 9999 9999 9999 9999 9999 9999 9999 9999 9999 9999 9999 9999
394A Sali  197007212 9999 9999 9999 9999 9999 9999 9999 9999 9999 9999 9999 9999
394A Sali  197007221 9999 9999 9999 9999 9999 9999 9999 9999 9999 9999 9999 9999
394A Sali  197007222 9999 9999 9999 9999 9999 9999 9999 9999 9999 9999 9999 9999
394A Sali  197007231 9999 9999 9999 9999 9999 9999 9999 9999 9999 9999 9999 9999
394A Sali  197007232 9999 9999 9999 9999 9999 9999 9999 9999 9999 9999 9999 9999
394A Sali  197007241 9999 9999 9999 9999 9999 9999 9999 9999 9999 9999 9999 9999
394A Sali  197007242 9999 9999 9999 9999 9999 9999 9999 9999 9999 9999 9999 9999
394A Sali  197007251 9999 9999 9999 9999 9999 9999 9999 9999 9999 9999 9999 9999
394A Sali  197007252 9999 9999 9999 9999 9999 9999 9999 9999 9999 9999 9999 9999
394A Sali  197007261 9999 9999 9999 9999 9999 9999 9999 9999 9999 9999 9999 9999
394A Sali  197007262 9999 9999 9999 9999 9999 9999 9999 9999 9999 9999 9999 9999
394A Sali  197007271 9999 9999 9999 9999 9999 9999 9999 9999 9999 9999 9999 9999
394A Sali  197007272 9999 9999 9999 9999 9999 9999 9999 9999 9999 9999 9999 9999
394A Sali  197007281 9999 9999 9999 9999 9999 9999 9999 9999 9999 9999 9999 9999
394A Sali  197007282 9999 9999 9999 9999 9999 9999 9999 9999 9999 9999 9999 9999
394A Sali  197007291 9999 9999 9999 9999 9999 9999 9999 9999 9999 9999 9999 9999
394A Sali  197007292 9999 9999 9999 9999 9999 9999 9999 9999 9999 9999 9999 9999
394A Sali  197007301 9999 9999 9999 9999 9999 9999 9999 9999 9999 9999 9999 9999
394A Sali  197007302 9999 9999 9999 9999 9999 9999 9999 9999 9999 9999 9999 9999
394A Sali  197007311 9999 9999 9999 9999 9999 9999 9999 9999 9999 9999 9999 9999
394A Sali  197007312 9999 9999 9999 9999 9999 9999 9999 9999 9999 9999 9999 9999
394A Sali  197008011 9999 9999 9999 9999 9999 9999 9999 9999 9999 9999 9999 9999
394A Sali  197008012 9999 9999 9999 9999 9999 9999 9999 9999 9999 9999 9999 9999
394A Sali  197008021 9999 9999 9999 9999 9999 9999 9999 9999 9999 9999 9999 9999
394A Sali  197008022 9999 9999 9999 9999 9999 9999 9999 9999 9999 9999 9999 9999
394A Sali  197008031 9999 9999 9999 9999 9999 9999 9999 9999 9999 9999 9999 9999
394A Sali  197008032 9999 9999 9999 9999 9999 9999 9999 9999 9999 9999 9999 9999
394A Sali  197008041 9999 9999 9999 9999 9999 9999 9999 9999 9999 9999 9999 9999
394A Sali  197008042 9999 9999 9999 9999 9999 9999 9999 9999 9999 9999 9999 9999
394A Sali  197008051 9999 9999 9999 9999 9999 9999 9999 9999 9999 9999 9999 9999
394A Sali  197008052 9999 9999 9999 9999 9999 9999 9999 9999 9999 9999 9999 9999
394A Sali  197008061 9999 9999 9999 9999 9999 9999 9999 9999 9999 9999 9999 9999
394A Sali  197008062 9999 9999 9999 9999 9999 9999 9999 9999 9999 9999 9999 9999
394A Sali  197008071 9999 9999 9999 9999 9999 9999 9999 9999 9999 9999 9999 9999
394A Sali  197008072 9999 9999 9999 9999 9999 9999 9999 9999 9999 9999 9999 9999
394A Sali  197008081 9999 9999 9999 9999 9999 9999 9999 9999 9999 9999 9999 9999
394A Sali  197008082 9999 9999 9999 9999 9999 9999 9999 9999 9999 9999 9999 9999
394A Sali  197008091 9999 9999 9999 9999 9999 9999 9999 9999 9999 9999 9999 9999
394A Sali  197008092 9999 9999 9999 9999 9999 9999 9999 9999 9999 9999 9999 9999
394A Sali  197008101 9999 9999 9999 9999 9999 9999 9999 9999 9999 9999 9999 9999
394A Sali  197008102 9999 9999 9999 9999 9999 9999 9999 9999 9999 9999 9999 9999
394A Sali  197008111 9999 9999 9999 9999 9999 9999 9999 9999 9999 9999 9999 9999
394A Sali  197008112 9999 9999 9999 9999 9999 9999 9999 9999 9999 9999 9999 9999
394A Sali  197008121 9999 9999 9999 9999 9999 9999 9999 9999 9999 9999 9999 9999
394A Sali  197008122 9999 9999 9999 9999 9999 9999 9999 9999 9999 9999 9999 9999
394A Sali  197008131 9999 9999 9999 9999 9999 9999 9999 9999 9999 9999 9999 9999
394A Sali  197008132 9999 9999 9999 9999 9999 9999 9999 9999 9999 9999 9999 9999
394A Sali  197008141 9999 9999 9999 9999 9999 9999 9999 9999 9999 9999 9999 9999
394A Sali  197008142 9999 9999 9999 9999 9999 9999 9999 9999 9999 9999 9999 9999
394A Sali  197008151 9999 9999 9999 9999 9999 9999 9999 9999 9999 9999 9999 9999
394A Sali  197008152 9999 9999 9999 9999 9999 9999 9999 9999 9999 9999 9999 9999
394A Sali  197008161 9999 9999 9999 9999 9999 9999 9999 9999 9999 9999 9999 9999
394A Sali  197008162 9999 9999 9999 9999 9999 9999 9999 9999 9999 9999 9999 9999
394A Sali  197008171 9999 9999 9999 9999 9999 9999 9999 9999 9999 9999 9999 9999
394A Sali  197008172 9999 9999 9999 9999 9999 9999 9999 9999 9999 9999 9999 9999
394A Sali  197008181 9999 9999 9999 9999 9999 9999 9999 9999 9999 9999 9999 9999
394A Sali  197008182 9999 9999 9999 9999 9999 9999 9999 9999 9999 9999 9999 9999
394A Sali  197008191 9999 9999 9999 9999 9999 9999 9999 9999 9999 9999 9999 9999
394A Sali  197008192 9999 9999 9999 9999 9999 9999 9999 9999 9999 9999 9999 9999
394A Sali  197008201 9999 9999 9999 9999 9999 9999 9999 9999 9999 9999 9999 9999
394A Sali  197008202 9999 9999 9999 9999 9999 9999 9999 9999 9999 9999 9999 9999
394A Sali  197008211 9999 9999 9999 9999 9999 9999 9999 9999 9999 9999 9999 9999
394A Sali  197008212 9999 9999 9999 9999 9999 9999 9999 9999 9999 9999 9999 9999
394A Sali  197008221 9999 9999 9999 9999 9999 9999 9999 9999 9999 9999 9999 9999
394A Sali  197008222 9999 9999 9999 9999 9999 9999 9999 9999 9999 9999 9999 9999
394A Sali  197008231 9999 9999 9999 9999 9999 9999 9999 9999 9999 9999 9999 9999
394A Sali  197008232 9999 9999 9999 9999 9999 9999 9999 9999 9999 9999 9999 9999
394A Sali  197008241 9999 9999 9999 9999 9999 9999 9999 9999 9999 9999 9999 9999
394A Sali  197008242 9999 9999 9999 9999 9999 9999 9999 9999 9999 9999 9999 9999
394A Sali  197008251 9999 9999 9999 9999 9999 9999 9999 9999 9999 9999 9999 9999
394A Sali  197008252 9999 9999 9999 9999 9999 9999 9999 9999 9999 9999 9999 9999
394A Sali  197008261 9999 9999 9999 9999 9999 9999 9999 9999 9999 9999 9999 9999
394A Sali  197008262 9999 9999 9999 9999 9999 9999 9999 9999 9999 9999 9999 9999
394A Sali  197008271 9999 9999 9999 9999 9999 9999 9999 9999 9999 9999 9999 9999
394A Sali  197008272 9999 9999 9999 9999 9999 9999 9999 9999 9999 9999 9999 9999
394A Sali  197008281 9999 9999 9999 9999 9999 9999 9999 9999 9999 9999 9999 9999
394A Sali  197008282 9999 9999 9999 9999 9999 9999 9999 9999 9999 9999 9999 9999
394A Sali  197008291 9999 9999 9999 9999 9999 9999 9999 9999 9999 9999 9999 9999
394A Sali  197008292 9999 9999 9999 9999 9999 9999 9999 9999 9999 9999 9999 9999
394A Sali  197008301 9999 9999 9999 9999 9999 9999 9999 9999 9999 9999 9999 9999
394A Sali  197008302 9999 9999 9999 9999 9999 9999 9999 9999 9999 9999 9999 9999
394A Sali  197008311 9999 9999 9999 9999 9999 9999 9999 9999 9999 9999 9999 9999
394A Sali  197008312 9999 9999 9999 9999 9999 9999 9999 9999 9999 9999 9999 9999
394A Sali  197009011 9999 9999 9999 9999 9999 9999 9999 9999 9999 9999 9999 9999
394A Sali  197009012 9999 9999 9999 9999 9999 9999 9999 9999 9999 9999 9999 9999
394A Sali  197009021 9999 9999 9999 9999 9999 9999 9999 9999 9999 9999 9999 9999
394A Sali  197009022 9999 9999 9999 9999 9999 9999 9999 9999 9999 9999 9999 9999
394A Sali  197009031 9999 9999 9999 9999 9999 9999 9999 9999 9999 9999 9999 9999
394A Sali  197009032 9999 9999 9999 9999 9999 9999 9999 9999 9999 9999 9999 9999
394A Sali  197009041 9999 9999 9999 9999 9999 9999 9999 9999 9999 9999 9999 9999
394A Sali  197009042 9999 9999 9999 9999 9999 9999 9999 9999 9999 9999 9999 9999
394A Sali  197009051 9999 9999 9999 9999 9999 9999 9999 9999 9999 9999 9999 9999
394A Sali  197009052 9999 9999 9999 9999 9999 9999 9999 9999 9999 9999 9999 9999
394A Sali  197009061 9999 9999 9999 9999 9999 9999 9999 9999 9999 9999 9999 9999
394A Sali  197009062 9999 9999 9999 9999 9999 9999 9999 9999 9999 9999 9999 9999
394A Sali  197009071 9999 9999 9999 9999 9999 9999 9999 9999 9999 9999 9999 9999
394A Sali  197009072 9999 9999 9999 9999 9999 9999 9999 9999 9999 9999 9999 9999
394A Sali  197009081 9999 9999 9999 9999 9999 9999 9999 9999 9999 9999 9999 9999
394A Sali  197009082 9999 9999 9999 9999 9999 9999 9999 9999 9999 9999 9999 9999
394A Sali  197009091 9999 9999 9999 9999 9999 9999 9999 9999 9999 9999 9999 9999
394A Sali  197009092 9999 9999 9999 9999 9999 9999 9999 9999 9999 9999 9999 9999
394A Sali  197009101 9999 9999 9999 9999 9999 9999 9999 9999 9999 9999 9999 9999
394A Sali  197009102 9999 9999 9999 9999 9999 9999 9999 9999 9999 9999 9999 9999
394A Sali  197009111 9999 9999 9999 9999 9999 9999 9999 9999 9999 9999 9999 9999
394A Sali  197009112 9999 9999 9999 9999 9999 9999 9999 9999 9999 9999 9999 9999
394A Sali  197009121 9999 9999 9999 9999 9999 9999 9999 9999 9999 9999 9999 9999
394A Sali  197009122 9999 9999 9999 9999 9999 9999 9999 9999 9999 9999 9999 9999
394A Sali  197009131 9999 9999 9999 9999 9999 9999 9999 9999 9999 9999 9999 9999
394A Sali  197009132 9999 9999 9999 9999 9999 9999 9999 9999 9999 9999 9999 9999
394A Sali  197009141 9999 9999 9999 9999 9999 9999 9999 9999 9999 9999 9999 9999
394A Sali  197009142 9999 9999 9999 9999 9999 9999 9999 9999 9999 9999 9999 9999
394A Sali  197009151 9999 9999 9999 9999 9999 9999 9999 9999 9999 9999 9999 9999
394A Sali  197009152 9999 9999 9999 9999 9999 9999 9999 9999 9999 9999 9999 9999
394A Sali  197009161 9999 9999 9999 9999 9999 9999 9999 9999 9999 9999 9999 9999
394A Sali  197009162 9999 9999 9999 9999 9999 9999 9999 9999 9999 9999 9999 9999
394A Sali  197009171 9999 9999 9999 9999 9999 9999 9999 9999 9999 9999 9999 9999
394A Sali  197009172 9999 9999 9999 9999 9999 9999 9999 9999 9999 9999 9999 9999
394A Sali  197009181 9999 9999 9999 9999 9999 9999 9999 9999 9999 9999 9999 9999
394A Sali  197009182 9999 9999 9999 9999 9999 9999 9999 9999 9999 9999 9999 9999
394A Sali  197009191 9999 9999 9999 9999 9999 9999 9999 9999 9999 9999 9999 9999
394A Sali  197009192 9999 9999 9999 9999 9999 9999 9999 9999 9999 9999 9999 9999
394A Sali  197009201 9999 9999 9999 9999 9999 9999 9999 9999 9999 9999 9999 9999
394A Sali  197009202 9999 9999 9999 9999 9999 9999 9999 9999 9999 9999 9999 9999
394A Sali  197009211 9999 9999 9999 9999 9999 9999 9999 9999 9999 9999 9999 9999
394A Sali  197009212 9999 9999 9999 9999 9999 9999 9999 9999 9999 9999 9999 9999
394A Sali  197009221 9999 9999 9999 9999 9999 9999 9999 9999 9999 9999 9999 9999
394A Sali  197009222 9999 9999 9999 9999 9999 9999 9999 9999 9999 9999 9999 9999
394A Sali  197009231 9999 9999 9999 9999 9999 9999 9999 9999 9999 9999 9999 9999
394A Sali  197009232 9999 9999 9999 9999 9999 9999 9999 9999 9999 9999 9999 9999
394A Sali  197009241 9999 9999 9999 9999 9999 9999 9999 9999 9999 9999 9999 9999
394A Sali  197009242 9999 9999 9999 9999 9999 9999 9999 9999 9999 9999 9999 9999
394A Sali  197009251 9999 9999 9999 9999 9999 9999 9999 9999 9999 9999 9999 9999
394A Sali  197009252 9999 9999 9999 9999 9999 9999 9999 9999 9999 9999 9999 9999
394A Sali  197009261 9999 9999 9999 9999 9999 9999 9999 9999 9999 9999 9999 9999
394A Sali  197009262 9999 9999 9999 9999 9999 9999 9999 9999 9999 9999 9999 9999
394A Sali  197009271 9999 9999 9999 9999 9999 9999 9999 9999 9999 9999 9999 9999
394A Sali  197009272 9999 9999 9999 9999 9999 9999 9999 9999 9999 9999 9999 9999
394A Sali  197009281 9999 9999 9999 9999 9999 9999 9999 9999 9999 9999 9999 9999
394A Sali  197009282 9999 9999 9999 9999 9999 9999 9999 9999 9999 9999 9999 9999
394A Sali  197009291 9999 9999 9999 9999 9999 9999 9999 9999 9999 9999 9999 9999
394A Sali  197009292 9999 9999 9999 9999 9999 9999 9999 9999 9999 9999 9999 9999
394A Sali  197009301 9999 9999 9999 9999 9999 9999 9999 9999 9999 9999 9999 9999
394A Sali  197009302 9999 9999 9999 9999 9999 9999 9999 9999 9999 9999 9999 9999
394A Sali  197010011 9999 9999 9999 9999 9999 9999 9999 9999 9999 9999 9999 9999
394A Sali  197010012 9999 9999 9999 9999 9999 9999 9999 9999 9999 9999 9999 9999
394A Sali  197010021 9999 9999 9999 9999 9999 9999 9999 9999 9999 9999 9999 9999
394A Sali  197010022 9999 9999 9999 9999 9999 9999 9999 9999 9999 9999 9999 9999
394A Sali  197010031 9999 9999 9999 9999 9999 9999 9999 9999 9999 9999 9999 9999
394A Sali  197010032 9999 9999 9999 9999 9999 9999 9999 9999 9999 9999 9999 9999
394A Sali  197010041 9999 9999 9999 9999 9999 9999 9999 9999 9999 9999 9999 9999
394A Sali  197010042 9999 9999 9999 9999 9999 9999 9999 9999 9999 9999 9999 9999
394A Sali  197010051 9999 9999 9999 9999 9999 9999 9999 9999 9999 9999 9999 9999
394A Sali  197010052 9999 9999 9999 9999 9999 9999 9999 9999 9999 9999 9999 9999
394A Sali  197010061 9999 9999 9999 9999 9999 9999 9999 9999 9999 9999 9999 9999
394A Sali  197010062 9999 9999 9999 9999 9999 9999 9999 9999 9999 9999 9999 9999
394A Sali  197010071 9999 9999 9999 9999 9999 9999 9999 9999 9999 9999 9999 9999
394A Sali  197010072 9999 9999 9999 9999 9999 9999 9999 9999 9999 9999 9999 9999
394A Sali  197010081 9999 9999 9999 9999 9999 9999 9999 9999 9999 9999 9999 9999
394A Sali  197010082 9999 9999 9999 9999 9999 9999 9999 9999 9999 9999 9999 9999
394A Sali  197010091 9999 9999 9999 9999 9999 9999 9999 9999 9999 9999 9999 9999
394A Sali  197010092 9999 9999 9999 9999 9999 9999 9999 9999 9999 9999 9999 9999
394A Sali  197010101 9999 9999 9999 9999 9999 9999 9999 9999 9999 9999 9999 9999
394A Sali  197010102 9999 9999 9999 9999 9999 9999 9999 9999 9999 9999 9999 9999
394A Sali  197010111 9999 9999 9999 9999 9999 9999 9999 9999 9999 9999 9999 9999
394A Sali  197010112 9999 9999 9999 9999 9999 9999 9999 9999 9999 9999 9999 9999
394A Sali  197010121 9999 9999 9999 9999 9999 9999 9999 9999 9999 9999 9999 9999
394A Sali  197010122 9999 9999 9999 9999 9999 9999 9999 9999 9999 9999 9999 9999
394A Sali  197010131 9999 9999 9999 9999 9999 9999 9999 9999 9999 9999 9999 9999
394A Sali  197010132 9999 9999 9999 9999 9999 9999 9999 9999 9999 9999 9999 9999
394A Sali  197010141 9999 9999 9999 9999 9999 9999 9999 9999 9999 9999 9999 9999
394A Sali  197010142 9999 9999 9999 9999 9999 9999 9999 9999 9999 9999 9999 9999
394A Sali  197010151 9999 9999 9999 9999 9999 9999 9999 9999 9999 9999 9999 9999
394A Sali  197010152 9999 9999 9999 9999 9999 9999 9999 9999 9999 9999 9999 9999
394A Sali  197010161 9999 9999 9999 9999 9999 9999 9999 9999 9999 9999 9999 9999
394A Sali  197010162 9999 9999 9999 9999 9999 9999 9999 9999 9999 9999 9999 9999
394A Sali  197010171 9999 9999 9999 9999 9999 9999 9999 9999 9999 9999 9999 9999
394A Sali  197010172 9999 9999 9999 9999 9999 9999 9999 9999 9999 9999 9999 9999
394A Sali  197010181 9999 9999 9999 9999 9999 9999 9999 9999 9999 9999 9999 9999
394A Sali  197010182 9999 9999 9999 9999 9999 9999 9999 9999 9999 9999 9999 9999
394A Sali  197010191 9999 9999 9999 9999 9999 9999 9999 9999 9999 9999 9999 9999
394A Sali  197010192 9999 9999 9999 9999 9999 9999 9999 9999 9999 9999 9999 9999
394A Sali  197010201 9999 9999 9999 9999 9999 9999 9999 9999 9999 9999 9999 9999
394A Sali  197010202 9999 9999 9999 9999 9999 9999 9999 9999 9999 9999 9999 9999
394A Sali  197010211 9999 9999 9999 9999 9999 9999 9999 9999 9999 9999 9999 9999
394A Sali  197010212 9999 9999 9999 9999 9999 9999 9999 9999 9999 9999 9999 9999
394A Sali  197010221 9999 9999 9999 9999 9999 9999 9999 9999 9999 9999 9999 9999
394A Sali  197010222 9999 9999 9999 9999 9999 9999 9999 9999 9999 9999 9999 9999
394A Sali  197010231 9999 9999 9999 9999 9999 9999 9999 9999 9999 9999 9999 9999
394A Sali  197010232 9999 9999 9999 9999 9999 9999 9999 9999 9999 9999 9999 9999
394A Sali  197010241 9999 9999 9999 9999 9999 9999 9999 9999 9999 9999 9999 9999
394A Sali  197010242 9999 9999 9999 9999 9999 9999 9999 9999 9999 9999 9999 9999
394A Sali  197010251 9999 9999 9999 9999 9999 9999 9999 9999 9999 9999 9999 9999
394A Sali  197010252 9999 9999 9999 9999 9999 9999 9999 9999 9999 9999 9999 9999
394A Sali  197010261 9999 9999 9999 9999 9999 9999 9999 9999 9999 9999 9999 9999
394A Sali  197010262 9999 9999 9999 9999 9999 9999 9999 9999 9999 9999 9999 9999
394A Sali  197010271 9999 9999 9999 9999 9999 9999 9999 9999 9999 9999 9999 9999
394A Sali  197010272 9999 9999 9999 9999 9999 9999 9999 9999 9999 9999 9999 9999
394A Sali  197010281 9999 9999 9999 9999 9999 9999 9999 9999 9999 9999 9999 9999
394A Sali  197010282 9999 9999 9999 9999 9999 9999 9999 9999 9999 9999 9999 9999
394A Sali  197010291 9999 9999 9999 9999 9999 9999 9999 9999 9999 9999 9999 9999
394A Sali  197010292 9999 9999 9999 9999 9999 9999 9999 9999 9999 9999 9999 9999
394A Sali  197010301 9999 9999 9999 9999 9999 9999 9999 9999 9999 9999 9999 9999
394A Sali  197010302 9999 9999 9999 9999 9999 9999 9999 9999 9999 9999 9999 9999
394A Sali  197010311 9999 9999 9999 9999 9999 9999 9999 9999 9999 9999 9999 9999
394A Sali  197010312 9999 9999 9999 9999 9999 9999 9999 9999 9999 9999 9999 9999
394A Sali  197011011 9999 9999 9999 9999 9999 9999 9999 9999 9999 9999 9999 9999
394A Sali  197011012 9999 9999 9999 9999 9999 9999 9999 9999 9999 9999 9999 9999
394A Sali  197011021 9999 9999 9999 9999 9999 9999 9999 9999 9999 9999 9999 9999
394A Sali  197011022 9999 9999 9999 9999 9999 9999 9999 9999 9999 9999 9999 9999
394A Sali  197011031 9999 9999 9999 9999 9999 9999 9999 9999 9999 9999 9999 9999
394A Sali  197011032 9999 9999 9999 9999 9999 9999 9999 9999 9999 9999 9999 9999
394A Sali  197011041 9999 9999 9999 9999 9999 9999 9999 9999 9999 9999 9999 9999
394A Sali  197011042 9999 9999 9999 9999 9999 9999 9999 9999 9999 9999 9999 9999
394A Sali  197011051 9999 9999 9999 9999 9999 9999 9999 9999 9999 9999 9999 9999
394A Sali  197011052 9999 9999 9999 9999 9999 9999 9999 9999 9999 9999 9999 9999
394A Sali  197011061 9999 9999 9999 9999 9999 9999 9999 9999 9999 9999 9999 9999
394A Sali  197011062 9999 9999 9999 9999 9999 9999 9999 9999 9999 9999 9999 9999
394A Sali  197011071 9999 9999 9999 9999 9999 9999 9999 9999 9999 9999 9999 9999
394A Sali  197011072 9999 9999 9999 9999 9999 9999 9999 9999 9999 9999 9999 9999
394A Sali  197011081 9999 9999 9999 9999 9999 9999 9999 9999 9999 9999 9999 9999
394A Sali  197011082 9999 9999 9999 9999 9999 9999 9999 9999 9999 9999 9999 9999
394A Sali  197011091 9999 9999 9999 9999 9999 9999 9999 9999 9999 9999 9999 9999
394A Sali  197011092 9999 9999 9999 9999 9999 9999 9999 9999 9999 9999 9999 9999
394A Sali  197011101 9999 9999 9999 9999 9999 9999 9999 9999 9999 9999 9999 9999
394A Sali  197011102 9999 9999 9999 9999 9999 9999 9999 9999 9999 9999 9999 9999
394A Sali  197011111 9999 9999 9999 9999 9999 9999 9999 9999 9999 9999 9999 9999
394A Sali  197011112 9999 9999 9999 9999 9999 9999 9999 9999 9999 9999 9999 9999
394A Sali  197011121 9999 9999 9999 9999 9999 9999 9999 9999 9999 9999 9999 9999
394A Sali  197011122 9999 9999 9999 9999 9999 9999 9999 9999 9999 9999 9999 9999
394A Sali  197011131 9999 9999 9999 9999 9999 9999 9999 9999 9999 9999 9999 9999
394A Sali  197011132 9999 9999 9999 9999 9999 9999 9999 9999 9999 9999 9999 9999
394A Sali  197011141 9999 9999 9999 9999 9999 9999 9999 9999 9999 9999 9999 9999
394A Sali  197011142 9999 9999 9999 9999 9999 9999 9999 9999 9999 9999 9999 9999
394A Sali  197011151 9999 9999 9999 9999 9999 9999 9999 9999 9999 9999 9999 9999
394A Sali  197011152 9999 9999 9999 9999 9999 9999 9999 9999 9999 9999 9999 9999
394A Sali  197011161 9999 9999 9999 9999 9999 9999 9999 9999 9999 9999 9999 9999
394A Sali  197011162 9999 9999 9999 9999 9999 9999 9999 9999 9999 9999 9999 9999
394A Sali  197011171 9999 9999 9999 9999 9999 9999 9999 9999 9999 9999 9999 9999
394A Sali  197011172 9999 9999 9999 9999 9999 9999 9999 9999 9999 9999 9999 9999
394A Sali  197011181 9999 9999 9999 9999 9999 9999 9999 9999 9999 9999 9999 9999
394A Sali  197011182 9999 9999 9999 9999 9999 9999 9999 9999 9999 9999 9999 9999
394A Sali  197011191 9999 9999 9999 9999 9999 9999 9999 9999 9999 9999 9999 9999
394A Sali  197011192 9999 9999 9999 9999 9999 9999 9999 9999 9999 9999 9999 9999
394A Sali  197011201 9999 9999 9999 9999 9999 9999 9999 9999 9999 9999 9999 9999
394A Sali  197011202 9999 9999 9999 9999 9999 9999 9999 9999 9999 9999 9999 9999
394A Sali  197011211 9999 9999 9999 9999 9999 9999 9999 9999 9999 9999 9999 9999
394A Sali  197011212 9999 9999 9999 9999 9999 9999 9999 9999 9999 9999 9999 9999
394A Sali  197011221 9999 9999 9999 9999 9999 9999 9999 9999 9999 9999 9999 9999
394A Sali  197011222 9999 9999 9999 9999 9999 9999 9999 9999 9999 9999 9999 9999
394A Sali  197011231 9999 9999 9999 9999 9999 9999 9999 9999 9999 9999 9999 9999
394A Sali  197011232 9999 9999 9999 9999 9999 9999 9999 9999 9999 9999 9999 9999
394A Sali  197011241 9999 9999 9999 9999 9999 9999 9999 9999 9999 9999 9999 9999
394A Sali  197011242 9999 9999 9999 9999 9999 9999 9999 9999 9999 9999 9999 9999
394A Sali  197011251 9999 9999 9999 9999 9999 9999 9999 9999 9999 9999 9999 9999
394A Sali  197011252 9999 9999 9999 9999 9999 9999 9999 9999 9999 9999 9999 9999
394A Sali  197011261 9999 9999 9999 9999 9999 9999 9999 9999 9999 9999 9999 9999
394A Sali  197011262 9999 9999 9999 9999 9999 9999 9999 9999 9999 9999 9999 9999
394A Sali  197011271 9999 9999 9999 9999 9999 9999 9999 9999 9999 9999 9999 9999
394A Sali  197011272 9999 9999 9999 9999 9999 9999 9999 9999 9999 9999 9999 9999
394A Sali  197011281 9999 9999 9999 9999 9999 9999 9999 9999 9999 9999 9999 9999
394A Sali  197011282 9999 9999 9999 9999 9999 9999 9999 9999 9999 9999 9999 9999
394A Sali  197011291 9999 9999 9999 9999 9999 9999 9999 9999 9999 9999 9999 9999
394A Sali  197011292 9999 9999 9999 9999 9999 9999 9999 9999 9999 9999 9999 9999
394A Sali  197011301 9999 9999 9999 9999 9999 9999 9999 9999 9999 9999 9999 9999
394A Sali  197011302 9999 9999 9999 9999 9999 9999 9999 9999 9999 9999 9999 9999
394A Sali  197012011 9999 9999 9999 9999 9999 9999 9999 9999 9999 9999 9999 9999
394A Sali  197012012 9999 9999 9999 9999 9999 9999 9999 9999 9999 9999 9999 9999
394A Sali  197012021 9999 9999 9999 9999 9999 9999 9999 9999 9999 9999 9999 9999
394A Sali  197012022 9999 9999 9999 9999 9999 9999 9999 9999 9999 9999 9999 9999
394A Sali  197012031 9999 9999 9999 9999 9999 9999 9999 9999 9999 9999 9999 9999
394A Sali  197012032 9999 9999 9999 9999 9999 9999 9999 9999 9999 9999 9999 9999
394A Sali  197012041 9999 9999 9999 9999 9999 9999 9999 9999 9999 9999 9999 9999
394A Sali  197012042 9999 9999 9999 9999 9999 9999 9999 9999 9999 9999 9999 9999
394A Sali  197012051 9999 9999 9999 9999 9999 9999 9999 9999 9999 9999 9999 9999
394A Sali  197012052 9999 9999 9999 9999 9999 9999 9999 9999 9999 9999 9999 9999
394A Sali  197012061 9999 9999 9999 9999 9999 9999 9999 9999 9999 9999 9999 9999
394A Sali  197012062 9999 9999 9999 9999 9999 9999 9999 9999 9999 9999 9999 9999
394A Sali  197012071 9999 9999 9999 9999 9999 9999 9999 9999 9999 9999 9999 9999
394A Sali  197012072 9999 9999 9999 9999 9999 9999 9999 9999 9999 9999 9999 9999
394A Sali  197012081 9999 9999 9999 9999 9999 9999 9999 9999 9999 9999 9999 9999
394A Sali  197012082 9999 9999 9999 9999 9999 9999 9999 9999 9999 9999 9999 9999
394A Sali  197012091 9999 9999 9999 9999 9999 9999 9999 9999 9999 9999 9999 9999
394A Sali  197012092 9999 9999 9999 9999 9999 9999 9999 9999 9999 9999 9999 9999
394A Sali  197012101 9999 9999 9999 9999 9999 9999 9999 9999 9999 9999 9999 9999
394A Sali  197012102 9999 9999 9999 9999 9999 9999 9999 9999 9999 9999 9999 9999
394A Sali  197012111 9999 9999 9999 9999 9999 9999 9999 9999 9999 9999 9999 9999
394A Sali  197012112 9999 9999 9999 9999 9999 9999 9999 9999 9999 9999 9999 9999
394A Sali  197012121 9999 9999 9999 9999 9999 9999 9999 9999 9999 9999 9999 9999
394A Sali  197012122 9999 9999 9999 9999 9999 9999 9999 9999 9999 9999 9999 9999
394A Sali  197012131 9999 9999 9999 9999 9999 9999 9999 9999 9999 9999 9999 9999
394A Sali  197012132 9999 9999 9999 9999 9999 9999 9999 9999 9999 9999 9999 9999
394A Sali  197012141 9999 9999 9999 9999 9999 9999 9999 9999 9999 9999 9999 9999
394A Sali  197012142 9999 9999 9999 9999 9999 9999 9999 9999 9999 9999 9999 9999
394A Sali  197012151 9999 9999 9999 9999 9999 9999 9999 9999 9999 9999 9999 9999
394A Sali  197012152 9999 9999 9999 9999 9999 9999 9999 9999 9999 9999 9999 9999
394A Sali  197012161 9999 9999 9999 9999 9999 9999 9999 9999 9999 9999 9999 9999
394A Sali  197012162 9999 9999 9999 9999 9999 9999 9999 9999 9999 9999 9999 9999
394A Sali  197012171 9999 9999 9999 9999 9999 9999 9999 9999 9999 9999 9999 9999
394A Sali  197012172 9999 9999 9999 9999 9999 9999 9999 9999 9999 9999 9999 9999
394A Sali  197012181 9999 9999 9999 9999 9999 9999 9999 9999 9999 9999 9999 9999
394A Sali  197012182 9999 9999 9999 9999 9999 9999 9999 9999 9999 9999 9999 9999
394A Sali  197012191 9999 9999 9999 9999 9999 9999 9999 9999 9999 9999 9999 9999
394A Sali  197012192 9999 9999 9999 9999 9999 9999 9999 9999 9999 9999 9999 9999
394A Sali  197012201 9999 9999 9999 9999 9999 9999 9999 9999 9999 9999 9999 9999
394A Sali  197012202 9999 9999 9999 9999 9999 9999 9999 9999 9999 9999 9999 9999
394A Sali  197012211 9999 9999 9999 9999 9999 9999 9999 9999 9999 9999 9999 9999
394A Sali  197012212 9999 9999 9999 9999 9999 9999 9999 9999 9999 9999 9999 9999
394A Sali  197012221 9999 9999 9999 9999 9999 9999 9999 9999 9999 9999 9999 9999
394A Sali  197012222 9999 9999 9999 9999 9999 9999 9999 9999 9999 9999 9999 9999
394A Sali  197012231 9999 9999 9999 9999 9999 9999 9999 9999 9999 9999 9999 9999
394A Sali  197012232 9999 9999 9999 9999 9999 9999 9999 9999 9999 9999 9999 9999
394A Sali  197012241 9999 9999 9999 9999 9999 9999 9999 9999 9999 9999 9999 9999
394A Sali  197012242 9999 9999 9999 9999 9999 9999 9999 9999 9999 9999 9999 9999
394A Sali  197012251 9999 9999 9999 9999 9999 9999 9999 9999 9999 9999 9999 9999
394A Sali  197012252 9999 9999 9999 9999 9999 9999 9999 9999 9999 9999 9999 9999
394A Sali  197012261 9999 9999 9999 9999 9999 9999 9999 9999 9999 9999 9999 9999
394A Sali  197012262 9999 9999 9999 9999 9999 9999 9999 9999 9999 9999 9999 9999
394A Sali  197012271 9999 9999 9999 9999 9999 9999 9999 9999 9999 9999 9999 9999
394A Sali  197012272 9999 9999 9999 9999 9999 9999 9999 9999 9999 9999 9999 9999
394A Sali  197012281 9999 9999 9999 9999 9999 9999 9999 9999 9999 9999 9999 9999
394A Sali  197012282 9999 9999 9999 9999 9999 9999 9999 9999 9999 9999 9999 9999
394A Sali  197012291 9999 9999 9999 9999 9999 9999 9999 9999 9999 9999 9999 9999
394A Sali  197012292 9999 9999 9999 9999 9999 9999 9999 9999 9999 9999 9999 9999
394A Sali  197012301 9999 9999 9999 9999 9999 9999 9999 9999 9999 9999 9999 9999
394A Sali  197012302 9999 9999 9999 9999 9999 9999 9999 9999 9999 9999 9999 9999
394A Sali  197012311 9999 9999 9999 9999 9999 9999 9999 9999 9999 9999 9999 9999
394A Sali  197012312 9999 9999 9999 9999 9999 9999 9999 9999 9999 9999 9999 9999
