394A Salina Cruz        Mexico              1954 16096N 095122W 0000 3 00000R MM
394A Sali  195401011  853 1006 1219 1402 1554 1615 1615 1494 1311 1128  975  884
394A Sali  195401012  884  914 1006 1128 1250 1311 1311 1219 1128 1006  884  853
394A Sali  195401021  884  975 1158 1341 1554 1676 1737 1676 1554 1372 1189 1036
394A Sali  195401022  914  914  945 1036 1158 1280 1311 1341 1280 1158 1006  914
394A Sali  195401031  884  884 1006 1189 1402 1615 1737 1768 1707 1585 1402 1219
394A Sali  195401032 1067  945  914  945 1036 1219 1341 1402 1402 1311 1189 1036
394A Sali  195401041  914  853  914 1006 1219 1402 1646 1768 1798 1737 1554 1372
394A Sali  195401042 1158  945  853  823  914 1036 1189 1311 1402 1402 1280 1158
394A Sali  195401051  945  853  792  884 1036 1250 1494 1676 1829 1859 1737 1554
394A Sali  195401052 1280 1067  884  792  792  945 1128 1341 1463 1524 1463 1311
394A Sali  195401061 1128  945  792  762  853 1006 1311 1524 1737 1829 1829 1676
394A Sali  195401062 1433 1158  914  701  610  671  884 1097 1341 1524 1554 1463
394A Sali  195401071 1311 1067  884  701  701  792 1006 1280 1585 1768 1859 1829
394A Sali  195401072 1646 1372 1067  792  640  610  732  975 1250 1494 1646 1676
394A Sali  195401081 1585 1372 1097  884  732  732  884 1097 1402 1646 1859 1890
394A Sali  195401082 1798 1585 1280 1006  732  610  671  884 1158 1433 1737 1859
394A Sali  195401091 1890 1737 1494 1219  975  853  823 1006 1219 1554 1798 1951
394A Sali  195401092 1981 1859 1615 1280  975  762  701  823 1067 1402 1707 1951
394A Sali  195401101 2073 2012 1829 1524 1280 1006  884  914 1036 1341 1615 1829
394A Sali  195401102 2012 1951 1768 1494 1158  853  732  701  884 1158 1494 1798
394A Sali  195401111 2042 2103 2042 1829 1524 1219 1006  853  914 1036 1280 1554
394A Sali  195401112 1768 1829 1768 1585 1250  945  640  549  549  732 1036 1311
394A Sali  195401121 1646 1829 1890 1768 1554 1219  945  671  579  640  792 1067
394A Sali  195401122 1311 1494 1554 1524 1280 1006  762  518  457  518  701 1036
394A Sali  195401131 1372 1646 1859 1890 1798 1524 1250  975  732  640  701  853
394A Sali  195401132 1097 1341 1494 1554 1494 1280 1036  792  610  549  610  823
394A Sali  195401141 1189 1433 1707 1859 1890 1768 1554 1311 1006  792  732  792
394A Sali  195401142  914 1158 1372 1524 1585 1494 1341 1158  914  762  701  792
394A Sali  195401151 1036 1280 1585 1829 1981 1981 1890 1676 1402 1158  945  853
394A Sali  195401152  884 1036 1219 1402 1585 1615 1585 1402 1219 1006  853  823
394A Sali  195401161  853 1067 1341 1615 1859 2012 2042 1951 1707 1463 1189  975
394A Sali  195401162  914  914 1067 1219 1402 1554 1615 1554 1402 1189  975  823
394A Sali  195401171  762  792  975 1250 1494 1737 1920 1920 1798 1585 1341 1067
394A Sali  195401172  884  762  762  914 1097 1341 1463 1554 1524 1341 1128  945
394A Sali  195401181  792  701  762  975 1219 1463 1737 1890 1920 1798 1585 1311
394A Sali  195401182 1036  823  732  792  914 1128 1341 1524 1615 1585 1463 1219
394A Sali  195401191 1036  853  762  853 1006 1280 1554 1798 1951 1951 1829 1646
394A Sali  195401192 1341 1067  853  762  792  945 1189 1433 1646 1737 1707 1524
394A Sali  195401201 1311 1097  914  823  884 1036 1311 1585 1829 1981 1981 1829
394A Sali  195401202 1585 1311 1036  823  762  792 1036 1250 1554 1737 1829 1768
394A Sali  195401211 1585 1341 1097  914  823  914 1128 1372 1646 1859 1981 1951
394A Sali  195401212 1829 1524 1250  975  762  762  884 1128 1402 1676 1859 1890
394A Sali  195401221 1798 1585 1311 1097  914  853  975 1158 1372 1646 1829 1920
394A Sali  195401222 1859 1615 1341 1006  762  640  671  853 1097 1372 1615 1737
394A Sali  195401231 1707 1585 1341 1067  853  701  701  823 1006 1250 1524 1676
394A Sali  195401232 1707 1615 1372 1128  853  671  610  701  945 1219 1524 1707
394A Sali  195401241 1829 1798 1646 1402 1128  914  823  853  975 1219 1433 1646
394A Sali  195401242 1737 1737 1585 1311 1067  853  701  732  884 1097 1402 1676
394A Sali  195401251 1829 1890 1768 1585 1372 1097  945  853  914 1067 1280 1524
394A Sali  195401252 1676 1707 1676 1494 1250 1006  792  762  823 1006 1219 1524
394A Sali  195401261 1737 1890 1859 1737 1524 1280 1097  945  914 1006 1158 1341
394A Sali  195401262 1524 1646 1646 1554 1372 1128  945  823  792  914 1128 1372
394A Sali  195401271 1615 1798 1859 1829 1676 1463 1250 1036  945  945 1036 1219
394A Sali  195401272 1372 1524 1585 1554 1402 1219 1036  884  823  853  975 1189
394A Sali  195401281 1433 1646 1768 1829 1768 1615 1402 1189 1067  975  975 1097
394A Sali  195401282 1219 1372 1463 1524 1463 1341 1158 1036  884  823  884 1036
394A Sali  195401291 1250 1463 1646 1768 1798 1707 1585 1372 1189 1006  975 1006
394A Sali  195401292 1097 1280 1372 1433 1433 1372 1250 1097  975  884  792  884
394A Sali  195401301 1036 1219 1433 1554 1646 1676 1585 1402 1219 1067  975  914
394A Sali  195401302  975 1067 1158 1280 1341 1341 1280 1189 1067  945  884  884
394A Sali  195401311  975 1158 1341 1554 1707 1798 1737 1646 1494 1280 1128 1006
394A Sali  195401312  975 1006 1097 1219 1311 1372 1341 1280 1158 1036  914  823
394A Sali  195402011  853  975 1128 1341 1524 1676 1768 1737 1615 1433 1250 1097
394A Sali  195402012  975  914  945 1067 1189 1311 1372 1372 1341 1219 1036  914
394A Sali  195402021  853  853  975 1158 1372 1585 1737 1798 1768 1646 1463 1250
394A Sali  195402022 1036  914  884  945 1097 1250 1402 1494 1524 1433 1280 1128
394A Sali  195402031  945  853  853  975 1189 1433 1615 1829 1859 1798 1646 1433
394A Sali  195402032 1189  975  853  853  945 1128 1311 1494 1615 1615 1524 1341
394A Sali  195402041 1128  914  792  792  945 1158 1402 1676 1829 1890 1798 1615
394A Sali  195402042 1341 1097  853  762  762  914 1128 1402 1616 1737 1737 1615
394A Sali  195402051 1402 1128  914  792  792  945 1189 1463 1737 1920 1951 1829
394A Sali  195402052 1585 1280 1006  762  701  762  945 1250 1524 1798 1890 1890
394A Sali  195402061 1707 1433 1128  914  762  792  945 1219 1494 1768 1920 1920
394A Sali  195402062 1768 1494 1189  884  671  640  762 1036 1372 1676 1951 2073
394A Sali  195402071 2042 1798 1494 1158  914  792  823 1006 1280 1595 1859 1981
394A Sali  195402072 1951 1768 1463 1097  823  640  610  792 1067 1433 1768 2012
394A Sali  195402081 2103 1981 1737 1402 1036  762  640  671  853 1128 1433 1646
394A Sali  195402082 1768 1676 1463 1128  762  488  335  366  579  884 1250 1646
394A Sali  195402091 1859 1920 1798 1554 1189  884  640  549  610  792 1097 1402
394A Sali  195402092 1646 1737 1676 1463 1158  853  610  488  610  853 1189 1524
394A Sali  195402101 1859 2042 2042 1890 1615 1280  975  732  671  762  975 1280
394A Sali  195402102 1524 1737 1768 1676 1433 1158  884  701  640  792 1067 1402
394A Sali  195402111 1737 2042 2195 2195 2012 1768 1433 1128  945  884  945 1158
394A Sali  195402112 1402 1646 1798 1829 1707 1494 1189  945  762  732  853 1097
394A Sali  195402121 1402 1707 1951 2073 2073 1890 1646 1341 1097  914  853  945
394A Sali  195402122 1128 1341 1554 1646 1646 1524 1341 1067  853  792  701  823
394A Sali  195402131 1036 1311 1585 1768 1890 1829 1676 1433 1189  945  823  792
394A Sali  195402132  884 1067 1250 1463 1554 1554 1494 1311 1158  945  823  823
394A Sali  195402141  914 1097 1372 1615 1829 1920 1890 1768 1554 1311 1097  945
394A Sali  195402142  914 1006 1158 1341 1494 1615 1646 1585 1433 1219 1067  945
394A Sali  195402151  914 1006 1189 1402 1646 1829 1920 1890 1798 1585 1341 1128
394A Sali  195402152  975  945 1006 1128 1341 1494 1646 1646 1615 1433 1250 1097
394A Sali  195402161  975  914  975 1158 1341 1585 1798 1890 1829 1707 1524 1280
394A Sali  195402162 1067  914  884  945 1128 1311 1494 1615 1676 1615 1463 1250
394A Sali  195402171 1097  945  884  914 1067 1311 1524 1707 1829 1768 1646 1433
394A Sali  195402172 1158  945  792  762  792  975 1189 1402 1585 1615 1554 1372
394A Sali  195402181 1158  975  792  762  853 1006 1250 1494 1676 1768 1737 1585
394A Sali  195402182 1372 1128  914  762  762  914 1128 1402 1615 1768 1768 1676
394A Sali  195402191 1463 1219 1006  853  823  945 1097 1341 1615 1768 1798 1737
394A Sali  195402192 1585 1311 1067  853  762  823  975 1219 1524 1737 1859 1859
394A Sali  195402201 1737 1494 1250 1036  884  914 1036 1250 1494 1707 1829 1859
394A Sali  195402202 1737 1524 1280 1006  792  732  853 1128 1463 1737 1890 1890
394A Sali  195402211 1768 1524 1280 1036  853  792  853 1036 1250 1524 1707 1737
394A Sali  195402212 1646 1494 1250  975  762  671  671  823 1067 1341 1585 1737
394A Sali  195402221 1768 1646 1433 1158  914  762  701  792  975 1219 1433 1585
394A Sali  195402222 1646 1524 1341 1097  884  701  640  732  945 1219 1494 1707
394A Sali  195402231 1798 1768 1615 1372 1097  884  762  762  884 1067 1280 1494
394A Sali  195402232 1585 1585 1433 1250 1006  792  701  732  884 1128 1402 1646
394A Sali  195402241 1798 1859 1737 1554 1280 1067  884  823  853  975 1189 1341
394A Sali  195402242 1524 1554 1463 1250 1067  853  701  610  701  853 1097 1341
394A Sali  195402251 1554 1676 1676 1524 1341 1097  884  732  701  792  945 1128
394A Sali  195402252 1311 1433 1433 1341 1189 1006  853  732  732  853 1036 1280
394A Sali  195402261 1524 1676 1768 1737 1585 1372 1158  975  853  853  945 1097
394A Sali  195402262 1250 1402 1463 1463 1372 1189 1006  884  792  823  975 1158
394A Sali  195402271 1372 1585 1707 1768 1676 1524 1341 1128  975  914  914 1036
394A Sali  195402272 1158 1341 1463 1494 1463 1341 1158 1006  914  853  914 1036
394A Sali  195402281 1250 1463 1646 1737 1768 1676 1524 1341 1158 1036  975  975
394A Sali  195402282 1067 1219 1341 1402 1433 1372 1250 1097  975  884  792  853
394A Sali  195403011  975 1128 1341 1494 1554 1585 1463 1311 1128  945  823  762
394A Sali  195403012  823  914 1006 1158 1250 1280 1250 1128 1006  884  792  792
394A Sali  195403021  853 1006 1219 1402 1585 1676 1676 1585 1433 1219 1067  975
394A Sali  195403022  914  945 1036 1189 1280 1402 1433 1372 1250 1097  945  823
394A Sali  195403031  792  823  975 1158 1372 1554 1646 1615 1494 1311 1128  945
394A Sali  195403032  792  732  792  914 1067 1250 1372 1433 1341 1219 1036  823
394A Sali  195403041  671  610  671  792 1006 1250 1463 1554 1524 1402 1189  975
394A Sali  195403042  732  610  579  610  823 1036 1250 1433 1524 1494 1311 1097
394A Sali  195403051  853  671  579  640  762 1006 1250 1494 1585 1585 1433 1219
394A Sali  195403052  945  732  579  549  671  914 1189 1463 1676 1768 1707 1524
394A Sali  195403061 1219  914  701  610  610  823 1097 1372 1585 1676 1676 1494
394A Sali  195403062 1219  914  640  488  518  671  945 1250 1585 1829 1859 1737
394A Sali  195403071 1524 1189  792  549  427  488  671  975 1280 1524 1615 1554
394A Sali  195403072 1341 1067  732  457  305  366  610  945 1341 1676 1890 1951
394A Sali  195403081 1829 1494 1128  792  518  427  518  762 1097 1402 1646 1737
394A Sali  195403082 1646 1372 1036  732  457  366  457  701 1067 1463 1798 1981
394A Sali  195403091 1981 1829 1463 1036  701  457  366  488  732 1067 1402 1615
394A Sali  195403092 1676 1585 1311  945  640  396  335  457  762 1158 1554 1859
394A Sali  195403101 2012 2012 1798 1433 1067  701  488  457  610  884 1219 1494
394A Sali  195403102 1707 1737 1585 1341  975  671  457  457  549  884 1250 1646
394A Sali  195403111 1920 2042 1981 1768 1433 1067  762  579  579  732  975 1280
394A Sali  195403112 1554 1737 1737 1554 1280  975  732  549  579  762 1036 1433
394A Sali  195403121 1768 1981 2042 1920 1707 1433 1097  792  671  671  823 1097
394A Sali  195403122 1372 1585 1707 1707 1524 1280 1006  762  671  671  792 1036
394A Sali  195403131 1372 1646 1859 1951 1859 1676 1402 1097  853  762  762  914
394A Sali  195403132 1097 1341 1554 1646 1646 1494 1280 1036  853  732  762  884
394A Sali  195403141 1128 1372 1615 1768 1829 1768 1585 1311 1067  884  762  732
394A Sali  195403142  823 1036 1250 1402 1494 1463 1341 1128  914  762  640  640
394A Sali  195403151  762  945 1158 1372 1524 1585 1524 1341 1158  914  732  640
394A Sali  195403152  640  732  914 1128 1250 1372 1372 1250 1097  884  701  610
394A Sali  195403161  610  671  853 1036 1219 1372 1433 1372 1250 1036  853  671
394A Sali  195403162  579  610  701  853 1036 1219 1280 1311 1219 1067  884  732
394A Sali  195403171  610  579  640  853 1036 1250 1372 1433 1372 1250 1067  884
394A Sali  195403172  732  610  610  732  914 1128 1311 1463 1433 1341 1219 1006
394A Sali  195403181  853  732  701  762  945 1128 1341 1494 1524 1463 1341 1158
394A Sali  195403182  945  792  701  732  884 1097 1311 1494 1615 1615 1494 1311
394A Sali  195403191 1128  914  823  792  884 1067 1280 1463 1585 1615 1524 1372
394A Sali  195403192 1158  945  823  762  853 1006 1219 1463 1646 1737 1707 1554
394A Sali  195403201 1311 1097  884  792  823  914 1128 1341 1524 1615 1615 1524
394A Sali  195403202 1311 1128  884  762  792  914 1097 1341 1585 1737 1798 1737
394A Sali  195403211 1554 1280 1036  853  762  792  945 1158 1372 1554 1646 1615
394A Sali  195403212 1463 1280 1036  853  762  823  975 1219 1463 1707 1829 1829
394A Sali  195403221 1737 1524 1219  975  853  792  853 1036 1250 1463 1585 1646
394A Sali  195403222 1554 1372 1158  945  792  762  884 1097 1341 1615 1798 1859
394A Sali  195403231 1798 1615 1372 1097  853  762  762  914 1097 1311 1524 1615
394A Sali  195403232 1585 1463 1280 1036  884  792  823  945 1219 1494 1707 1859
394A Sali  195403241 1890 1768 1554 1280 1006  823  762  792  975 1219 1402 1554
394A Sali  195403242 1585 1524 1372 1158  975  823  792  884 1067 1341 1585 1768
394A Sali  195403251 1890 1859 1646 1433 1189  975  823  823  914 1097 1280 1433
394A Sali  195403252 1585 1585 1494 1280 1097  914  823  823  975 1158 1433 1676
394A Sali  195403261 1829 1890 1829 1646 1402 1158  975  853  884 1006 1158 1341
394A Sali  195403262 1494 1585 1554 1402 1219 1067  914  853  914 1036 1311 1554
394A Sali  195403271 1737 1859 1859 1737 1524 1311 1097  945  914  945 1067 1250
394A Sali  195403272 1433 1554 1585 1524 1372 1189 1036  914  914  975 1189 1372
394A Sali  195403281 1615 1768 1859 1798 1676 1463 1250 1036  914  945 1006 1158
394A Sali  195403282 1311 1433 1554 1554 1463 1341 1158 1006  914  914 1036 1189
394A Sali  195403291 1402 1585 1737 1768 1707 1554 1372 1158 1006  914  914 1006
394A Sali  195403292 1158 1311 1433 1524 1524 1433 1280 1097  945  884  884 1006
394A Sali  195403301 1189 1372 1554 1676 1707 1646 1494 1311 1128  975  914  914
394A Sali  195403302 1006 1158 1311 1463 1524 1524 1433 1280 1128  975  914  945
394A Sali  195403311 1036 1189 1372 1554 1676 1707 1646 1463 1311 1097  975  914
394A Sali  195403312  945 1036 1219 1372 1554 1615 1615 1524 1372 1189 1006  914
394A Sali  195404011  884 1006 1158 1341 1524 1676 1707 1646 1463 1280 1097  945
394A Sali  195404012  884  914 1036 1219 1463 1646 1737 1768 1676 1463 1250 1067
394A Sali  195404021  914  884  945 1128 1341 1524 1676 1707 1646 1463 1250 1006
394A Sali  195404022  853  762  823  975 1219 1524 1707 1890 1890 1737 1554 1250
394A Sali  195404031 1006  823  792  853 1036 1280 1494 1676 1676 1646 1433 1189
394A Sali  195404032  945  732  701  792  975 1269 1585 1859 2012 1981 1890 1585
394A Sali  195404041 1280  945  732  640  762  975 1250 1524 1676 1707 1597 1372
394A Sali  195404042 1097  823  640  610  701  975 1311 1676 1981 2195 2134 1890
394A Sali  195404051 1585 1189  884  640  610  701  945 1250 1585 1768 1768 1646
394A Sali  195404052 1433 1036  853  579  579  732 1036 1372 1768 2073 2256 2195
394A Sali  195404061 1951 1585 1189  853  671  610  762 1006 1311 1676 1859 1859
394A Sali  195404062 1737 1402 1128  792  549  640  762 1097 1494 1920 2195 2316
394A Sali  195404071 2225 1951 1585 1158  853  671  671  823 1097 1463 1737 1890
394A Sali  195404072 1920 1737 1372 1097  792  610  671  853 1158 1585 1951 2195
394A Sali  195404081 2286 2195 1920 1554 1158  823  701  671  884 1158 1524 1737
394A Sali  195404082 1920 1890 1676 1372 1036  823  701  671  914 1189 1615 1951
394A Sali  195404091 2164 2225 2073 1768 1433 1067  823  701  762  975 1250 1554
394A Sali  195404092 1798 1890 1768 1585 1280 1006  823  732  762  975 1219 1585
394A Sali  195404101 1859 2042 2073 1920 1676 1341 1036  792  732  823  975 1250
394A Sali  195404102 1524 1707 1798 1737 1524 1280 1067  853  732  823 1006 1250
394A Sali  195404111 1554 1768 1920 1920 1798 1554 1311 1006  853  792  823 1006
394A Sali  195404112 1250 1463 1676 1768 1676 1494 1280 1097  884  823  853  975
394A Sali  195404121 1219 1463 1676 1798 1768 1646 1463 1219 1006  853  823  853
394A Sali  195404122 1036 1250 1494 1646 1676 1646 1494 1280 1097  945  884  914
394A Sali  195404131 1036 1219 1463 1615 1707 1707 1585 1372 1189  975  884  853
394A Sali  195404132  914 1097 1280 1463 1615 1676 1646 1524 1280 1128 1006  914
394A Sali  195404141  975 1067 1250 1433 1585 1676 1646 1585 1402 1219 1036  945
394A Sali  195404142  914 1036 1189 1402 1554 1707 1768 1737 1615 1402 1250 1128
394A Sali  195404151 1006 1036 1128 1250 1433 1554 1646 1646 1554 1402 1219 1067
394A Sali  195404152  945  945 1067 1219 1433 1615 1768 1798 1737 1615 1433 1219
394A Sali  195404161 1097  975  975 1097 1219 1402 1554 1615 1615 1524 1341 1189
394A Sali  195404162 1036  945  975 1097 1280 1494 1707 1829 1829 1768 1615 1372
394A Sali  195404171 1128  975  823  823  945 1097 1250 1402 1463 1433 1311 1128
394A Sali  195404172  945  792  701  732  823 1067 1280 1524 1615 1615 1554 1341
394A Sali  195404181 1097  853  732  671  701  823 1067 1250 1372 1463 1433 1311
394A Sali  195404182 1128  975  823  792  914 1067 1311 1524 1707 1798 1768 1646
394A Sali  195404191 1402 1158  945  792  732  823  975 1189 1341 1463 1494 1402
394A Sali  195404192 1250 1036  853  762  762  884 1097 1372 1585 1768 1829 1737
394A Sali  195404201 1554 1280 1036  823  732  762  884 1067 1280 1433 1524 1524
394A Sali  195404202 1402 1219 1036  853  823  884 1036 1280 1524 1768 1890 1920
394A Sali  195404211 1798 1585 1311 1067  853  762  853  975 1189 1372 1524 1585
394A Sali  195404212 1524 1372 1158  975  853  792  914 1128 1402 1646 1859 1951
394A Sali  195404221 1890 1768 1494 1189  975  853  823  914 1067 1280 1494 1585
394A Sali  195404222 1615 1494 1341 1128  945  884  914 1036 1250 1524 1768 1920
394A Sali  195404231 1951 1829 1646 1372 1097  914  823  823  975 1158 1341 1524
394A Sali  195404232 1585 1554 1402 1189 1036  853  853  945 1097 1311 1585 1798
394A Sali  195404241 1890 1829 1707 1463 1219  975  823  792  853 1006 1219 1402
394A Sali  195404242 1554 1554 1494 1341 1128  975  853  853  975 1158 1433 1646
394A Sali  195404251 1798 1859 1737 1585 1341 1128  914  823  853  945 1128 1311
394A Sali  195404252 1463 1554 1554 1463 1280 1097  975  853  914 1006 1219 1494
394A Sali  195404261 1707 1829 1829 1707 1494 1280 1067  914  853  884 1036 1219
394A Sali  195404262 1433 1585 1646 1615 1463 1280 1158 1006  914  945 1097 1280
394A Sali  195404271 1524 1707 1798 1798 1707 1524 1311 1097  945  914  945 1128
394A Sali  195404272 1311 1524 1646 1707 1676 1463 1311 1128  975  884  945 1067
394A Sali  195404281 1250 1463 1615 1707 1707 1585 1402 1158 1006  884  853  914
394A Sali  195404282 1097 1311 1524 1646 1737 1676 1554 1341 1158 1036  945  945
394A Sali  195404291 1067 1280 1433 1615 1676 1676 1524 1372 1189  975  853  853
394A Sali  195404292  945 1158 1372 1554 1737 1798 1768 1615 1402 1189 1036  914
394A Sali  195404301  914 1036 1219 1402 1585 1646 1646 1524 1311 1128  914  823
394A Sali  195404302  823  914 1128 1402 1646 1859 1920 1859 1707 1433 1158  975
394A Sali  195405011  853  853  914 1097 1311 1494 1585 1585 1433 1250 1036  823
394A Sali  195405012  701  701  853 1128 1402 1707 1890 1981 1920 1737 1463 1158
394A Sali  195405021  945  762  762  853 1067 1311 1524 1646 1646 1494 1280 1036
394A Sali  195405022  792  701  671  853 1128 1463 1798 2012 2103 2012 1829 1494
394A Sali  195405031 1128  823  671  640  792 1036 1311 1554 1707 1676 1524 1280
394A Sali  195405032  975  732  640  640  792 1097 1554 1951 2164 2225 2164 1890
394A Sali  195405041 1494 1128  792  610  579  762 1036 1341 1585 1707 1676 1494
394A Sali  195405042 1189  914  610  518  518  701 1036 1402 1768 2012 2073 2012
394A Sali  195405051 1737 1341  945  640  457  518  732 1036 1341 1615 1768 1737
394A Sali  195405052 1615 1311 1006  732  579  640  884 1250 1615 1981 2195 2256
394A Sali  195405061 2073 1798 1402 1006  701  579  640  853 1189 1494 1768 1859
394A Sali  195405062 1829 1615 1341  975  762  640  732  914 1280 1676 2012 2195
394A Sali  195405071 2225 2073 1737 1372 1006  792  701  732  975 1311 1615 1859
394A Sali  195405072 1920 1859 1646 1341 1036  792  732  792 1006 1280 1707 1951
394A Sali  195405081 2134 2103 1951 1646 1280  945  732  671  762  975 1280 1585
394A Sali  195405082 1768 1890 1768 1585 1341 1036  853  762  823 1006 1341 1646
394A Sali  195405091 1890 2012 2012 1798 1524 1219  975  762  732  823 1067 1372
394A Sali  195405092 1615 1798 1859 1768 1585 1311 1067  914  853  945 1128 1402
394A Sali  195405101 1676 1859 1920 1920 1707 1494 1219  975  853  853  945 1189
394A Sali  195405102 1433 1707 1829 1859 1737 1585 1341 1189  975  945 1036 1219
394A Sali  195405111 1402 1615 1768 1829 1798 1615 1402 1158  975  853  853  975
394A Sali  195405112 1189 1433 1676 1798 1829 1737 1585 1372 1158 1067 1006 1036
394A Sali  195405121 1219 1433 1615 1707 1768 1707 1524 1341 1128  975  884  945
394A Sali  195405122 1097 1280 1524 1707 1798 1798 1737 1585 1372 1158 1036 1006
394A Sali  195405131 1067 1189 1341 1524 1615 1646 1585 1433 1250 1067  945  884
394A Sali  195405132  945 1097 1311 1524 1676 1768 1768 1676 1494 1280 1128 1036
394A Sali  195405141  975 1036 1158 1311 1433 1524 1554 1494 1372 1219 1036  945
394A Sali  195405142  914  975 1128 1341 1524 1707 1829 1798 1676 1524 1311 1128
394A Sali  195405151 1006  975 1036 1128 1280 1433 1554 1554 1494 1341 1189 1067
394A Sali  195405152  945  945 1036 1250 1433 1646 1798 1859 1829 1707 1494 1280
394A Sali  195405161 1097 1006  945 1006 1128 1250 1402 1494 1524 1433 1280 1158
394A Sali  195405162 1006  945  975 1097 1280 1494 1676 1829 1890 1859 1707 1494
394A Sali  195405171 1280 1067 1006  975 1067 1189 1372 1494 1615 1585 1463 1311
394A Sali  195405172 1158 1036  975 1036 1189 1402 1646 1829 1951 1981 1859 1707
394A Sali  195405181 1463 1219 1036  975 1006 1097 1250 1402 1554 1585 1585 1433
394A Sali  195405182 1280 1097  975  975 1036 1219 1463 1676 1859 1951 1920 1798
394A Sali  195405191 1585 1311 1097  945  914  945 1097 1311 1463 1585 1615 1524
394A Sali  195405192 1341 1189 1036  914  945 1097 1280 1524 1798 1920 1981 1920
394A Sali  195405201 1737 1463 1219 1006  884  914  975 1158 1372 1524 1615 1615
394A Sali  195405202 1494 1311 1128  975  914  975 1128 1372 1646 1829 1981 1981
394A Sali  195405211 1890 1646 1372 1128  945  853  914 1036 1219 1433 1585 1646
394A Sali  195405212 1615 1433 1250 1067  945  914 1006 1219 1463 1707 1920 2012
394A Sali  195405221 1981 1798 1554 1250 1036  884  884  945 1128 1341 1554 1676
394A Sali  195405222 1676 1615 1463 1219 1036  945  975 1097 1311 1585 1829 1981
394A Sali  195405231 2042 1951 1768 1494 1250 1036  945  945 1067 1280 1463 1676
394A Sali  195405232 1768 1768 1676 1463 1280 1067 1006 1036 1189 1402 1646 1890
394A Sali  195405241 1981 2012 1890 1676 1402 1158  975  914  975 1128 1341 1585
394A Sali  195405242 1737 1798 1768 1615 1402 1189 1036  975 1006 1158 1372 1646
394A Sali  195405251 1829 1920 1890 1737 1524 1280 1067  914  914 1006 1189 1402
394A Sali  195405252 1615 1768 1829 1737 1615 1402 1189 1036 1006 1067 1219 1433
394A Sali  195405261 1676 1829 1890 1829 1646 1463 1219 1036  914  945 1067 1280
394A Sali  195405262 1554 1737 1890 1920 1859 1676 1463 1219 1097 1067 1097 1280
394A Sali  195405271 1463 1676 1829 1859 1798 1615 1402 1158 1006  914  975 1158
394A Sali  195405272 1341 1646 1859 1981 2042 1951 1768 1524 1280 1158 1090 1131
394A Sali  195405281 1265 1451 1635 1765 1807 1741 1581 1372 1158 1006  945 1006
394A Sali  195405282 1189 1433 1707 1951 2042 2073 2012 1829 1524 1280 1128 1036
394A Sali  195405291 1067 1219 1402 1615 1737 1798 1707 1585 1341 1158  975  914
394A Sali  195405292  975 1158 1463 1707 1981 2103 2134 2042 1829 1554 1280 1067
394A Sali  195405301  975  975 1128 1311 1524 1646 1737 1646 1494 1250 1067  884
394A Sali  195405302  762  823 1036 1311 1646 1920 2073 2103 1981 1768 1433 1158
394A Sali  195405311  914  792  823  975 1189 1433 1585 1646 1615 1402 1189  914
394A Sali  195405312  762  732  792 1006 1341 1676 1981 2134 2164 2012 1768 1402
394A Sali  195406011 1097  853  762  807  975 1189 1433 1615 1707 1615 1433 1158
394A Sali  195406012  914  732  671  732 1036 1341 1707 2012 2164 2134 2012 1737
394A Sali  195406021 1341 1006  762  671  732  914 1189 1494 1646 1737 1646 1402
394A Sali  195406022 1128  884  671  640  792 1128 1463 1768 2042 2164 2103 1951
394A Sali  195406031 1707 1250  945  732  640  732  975 1311 1585 1768 1829 1737
394A Sali  195406032 1524 1219  975  762  671  762 1067 1402 1768 2042 2164 2134
394A Sali  195406041 1951 1646 1280  945  732  640  732 1006 1311 1615 1768 1829
394A Sali  195406042 1737 1524 1250 1006  762  701  792 1067 1402 1707 2012 2134
394A Sali  195406051 2103 1890 1585 1189  884  671  671  823 1067 1372 1646 1798
394A Sali  195406052 1859 1737 1494 1250 1006  823  823  945 1189 1494 1829 2042
394A Sali  195406061 2134 2042 1798 1494 1158  853  762  762  975 1219 1494 1768
394A Sali  195406062 1890 1890 1798 1585 1311 1067  914  914 1036 1280 1585 1829
394A Sali  195406071 1981 2042 1920 1707 1402 1128  884  792  823  975 1219 1524
394A Sali  195406072 1768 1890 1920 1798 1585 1341 1097  975  975 1067 1280 1554
394A Sali  195406081 1768 1890 1951 1798 1585 1341 1067  914  823  914 1128 1372
394A Sali  195406082 1646 1859 1951 1951 1798 1585 1341 1128 1036 1006 1158 1372
394A Sali  195406091 1585 1768 1859 1859 1737 1524 1280 1097  945  945 1036 1219
394A Sali  195406092 1463 1707 1859 1951 1890 1768 1554 1311 1158 1067 1097 1189
394A Sali  195406101 1372 1554 1707 1768 1768 1615 1433 1250 1036  945  945 1036
394A Sali  195406102 1250 1494 1707 1859 1890 1829 1707 1524 1311 1128 1097 1128
394A Sali  195406111 1189 1341 1554 1676 1707 1646 1524 1372 1189 1067  975 1036
394A Sali  195406112 1158 1341 1615 1798 1920 1951 1859 1707 1524 1311 1219 1158
394A Sali  195406121 1158 1250 1402 1524 1615 1646 1615 1463 1341 1189 1036 1006
394A Sali  195406122 1067 1219 1433 1676 1829 1920 1920 1829 1676 1494 1311 1128
394A Sali  195406131 1097 1128 1219 1372 1494 1585 1615 1585 1463 1280 1158 1067
394A Sali  195406132 1036 1097 1280 1463 1646 1798 1890 1890 1768 1615 1402 1219
394A Sali  195406141 1097 1036 1067 1189 1311 1433 1554 1554 1494 1372 1189 1067
394A Sali  195406142  975 1006 1097 1311 1494 1707 1859 1890 1890 1737 1554 1341
394A Sali  195406151 1158 1067 1036 1128 1219 1372 1524 1554 1554 1494 1341 1189
394A Sali  195406152 1067 1006 1036 1158 1372 1585 1798 1890 1951 1859 1707 1524
394A Sali  195406161 1280 1128 1036 1036 1097 1219 1402 1524 1615 1585 1524 1311
394A Sali  195406162 1158 1036 1006 1067 1219 1433 1646 1859 1981 2042 1951 1768
394A Sali  195406171 1524 1280 1097 1036 1006 1128 1280 1463 1615 1676 1615 1494
394A Sali  195406172 1341 1189 1067 1036 1128 1280 1494 1737 1920 2073 2073 1920
394A Sali  195406181 1737 1463 1219 1067  975 1067 1189 1372 1585 1707 1737 1676
394A Sali  195406182 1554 1402 1219 1097 1067 1158 1402 1646 1951 2134 2195 2164
394A Sali  195406191 1981 1768 1524 1280 1128 1128 1250 1433 1646 1829 1951 1951
394A Sali  195406192 1859 1676 1494 1311 1219 1250 1341 1554 1829 2042 2164 2195
394A Sali  195406201 2073 1859 1585 1341 1128 1006 1067 1189 1402 1646 1829 1890
394A Sali  195406202 1859 1768 1585 1341 1158 1097 1128 1280 1524 1798 1981 2103
394A Sali  195406211 2103 1981 1737 1433 1189  975  945 1036 1158 1402 1646 1859
394A Sali  195406212 1920 1859 1707 1433 1219 1067 1006 1067 1250 1494 1737 1951
394A Sali  195406221 2042 2012 1829 1585 1250 1036  884  853  975 1219 1463 1707
394A Sali  195406222 1859 1920 1890 1676 1433 1219 1036  975 1067 1250 1494 1737
394A Sali  195406231 1890 1951 1890 1676 1433 1158  914  823  853 1006 1250 1554
394A Sali  195406232 1798 1951 2012 1890 1676 1433 1219 1067 1006 1097 1280 1494
394A Sali  195406241 1737 1859 1890 1798 1585 1311 1036  914  823  853 1097 1372
394A Sali  195406242 1646 1890 2012 2012 1920 1676 1433 1219 1036  975 1097 1250
394A Sali  195406251 1494 1676 1829 1859 1737 1524 1311 1036  884  853  945 1189
394A Sali  195406252 1433 1737 1981 2134 2103 1951 1737 1463 1189 1036 1006 1097
394A Sali  195406261 1280 1463 1676 1798 1768 1676 1494 1219 1006  884  853  975
394A Sali  195406262 1189 1463 1768 1981 2134 2103 1951 1646 1433 1219 1036  975
394A Sali  195406271 1067 1219 1402 1615 1737 1737 1646 1402 1158  975  823  853
394A Sali  195406272  975 1158 1463 1768 2012 2134 2134 1951 1707 1433 1189 1006
394A Sali  195406281  945 1006 1158 1402 1585 1707 1707 1615 1402 1158  975  853
394A Sali  195406282  823  945 1189 1463 1768 2012 2164 2134 1981 1737 1402 1128
394A Sali  195406291  975  914  975 1158 1372 1585 1737 1768 1676 1463 1219 1006
394A Sali  195406292  853  823  975 1189 1494 1798 2042 2195 2164 2012 1737 1402
394A Sali  195406301 1128  914  884  945 1128 1372 1615 1798 1829 1676 1463 1219
394A Sali  195406302  975  853  823  975 1219 1524 1829 2073 2225 2195 2012 1737
394A Sali  195407011 1402 1097  914  853  945 1158 1402 1676 1798 1829 1737 1524
394A Sali  195407012 1250 1036  853  823  945 1219 1554 1859 2103 2256 2195 1981
394A Sali  195407021 1676 1341 1006  853  792  945 1158 1433 1707 1890 1890 1768
394A Sali  195407022 1554 1280 1036  853  853  975 1219 1554 1890 2103 2225 2103
394A Sali  195407031 1890 1585 1250  945  792  792  945 1189 1494 1798 1951 1920
394A Sali  195407032 1798 1585 1250 1036  914  884 1036 1311 1615 1920 2134 2195
394A Sali  195407041 2073 1859 1524 1128  853  732  762  975 1250 1554 1829 1951
394A Sali  195407042 1981 1829 1554 1280 1067  884  914 1036 1280 1585 1859 2042
394A Sali  195407051 2073 1951 1737 1402 1097  853  762  853 1036 1280 1646 1859
394A Sali  195407052 1951 1951 1798 1554 1280 1067  945  975 1097 1372 1615 1890
394A Sali  195407061 2042 2012 1859 1615 1311 1067  884  853  945 1158 1463 1737
394A Sali  195407062 1920 2012 1951 1798 1554 1280 1067  975 1067 1219 1433 1676
394A Sali  195407071 1859 1920 1890 1707 1433 1189  975  884  914 1067 1280 1585
394A Sali  195407072 1798 1981 1981 1890 1737 1524 1280 1128 1067 1128 1280 1524
394A Sali  195407081 1737 1859 1890 1829 1676 1433 1189 1006  914  975 1128 1372
394A Sali  195407082 1646 1890 2012 2012 1890 1676 1463 1250 1128 1067 1158 1280
394A Sali  195407091 1494 1676 1798 1829 1707 1524 1341 1158 1067 1036 1097 1250
394A Sali  195407092 1524 1768 1951 2042 2012 1890 1707 1494 1311 1219 1219 1280
394A Sali  195407101 1433 1585 1707 1798 1768 1676 1524 1372 1219 1128 1128 1219
394A Sali  195407102 1402 1615 1829 1981 2012 1981 1859 1676 1463 1280 1219 1219
394A Sali  195407111 1280 1402 1554 1646 1676 1676 1585 1433 1250 1128 1067 1097
394A Sali  195407112 1219 1402 1615 1798 1920 1951 1890 1768 1585 1402 1250 1189
394A Sali  195407121 1158 1250 1341 1463 1554 1585 1554 1463 1311 1189 1097 1067
394A Sali  195407122 1097 1219 1433 1615 1798 1920 1951 1859 1737 1554 1372 1219
394A Sali  195407131 1158 1189 1250 1372 1494 1554 1585 1585 1463 1341 1189 1097
394A Sali  195407132 1097 1189 1311 1554 1768 1890 2012 2042 1951 1798 1615 1463
394A Sali  195407141 1280 1219 1219 1280 1402 1554 1646 1676 1615 1494 1341 1189
394A Sali  195407142 1097 1067 1158 1311 1524 1768 1920 2012 1981 1890 1737 1494
394A Sali  195407151 1311 1158 1128 1158 1250 1402 1554 1646 1646 1585 1433 1280
394A Sali  195407152 1158 1067 1036 1128 1250 1463 1737 1920 1981 1951 1829 1615
394A Sali  195407161 1372 1158 1006 1006 1036 1158 1341 1524 1615 1615 1554 1372
394A Sali  195407162 1158 1006  914  945 1067 1250 1524 1707 1890 1951 1920 1737
394A Sali  195407171 1494 1219 1006  884  884 1006 1189 1433 1585 1707 1676 1554
394A Sali  195407172 1372 1158  975  884  914 1097 1280 1554 1798 1981 1981 1890
394A Sali  195407181 1676 1402 1128  914  792  884 1036 1250 1494 1707 1798 1737
394A Sali  195407182 1585 1402 1158  945  853  884 1067 1341 1615 1890 2012 2012
394A Sali  195407191 1859 1615 1311 1036  853  823  914 1128 1402 1676 1859 1920
394A Sali  195407192 1829 1676 1433 1189  975  884  975 1158 1433 1707 1951 2012
394A Sali  195407201 1981 1768 1494 1189  945  792  823  945 1189 1494 1768 1920
394A Sali  195407202 1981 1890 1676 1402 1128  975  914 1006 1189 1463 1768 1951
394A Sali  195407211 2012 1920 1676 1402 1128  884  792  823 1036 1311 1615 1920
394A Sali  195407212 2073 2103 1981 1768 1463 1128  975  945 1067 1250 1524 1798
394A Sali  195407221 1951 1981 1859 1646 1341 1067  853  792  884 1128 1463 1768
394A Sali  195407222 2042 2164 2164 1981 1707 1402 1158 1006  975 1097 1311 1585
394A Sali  195407231 1798 1920 1920 1798 1554 1250  975  823  823  945 1189 1494
394A Sali  195407232 1798 2042 2164 2134 1951 1676 1372 1128  945  945 1067 1250
394A Sali  195407241 1494 1707 1829 1798 1646 1402 1158  914  762  762  884 1158
394A Sali  195407242 1463 1798 2042 2103 2073 1859 1585 1311 1067  914  914 1036
394A Sali  195407251 1250 1463 1646 1737 1707 1585 1341 1128  884  762  762  914
394A Sali  195407252 1189 1463 1798 1981 2073 2012 1829 1554 1311 1036  914  914
394A Sali  195407261 1036 1219 1463 1646 1707 1707 1554 1372 1128  914  792  823
394A Sali  195407262  975 1219 1524 1829 2012 2103 2073 1859 1615 1372 1128 1006
394A Sali  195407271  975 1097 1280 1463 1646 1737 1737 1585 1372 1158  975  853
394A Sali  195407272  884 1036 1280 1554 1829 2042 2164 2103 1920 1646 1372 1158
394A Sali  195407281 1036  975 1097 1250 1463 1676 1737 1768 1646 1402 1189 1006
394A Sali  195407282  914  914 1067 1280 1585 1859 2073 2164 2134 1920 1676 1402
394A Sali  195407291 1158 1006  975 1067 1250 1463 1676 1798 1798 1676 1494 1250
394A Sali  195407292 1067  914  914 1036 1250 1524 1829 2012 2103 2073 1890 1615
394A Sali  195407301 1341 1097  914  914 1006 1219 1494 1707 1829 1829 1737 1524
394A Sali  195407302 1280 1036  914  914 1067 1311 1554 1859 2073 2134 2073 1890
394A Sali  195407311 1585 1250 1006  884  914 1067 1280 1554 1798 1920 1920 1798
394A Sali  195407312 1494 1250 1036  914  945 1067 1311 1585 1890 2073 2134 2012
394A Sali  195408011 1798 1494 1189  945  853  884 1067 1341 1615 1859 1981 1951
394A Sali  195408012 1768 1524 1250 1036  884  914 1128 1341 1646 1890 2042 2073
394A Sali  195408021 1920 1676 1372 1067  884  792  884 1158 1433 1707 1920 2012
394A Sali  195408022 1951 1737 1463 1219  975  884  945 1097 1372 1646 1859 2012
394A Sali  195408031 1920 1798 1524 1219  945  823  823 1006 1250 1494 1707 1920
394A Sali  195408032 1981 1829 1585 1341 1067  884  853  945 1158 1402 1646 1798
394A Sali  195408041 1890 1829 1585 1341 1097  853  792  853 1036 1311 1585 1829
394A Sali  195408042 1951 1951 1798 1554 1280 1067  914  914  975 1189 1433 1676
394A Sali  195408051 1798 1798 1676 1463 1219  975  823  792  914 1128 1402 1676
394A Sali  195408052 1859 1920 1890 1737 1494 1219 1036  945  975 1067 1280 1463
394A Sali  195408061 1646 1737 1707 1585 1372 1128  945  853  884 1036 1250 1494
394A Sali  195408062 1707 1890 1920 1859 1646 1433 1219 1036  975 1006 1128 1311
394A Sali  195408071 1494 1615 1646 1615 1463 1250 1067  914  853  914 1067 1280
394A Sali  195408072 1494 1707 1859 1859 1737 1524 1341 1158 1097 1097 1158 1280
394A Sali  195408081 1402 1554 1646 1646 1585 1463 1280 1158 1036 1036 1097 1219
394A Sali  195408082 1433 1615 1768 1859 1829 1707 1524 1341 1189 1067 1036 1097
394A Sali  195408091 1219 1372 1494 1554 1524 1433 1280 1097  975  914  914 1036
394A Sali  195408092 1219 1402 1615 1768 1829 1798 1646 1494 1311 1158 1067 1036
394A Sali  195408101 1097 1250 1372 1463 1494 1494 1402 1280 1097  975  884  945
394A Sali  195408102 1036 1219 1433 1615 1768 1829 1829 1707 1463 1280 1158 1067
394A Sali  195408111 1067 1128 1219 1372 1463 1494 1463 1372 1219 1067  975  914
394A Sali  195408112 1006 1128 1311 1524 1676 1798 1829 1768 1615 1463 1250 1128
394A Sali  195408121 1067 1067 1128 1250 1372 1494 1554 1524 1433 1280 1128 1006
394A Sali  195408122  975 1006 1158 1372 1585 1737 1859 1890 1798 1646 1463 1250
394A Sali  195408131 1097 1006 1006 1097 1250 1433 1554 1585 1554 1463 1280 1097
394A Sali  195408132  975  945  975 1097 1311 1524 1737 1859 1890 1829 1646 1433
394A Sali  195408141 1219 1036  945  975 1097 1280 1494 1615 1707 1646 1524 1341
394A Sali  195408142 1158 1006  945  975 1158 1372 1585 1829 1920 1951 1829 1615
394A Sali  195408151 1372 1097  914  884  914 1128 1372 1585 1768 1829 1768 1585
394A Sali  195408152 1341 1128  914  884  945 1128 1372 1615 1859 1951 1981 1798
394A Sali  195408161 1585 1280 1036  823  853  945 1158 1463 1737 1920 1981 1890
394A Sali  195408162 1676 1402 1158  945  884  914 1128 1402 1707 1920 2012 1951
394A Sali  195408171 1707 1433 1128  884  762  792  945 1280 1585 1859 2042 2073
394A Sali  195408172 1920 1676 1341 1067  853  792  914 1128 1402 1707 1920 1981
394A Sali  195408181 1890 1646 1341 1006  792  732  823 1036 1341 1707 1981 2134
394A Sali  195408182 2103 1951 1676 1311 1006  792  762  884 1128 1433 1737 1920
394A Sali  195408191 1920 1798 1524 1189  914  701  671  792 1067 1402 1798 2073
394A Sali  195408192 2195 2134 1920 1585 1219  945  792  792  914 1189 1524 1768
394A Sali  195408201 1920 1890 1737 1402 1097  823  640  640  792 1097 1494 1829
394A Sali  195408202 2073 2195 2103 1859 1524 1189  884  762  762  975 1219 1524
394A Sali  195408211 1768 1890 1829 1646 1402 1097  823  732  762  914 1219 1554
394A Sali  195408212 1890 2103 2164 2073 1829 1494 1189  884  792  853 1006 1280
394A Sali  195408221 1554 1737 1829 1768 1554 1280 1006  792  732  762  945 1219
394A Sali  195408222 1585 1859 2042 2103 2012 1768 1463 1189  945  853  884 1067
394A Sali  195408231 1311 1554 1707 1768 1707 1524 1280 1036  823  732  792  975
394A Sali  195408232 1280 1585 1829 1981 2012 1920 1707 1433 1189  975  914  914
394A Sali  195408241 1097 1311 1494 1646 1707 1646 1494 1280 1036  853  792  853
394A Sali  195408242 1036 1250 1554 1798 1951 2012 1920 1737 1494 1219 1036  975
394A Sali  195408251  975 1097 1280 1524 1646 1707 1707 1554 1341 1097  914  853
394A Sali  195408252  884 1006 1250 1524 1798 1951 1981 1920 1737 1524 1280 1097
394A Sali  195408261 1006 1006 1097 1311 1524 1707 1737 1737 1615 1433 1219 1006
394A Sali  195408262  914  945 1067 1280 1524 1768 1920 1981 1890 1737 1494 1250
394A Sali  195408271 1036  945  975 1097 1341 1524 1707 1829 1768 1646 1433 1219
394A Sali  195408272 1006  914  945 1036 1280 1554 1768 1951 1951 1890 1676 1433
394A Sali  195408281 1158 1006  914  975 1128 1341 1554 1737 1859 1829 1676 1463
394A Sali  195408282 1219 1006  884  914 1067 1311 1554 1798 1951 1981 1859 1646
394A Sali  195408291 1402 1128  914  853  945 1158 1402 1676 1859 1920 1890 1707
394A Sali  195408292 1463 1219 1036  914  975 1097 1341 1585 1829 1951 1920 1768
394A Sali  195408301 1554 1250 1006  853  853  945 1189 1463 1737 1920 1981 1859
394A Sali  195408302 1646 1402 1158  975  884  945 1128 1372 1646 1859 1920 1890
394A Sali  195408311 1676 1463 1158  914  823  853 1036 1311 1554 1829 1981 1981
394A Sali  195408312 1829 1646 1372 1097  914  884  945 1158 1433 1676 1859 1890
394A Sali  195409011 1829 1585 1341 1097  914  823  914 1097 1372 1646 1890 1981
394A Sali  195409012 1951 1768 1524 1250 1036  884  853  975 1219 1463 1707 1829
394A Sali  195409021 1829 1676 1463 1189  975  792  792  914 1158 1463 1707 1890
394A Sali  195409022 1951 1859 1676 1402 1128  945  884  884 1006 1250 1524 1676
394A Sali  195409031 1737 1707 1554 1341 1097  914  853  884 1036 1311 1585 1829
394A Sali  195409032 1951 1920 1798 1615 1311 1036  884  853  914 1097 1311 1494
394A Sali  195409041 1646 1676 1615 1402 1189 1006  853  823  914 1097 1372 1615
394A Sali  195409042 1798 1890 1859 1707 1494 1250 1036  914  914  975 1189 1372
394A Sali  195409051 1554 1646 1646 1524 1341 1128  945  853  853  945 1158 1433
394A Sali  195409052 1707 1829 1859 1798 1646 1402 1189 1006  914  945 1097 1250
394A Sali  195409061 1402 1524 1554 1524 1402 1250 1067  914  853  914 1036 1250
394A Sali  195409062 1463 1676 1798 1798 1707 1554 1372 1158 1036 1006 1036 1128
394A Sali  195409071 1280 1433 1524 1554 1494 1372 1219 1036  945  884  975 1128
394A Sali  195409072 1280 1494 1676 1768 1768 1676 1524 1341 1158 1067 1036 1036
394A Sali  195409081 1158 1311 1433 1494 1524 1463 1311 1128 1006  914  914 1006
394A Sali  195409082 1158 1372 1554 1707 1768 1737 1646 1494 1311 1158 1067 1036
394A Sali  195409091 1067 1189 1341 1463 1554 1554 1463 1341 1219 1036  945  975
394A Sali  195409092 1036 1219 1402 1615 1737 1829 1768 1676 1524 1341 1219 1128
394A Sali  195409101 1097 1158 1250 1402 1524 1615 1646 1585 1433 1280 1128 1006
394A Sali  195409102 1006 1067 1219 1433 1615 1768 1859 1829 1707 1524 1341 1189
394A Sali  195409111 1067 1067 1158 1280 1463 1646 1737 1768 1676 1524 1311 1158
394A Sali  195409112 1036  975 1067 1219 1433 1676 1829 1890 1859 1737 1554 1311
394A Sali  195409121 1128 1006 1006 1097 1311 1524 1737 1859 1859 1768 1585 1372
394A Sali  195409122 1128  945  945 1006 1219 1433 1707 1859 1920 1859 1676 1433
394A Sali  195409131 1189  945  884  914 1067 1341 1585 1859 1981 1981 1829 1615
394A Sali  195409132 1311 1067  884  823  945 1158 1433 1676 1890 1951 1859 1646
394A Sali  195409141 1372 1067  853  792  914 1128 1402 1737 1981 2134 2103 1890
394A Sali  195409142 1615 1280  975  792  762  914 1189 1463 1737 1890 1920 1798
394A Sali  195409151 1554 1219  914  732  701  853 1128 1463 1829 2073 2195 2103
394A Sali  195409152 1890 1554 1189  853  701  701  853 1158 1524 1798 1951 1920
394A Sali  195409161 1768 1494 1128  853  671  701  884 1189 1585 1920 2164 2286
394A Sali  195409162 2164 1890 1524 1189  853  701  732  884 1158 1494 1798 1920
394A Sali  195409171 1920 1707 1433 1097  792  640  671  853 1189 1585 1920 2195
394A Sali  195409172 2286 2134 1829 1463 1128  823  732  732  945 1250 1554 1829
394A Sali  195409181 1951 1920 1707 1372 1006  762  671  732  975 1280 1646 2012
394A Sali  195409182 2225 2256 2103 1829 1494 1128  884  792  853 1067 1341 1676
394A Sali  195409191 1920 1981 1951 1707 1402 1097  853  762  823 1036 1372 1707
394A Sali  195409192 2012 2195 2195 2042 1768 1433 1128  914  792  914 1097 1372
394A Sali  195409201 1646 1829 1859 1768 1585 1311 1006  823  732  792 1006 1311
394A Sali  195409202 1646 1890 2042 2042 1890 1646 1372 1067  884  823  914 1128
394A Sali  195409211 1372 1585 1737 1768 1676 1494 1250  975  792  762  823 1006
394A Sali  195409212 1280 1585 1798 1951 1920 1768 1554 1280 1067  914  853  914
394A Sali  195409221 1097 1311 1524 1676 1707 1676 1463 1250 1006  884  853  914
394A Sali  195409222 1097 1341 1585 1798 1890 1859 1737 1524 1280 1097  945  914
394A Sali  195409231  975 1128 1341 1554 1707 1768 1676 1524 1311 1097  975  914
394A Sali  195409232  914 1067 1280 1524 1707 1829 1829 1707 1524 1311 1128  975
394A Sali  195409241  945  975 1158 1341 1585 1768 1768 1707 1585 1372 1189 1036
394A Sali  195409242  945  975 1128 1311 1554 1737 1829 1798 1707 1524 1311 1128
394A Sali  195409251  945  914 1006 1189 1433 1615 1768 1829 1768 1615 1402 1219
394A Sali  195409252 1036  945 1006 1158 1341 1554 1707 1829 1829 1707 1524 1311
394A Sali  195409261 1067  945  945 1097 1280 1494 1707 1859 1890 1829 1676 1463
394A Sali  195409262 1158 1006  945 1006 1128 1311 1554 1768 1859 1829 1707 1494
394A Sali  195409271 1250 1067  945  975 1128 1341 1554 1768 1951 1951 1859 1676
394A Sali  195409272 1463 1219  975  945 1036 1189 1402 1646 1798 1890 1829 1676
394A Sali  195409281 1463 1219 1036  945 1036 1189 1463 1707 1920 2042 1981 1859
394A Sali  195409282 1615 1372 1128  975  945 1036 1219 1463 1676 1829 1890 1768
394A Sali  195409291 1615 1372 1158  975  975 1036 1250 1463 1737 1920 2012 1981
394A Sali  195409292 1798 1554 1280 1036  884  884  975 1189 1402 1615 1737 1768
394A Sali  195409301 1646 1463 1189  975  884  884 1006 1219 1494 1737 1890 1920
394A Sali  195409302 1859 1646 1372 1128  914  853  884 1067 1280 1524 1676 1768
394A Sali  195410011 1707 1554 1311 1067  914  853  914 1097 1311 1585 1798 1920
394A Sali  195410012 1890 1737 1463 1219  975  823  792  884 1067 1311 1494 1646
394A Sali  195410021 1646 1585 1372 1128  945  792  823  914 1128 1372 1646 1829
394A Sali  195410022 1890 1829 1615 1372 1128  914  823  823  945 1128 1341 1524
394A Sali  195410031 1585 1585 1433 1219 1006  823  762  823 1006 1219 1463 1676
394A Sali  195410032 1829 1829 1707 1494 1280 1036  853  823  884 1036 1219 1402
394A Sali  195410041 1554 1585 1524 1372 1189  975  823  823  945 1128 1341 1585
394A Sali  195410042 1737 1829 1768 1615 1402 1219 1036  945  914 1036 1189 1372
394A Sali  195410051 1524 1615 1615 1494 1311 1158 1006  914  945 1067 1250 1463
394A Sali  195410052 1646 1798 1859 1768 1646 1402 1189 1067  975 1006 1097 1250
394A Sali  195410061 1402 1524 1615 1615 1494 1341 1158 1036  975 1006 1128 1311
394A Sali  195410062 1494 1707 1798 1829 1737 1585 1372 1219 1067 1036 1036 1158
394A Sali  195410071 1280 1433 1554 1615 1585 1494 1311 1158 1036  975 1006 1128
394A Sali  195410072 1311 1494 1646 1768 1768 1676 1494 1341 1158 1036  975 1067
394A Sali  195410081 1158 1311 1463 1585 1646 1615 1494 1311 1189 1036  975 1036
394A Sali  195410082 1158 1311 1494 1646 1737 1737 1646 1494 1311 1158 1036 1006
394A Sali  195410091 1067 1219 1372 1554 1676 1768 1707 1585 1402 1219 1067  975
394A Sali  195410092 1006 1128 1311 1494 1676 1768 1768 1676 1494 1280 1097 1006
394A Sali  195410101  975 1036 1219 1402 1615 1798 1859 1798 1646 1433 1250 1067
394A Sali  195410102  945  975 1067 1250 1463 1646 1737 1737 1646 1463 1250 1036
394A Sali  195410111  914  884 1006 1189 1463 1707 1920 1981 1920 1737 1494 1250
394A Sali  195410112 1006  886  884 1006 1189 1463 1646 1798 1798 1676 1463 1219
394A Sali  195410121 1006  853  853 1006 1219 1524 1829 2073 2134 2073 1890 1585
394A Sali  195410122 1250  945  792  823  975 1219 1494 1707 1859 1859 1707 1463
394A Sali  195410131 1189  914  792  823 1006 1311 1676 2012 2225 2286 2134 1859
394A Sali  195410132 1554 1189  884  732  762  975 1219 1524 1798 1951 1890 1707
394A Sali  195410141 1402 1067  823  671  701  945 1250 1646 1981 2225 2256 2134
394A Sali  195410142 1829 1433 1006  701  549  610  823 1128 1463 1737 1859 1798
394A Sali  195410151 1554 1250  914  671  549  610  853 1219 1646 1981 2195 2225
394A Sali  195410152 2042 1737 1311  945  610  549  610  823 1189 1494 1737 1829
394A Sali  195410161 1707 1433 1128  792  549  457  549  823 1189 1615 1920 2103
394A Sali  195410162 2073 1859 1524 1097  732  457  366  457  732 1067 1372 1615
394A Sali  195410171 1676 1524 1280  945  640  396  335  427  701 1067 1433 1707
394A Sali  195410172 1890 1829 1646 1311  945  610  396  366  488  792 1128 1402
394A Sali  195410181 1585 1615 1494 1250  945  640  427  396  518  792 1158 1494
394A Sali  195410182 1737 1829 1768 1554 1219  945  671  489  457  610  853 1158
394A Sali  195410191 1402 1585 1615 1494 1280 1006  732  549  518  640  853 1158
394A Sali  195410192 1463 1707 1798 1707 1524 1250  945  732  640  610  762 1006
394A Sali  195410201 1250 1463 1615 1615 1524 1311 1067  853  671  671  762  945
394A Sali  195410202 1219 1463 1646 1707 1676 1494 1250 1006  792  671  701  823
394A Sali  195410211 1036 1250 1463 1615 1615 1524 1311 1067  884  762  732  792
394A Sali  195410212  975 1189 1402 1554 1615 1554 1372 1189  975  792  701  732
394A Sali  195410221  884 1097 1311 1494 1615 1615 1524 1341 1158  945  823  792
394A Sali  195410222  853 1036 1189 1402 1524 1585 1524 1402 1219 1036  853  792
394A Sali  195410231  792  914 1128 1341 1524 1646 1646 1554 1372 1189  975  823
394A Sali  195410232  792  853  975 1189 1341 1494 1554 1494 1372 1189 1006  823
394A Sali  195410241  792  823  975 1189 1402 1585 1646 1646 1554 1402 1189  975
394A Sali  195410242  792  762  823  975 1158 1311 1433 1494 1463 1341 1158  975
394A Sali  195410251  823  762  853 1006 1219 1433 1585 1676 1676 1554 1341 1067
394A Sali  195410252  884  762  701  823  975 1158 1311 1433 1494 1433 1280 1128
394A Sali  195410261  945  792  762  853 1006 1250 1463 1615 1707 1676 1554 1311
394A Sali  195410262 1036  792  671  671  792  945 1128 1311 1433 1494 1402 1250
394A Sali  195410271 1036  853  732  762  914 1097 1311 1554 1737 1798 1707 1524
394A Sali  195410272 1250  975  762  701  762  884 1067 1250 1433 1554 1554 1433
394A Sali  195410281 1219 1006  884  823  853 1036 1280 1554 1737 1859 1859 1737
394A Sali  195410282 1494 1250 1006  823  762  823  975 1189 1372 1524 1585 1524
394A Sali  195410291 1372 1189  975  853  823  914 1128 1372 1646 1829 1890 1829
394A Sali  195410292 1646 1402 1158  884  762  762  853 1036 1250 1463 1585 1585
394A Sali  195410301 1494 1311 1128  914  823  823  975 1219 1463 1676 1859 1890
394A Sali  195410302 1798 1585 1311 1067  853  732  762  914 1128 1341 1494 1615
394A Sali  195410311 1585 1433 1219 1006  884  823  853 1006 1219 1494 1707 1829
394A Sali  195410312 1829 1707 1463 1219  975  792  732  792  975 1189 1402 1524
394A Sali  195411011 1585 1524 1341 1128  945  823  762  853 1036 1280 1524 1676
394A Sali  195411012 1768 1707 1554 1311 1067  792  671  701  792  975 1189 1372
394A Sali  195411021 1494 1494 1372 1189 1006  853  792  762  884 1067 1311 1554
394A Sali  195411022 1707 1707 1615 1372 1158  914  762  671  732  853 1067 1250
394A Sali  195411031 1433 1524 1494 1341 1128  945  823  762  762  914 1097 1341
394A Sali  195411032 1554 1676 1646 1494 1311 1097  914  792  762  823  975 1189
394A Sali  195411041 1372 1524 1554 1494 1341 1128  975  884  823  884 1036 1250
394A Sali  195411042 1463 1646 1676 1615 1463 1280 1067  914  823  823  914 1128
394A Sali  195411051 1311 1524 1585 1615 1494 1341 1158 1006  884  853  945 1097
394A Sali  195411052 1280 1463 1585 1585 1494 1311 1128  945  792  732  762  914
394A Sali  195411061 1097 1311 1494 1585 1554 1463 1280 1097  945  823  792  853
394A Sali  195411062 1006 1219 1372 1463 1463 1372 1219 1036  853  732  701  792
394A Sali  195411071  975 1189 1402 1554 1646 1646 1494 1311 1097  914  792  762
394A Sali  195411072  853 1006 1189 1341 1463 1433 1341 1189  975  792  671  640
394A Sali  195411081  732  884 1158 1402 1615 1707 1737 1585 1402 1158  945  762
394A Sali  195411082  732  762  914 1097 1280 1402 1463 1402 1250 1036  853  701
394A Sali  195411091  671  732  945 1250 1554 1768 1890 1859 1737 1524 1250  975
394A Sali  195411092  762  640  701  884 1097 1311 1463 1524 1494 1311 1128  884
394A Sali  195411101  671  610  732  975 1280 1615 1859 2012 2012 1890 1615 1280
394A Sali  195411102  945  671  579  671  884 1158 1402 1585 1615 1554 1341 1036
394A Sali  195411111  732  549  610  792 1097 1463 1798 2042 2103 2012 1768 1372
394A Sali  195411112 1036  701  518  488  671  945 1219 1494 1646 1632 1463 1219
394A Sali  195411121  884  610  457  457  657 1006 1372 1737 2012 2089 1981 1737
394A Sali  195411122 1341  914  579  427  396  586  914 1250 1524 1676 1676 1524
394A Sali  195411131 1250  914  640  488  457  671 1006 1433 1829 2042 2134 2073
394A Sali  195411132 1768 1402 1006  671  579  579  701  975 1311 1585 1798 1829
394A Sali  195411141 1707 1402 1097  792  579  549  671  975 1341 1707 1951 2073
394A Sali  195411142 2012 1768 1402  975  640  427  427  549  853 1158 1463 1676
394A Sali  195411151 1707 1524 1280  945  640  457  427  549  853 1219 1554 1859
394A Sali  195411152 1890 1798 1585 1219  853  579  427  427  610  945 1280 1554
394A Sali  195411161 1707 1707 1585 1280 1006  732  549  549  671  945 1280 1585
394A Sali  195411162 1798 1829 1737 1494 1158  853  610  488  488  671  975 1280
394A Sali  195411171 1524 1676 1646 1524 1280 1006  732  610  610  732  975 1250
394A Sali  195411172 1524 1707 1768 1646 1433 1250  975  823  732  823 1006 1250
394A Sali  195411181 1585 1829 1920 1859 1707 1494 1219 1006  914  914 1067 1280
394A Sali  195411182 1554 1798 1920 1829 1676 1463 1250 1036  853  792  914 1097
394A Sali  195411191 1341 1615 1798 1890 1829 1676 1433 1219 1036  914  884 1006
394A Sali  195411192 1189 1402 1585 1676 1646 1494 1311 1067  914  762  732  792
394A Sali  195411201  975 1219 1463 1646 1707 1676 1524 1341 1128  945  823  792
394A Sali  195411202  884 1036 1250 1402 1463 1463 1372 1219 1067  884  762  732
394A Sali  195411211  823 1006 1250 1463 1646 1737 1707 1554 1372 1189 1006  884
394A Sali  195411212  853  945 1097 1250 1402 1494 1494 1433 1311 1128  975  884
394A Sali  195411221  853  914 1097 1311 1524 1676 1768 1737 1615 1463 1250 1067
394A Sali  195411222  945  914  945 1097 1250 1372 1463 1463 1433 1311 1128  975
394A Sali  195411231  853  823  945 1158 1372 1585 1737 1768 1707 1615 1402 1189
394A Sali  195411232  975  853  823  884 1036 1189 1311 1402 1402 1311 1158  975
394A Sali  195411241  823  762  792  975 1189 1402 1585 1737 1737 1676 1494 1280
394A Sali  195411242 1036  853  762  762  884 1067 1250 1372 1433 1433 1341 1189
394A Sali  195411251 1006  853  823  884 1097 1311 1524 1676 1768 1768 1646 1433
394A Sali  195411252 1189  945  762  732  792  914 1097 1280 1402 1463 1433 1311
394A Sali  195411261 1097  914  792  792  914 1158 1372 1585 1737 1798 1768 1615
394A Sali  195411262 1372 1097  884  732  732  853 1036 1219 1402 1524 1524 1433
394A Sali  195411271 1280 1097  914  823  884 1036 1250 1494 1676 1829 1859 1798
394A Sali  195411272 1615 1341 1067  853  792  823  945 1128 1341 1524 1585 1554
394A Sali  195411281 1433 1250 1067  914  884  975 1128 1341 1585 1798 1920 1890
394A Sali  195411282 1768 1524 1219  975  823  792  884 1067 1280 1494 1646 1676
394A Sali  195411291 1615 1433 1219 1036  914  914 1036 1219 1433 1676 1859 1920
394A Sali  195411292 1890 1707 1433 1158  914  792  792  884 1067 1250 1463 1585
394A Sali  195411301 1646 1554 1341 1128  945  823  823  945 1128 1341 1585 1768
394A Sali  195411302 1798 1737 1524 1250  975  762  671  732  853 1036 1250 1463
394A Sali  195412011 1585 1585 1463 1250 1036  884  792  853  975 1189 1402 1646
394A Sali  195412012 1768 1768 1615 1372 1097  853  701  671  732  884 1128 1341
394A Sali  195412021 1524 1615 1524 1341 1128  914  792  762  853 1006 1219 1463
394A Sali  195412022 1646 1707 1615 1433 1189  945  762  701  701  853 1036 1250
394A Sali  195412031 1463 1585 1615 1524 1341 1128  914  823  792  914 1097 1341
394A Sali  195412032 1524 1676 1646 1554 1311 1097  914  792  732  884 1097 1280
394A Sali  195412041 1494 1676 1707 1646 1494 1280 1067  914  823  853 1006 1189
394A Sali  195412042 1402 1554 1646 1615 1433 1219 1036  853  762  732  853 1036
394A Sali  195412051 1311 1554 1768 1829 1768 1615 1402 1189 1006  914  914 1036
394A Sali  195412052 1219 1433 1585 1646 1615 1463 1311 1097  945  823  884 1006
394A Sali  195412061 1250 1494 1737 1890 1981 1920 1707 1494 1219 1036  914  914
394A Sali  195412062 1006 1189 1341 1494 1554 1494 1372 1189  975  792  671  701
394A Sali  195412071  853 1067 1372 1615 1798 1890 1829 1646 1372 1128  884  732
394A Sali  195412072  701  823  975 1189 1372 1463 1463 1372 1189  975  792  671
394A Sali  195412081  671  823 1158 1494 1737 1951 2012 1920 1737 1494 1189  945
394A Sali  195412082  762  732  853 1067 1280 1433 1554 1524 1402 1219 1006  762
394A Sali  195412091  640  671  853 1158 1433 1768 1981 2073 2012 1829 1554 1219
394A Sali  195412092  914  732  640  792  975 1219 1463 1585 1615 1463 1280 1006
394A Sali  195412101  762  579  579  732 1036 1372 1676 1920 2042 2012 1768 1463
394A Sali  195412102 1097  762  579  549  671  945 1219 1463 1615 1615 1494 1219
394A Sali  195412111  945  640  518  579  762 1097 1433 1768 2012 2103 2012 1798
394A Sali  195412112 1402 1036  701  549  549  732 1036 1311 1585 1768 1768 1585
394A Sali  195412121 1280  975  701  579  610  792 1158 1494 1829 2073 2164 2042
394A Sali  195412122 1737 1433 1006  701  549  579  792 1097 1433 1707 1859 1859
394A Sali  195412131 1676 1372 1067  792  610  610  792 1097 1463 1798 2012 2073
394A Sali  195412132 1920 1646 1250  884  549  396  457  640  945 1280 1585 1737
394A Sali  195412141 1707 1554 1280  945  640  518  518  701  975 1341 1676 1890
394A Sali  195412142 1890 1768 1494 1158  792  549  457  518  762 1097 1433 1707
394A Sali  195412151 1859 1829 1646 1341 1067  823  640  701  823 1097 1402 1676
394A Sali  195412152 1859 1859 1707 1433 1067  762  518  457  549  762 1097 1402
394A Sali  195412161 1646 1768 1707 1524 1250 1006  762  640  671  823 1067 1341
394A Sali  195412162 1615 1737 1737 1554 1311 1036  762  610  610  701  975 1280
394A Sali  195412171 1585 1798 1829 1737 1524 1250 1006  853  732  792  975 1189
394A Sali  195412172 1433 1646 1707 1615 1433 1189  975  792  701  732  884 1128
394A Sali  195412181 1433 1646 1798 1829 1707 1494 1250 1036  853  792  853  975
394A Sali  195412182 1189 1402 1524 1554 1433 1250 1006  823  640  579  610  762
394A Sali  195412191 1006 1250 1463 1585 1554 1433 1219 1006  823  671  610  671
394A Sali  195412192  792 1006 1158 1280 1250 1189 1036  884  732  579  549  579
394A Sali  195412201  762  975 1219 1402 1524 1554 1433 1280 1067  914  762  732
394A Sali  195412202  762  884 1036 1189 1280 1280 1219 1067  945  792  671  671
394A Sali  195412211  762  945 1158 1341 1524 1615 1585 1463 1280 1097  914  792
394A Sali  195412212  762  823  945 1097 1219 1280 1311 1280 1158 1036  884  792
394A Sali  195412221  792  884 1036 1250 1463 1615 1676 1646 1554 1372 1189 1006
394A Sali  195412222  914  823  884 1006 1158 1250 1341 1372 1341 1219 1097  945
394A Sali  195412231  853  853  945 1128 1341 1524 1676 1737 1707 1585 1372 1189
394A Sali  195412232 1006  853  823  884 1036 1158 1311 1402 1402 1311 1219 1067
394A Sali  195412241  945  884  884 1036 1250 1433 1615 1737 1737 1676 1524 1341
394A Sali  195412242 1097  914  823  823  914 1067 1219 1372 1433 1402 1341 1158
394A Sali  195412251 1006  884  853  914 1097 1311 1524 1676 1768 1768 1676 1494
394A Sali  195412252 1250 1006  823  762  792  945 1097 1250 1372 1433 1402 1280
394A Sali  195412261 1128  945  823  823  945 1128 1341 1524 1676 1768 1737 1585
394A Sali  195412262 1372 1128  884  732  732  853 1006 1189 1341 1463 1494 1433
394A Sali  195412271 1280 1097  914  823  884 1036 1219 1433 1646 1798 1829 1798
394A Sali  195412272 1585 1311 1036  823  732  792  914 1158 1341 1494 1585 1585
394A Sali  195412281 1463 1280 1097  945  884  975 1158 1341 1585 1798 1951 1920
394A Sali  195412282 1768 1524 1250  975  823  823  945 1097 1311 1524 1707 1737
394A Sali  195412291 1707 1524 1280 1036  945  945 1036 1219 1463 1676 1859 1920
394A Sali  195412292 1859 1646 1372 1067  853  732  762  884 1097 1311 1494 1646
394A Sali  195412301 1676 1585 1372 1128  884  732  732  792 1006 1250 1463 1646
394A Sali  195412302 1707 1646 1433 1158  884  671  610  640  823 1067 1341 1554
394A Sali  195412311 1737 1768 1646 1433 1158  945  823  823  914 1128 1341 1585
394A Sali  195412312 1737 1768 1646 1402 1128  884  701  701  792 1036 1311 1585
