394A Salina Cruz        Mexico              1980 16096N 095122W 0000 3 00000R MM
394A Sali  198001011 9999 9999 9999 9999 9999 9999 9999 9999 9999 9999 9999 9999
394A Sali  198001012 9999 9999 9999 9999 9999 9999 9999 9999 9999 9999 9999 9999
394A Sali  198001021 9999 9999 9999 9999 9999 9999 9999 9999 9999 9999 9999 9999
394A Sali  198001022 9999 9999 9999 9999 9999 9999 9999 9999 9999 9999 9999 9999
394A Sali  198001031 9999 9999 9999 9999 9999 9999 9999 9999 9999 9999 9999 9999
394A Sali  198001032 9999 9999 9999 9999 9999 9999 9999 9999 9999 9999 9999 9999
394A Sali  198001041 9999 9999 9999 9999 9999 9999 9999 9999 9999 9999 9999 9999
394A Sali  198001042 9999 9999 9999 9999 9999 9999 9999 9999 9999 9999 9999 9999
394A Sali  198001051 9999 9999 9999 9999 9999 9999 9999 9999 9999 9999 9999 9999
394A Sali  198001052 9999 9999 9999 9999 9999 9999 9999 9999 9999 9999 9999 9999
394A Sali  198001061 9999 9999 9999 9999 9999 9999 9999 9999 9999 9999 9999 9999
394A Sali  198001062 9999 9999 9999 9999 9999 9999 9999 9999 9999 9999 9999 9999
394A Sali  198001071 9999 9999 9999 9999 9999 9999 9999 9999 9999 9999 9999 9999
394A Sali  198001072 9999 9999 9999 9999 9999 9999 9999 9999 9999 9999 9999 9999
394A Sali  198001081 9999 9999 9999 9999 9999 9999 9999 9999 9999 9999 9999 9999
394A Sali  198001082 9999 9999 9999 9999 9999 9999 9999 9999 9999 9999 9999 9999
394A Sali  198001091 9999 9999 9999 9999 9999 9999 9999 9999 9999 9999 9999 9999
394A Sali  198001092 9999 9999 9999 9999 9999 9999 9999 9999 9999 9999 9999 9999
394A Sali  198001101 9999 9999 9999 9999 9999 9999 9999 9999 9999 9999 9999 9999
394A Sali  198001102 9999 9999 9999 9999 9999 9999 9999 9999 9999 9999 9999 9999
394A Sali  198001111 9999 9999 9999 9999 9999 9999 9999 9999 9999 9999 9999 9999
394A Sali  198001112 9999 9999 9999 9999 9999 9999 9999 9999 9999 9999 9999 9999
394A Sali  198001121 9999 9999 9999 9999 9999 9999 9999 9999 9999 9999 9999 9999
394A Sali  198001122 9999 9999 9999 9999 9999 9999 9999 9999 9999 9999 9999 9999
394A Sali  198001131 9999 9999 9999 9999 9999 9999 9999 9999 9999 9999 9999 9999
394A Sali  198001132 9999 9999 9999 9999 9999 9999 9999 9999 9999 9999 9999 9999
394A Sali  198001141 9999 9999 9999 9999 9999 9999 9999 9999 9999 9999 9999 9999
394A Sali  198001142 9999 9999 9999 9999 9999 9999 9999 9999 9999 9999 9999 9999
394A Sali  198001151 9999 9999 9999 9999 9999 9999 9999 9999 9999 9999 9999 9999
394A Sali  198001152 9999 9999 9999 9999 9999 9999 9999 9999 9999 9999 9999 9999
394A Sali  198001161 9999 9999 9999 9999 9999 9999 9999 9999 9999 9999 9999 9999
394A Sali  198001162 9999 9999 9999 9999 9999 9999 9999 9999 9999 9999 9999 9999
394A Sali  198001171 9999 9999 9999 9999 9999 9999 9999 9999 9999 9999 9999 9999
394A Sali  198001172 9999 9999 9999 9999 9999 9999 9999 9999 9999 9999 9999 9999
394A Sali  198001181 9999 9999 9999 9999 9999 9999 9999 9999 9999 9999 9999 9999
394A Sali  198001182 9999 9999 9999 9999 9999 9999 9999 9999 9999 9999 9999 9999
394A Sali  198001191 9999 9999 9999 9999 9999 9999 9999 9999 9999 9999 9999 9999
394A Sali  198001192 9999 9999 9999 9999 9999 9999 9999 9999 9999 9999 9999 9999
394A Sali  198001201 9999 9999 9999 9999 9999 9999 9999 9999 9999 9999 9999 9999
394A Sali  198001202 9999 9999 9999 9999 9999 9999 9999 9999 9999 9999 9999 9999
394A Sali  198001211 9999 9999 9999 9999 9999 9999 9999 9999 9999 9999 9999 9999
394A Sali  198001212 9999 9999 9999 9999 9999 9999 9999 9999 9999 9999 9999 9999
394A Sali  198001221 9999 9999 9999 9999 9999 9999 9999 9999 9999 9999 9999 9999
394A Sali  198001222 9999 9999 9999 9999 9999 9999 9999 9999 9999 9999 9999 9999
394A Sali  198001231 9999 9999 9999 9999 9999 9999 9999 9999 9999 9999 9999 9999
394A Sali  198001232 9999 9999 9999 9999 9999 9999 9999 9999 9999 9999 9999 9999
394A Sali  198001241 9999 9999 9999 9999 9999 9999 9999 9999 9999 9999 9999 9999
394A Sali  198001242 9999 9999 9999 9999 9999 9999 9999 9999 9999 9999 9999 9999
394A Sali  198001251 9999 9999 9999 9999 9999 9999 9999 9999 9999 9999 9999 9999
394A Sali  198001252 9999 9999 9999 9999 9999 9999 9999 9999 9999 9999 9999 9999
394A Sali  198001261 9999 9999 9999 9999 9999 9999 9999 9999 9999 9999 9999 9999
394A Sali  198001262 9999 9999 9999 9999 9999 9999 9999 9999 9999 9999 9999 9999
394A Sali  198001271 9999 9999 9999 9999 9999 9999 9999 9999 9999 9999 9999 9999
394A Sali  198001272 9999 9999 9999 9999 9999 9999 9999 9999 9999 9999 9999 9999
394A Sali  198001281 9999 9999 9999 9999 9999 9999 9999 9999 9999 9999 9999 9999
394A Sali  198001282 9999 9999 9999 9999 9999 9999 9999 9999 9999 9999 9999 9999
394A Sali  198001291 9999 9999 9999 9999 9999 9999 9999 9999 9999 9999 9999 9999
394A Sali  198001292 9999 9999 9999 9999 9999 9999 9999 9999 9999 9999 9999 9999
394A Sali  198001301 9999 9999 9999 9999 9999 9999 9999 9999 9999 9999 9999 9999
394A Sali  198001302 9999 9999 9999 9999 9999 9999 9999 9999 9999 9999 9999 9999
394A Sali  198001311 9999 9999 9999 9999 9999 9999 9999 9999 9999 9999 9999 9999
394A Sali  198001312 9999 9999 9999 9999 9999 9999 9999 9999 9999 9999 9999 9999
394A Sali  198002011 9999 9999 9999 9999 9999 9999 9999 9999 9999 9999 9999 9999
394A Sali  198002012 9999 9999 9999 9999 9999 9999 9999 9999 9999 9999 9999 9999
394A Sali  198002021 9999 9999 9999 9999 9999 9999 9999 9999 9999 9999 9999 9999
394A Sali  198002022 9999 9999 9999 9999 9999 9999 9999 9999 9999 9999 9999 9999
394A Sali  198002031 9999 9999 9999 9999 9999 9999 9999 9999 9999 9999 9999 9999
394A Sali  198002032 9999 9999 9999 9999 9999 9999 9999 9999 9999 9999 9999 9999
394A Sali  198002041 9999 9999 9999 9999 9999 9999 9999 9999 9999 9999 9999 9999
394A Sali  198002042 9999 9999 9999 9999 9999 9999 9999 9999 9999 9999 9999 9999
394A Sali  198002051 9999 9999 9999 9999 9999 9999 9999 9999 9999 9999 9999 9999
394A Sali  198002052 9999 9999 9999 9999 9999 9999 9999 9999 9999 9999 9999 9999
394A Sali  198002061 9999 9999 9999 9999 9999 9999 9999 9999 9999 9999 9999 9999
394A Sali  198002062 9999 9999 9999 9999 9999 9999 9999 9999 9999 9999 9999 9999
394A Sali  198002071 9999 9999 9999 9999 9999 9999 9999 9999 9999 9999 9999 9999
394A Sali  198002072 9999 9999 9999 9999 9999 9999 9999 9999 9999 9999 9999 9999
394A Sali  198002081 9999 9999 9999 9999 9999 9999 9999 9999 9999 9999 9999 9999
394A Sali  198002082 9999 9999 9999 9999 9999 9999 9999 9999 9999 9999 9999 9999
394A Sali  198002091 9999 9999 9999 9999 9999 9999 9999 9999 9999 9999 9999 9999
394A Sali  198002092 9999 9999 9999 9999 9999 9999 9999 9999 9999 9999 9999 9999
394A Sali  198002101 9999 9999 9999 9999 9999 9999 9999 9999 9999 9999 9999 9999
394A Sali  198002102 9999 9999 9999 9999 9999 9999 9999 9999 9999 9999 9999 9999
394A Sali  198002111 9999 9999 9999 9999 9999 9999 9999 9999 9999 9999 9999 9999
394A Sali  198002112 9999 9999 9999 9999 9999 9999 9999 9999 9999 9999 9999 9999
394A Sali  198002121 9999 9999 9999 9999 9999 9999 9999 9999 9999 9999 9999 9999
394A Sali  198002122 9999 9999 9999 9999 9999 9999 9999 9999 9999 9999 9999 9999
394A Sali  198002131 9999 9999 9999 9999 9999 9999 9999 9999 9999 9999 9999 9999
394A Sali  198002132 9999 9999 9999 9999 9999 9999 9999 9999 9999 9999 9999 9999
394A Sali  198002141 9999 9999 9999 9999 9999 9999 9999 9999 9999 9999 9999 9999
394A Sali  198002142 9999 9999 9999 9999 9999 9999 9999 9999 9999 9999 9999 9999
394A Sali  198002151 9999 9999 9999 9999 9999 9999 9999 9999 9999 9999 9999 9999
394A Sali  198002152 9999 9999 9999 9999 9999 9999 9999 9999 9999 9999 9999 9999
394A Sali  198002161 9999 9999 9999 9999 9999 9999 9999 9999 9999 9999 9999 9999
394A Sali  198002162 9999 9999 9999 9999 9999 9999 9999 9999 9999 9999 9999 9999
394A Sali  198002171 9999 9999 9999 9999 9999 9999 9999 9999 9999 9999 9999 9999
394A Sali  198002172 9999 9999 9999 9999 9999 9999 9999 9999 9999 9999 9999 9999
394A Sali  198002181 9999 9999 9999 9999 9999 9999 9999 9999 9999 9999 9999 9999
394A Sali  198002182 9999 9999 9999 9999 9999 9999 9999 9999 9999 9999 9999 9999
394A Sali  198002191 9999 9999 9999 9999 9999 9999 9999 9999 9999 9999 9999 9999
394A Sali  198002192 9999 9999 9999 9999 9999 9999 9999 9999 9999 9999 9999 9999
394A Sali  198002201 9999 9999 9999 9999 9999 9999 9999 9999 9999 9999 9999 9999
394A Sali  198002202 9999 9999 9999 9999 9999 9999 9999 9999 9999 9999 9999 9999
394A Sali  198002211 9999 9999 9999 9999 9999 9999 9999 9999 9999 9999 9999 9999
394A Sali  198002212 9999 9999 9999 9999 9999 9999 9999 9999 9999 9999 9999 9999
394A Sali  198002221 9999 9999 9999 9999 9999 9999 9999 9999 9999 9999 9999 9999
394A Sali  198002222 9999 9999 9999 9999 9999 9999 9999 9999 9999 9999 9999 9999
394A Sali  198002231 9999 9999 9999 9999 9999 9999 9999 9999 9999 9999 9999 9999
394A Sali  198002232 9999 9999 9999 9999 9999 9999 9999 9999 9999 9999 9999 9999
394A Sali  198002241 9999 9999 9999 9999 9999 9999 9999 9999 9999 9999 9999 9999
394A Sali  198002242 9999 9999 9999 9999 9999 9999 9999 9999 9999 9999 9999 9999
394A Sali  198002251 9999 9999 9999 9999 9999 9999 9999 9999 9999 9999 9999 9999
394A Sali  198002252 9999 9999 9999 9999 9999 9999 9999 9999 9999 9999 9999 9999
394A Sali  198002261 9999 9999 9999 9999 9999 9999 9999 9999 9999 9999 9999 9999
394A Sali  198002262 9999 9999 9999 9999 9999 9999 9999 9999 9999 9999 9999 9999
394A Sali  198002271 9999 9999 9999 9999 9999 9999 9999 9999 9999 9999 9999 9999
394A Sali  198002272 9999 9999 9999 9999 9999 9999 9999 9999 9999 9999 9999 9999
394A Sali  198002281 9999 9999 9999 9999 9999 9999 9999 9999 9999 9999 9999 9999
394A Sali  198002282 9999 9999 9999 9999 9999 9999 9999 9999 9999 9999 9999 9999
394A Sali  198002291 9999 9999 9999 9999 9999 9999 9999 9999 9999 9999 9999 9999
394A Sali  198002292 9999 9999 9999 9999 9999 9999 9999 9999 9999 9999 9999 9999
394A Sali  198003011 9999 9999 9999 9999 9999 9999 9999 9999 9999 9999 9999 9999
394A Sali  198003012 9999 9999 9999 9999 9999 9999 9999 9999 9999 9999 9999 9999
394A Sali  198003021 9999 9999 9999 9999 9999 9999 9999 9999 9999 9999 9999 9999
394A Sali  198003022 9999 9999 9999 9999 9999 9999 9999 9999 9999 9999 9999 9999
394A Sali  198003031 9999 9999 9999 9999 9999 9999 9999 9999 9999 9999 9999 9999
394A Sali  198003032 9999 9999 9999 9999 9999 9999 9999 9999 9999 9999 9999 9999
394A Sali  198003041 9999 9999 9999 9999 9999 9999 9999 9999 9999 9999 9999 9999
394A Sali  198003042 9999 9999 9999 9999 9999 9999 9999 9999 9999 9999 9999 9999
394A Sali  198003051 9999 9999 9999 9999 9999 9999 9999 9999 9999 9999 9999 9999
394A Sali  198003052 9999 9999 9999 9999 9999 9999 9999 9999 9999 9999 9999 9999
394A Sali  198003061 9999 9999 9999 9999 9999 9999 9999 9999 9999 9999 9999 9999
394A Sali  198003062 9999 9999 9999 9999 9999 9999 9999 9999 9999 9999 9999 9999
394A Sali  198003071 9999 9999 9999 9999 9999 9999 9999 9999 9999 9999 9999 9999
394A Sali  198003072 9999 9999 9999 9999 9999 9999 9999 9999 9999 9999 9999 9999
394A Sali  198003081 9999 9999 9999 9999 9999 9999 9999 9999 9999 9999 9999 9999
394A Sali  198003082 9999 9999 9999 9999 9999 9999 9999 9999 9999 9999 9999 9999
394A Sali  198003091 9999 9999 9999 9999 9999 9999 9999 9999 9999 9999 9999 9999
394A Sali  198003092 9999 9999 9999 9999 9999 9999 9999 9999 9999 9999 9999 9999
394A Sali  198003101 9999 9999 9999 9999 9999 9999 9999 9999 9999 9999 9999 9999
394A Sali  198003102 9999 9999 9999 9999 9999 9999 9999 9999 9999 9999 9999 9999
394A Sali  198003111 9999 9999 9999 9999 9999 9999 9999 9999 9999 9999 9999 9999
394A Sali  198003112 9999 9999 9999 9999 9999 9999 9999 9999 9999 9999 9999 9999
394A Sali  198003121 9999 9999 9999 9999 9999 9999 9999 9999 9999 9999 9999 9999
394A Sali  198003122 9999 9999 9999 9999 9999 9999 9999 9999 9999 9999 9999 9999
394A Sali  198003131 9999 9999 9999 9999 9999 9999 9999 9999 9999 9999 9999 9999
394A Sali  198003132 9999 9999 9999 9999 9999 9999 9999 9999 9999 9999 9999 9999
394A Sali  198003141 9999 9999 9999 9999 9999 9999 9999 9999 9999 9999 9999 9999
394A Sali  198003142 9999 9999 9999 9999 9999 9999 9999 9999 9999 9999 9999 9999
394A Sali  198003151 9999 9999 9999 9999 9999 9999 9999 9999 9999 9999 9999 9999
394A Sali  198003152 9999 9999 9999 9999 9999 9999 9999 9999 9999 9999 9999 9999
394A Sali  198003161 9999 9999 9999 9999 9999 9999 9999 9999 9999 9999 9999 9999
394A Sali  198003162 9999 9999 9999 9999 9999 9999 9999 9999 9999 9999 9999 9999
394A Sali  198003171 9999 9999 9999 9999 9999 9999 9999 9999 9999 9999 9999 9999
394A Sali  198003172 9999 9999 9999 9999 9999 9999 9999 9999 9999 9999 9999 9999
394A Sali  198003181 9999 9999 9999 9999 9999 9999 9999 9999 9999 9999 9999 9999
394A Sali  198003182 9999 9999 9999 9999 9999 9999 9999 9999 9999 9999 9999 9999
394A Sali  198003191 9999 9999 9999 9999 9999 9999 9999 9999 9999 9999 9999 9999
394A Sali  198003192 9999 9999 9999 9999 9999 9999 9999 9999 9999 9999 9999 9999
394A Sali  198003201 9999 9999 9999 9999 9999 9999 9999 9999 9999 9999 9999 9999
394A Sali  198003202 9999 9999 9999 9999 9999 9999 9999 9999 9999 9999 9999 9999
394A Sali  198003211 9999 9999 9999 9999 9999 9999 9999 9999 9999 9999 9999 9999
394A Sali  198003212 9999 9999 9999 9999 9999 9999 9999 9999 9999 9999 9999 9999
394A Sali  198003221 9999 9999 9999 9999 9999 9999 9999 9999 9999 9999 9999 9999
394A Sali  198003222 9999 9999 9999 9999 9999 9999 9999 9999 9999 9999 9999 9999
394A Sali  198003231 9999 9999 9999 9999 9999 9999 9999 9999 9999 9999 9999 9999
394A Sali  198003232 9999 9999 9999 9999 9999 9999 9999 9999 9999 9999 9999 9999
394A Sali  198003241 9999 9999 9999 9999 9999 9999 9999 9999 9999 9999 9999 9999
394A Sali  198003242 9999 9999 9999 9999 9999 9999 9999 9999 9999 9999 9999 9999
394A Sali  198003251 9999 9999 9999 9999 9999 9999 9999 9999 9999 9999 9999 9999
394A Sali  198003252 9999 9999 9999 9999 9999 9999 9999 9999 9999 9999 9999 9999
394A Sali  198003261 9999 9999 9999 9999 9999 9999 9999 9999 9999 9999 9999 9999
394A Sali  198003262 9999 9999 9999 9999 9999 9999 9999 9999 9999 9999 9999 9999
394A Sali  198003271 9999 9999 9999 9999 9999 9999 9999 9999 9999 9999 9999 9999
394A Sali  198003272 9999 9999 9999 9999 9999 9999 9999 9999 9999 9999 9999 9999
394A Sali  198003281 9999 9999 9999 9999 9999 9999 9999 9999 9999 9999 9999 9999
394A Sali  198003282 9999 9999 9999 9999 9999 9999 9999 9999 9999 9999 9999 9999
394A Sali  198003291 9999 9999 9999 9999 9999 9999 9999 9999 9999 9999 9999 9999
394A Sali  198003292 9999 9999 9999 9999 9999 9999 9999 9999 9999 9999 9999 9999
394A Sali  198003301 9999 9999 9999 9999 9999 9999 9999 9999 9999 9999 9999 9999
394A Sali  198003302 9999 9999 9999 9999 9999 9999 9999 9999 9999 9999 9999 9999
394A Sali  198003311 9999 9999 9999 9999 9999 9999 9999 9999 9999 9999 9999 9999
394A Sali  198003312 9999 9999 9999 9999 9999 9999 9999 9999 9999 9999 9999 9999
394A Sali  198004011 9999 9999 9999 9999 9999 9999 9999 9999 9999 9999 9999 9999
394A Sali  198004012 9999 9999 9999 9999 9999 9999 9999 9999 9999 9999 9999 9999
394A Sali  198004021 9999 9999 9999 9999 9999 9999 9999 9999 9999 9999 9999 9999
394A Sali  198004022 9999 9999 9999 9999 9999 9999 9999 9999 9999 9999 9999 9999
394A Sali  198004031 9999 9999 9999 9999 9999 9999 9999 9999 9999 9999 9999 9999
394A Sali  198004032 9999 9999 9999 9999 9999 9999 9999 9999 9999 9999 9999 9999
394A Sali  198004041 9999 9999 9999 9999 9999 9999 9999 9999 9999 9999 9999 9999
394A Sali  198004042 9999 9999 9999 9999 9999 9999 9999 9999 9999 9999 9999 9999
394A Sali  198004051 9999 9999 9999 9999 9999 9999 9999 9999 9999 9999 9999 9999
394A Sali  198004052 9999 9999 9999 9999 9999 9999 9999 9999 9999 9999 9999 9999
394A Sali  198004061 9999 9999 9999 9999 9999 9999 9999 9999 9999 9999 9999 9999
394A Sali  198004062 9999 9999 9999 9999 9999 9999 9999 9999 9999 9999 9999 9999
394A Sali  198004071 9999 9999 9999 9999 9999 9999 9999 9999 9999 9999 9999 9999
394A Sali  198004072 9999 9999 9999 9999 9999 9999 9999 9999 9999 9999 9999 9999
394A Sali  198004081 9999 9999 9999 9999 9999 9999 9999 9999 9999 9999 9999 9999
394A Sali  198004082 9999 9999 9999 9999 9999 9999 9999 9999 9999 9999 9999 9999
394A Sali  198004091 9999 9999 9999 9999 9999 9999 9999 9999 9999 9999 9999 9999
394A Sali  198004092 9999 9999 9999 9999 9999 9999 9999 9999 9999 9999 9999 9999
394A Sali  198004101 9999 9999 9999 9999 9999 9999 9999 9999 9999 9999 9999 9999
394A Sali  198004102 9999 9999 9999 9999 9999 9999 9999 9999 9999 9999 9999 9999
394A Sali  198004111 9999 9999 9999 9999 9999 9999 9999 9999 9999 9999 9999 9999
394A Sali  198004112 9999 9999 9999 9999 9999 9999 9999 9999 9999 9999 9999 9999
394A Sali  198004121 9999 9999 9999 9999 9999 9999 9999 9999 9999 9999 9999 9999
394A Sali  198004122 9999 9999 9999 9999 9999 9999 9999 9999 9999 9999 9999 9999
394A Sali  198004131 9999 9999 9999 9999 9999 9999 9999 9999 9999 9999 9999 9999
394A Sali  198004132 9999 9999 9999 9999 9999 9999 9999 9999 9999 9999 9999 9999
394A Sali  198004141 9999 9999 9999 9999 9999 9999 9999 9999 9999 9999 9999 9999
394A Sali  198004142 9999 9999 9999 9999 9999 9999 9999 9999 9999 9999 9999 9999
394A Sali  198004151 9999 9999 9999 9999 9999 9999 9999 9999 9999 9999 9999 9999
394A Sali  198004152 9999 9999 9999 9999 9999 9999 9999 9999 9999 9999 9999 9999
394A Sali  198004161 9999 9999 9999 9999 9999 9999 9999 9999 9999 9999 9999 9999
394A Sali  198004162 9999 9999 9999 9999 9999 9999 9999 9999 9999 9999 9999 9999
394A Sali  198004171 9999 9999 9999 9999 9999 9999 9999 9999 9999 9999 9999 9999
394A Sali  198004172 9999 9999 9999 9999 9999 9999 9999 9999 9999 9999 9999 9999
394A Sali  198004181 9999 9999 9999 9999 9999 9999 9999 9999 9999 9999 9999 9999
394A Sali  198004182 9999 9999 9999 9999 9999 9999 9999 9999 9999 9999 9999 9999
394A Sali  198004191 9999 9999 9999 9999 9999 9999 9999 9999 9999 9999 9999 9999
394A Sali  198004192 9999 9999 9999 9999 9999 9999 9999 9999 9999 9999 9999 9999
394A Sali  198004201 9999 9999 9999 9999 9999 9999 9999 9999 9999 9999 9999 9999
394A Sali  198004202 9999 9999 9999 9999 9999 9999 9999 9999 9999 9999 9999 9999
394A Sali  198004211 9999 9999 9999 9999 9999 9999 9999 9999 9999 9999 9999 9999
394A Sali  198004212 9999 9999 9999 9999 9999 9999 9999 9999 9999 9999 9999 9999
394A Sali  198004221 9999 9999 9999 9999 9999 9999 9999 9999 9999 9999 9999 9999
394A Sali  198004222 9999 9999 9999 9999 9999 9999 9999 9999 9999 9999 9999 9999
394A Sali  198004231 9999 9999 9999 9999 9999 9999 9999 9999 9999 9999 9999 9999
394A Sali  198004232 9999 9999 9999 9999 9999 9999 9999 9999 9999 9999 9999 9999
394A Sali  198004241 9999 9999 9999 9999 9999 9999 9999 9999 9999 9999 9999 9999
394A Sali  198004242 9999 9999 9999 9999 9999 9999 9999 9999 9999 9999 9999 9999
394A Sali  198004251 9999 9999 9999 9999 9999 9999 9999 9999 9999 9999 9999 9999
394A Sali  198004252 9999 9999 9999 9999 9999 9999 9999 9999 9999 9999 9999 9999
394A Sali  198004261 9999 9999 9999 9999 9999 9999 9999 9999 9999 9999 9999 9999
394A Sali  198004262 9999 9999 9999 9999 9999 9999 9999 9999 9999 9999 9999 9999
394A Sali  198004271 9999 9999 9999 9999 9999 9999 9999 9999 9999 9999 9999 9999
394A Sali  198004272 9999 9999 9999 9999 9999 9999 9999 9999 9999 9999 9999 9999
394A Sali  198004281 9999 9999 9999 9999 9999 9999 9999 9999 9999 9999 9999 9999
394A Sali  198004282 9999 9999 9999 9999 9999 9999 9999 9999 9999 9999 9999 9999
394A Sali  198004291 9999 9999 9999 9999 9999 9999 9999 9999 9999 9999 9999 9999
394A Sali  198004292 9999 9999 9999 9999 9999 9999 9999 9999 9999 9999 9999 9999
394A Sali  198004301 9999 9999 9999 9999 9999 9999 9999 9999 9999 9999 9999 9999
394A Sali  198004302 9999 9999 9999 9999 9999 9999 9999 9999 9999 9999 9999 9999
394A Sali  198005011 9999 9999 9999 9999 9999 9999 9999 9999 9999 9999 9999 9999
394A Sali  198005012 9999 9999 9999 9999 9999 9999 9999 9999 9999 9999 9999 9999
394A Sali  198005021 9999 9999 9999 9999 9999 9999 9999 9999 9999 9999 9999 9999
394A Sali  198005022 9999 9999 9999 9999 9999 9999 9999 9999 9999 9999 9999 9999
394A Sali  198005031 9999 9999 9999 9999 9999 9999 9999 9999 9999 9999 9999 9999
394A Sali  198005032 9999 9999 9999 9999 9999 9999 9999 9999 9999 9999 9999 9999
394A Sali  198005041 9999 9999 9999 9999 9999 9999 9999 9999 9999 9999 9999 9999
394A Sali  198005042 9999 9999 9999 9999 9999 9999 9999 9999 9999 9999 9999 9999
394A Sali  198005051 9999 9999 9999 9999 9999 9999 9999 9999 9999 9999 9999 9999
394A Sali  198005052 9999 9999 9999 9999 9999 9999 9999 9999 9999 9999 9999 9999
394A Sali  198005061 9999 9999 9999 9999 9999 9999 9999 9999 9999 9999 9999 9999
394A Sali  198005062 9999 9999 9999 9999 9999 9999 9999 9999 9999 9999 9999 9999
394A Sali  198005071 9999 9999 9999 9999 9999 9999 9999 9999 9999 9999 9999 9999
394A Sali  198005072 9999 9999 9999 9999 9999 9999 9999 9999 9999 9999 9999 9999
394A Sali  198005081 9999 9999 9999 9999 9999 9999 9999 9999 9999 9999 9999 9999
394A Sali  198005082 9999 9999 9999 9999 9999 9999 9999 9999 9999 9999 9999 9999
394A Sali  198005091 9999 9999 9999 9999 9999 9999 9999 9999 9999 9999 9999 9999
394A Sali  198005092 9999 9999 9999 9999 9999 9999 9999 9999 9999 9999 9999 9999
394A Sali  198005101 9999 9999 9999 9999 9999 9999 9999 9999 9999 9999 9999 9999
394A Sali  198005102 9999 9999 9999 9999 9999 9999 9999 9999 9999 9999 9999 9999
394A Sali  198005111 9999 9999 9999 9999 9999 9999 9999 9999 9999 9999 9999 9999
394A Sali  198005112 9999 9999 9999 9999 9999 9999 9999 9999 9999 9999 9999 9999
394A Sali  198005121 9999 9999 9999 9999 9999 9999 9999 9999 9999 9999 9999 9999
394A Sali  198005122 9999 9999 9999 9999 9999 9999 9999 9999 9999 9999 9999 9999
394A Sali  198005131 9999 9999 9999 9999 9999 9999 9999 9999 9999 9999 9999 9999
394A Sali  198005132 9999 9999 9999 9999 9999 9999 9999 9999 9999 9999 9999 9999
394A Sali  198005141 9999 9999 9999 9999 9999 9999 9999 9999 9999 9999 9999 9999
394A Sali  198005142 9999 9999 9999 9999 9999 9999 9999 9999 9999 9999 9999 9999
394A Sali  198005151 9999 9999 9999 9999 9999 9999 9999 9999 9999 9999 9999 9999
394A Sali  198005152 9999 9999 9999 9999 9999 9999 9999 9999 9999 9999 9999 9999
394A Sali  198005161 9999 9999 9999 9999 9999 9999 9999 9999 9999 9999 9999 9999
394A Sali  198005162 9999 9999 9999 9999 9999 9999 9999 9999 9999 9999 9999 9999
394A Sali  198005171 9999 9999 9999 9999 9999 9999 9999 9999 9999 9999 9999 9999
394A Sali  198005172 9999 9999 9999 9999 9999 9999 9999 9999 9999 9999 9999 9999
394A Sali  198005181 9999 9999 9999 9999 9999 9999 9999 9999 9999 9999 9999 9999
394A Sali  198005182 9999 9999 9999 9999 9999 9999 9999 9999 9999 9999 9999 9999
394A Sali  198005191 9999 9999 9999 9999 9999 9999 9999 9999 9999 9999 9999 9999
394A Sali  198005192 9999 9999 9999 9999 9999 9999 9999 9999 9999 9999 9999 9999
394A Sali  198005201 9999 9999 9999 9999 9999 9999 9999 9999 9999 9999 9999 9999
394A Sali  198005202 9999 9999 9999 9999 9999 9999 9999 9999 9999 9999 9999 9999
394A Sali  198005211 9999 9999 9999 9999 9999 9999 9999 9999 9999 9999 9999 9999
394A Sali  198005212 9999 9999 9999 9999 9999 9999 9999 9999 9999 9999 9999 9999
394A Sali  198005221 9999 9999 9999 9999 9999 9999 9999 9999 9999 9999 9999 9999
394A Sali  198005222 9999 9999 9999 9999 9999 9999 9999 9999 9999 9999 9999 9999
394A Sali  198005231 9999 9999 9999 9999 9999 9999 9999 9999 9999 9999 9999 9999
394A Sali  198005232 9999 9999 9999 9999 9999 9999 9999 9999 9999 9999 9999 9999
394A Sali  198005241 9999 9999 9999 9999 9999 9999 9999 9999 9999 9999 9999 9999
394A Sali  198005242 9999 9999 9999 9999 9999 9999 9999 9999 9999 9999 9999 9999
394A Sali  198005251 9999 9999 9999 9999 9999 9999 9999 9999 9999 9999 9999 9999
394A Sali  198005252 9999 9999 9999 9999 9999 9999 9999 9999 9999 9999 9999 9999
394A Sali  198005261 9999 9999 9999 9999 9999 9999 9999 9999 9999 9999 9999 9999
394A Sali  198005262 9999 9999 9999 9999 9999 9999 9999 9999 9999 9999 9999 9999
394A Sali  198005271 9999 9999 9999 9999 9999 9999 9999 9999 9999 9999 9999 9999
394A Sali  198005272 9999 9999 9999 9999 9999 9999 9999 9999 9999 9999 9999 9999
394A Sali  198005281 9999 9999 9999 9999 9999 9999 9999 9999 9999 9999 9999 9999
394A Sali  198005282 9999 9999 9999 9999 9999 9999 9999 9999 9999 9999 9999 9999
394A Sali  198005291 9999 9999 9999 9999 9999 9999 9999 9999 9999 9999 9999 9999
394A Sali  198005292 9999 9999 9999 9999 9999 9999 9999 9999 9999 9999 9999 9999
394A Sali  198005301 9999 9999 9999 9999 9999 9999 9999 9999 9999 9999 9999 9999
394A Sali  198005302 9999 9999 9999 9999 9999 9999 9999 9999 9999 9999 9999 9999
394A Sali  198005311 9999 9999 9999 9999 9999 9999 9999 9999 9999 9999 9999 9999
394A Sali  198005312 9999 9999 9999 9999 9999 9999 9999 9999 9999 9999 9999 9999
394A Sali  198006011 9999 9999 9999 9999 9999 9999 9999 9999 9999 9999 9999 9999
394A Sali  198006012 9999 9999 9999 9999 9999 9999 9999 9999 9999 9999 9999 9999
394A Sali  198006021 9999 9999 9999 9999 9999 9999 9999 9999 9999 9999 9999 9999
394A Sali  198006022 9999 9999 9999 9999 9999 9999 9999 9999 9999 9999 9999 9999
394A Sali  198006031 9999 9999 9999 9999 9999 9999 9999 9999 9999 9999 9999 9999
394A Sali  198006032 9999 9999 9999 9999 9999 9999 9999 9999 9999 9999 9999 9999
394A Sali  198006041 9999 9999 9999 9999 9999 9999 9999 9999 9999 9999 9999 9999
394A Sali  198006042 9999 9999 9999 9999 9999 9999 9999 9999 9999 9999 9999 9999
394A Sali  198006051 9999 9999 9999 9999 9999 9999 9999 9999 9999 9999 9999 9999
394A Sali  198006052 9999 9999 9999 9999 9999 9999 9999 9999 9999 9999 9999 9999
394A Sali  198006061 9999 9999 9999 9999 9999 9999 9999 9999 9999 9999 9999 9999
394A Sali  198006062 9999 9999 9999 9999 9999 9999 9999 9999 9999 9999 9999 9999
394A Sali  198006071 9999 9999 9999 9999 9999 9999 9999 9999 9999 9999 9999 9999
394A Sali  198006072 9999 9999 9999 9999 9999 9999 9999 9999 9999 9999 9999 9999
394A Sali  198006081 9999 9999 9999 9999 9999 9999 9999 9999 9999 9999 9999 9999
394A Sali  198006082 9999 9999 9999 9999 9999 9999 9999 9999 9999 9999 9999 9999
394A Sali  198006091 9999 9999 9999 9999 9999 9999 9999 9999 9999 9999 9999 9999
394A Sali  198006092 9999 9999 9999 9999 9999 9999 9999 9999 9999 9999 9999 9999
394A Sali  198006101 9999 9999 9999 9999 9999 9999 9999 9999 9999 9999 9999 9999
394A Sali  198006102 9999 9999 9999 9999 9999 9999 9999 9999 9999 9999 9999 9999
394A Sali  198006111 9999 9999 9999 9999 9999 9999 9999 9999 9999 9999 9999 9999
394A Sali  198006112 9999 9999 9999 9999 9999 9999 9999 9999 9999 9999 9999 9999
394A Sali  198006121 9999 9999 9999 9999 9999 9999 9999 9999 9999 9999 9999 9999
394A Sali  198006122 9999 9999 9999 9999 9999 9999 9999 9999 9999 9999 9999 9999
394A Sali  198006131 9999 9999 9999 9999 9999 9999 9999 9999 9999 9999 9999 9999
394A Sali  198006132 9999 9999 9999 9999 9999 9999 9999 9999 9999 9999 9999 9999
394A Sali  198006141 9999 9999 9999 9999 9999 9999 9999 9999 9999 9999 9999 9999
394A Sali  198006142 9999 9999 9999 9999 9999 9999 9999 9999 9999 9999 9999 9999
394A Sali  198006151 9999 9999 9999 9999 9999 9999 9999 9999 9999 9999 9999 9999
394A Sali  198006152 9999 9999 9999 9999 9999 9999 9999 9999 9999 9999 9999 9999
394A Sali  198006161 9999 9999 9999 9999 9999 9999 9999 9999 9999 9999 9999 9999
394A Sali  198006162 9999 9999 9999 9999 9999 9999 9999 9999 9999 9999 9999 9999
394A Sali  198006171 9999 9999 9999 9999 9999 9999 9999 9999 9999 9999 9999 9999
394A Sali  198006172 9999 9999 9999 9999 9999 9999 9999 9999 9999 9999 9999 9999
394A Sali  198006181 9999 9999 9999 9999 9999 9999 9999 9999 9999 9999 9999 9999
394A Sali  198006182 9999 9999 9999 9999 9999 9999 9999 9999 9999 9999 9999 9999
394A Sali  198006191 9999 9999 9999 9999 9999 9999 9999 9999 9999 9999 9999 9999
394A Sali  198006192 9999 9999 9999 9999 9999 9999 9999 9999 9999 9999 9999 9999
394A Sali  198006201 9999 9999 9999 9999 9999 9999 9999 9999 9999 9999 9999 9999
394A Sali  198006202 9999 9999 9999 9999 9999 9999 9999 9999 9999 9999 9999 9999
394A Sali  198006211 9999 9999 9999 9999 9999 9999 9999 9999 9999 9999 9999 9999
394A Sali  198006212 9999 9999 9999 9999 9999 9999 9999 9999 9999 9999 9999 9999
394A Sali  198006221 9999 9999 9999 9999 9999 9999 9999 9999 9999 9999 9999 9999
394A Sali  198006222 9999 9999 9999 9999 9999 9999 9999 9999 9999 9999 9999 9999
394A Sali  198006231 9999 9999 9999 9999 9999 9999 9999 9999 9999 9999 9999 9999
394A Sali  198006232 9999 9999 9999 9999 9999 9999 9999 9999 9999 9999 9999 9999
394A Sali  198006241 9999 9999 9999 9999 9999 9999 9999 9999 9999 9999 9999 9999
394A Sali  198006242 9999 9999 9999 9999 9999 9999 9999 9999 9999 9999 9999 9999
394A Sali  198006251 9999 9999 9999 9999 9999 9999 9999 9999 9999 9999 9999 9999
394A Sali  198006252 9999 9999 9999 9999 9999 9999 9999 9999 9999 9999 9999 9999
394A Sali  198006261 9999 9999 9999 9999 9999 9999 9999 9999 9999 9999 9999 9999
394A Sali  198006262 9999 9999 9999 9999 9999 9999 9999 9999 9999 9999 9999 9999
394A Sali  198006271 9999 9999 9999 9999 9999 9999 9999 9999 9999 9999 9999 9999
394A Sali  198006272 9999 9999 9999 9999 9999 9999 9999 9999 9999 9999 9999 9999
394A Sali  198006281 9999 9999 9999 9999 9999 9999 9999 9999 9999 9999 9999 9999
394A Sali  198006282 9999 9999 9999 9999 9999 9999 9999 9999 9999 9999 9999 9999
394A Sali  198006291 9999 9999 9999 9999 9999 9999 9999 9999 9999 9999 9999 9999
394A Sali  198006292 9999 9999 9999 9999 9999 9999 9999 9999 9999 9999 9999 9999
394A Sali  198006301 9999 9999 9999 9999 9999 9999 9999 9999 9999 9999 9999 9999
394A Sali  198006302 9999 9999 9999 9999 9999 9999 9999 9999 9999 9999 9999 9999
394A Sali  198007011 9999 9999 9999 9999 9999 9999 9999 9999 9999 9999 9999 9999
394A Sali  198007012 9999 9999 9999 9999 9999 9999 9999 9999 9999 9999 9999 9999
394A Sali  198007021 9999 9999 9999 9999 9999 9999 9999 9999 9999 9999 9999 9999
394A Sali  198007022 9999 9999 9999 9999 9999 9999 9999 9999 9999 9999 9999 9999
394A Sali  198007031 9999 9999 9999 9999 9999 9999 9999 9999 9999 9999 9999 9999
394A Sali  198007032 9999 9999 9999 9999 9999 9999 9999 9999 9999 9999 9999 9999
394A Sali  198007041 9999 9999 9999 9999 9999 9999 9999 9999 9999 9999 9999 9999
394A Sali  198007042 9999 9999 9999 9999 9999 9999 9999 9999 9999 9999 9999 9999
394A Sali  198007051 9999 9999 9999 9999 9999 9999 9999 9999 9999 9999 9999 9999
394A Sali  198007052 9999 9999 9999 9999 9999 9999 9999 9999 9999 9999 9999 9999
394A Sali  198007061 9999 9999 9999 9999 9999 9999 9999 9999 9999 9999 9999 9999
394A Sali  198007062 9999 9999 9999 9999 9999 9999 9999 9999 9999 9999 9999 9999
394A Sali  198007071 9999 9999 9999 9999 9999 9999 9999 9999 9999 9999 9999 9999
394A Sali  198007072 9999 9999 9999 9999 9999 9999 9999 9999 9999 9999 9999 9999
394A Sali  198007081 9999 9999 9999 9999 9999 9999 9999 9999 9999 9999 9999 9999
394A Sali  198007082 9999 9999 9999 9999 9999 9999 9999 9999 9999 9999 9999 9999
394A Sali  198007091 9999 9999 9999 9999 9999 9999 9999 9999 9999 9999 9999 9999
394A Sali  198007092 9999 9999 9999 9999 9999 9999 9999 9999 9999 9999 9999 9999
394A Sali  198007101 9999 9999 9999 9999 9999 9999 9999 9999 9999 9999 9999 9999
394A Sali  198007102 9999 9999 9999 9999 9999 9999 9999 9999 9999 9999 9999 9999
394A Sali  198007111 9999 9999 9999 9999 9999 9999 9999 9999 9999 9999 9999 9999
394A Sali  198007112 9999 9999 9999 9999 9999 9999 9999 9999 9999 9999 9999 9999
394A Sali  198007121 9999 9999 9999 9999 9999 9999 9999 9999 9999 9999 9999 9999
394A Sali  198007122 9999 9999 9999 9999 9999 9999 9999 9999 9999 9999 9999 9999
394A Sali  198007131 9999 9999 9999 9999 9999 9999 9999 9999 9999 9999 9999 9999
394A Sali  198007132 9999 9999 9999 9999 9999 9999 9999 9999 9999 9999 9999 9999
394A Sali  198007141 9999 9999 9999 9999 9999 9999 9999 9999 9999 9999 9999 9999
394A Sali  198007142 9999 9999 9999 9999 9999 9999 9999 9999 9999 9999 9999 9999
394A Sali  198007151 9999 9999 9999 9999 9999 9999 9999 9999 9999 9999 9999 9999
394A Sali  198007152 9999 9999 9999 9999 9999 9999 9999 9999 9999 9999 9999 9999
394A Sali  198007161 9999 9999 9999 9999 9999 9999 9999 9999 9999 9999 9999 9999
394A Sali  198007162 9999 9999 9999 9999 9999 9999 9999 9999 9999 9999 9999 9999
394A Sali  198007171 9999 9999 9999 9999 9999 9999 9999 9999 9999 9999 9999 9999
394A Sali  198007172 9999 9999 9999 9999 9999 9999 9999 9999 9999 9999 9999 9999
394A Sali  198007181 9999 9999 9999 9999 9999 9999 9999 9999 9999 9999 9999 9999
394A Sali  198007182 9999 9999 9999 9999 9999 9999 9999 9999 9999 9999 9999 9999
394A Sali  198007191 9999 9999 9999 9999 9999 9999 9999 9999 9999 9999 9999 9999
394A Sali  198007192 9999 9999 9999 9999 9999 9999 9999 9999 9999 9999 9999 9999
394A Sali  198007201 9999 9999 9999 9999 9999 9999 9999 9999 9999 9999 9999 9999
394A Sali  198007202 9999 9999 9999 9999 9999 9999 9999 9999 9999 9999 9999 9999
394A Sali  198007211 9999 9999 9999 9999 9999 9999 9999 9999 9999 9999 9999 9999
394A Sali  198007212 9999 9999 9999 9999 9999 9999 9999 9999 9999 9999 9999 9999
394A Sali  198007221 9999 9999 9999 9999 9999 9999 9999 9999 9999 9999 9999 9999
394A Sali  198007222 9999 9999 9999 9999 9999 9999 9999 9999 9999 9999 9999 9999
394A Sali  198007231 9999 9999 9999 9999 9999 9999 9999 9999 9999 9999 9999 9999
394A Sali  198007232 9999 9999 9999 9999 9999 9999 9999 9999 9999 9999 9999 9999
394A Sali  198007241 9999 9999 9999 9999 9999 9999 9999 9999 9999 9999 9999 9999
394A Sali  198007242 9999 9999 9999 9999 9999 9999 9999 9999 9999 9999 9999 9999
394A Sali  198007251 9999 9999 9999 9999 9999 9999 9999 9999 9999 9999 9999 9999
394A Sali  198007252 9999 9999 9999 9999 9999 9999 9999 9999 9999 9999 9999 9999
394A Sali  198007261 9999 9999 9999 9999 9999 9999 9999 9999 9999 9999 9999 9999
394A Sali  198007262 9999 9999 9999 9999 9999 9999 9999 9999 9999 9999 9999 9999
394A Sali  198007271 9999 9999 9999 9999 9999 9999 9999 9999 9999 9999 9999 9999
394A Sali  198007272 9999 9999 9999 9999 9999 9999 9999 9999 9999 9999 9999 9999
394A Sali  198007281 9999 9999 9999 9999 9999 9999 9999 9999 9999 9999 9999 9999
394A Sali  198007282 9999 9999 9999 9999 9999 9999 9999 9999 9999 9999 9999 9999
394A Sali  198007291 9999 9999 9999 9999 9999 9999 9999 9999 9999 9999 9999 9999
394A Sali  198007292 9999 9999 9999 9999 9999 9999 9999 9999 9999 9999 9999 9999
394A Sali  198007301 9999 9999 9999 9999 9999 9999 9999 9999 9999 9999 9999 9999
394A Sali  198007302 9999 9999 9999 9999 9999 9999 9999 9999 9999 9999 9999 9999
394A Sali  198007311 9999 9999 9999 9999 9999 9999 9999 9999 9999 9999 9999 9999
394A Sali  198007312 9999 9999 9999 9999 9999 9999 9999 9999 9999 9999 9999 9999
394A Sali  198008011 9999 9999 9999 9999 9999 9999 9999 9999 9999 9999 9999 9999
394A Sali  198008012 9999 9999 9999 9999 9999 9999 9999 9999 9999 9999 9999 9999
394A Sali  198008021 9999 9999 9999 9999 9999 9999 9999 9999 9999 9999 9999 9999
394A Sali  198008022 9999 9999 9999 9999 9999 9999 9999 9999 9999 9999 9999 9999
394A Sali  198008031 9999 9999 9999 9999 9999 9999 9999 9999 9999 9999 9999 9999
394A Sali  198008032 9999 9999 9999 9999 9999 9999 9999 9999 9999 9999 9999 9999
394A Sali  198008041 9999 9999 9999 9999 9999 9999 9999 9999 9999 9999 9999 9999
394A Sali  198008042 9999 9999 9999 9999 9999 9999 9999 9999 9999 9999 9999 9999
394A Sali  198008051 9999 9999 9999 9999 9999 9999 9999 9999 9999 9999 9999 9999
394A Sali  198008052 9999 9999 9999 9999 9999 9999 9999 9999 9999 9999 9999 9999
394A Sali  198008061 9999 9999 9999 9999 9999 9999 9999 9999 9999 9999 9999 9999
394A Sali  198008062 9999 9999 9999 9999 9999 9999 9999 9999 9999 9999 9999 9999
394A Sali  198008071 9999 9999 9999 9999 9999 9999 9999 9999 9999 9999 9999 9999
394A Sali  198008072 9999 9999 9999 9999 9999 9999 9999 9999 9999 9999 9999 9999
394A Sali  198008081 9999 9999 9999 9999 9999 9999 9999 9999 9999 9999 9999 9999
394A Sali  198008082 9999 9999 9999 9999 9999 9999 9999 9999 9999 9999 9999 9999
394A Sali  198008091 9999 9999 9999 9999 9999 9999 9999 9999 9999 9999 9999 9999
394A Sali  198008092 9999 9999 9999 9999 9999 9999 9999 9999 9999 9999 9999 9999
394A Sali  198008101 9999 9999 9999 9999 9999 9999 9999 9999 9999 9999 9999 9999
394A Sali  198008102 9999 9999 9999 9999 9999 9999 9999 9999 9999 9999 9999 9999
394A Sali  198008111 9999 9999 9999 9999 9999 9999 9999 9999 9999 9999 9999 9999
394A Sali  198008112 9999 9999 9999 9999 9999 9999 9999 9999 9999 9999 9999 9999
394A Sali  198008121 9999 9999 9999 9999 9999 9999 9999 9999 9999 9999 9999 9999
394A Sali  198008122 9999 9999 9999 9999 9999 9999 9999 9999 9999 9999 9999 9999
394A Sali  198008131 9999 9999 9999 9999 9999 9999 9999 9999 9999 9999 9999 9999
394A Sali  198008132 9999 9999 9999 9999 9999 9999 9999 9999 9999 9999 9999 9999
394A Sali  198008141 9999 9999 9999 9999 9999 9999 9999 9999 9999 9999 9999 9999
394A Sali  198008142 9999 9999 9999 9999 9999 9999 9999 9999 9999 9999 9999 9999
394A Sali  198008151 9999 9999 9999 9999 9999 9999 9999 9999 9999 9999 9999 9999
394A Sali  198008152 9999 9999 9999 9999 9999 9999 9999 9999 9999 9999 9999 9999
394A Sali  198008161 9999 9999 9999 9999 9999 9999 9999 9999 9999 9999 9999 9999
394A Sali  198008162 9999 9999 9999 9999 9999 9999 9999 9999 9999 9999 9999 9999
394A Sali  198008171 9999 9999 9999 9999 9999 9999 9999 9999 9999 9999 9999 9999
394A Sali  198008172 9999 9999 9999 9999 9999 9999 9999 9999 9999 9999 9999 9999
394A Sali  198008181 9999 9999 9999 9999 9999 9999 9999 9999 9999 9999 9999 9999
394A Sali  198008182 9999 9999 9999 9999 9999 9999 9999 9999 9999 9999 9999 9999
394A Sali  198008191 9999 9999 9999 9999 9999 9999 9999 9999 9999 9999 9999 9999
394A Sali  198008192 9999 9999 9999 9999 9999 9999 9999 9999 9999 9999 9999 9999
394A Sali  198008201 9999 9999 9999 9999 9999 9999 9999 9999 9999 9999 9999 9999
394A Sali  198008202 9999 9999 9999 9999 9999 9999 9999 9999 9999 9999 9999 9999
394A Sali  198008211 9999 9999 9999 9999 9999 9999 9999 9999 9999 9999 9999 9999
394A Sali  198008212 9999 9999 9999 9999 9999 9999 9999 9999 9999 9999 9999 9999
394A Sali  198008221 9999 9999 9999 9999 9999 9999 9999 9999 9999 9999 9999 9999
394A Sali  198008222 9999 9999 9999 9999 9999 9999 9999 9999 9999 9999 9999 9999
394A Sali  198008231 9999 9999 9999 9999 9999 9999 9999 9999 9999 9999 9999 9999
394A Sali  198008232 9999 9999 9999 9999 9999 9999 9999 9999 9999 9999 9999 9999
394A Sali  198008241 9999 9999 9999 9999 9999 9999 9999 9999 9999 9999 9999 9999
394A Sali  198008242 9999 9999 9999 9999 9999 9999 9999 9999 9999 9999 9999 9999
394A Sali  198008251 9999 9999 9999 9999 9999 9999 9999 9999 9999 9999 9999 9999
394A Sali  198008252 9999 9999 9999 9999 9999 9999 9999 9999 9999 9999 9999 9999
394A Sali  198008261 9999 9999 9999 9999 9999 9999 9999 9999 9999 9999 9999 9999
394A Sali  198008262 9999 9999 9999 9999 9999 9999 9999 9999 9999 9999 9999 9999
394A Sali  198008271 9999 9999 9999 9999 9999 9999 9999 9999 9999 9999 9999 9999
394A Sali  198008272 9999 9999 9999 9999 9999 9999 9999 9999 9999 9999 9999 9999
394A Sali  198008281 9999 9999 9999 9999 9999 9999 9999 9999 9999 9999 9999 9999
394A Sali  198008282 9999 9999 9999 9999 9999 9999 9999 9999 9999 9999 9999 9999
394A Sali  198008291 9999 9999 9999 9999 9999 9999 9999 9999 9999 9999 9999 9999
394A Sali  198008292 9999 9999 9999 9999 9999 9999 9999 9999 9999 9999 9999 9999
394A Sali  198008301 9999 9999 9999 9999 9999 9999 9999 9999 9999 9999 9999 9999
394A Sali  198008302 9999 9999 9999 9999 9999 9999 9999 9999 9999 9999 9999 9999
394A Sali  198008311 9999 9999 9999 9999 9999 9999 9999 9999 9999 9999 9999 9999
394A Sali  198008312 9999 9999 9999 9999 9999 9999 9999 9999 9999 9999 9999 9999
394A Sali  198009011 9999 9999 9999 9999 9999 9999 9999 9999 9999 9999 9999 9999
394A Sali  198009012 9999 9999 9999 9999 9999 9999 9999 9999 9999 9999 9999 9999
394A Sali  198009021 9999 9999 9999 9999 9999 9999 9999 9999 9999 9999 9999 9999
394A Sali  198009022 9999 9999 9999 9999 9999 9999 9999 9999 9999 9999 9999 9999
394A Sali  198009031 9999 9999 9999 9999 9999 9999 9999 9999 9999 9999 9999 9999
394A Sali  198009032 9999 9999 9999 9999 9999 9999 9999 9999 9999 9999 9999 9999
394A Sali  198009041 9999 9999 9999 9999 9999 9999 9999 9999 9999 9999 9999 9999
394A Sali  198009042 9999 9999 9999 9999 9999 9999 9999 9999 9999 9999 9999 9999
394A Sali  198009051 9999 9999 9999 9999 9999 9999 9999 9999 9999 9999 9999 9999
394A Sali  198009052 9999 9999 9999 9999 9999 9999 9999 9999 9999 9999 9999 9999
394A Sali  198009061 9999 9999 9999 9999 9999 9999 9999 9999 9999 9999 9999 9999
394A Sali  198009062 9999 9999 9999 9999 9999 9999 9999 9999 9999 9999 9999 9999
394A Sali  198009071 9999 9999 9999 9999 9999 9999 9999 9999 9999 9999 9999 9999
394A Sali  198009072 9999 9999 9999 9999 9999 9999 9999 9999 9999 9999 9999 9999
394A Sali  198009081 9999 9999 9999 9999 9999 9999 9999 9999 9999 9999 9999 9999
394A Sali  198009082 9999 9999 9999 9999 9999 9999 9999 9999 9999 9999 9999 9999
394A Sali  198009091 9999 9999 9999 9999 9999 9999 9999 9999 9999 9999 9999 9999
394A Sali  198009092 9999 9999 9999 9999 9999 9999 9999 9999 9999 9999 9999 9999
394A Sali  198009101 9999 9999 9999 9999 9999 9999 9999 9999 9999 9999 9999 9999
394A Sali  198009102 9999 9999 9999 9999 9999 9999 9999 9999 9999 9999 9999 9999
394A Sali  198009111 9999 9999 9999 9999 9999 9999 9999 9999 9999 9999 9999 9999
394A Sali  198009112 9999 9999 9999 9999 9999 9999 9999 9999 9999 9999 9999 9999
394A Sali  198009121 9999 9999 9999 9999 9999 9999 9999 9999 9999 9999 9999 9999
394A Sali  198009122 9999 9999 9999 9999 9999 9999 9999 9999 9999 9999 9999 9999
394A Sali  198009131 9999 9999 9999 9999 9999 9999 9999 9999 9999 9999 9999 9999
394A Sali  198009132 9999 9999 9999 9999 9999 9999 9999 9999 9999 9999 9999 9999
394A Sali  198009141 9999 9999 9999 9999 9999 9999 9999 9999 9999 9999 9999 9999
394A Sali  198009142 9999 9999 9999 9999 9999 9999 9999 9999 9999 9999 9999 9999
394A Sali  198009151 9999 9999 9999 9999 9999 9999 9999 9999 9999 9999 9999 9999
394A Sali  198009152 9999 9999 9999 9999 9999 9999 9999 9999 9999 9999 9999 9999
394A Sali  198009161 9999 9999 9999 9999 9999 9999 9999 9999 9999 9999 9999 9999
394A Sali  198009162 9999 9999 9999 9999 9999 9999 9999 9999 9999 9999 9999 9999
394A Sali  198009171 9999 9999 9999 9999 9999 9999 9999 9999 9999 9999 9999 9999
394A Sali  198009172 9999 9999 9999 9999 9999 9999 9999 9999 9999 9999 9999 9999
394A Sali  198009181 9999 9999 9999 9999 9999 9999 9999 9999 9999 9999 9999 9999
394A Sali  198009182 9999 9999 9999 9999 9999 9999 9999 9999 9999 9999 9999 9999
394A Sali  198009191 9999 9999 9999 9999 9999 9999 9999 9999 9999 9999 9999 9999
394A Sali  198009192 9999 9999 9999 9999 9999 9999 9999 9999 9999 9999 9999 9999
394A Sali  198009201 9999 9999 9999 9999 9999 9999 9999 9999 9999 9999 9999 9999
394A Sali  198009202 9999 9999 9999 9999 9999 9999 9999 9999 9999 9999 9999 9999
394A Sali  198009211 9999 9999 9999 9999 9999 9999 9999 9999 9999 9999 9999 9999
394A Sali  198009212 9999 9999 9999 9999 9999 9999 9999 9999 9999 9999 9999 9999
394A Sali  198009221 9999 9999 9999 9999 9999 9999 9999 9999 9999 9999 9999 9999
394A Sali  198009222 9999 9999 9999 9999 9999 9999 9999 9999 9999 9999 9999 9999
394A Sali  198009231 9999 9999 9999 9999 9999 9999 9999 9999 9999 9999 9999 9999
394A Sali  198009232 9999 9999 9999 9999 9999 9999 9999 9999 9999 9999 9999 9999
394A Sali  198009241 9999 9999 9999 9999 9999 9999 9999 9999 9999 9999 9999 9999
394A Sali  198009242 9999 9999 9999 9999 9999 9999 9999 9999 9999 9999 9999 9999
394A Sali  198009251 9999 9999 9999 9999 9999 9999 9999 9999 9999 9999 9999 9999
394A Sali  198009252 9999 9999 9999 9999 9999 9999 9999 9999 9999 9999 9999 9999
394A Sali  198009261 9999 9999 9999 9999 9999 9999 9999 9999 9999 9999 9999 9999
394A Sali  198009262 9999 9999 9999 9999 9999 9999 9999 9999 9999 9999 9999 9999
394A Sali  198009271 9999 9999 9999 9999 9999 9999 9999 9999 9999 9999 9999 9999
394A Sali  198009272 9999 9999 9999 9999 9999 9999 9999 9999 9999 9999 9999 9999
394A Sali  198009281 9999 9999 9999 9999 9999 9999 9999 9999 9999 9999 9999 9999
394A Sali  198009282 9999 9999 9999 9999 9999 9999 9999 9999 9999 9999 9999 9999
394A Sali  198009291 9999 9999 9999 9999 9999 9999 9999 9999 9999 9999 9999 9999
394A Sali  198009292 9999 9999 9999 9999 9999 9999 9999 9999 9999 9999 9999 9999
394A Sali  198009301 9999 9999 9999 9999 9999 9999 9999 9999 9999 9999 9999 9999
394A Sali  198009302 9999 9999 9999 9999 9999 9999 9999 9999 9999 9999 9999 9999
394A Sali  198010011 9999 9999 9999 9999 9999 9999 9999 9999 9999 9999 9999 9999
394A Sali  198010012 9999 9999 9999 9999 9999 9999 9999 9999 9999 9999 9999 9999
394A Sali  198010021 9999 9999 9999 9999 9999 9999 9999 9999 9999 9999 9999 9999
394A Sali  198010022 9999 9999 9999 9999 9999 9999 9999 9999 9999 9999 9999 9999
394A Sali  198010031 9999 9999 9999 9999 9999 9999 9999 9999 9999 9999 9999 9999
394A Sali  198010032 9999 9999 9999 9999 9999 9999 9999 9999 9999 9999 9999 9999
394A Sali  198010041 9999 9999 9999 9999 9999 9999 9999 9999 9999 9999 9999 9999
394A Sali  198010042 9999 9999 9999 9999 9999 9999 9999 9999 9999 9999 9999 9999
394A Sali  198010051 9999 9999 9999 9999 9999 9999 9999 9999 9999 9999 9999 9999
394A Sali  198010052 9999 9999 9999 9999 9999 9999 9999 9999 9999 9999 9999 9999
394A Sali  198010061 9999 9999 9999 9999 9999 9999 9999 9999 9999 9999 9999 9999
394A Sali  198010062 9999 9999 9999 9999 9999 9999 9999 9999 9999 9999 9999 9999
394A Sali  198010071 9999 9999 9999 9999 9999 9999 9999 9999 9999 9999 9999 9999
394A Sali  198010072 9999 9999 9999 9999 9999 9999 9999 9999 9999 9999 9999 9999
394A Sali  198010081 9999 9999 9999 9999 9999 9999 9999 9999 9999 9999 9999 9999
394A Sali  198010082 9999 9999 9999 9999 9999 9999 9999 9999 9999 9999 9999 9999
394A Sali  198010091 9999 9999 9999 9999 9999 9999 9999 9999 9999 9999 9999 9999
394A Sali  198010092 9999 9999 9999 9999 9999 9999 9999 9999 9999 9999 9999 9999
394A Sali  198010101 9999 9999 9999 9999 9999 9999 9999 9999 9999 9999 9999 9999
394A Sali  198010102 9999 9999 9999 9999 9999 9999 9999 9999 9999 9999 9999 9999
394A Sali  198010111 9999 9999 9999 9999 9999 9999 9999 9999 9999 9999 9999 9999
394A Sali  198010112 9999 9999 9999 9999 9999 9999 9999 9999 9999 9999 9999 9999
394A Sali  198010121 9999 9999 9999 9999 9999 9999 9999 9999 9999 9999 9999 9999
394A Sali  198010122 9999 9999 9999 9999 9999 9999 9999 9999 9999 9999 9999 9999
394A Sali  198010131 9999 9999 9999 9999 9999 9999 9999 9999 9999 9999 9999 9999
394A Sali  198010132 9999 9999 9999 9999 9999 9999 9999 9999 9999 9999 9999 9999
394A Sali  198010141 9999 9999 9999 9999 9999 9999 9999 9999 9999 9999 9999 9999
394A Sali  198010142 9999 9999 9999 9999 9999 9999 9999 9999 9999 9999 9999 9999
394A Sali  198010151 9999 9999 9999 9999 9999 9999 9999 9999 9999 9999 9999 9999
394A Sali  198010152 9999 9999 9999 9999 9999 9999 9999 9999 9999 9999 9999 9999
394A Sali  198010161 9999 9999 9999 9999 9999 9999 9999 9999 9999 9999 9999 9999
394A Sali  198010162 9999 9999 9999 9999 9999 9999 9999 9999 9999 9999 9999 9999
394A Sali  198010171 9999 9999 9999 9999 9999 9999 9999 9999 9999 9999 9999 9999
394A Sali  198010172 9999 9999 9999 9999 9999 9999 9999 9999 9999 9999 9999 9999
394A Sali  198010181 9999 9999 9999 9999 9999 9999 9999 9999 9999 9999 9999 9999
394A Sali  198010182 9999 9999 9999 9999 9999 9999 9999 9999 9999 9999 9999 9999
394A Sali  198010191 9999 9999 9999 9999 9999 9999 9999 9999 9999 9999 9999 9999
394A Sali  198010192 9999 9999 9999 9999 9999 9999 9999 9999 9999 9999 9999 9999
394A Sali  198010201 9999 9999 9999 9999 9999 9999 9999 9999 9999 9999 9999 9999
394A Sali  198010202 9999 9999 9999 9999 9999 9999 9999 9999 9999 9999 9999 9999
394A Sali  198010211 9999 9999 9999 9999 9999 9999 9999 9999 9999 9999 9999 9999
394A Sali  198010212 9999 9999 9999 9999 9999 9999 9999 9999 9999 9999 9999 9999
394A Sali  198010221 9999 9999 9999 9999 9999 9999 9999 9999 9999 9999 9999 9999
394A Sali  198010222 9999 9999 9999 9999 9999 9999 9999 9999 9999 9999 9999 9999
394A Sali  198010231 9999 9999 9999 9999 9999 9999 9999 9999 9999 9999 9999 9999
394A Sali  198010232 9999 9999 9999 9999 9999 9999 9999 9999 9999 9999 9999 9999
394A Sali  198010241 9999 9999 9999 9999 9999 9999 9999 9999 9999 9999 9999 9999
394A Sali  198010242 9999 9999 9999 9999 9999 9999 9999 9999 9999 9999 9999 9999
394A Sali  198010251 9999 9999 9999 9999 9999 9999 9999 9999 9999 9999 9999 9999
394A Sali  198010252 9999 9999 9999 9999 9999 9999 9999 9999 9999 9999 9999 9999
394A Sali  198010261 9999 9999 9999 9999 9999 9999 9999 9999 9999 9999 9999 9999
394A Sali  198010262 9999 9999 9999 9999 9999 9999 9999 9999 9999 9999 9999 9999
394A Sali  198010271 9999 9999 9999 9999 9999 9999 9999 9999 9999 9999 9999 9999
394A Sali  198010272 9999 9999 9999 9999 9999 9999 9999 9999 9999 9999 9999 9999
394A Sali  198010281 9999 9999 9999 9999 9999 9999 9999 9999 9999 9999 9999 9999
394A Sali  198010282 9999 9999 9999 9999 9999 9999 9999 9999 9999 9999 9999 9999
394A Sali  198010291 9999 9999 9999 9999 9999 9999 9999 9999 9999 9999 9999 9999
394A Sali  198010292 9999 9999 9999 9999 9999 9999 9999 9999 9999 9999 9999 9999
394A Sali  198010301 9999 9999 9999 9999 9999 9999 9999 9999 9999 9999 9999 9999
394A Sali  198010302 9999 9999 9999 9999 9999 9999 9999 9999 9999 9999 9999 9999
394A Sali  198010311 9999 9999 9999 9999 9999 9999 9999 9999 9999 9999 9999 9999
394A Sali  198010312 9999 9999 9999 9999 9999 9999 9999 9999 9999 9999 9999 9999
394A Sali  198011011 9999 9999 9999 9999 9999 9999 9999 9999 9999 9999 9999 9999
394A Sali  198011012 9999 9999 9999 9999 9999 9999 9999 9999 9999 9999 9999 9999
394A Sali  198011021 9999 9999 9999 9999 9999 9999 9999 9999 9999 9999 9999 9999
394A Sali  198011022 9999 9999 9999 9999 9999 9999 9999 9999 9999 9999 9999 9999
394A Sali  198011031 9999 9999 9999 9999 9999 9999 9999 9999 9999 9999 9999 9999
394A Sali  198011032 9999 9999 9999 9999 9999 9999 9999 9999 9999 9999 9999 9999
394A Sali  198011041 9999 9999 9999 9999 9999 9999 9999 9999 9999 9999 9999 9999
394A Sali  198011042 9999 9999 9999 9999 9999 9999 9999 9999 9999 9999 9999 9999
394A Sali  198011051 9999 9999 9999 9999 9999 9999 9999 9999 9999 9999 9999 9999
394A Sali  198011052 9999 9999 9999 9999 9999 9999 9999 9999 9999 9999 9999 9999
394A Sali  198011061 9999 9999 9999 9999 9999 9999 9999 9999 9999 9999 9999 9999
394A Sali  198011062 9999 9999 9999 9999 9999 9999 9999 9999 9999 9999 9999 9999
394A Sali  198011071 9999 9999 9999 9999 9999 9999 9999 9999 9999 9999 9999 9999
394A Sali  198011072 9999 9999 9999 9999 9999 9999 9999 9999 9999 9999 9999 9999
394A Sali  198011081 9999 9999 9999 9999 9999 9999 9999 9999 9999 9999 9999 9999
394A Sali  198011082 9999 9999 9999 9999 9999 9999 9999 9999 9999 9999 9999 9999
394A Sali  198011091 9999 9999 9999 9999 9999 9999 9999 9999 9999 9999 9999 9999
394A Sali  198011092 9999 9999 9999 9999 9999 9999 9999 9999 9999 9999 9999 9999
394A Sali  198011101 9999 9999 9999 9999 9999 9999 9999 9999 9999 9999 9999 9999
394A Sali  198011102 9999 9999 9999 9999 9999 9999 9999 9999 9999 9999 9999 9999
394A Sali  198011111 9999 9999 9999 9999 9999 9999 9999 9999 9999 9999 9999 9999
394A Sali  198011112 9999 9999 9999 9999 9999 9999 9999 9999 9999 9999 9999 9999
394A Sali  198011121 9999 9999 9999 9999 9999 9999 9999 9999 9999 9999 9999 9999
394A Sali  198011122 9999 9999 9999 9999 9999 9999 9999 9999 9999 9999 9999 9999
394A Sali  198011131 9999 9999 9999 9999 9999 9999 9999 9999 9999 9999 9999 9999
394A Sali  198011132 9999 9999 9999 9999 9999 9999 9999 9999 9999 9999 9999 9999
394A Sali  198011141 9999 9999 9999 9999 9999 9999 9999 9999 9999 9999 9999 9999
394A Sali  198011142 9999 9999 9999 9999 9999 9999 9999 9999 9999 9999 9999 9999
394A Sali  198011151 9999 9999 9999 9999 9999 9999 9999 9999 9999 9999 9999 9999
394A Sali  198011152 9999 9999 9999 9999 9999 9999 9999 9999 9999 9999 9999 9999
394A Sali  198011161 9999 9999 9999 9999 9999 9999 9999 9999 9999 9999 9999 9999
394A Sali  198011162 9999 9999 9999 9999 9999 9999 9999 9999 9999 9999 9999 9999
394A Sali  198011171 9999 9999 9999 9999 9999 9999 9999 9999 9999 9999 9999 9999
394A Sali  198011172 9999 9999 9999 9999 9999 9999 9999 9999 9999 9999 9999 9999
394A Sali  198011181 9999 9999 9999 9999 9999 9999 9999 9999 9999 9999 9999 9999
394A Sali  198011182 9999 9999 9999 9999 9999 9999 9999 9999 9999 9999 9999 9999
394A Sali  198011191 9999 9999 9999 9999 9999 9999 9999 9999 9999 9999 9999 9999
394A Sali  198011192 9999 9999 9999 9999 9999 9999 9999 9999 9999 9999 9999 9999
394A Sali  198011201 9999 9999 9999 9999 9999 9999 9999 9999 9999 9999 9999 9999
394A Sali  198011202 9999 9999 9999 9999 9999 9999 9999 9999 9999 9999 9999 9999
394A Sali  198011211 9999 9999 9999 9999 9999 9999 9999 9999 9999 9999 9999 9999
394A Sali  198011212 9999 9999 9999 9999 9999 9999 9999 9999 9999 9999 9999 9999
394A Sali  198011221 9999 9999 9999 9999 9999 9999 9999 9999 9999 9999 9999 9999
394A Sali  198011222 9999 9999 9999 9999 9999 9999 9999 9999 9999 9999 9999 9999
394A Sali  198011231 9999 9999 9999 9999 9999 9999 9999 9999 9999 9999 9999 9999
394A Sali  198011232 9999 9999 9999 9999 9999 9999 9999 9999 9999 9999 9999 9999
394A Sali  198011241 9999 9999 9999 9999 9999 9999 9999 9999 9999 9999 9999 9999
394A Sali  198011242 9999 9999 9999 9999 9999 9999 9999 9999 9999 9999 9999 9999
394A Sali  198011251 9999 9999 9999 9999 9999 9999 9999 9999 9999 9999 9999 9999
394A Sali  198011252 9999 9999 9999 9999 9999 9999 9999 9999 9999 9999 9999 9999
394A Sali  198011261 9999 9999 9999 9999 9999 9999 9999 9999 9999 9999 9999 9999
394A Sali  198011262 9999 9999 9999 9999 9999 9999 9999 9999 9999 9999 9999 9999
394A Sali  198011271 9999 9999 9999 9999 9999 9999 9999 9999 9999 9999 9999 9999
394A Sali  198011272 9999 9999 9999 9999 9999 9999 9999 9999 9999 9999 9999 9999
394A Sali  198011281 9999 9999 9999 9999 9999 9999 9999 9999 9999 9999 9999 9999
394A Sali  198011282 9999 9999 9999 9999 9999 9999 9999 9999 9999 9999 9999 9999
394A Sali  198011291 9999 9999 9999 9999 9999 9999 9999 9999 9999 9999 9999 9999
394A Sali  198011292 9999 9999 9999 9999 9999 9999 9999 9999 9999 9999 9999 9999
394A Sali  198011301 9999 9999 9999 9999 9999 9999 9999 9999 9999 9999 9999 9999
394A Sali  198011302 9999 9999 9999 9999 9999 9999 9999 9999 9999 9999 9999 9999
394A Sali  198012011 9999 9999 9999 9999 9999 9999 9999 9999 9999 9999 9999 9999
394A Sali  198012012 9999 9999 9999 9999 9999 9999 9999 9999 9999 9999 9999 9999
394A Sali  198012021 9999 9999 9999 9999 9999 9999 9999 9999 9999 9999 9999 9999
394A Sali  198012022 9999 9999 9999 9999 9999 9999 9999 9999 9999 9999 9999 9999
394A Sali  198012031 9999 9999 9999 9999 9999 9999 9999 9999 9999 9999 9999 9999
394A Sali  198012032 9999 9999 9999 9999 9999 9999 9999 9999 9999 9999 9999 9999
394A Sali  198012041 9999 9999 9999 9999 9999 9999 9999 9999 9999 9999 9999 9999
394A Sali  198012042 9999 9999 9999 9999 9999 9999 9999 9999 9999 9999 9999 9999
394A Sali  198012051 9999 9999 9999 9999 9999 9999 9999 9999 9999 9999 9999 9999
394A Sali  198012052 9999 9999 9999 9999 9999 9999 9999 9999 9999 9999 9999 9999
394A Sali  198012061 9999 9999 9999 9999 9999 9999 9999 9999 9999 9999 9999 9999
394A Sali  198012062 9999 9999 9999 9999 9999 9999 9999 9999 9999 9999 9999 9999
394A Sali  198012071 9999 9999 9999 9999 9999 9999 9999 9999 9999 9999 9999 9999
394A Sali  198012072 9999 9999 9999 9999 9999 9999 9999 9999 9999 9999 9999 9999
394A Sali  198012081 9999 9999 9999 9999 9999 9999 9999 9999 9999 9999 9999 9999
394A Sali  198012082 9999 9999 9999 9999 9999 9999 9999 9999 9999 9999 9999 9999
394A Sali  198012091 9999 9999 9999 9999 9999 9999 9999 9999 9999 9999 9999 9999
394A Sali  198012092 9999 9999 9999 9999 9999 9999 9999 9999 9999 9999 9999 9999
394A Sali  198012101 9999 9999 9999 9999 9999 9999 9999 9999 9999 9999 9999 9999
394A Sali  198012102 9999 9999 9999 9999 9999 9999 9999 9999 9999 9999 9999 9999
394A Sali  198012111 9999 9999 9999 9999 9999 9999 9999 9999 9999 9999 9999 9999
394A Sali  198012112 9999 9999 9999 9999 9999 9999 9999 9999 9999 9999 9999 9999
394A Sali  198012121 9999 9999 9999 9999 9999 9999 9999 9999 9999 9999 9999 9999
394A Sali  198012122 9999 9999 9999 9999 9999 9999 9999 9999 9999 9999 9999 9999
394A Sali  198012131 9999 9999 9999 9999 9999 9999 9999 9999 9999 9999 9999 9999
394A Sali  198012132 9999 9999 9999 9999 9999 9999 9999 9999 9999 9999 9999 9999
394A Sali  198012141 9999 9999 9999 9999 9999 9999 9999 9999 9999 9999 9999 9999
394A Sali  198012142 9999 9999 9999 9999 9999 9999 9999 9999 9999 9999 9999 9999
394A Sali  198012151 9999 9999 9999 9999 9999 9999 9999 9999 9999 9999 9999 9999
394A Sali  198012152 9999 9999 9999 9999 9999 9999 9999 9999 9999 9999 9999 9999
394A Sali  198012161 9999 9999 9999 9999 9999 9999 9999 9999 9999 9999 9999 9999
394A Sali  198012162 9999 9999 9999 9999 9999 9999 9999 9999 9999 9999 9999 9999
394A Sali  198012171 9999 9999 9999 9999 9999 9999 9999 9999 9999 9999 9999 9999
394A Sali  198012172 9999 9999 9999 9999 9999 9999 9999 9999 9999 9999 9999 9999
394A Sali  198012181 9999 9999 9999 9999 9999 9999 9999 9999 9999 9999 9999 9999
394A Sali  198012182 9999 9999 9999 9999 9999 9999 9999 9999 9999 9999 9999 9999
394A Sali  198012191 9999 9999 9999 9999 9999 9999 9999 9999 9999 9999 9999 9999
394A Sali  198012192 9999 9999 9999 9999 9999 9999 9999 9999 9999 9999 9999 9999
394A Sali  198012201 9999 9999 9999 9999 9999 9999 9999 9999 9999 9999 9999 9999
394A Sali  198012202 9999 9999 9999 9999 9999 9999 9999 9999 9999 9999 9999 9999
394A Sali  198012211 9999 9999 9999 9999 9999 9999 9999 9999 9999 9999 9999 9999
394A Sali  198012212 9999 9999 9999 9999 9999 9999 9999 9999 9999 9999 9999 9999
394A Sali  198012221 9999 9999 9999 9999 9999 9999 9999 9999 9999 9999 9999 9999
394A Sali  198012222 9999 9999 9999 9999 9999 9999 9999 9999 9999 9999 9999 9999
394A Sali  198012231 9999 9999 9999 9999 9999 9999 9999 9999 9999 9999 9999 9999
394A Sali  198012232 9999 9999 9999 9999 9999 9999 9999 9999 9999 9999 9999 9999
394A Sali  198012241 9999 9999 9999 9999 9999 9999 9999 9999 9999 9999 9999 9999
394A Sali  198012242 9999 9999 9999 9999 9999 9999 9999 9999 9999 9999 9999 9999
394A Sali  198012251 9999 9999 9999 9999 9999 9999 9999 9999 9999 9999 9999 9999
394A Sali  198012252 9999 9999 9999 9999 9999 9999 9999 9999 9999 9999 9999 9999
394A Sali  198012261 9999 9999 9999 9999 9999 9999 9999 9999 9999 9999 9999 9999
394A Sali  198012262 9999 9999 9999 9999 9999 9999 9999 9999 9999 9999 9999 9999
394A Sali  198012271 9999 9999 9999 9999 9999 9999 9999 9999 9999 9999 9999 9999
394A Sali  198012272 9999 9999 9999 9999 9999 9999 9999 9999 9999 9999 9999 9999
394A Sali  198012281 9999 9999 9999 9999 9999 9999 9999 9999 9999 9999 9999 9999
394A Sali  198012282 9999 9999 9999 9999 9999 9999 9999 9999 9999 9999 9999 9999
394A Sali  198012291 9999 9999 9999 9999 9999 9999 9999 9999 9999 9999 9999 9999
394A Sali  198012292 9999 9999 9999 9999 9999 9999 9999 9999 9999 9999 9999 9999
394A Sali  198012301 9999 9999 9999 9999 9999 9999 9999 9999 9999 9999 9999 9999
394A Sali  198012302 9999 9999 9999 9999 9999 9999 9999 9999 9999 9999 9999 9999
394A Sali  198012311 9999 9999 9999 9999 9999 9999 9999 9999 9999 9999 9999 9999
394A Sali  198012312 9999 9999 9999 9999 9999 9999 9999 9999 9999 9999 9999 9999
