394A Salina Cruz        Mexico              1991 16096N 095122W 0000 3 00000R MM
394A Sali  199101011  792  640  579  671  884 1204 1541 1821 1981 1986 1833 1569
394A Sali  199101012 1250  914  640  579  610  823 1097 1372 1585 1615 1494 1311
394A Sali  199101021 1036  762  640  579  671  914 1219 1615 1859 1981 2042 1829
394A Sali  199101022 1494 1158  823  610  518  640  914 1219 1477 1646 1707 1646
394A Sali  199101031 1372 1097  792  610  579  640  884 1219 1524 1829 1951 1920
394A Sali  199101032 1737 1372 1006  640  457  427  579  853 1158 1494 1725 1798
394A Sali  199101041 1707 1494 1189  823  610  549  610  884 1189 1585 1798 1951
394A Sali  199101042 1829 1554 1280  884  549  427  457  640  884 1250 1615 1768
394A Sali  199101051 1768 1707 1463 1189  823  640  671  762  975 1311 1615 1798
394A Sali  199101052 1859 1768 1494 1158  884  549  457  488  732 1067 1372 1737
394A Sali  199101061 1859 1829 1676 1433 1067  823  701  671  823 1036 1280 1554
394A Sali  199101062 1768 1768 1676 1433 1097  792  610  549  671  884 1219 1554
394A Sali  199101071 1768 1890 1890 1676 1433 1158  914  792  762  884 1067 1341
394A Sali  199101072 1554 1707 1737 1615 1433 1158  853  671  671  732  975 1250
394A Sali  199101081 1554 1798 1859 1890 1737 1463 1158  945  823  792  884 1097
394A Sali  199101082 1341 1524 1646 1615 1463 1219 1006  823  732  732  884 1067
394A Sali  199101091 1280 1554 1768 1859 1859 1707 1494 1280 1036  945  945 1006
394A Sali  199101092 1219 1372 1524 1615 1554 1463 1280 1097  884  823  914 1006
394A Sali  199101101 1219 1494 1707 1859 1920 1859 1707 1494 1250 1097 1067 1097
394A Sali  199101102 1158 1311 1402 1554 1585 1524 1433 1250 1097  975  975 1067
394A Sali  199101111 1219 1372 1646 1829 1890 1920 1829 1646 1494 1250 1189 1097
394A Sali  199101112 1067 1189 1311 1402 1524 1554 1494 1433 1280 1128 1036  975
394A Sali  199101121 1097 1189 1402 1585 1798 1829 1859 1737 1615 1463 1250 1128
394A Sali  199101122 1067 1036 1128 1219 1341 1402 1402 1372 1250 1097 1006  884
394A Sali  199101131  853  884 1067 1250 1402 1585 1676 1676 1615 1463 1341 1128
394A Sali  199101132 1006  945  975 1006 1158 1250 1341 1402 1341 1250 1128 1036
394A Sali  199101141  975  884 1006 1158 1372 1585 1676 1768 1768 1646 1463 1280
394A Sali  199101142 1128 1006 1006 1006 1067 1219 1372 1463 1524 1433 1341 1219
394A Sali  199101151 1067  975 1006 1097 1280 1524 1707 1859 1920 1829 1707 1524
394A Sali  199101152 1341 1189 1067 1036 1067 1158 1280 1433 1554 1615 1554 1433
394A Sali  199101161 1280 1128 1097 1097 1250 1433 1615 1798 1920 1951 1859 1737
394A Sali  199101162 1524 1311 1158 1036 1006 1097 1250 1433 1615 1707 1676 1554
394A Sali  199101171 1372 1219 1097 1036 1128 1250 1433 1646 1829 1981 1981 1890
394A Sali  199101172 1707 1494 1280 1067 1006 1036 1189 1372 1554 1737 1798 1737
394A Sali  199101181 1646 1463 1280 1158 1097 1097 1311 1494 1707 1920 2042 2012
394A Sali  199101182 1890 1646 1402 1189 1036 1006 1097 1311 1524 1737 1890 1920
394A Sali  199101191 1859 1707 1524 1311 1158 1097 1189 1372 1646 1890 2012 2073
394A Sali  199101192 1951 1768 1494 1250 1067  975 1006 1189 1402 1646 1829 1951
394A Sali  199101201 1981 1859 1646 1402 1189 1097 1128 1250 1463 1676 1890 1981
394A Sali  199101202 1981 1859 1615 1372 1128  953  914 1036 1219 1524 1737 1951
394A Sali  199101211 2012 1981 1798 1524 1311 1128 1036 1097 1250 1402 1646 1829
394A Sali  199101212 1920 1920 1768 1524 1280 1006  884  884 1036 1280 1554 1829
394A Sali  199101221 1981 2012 1920 1737 1494 1250 1036  975 1006 1128 1372 1615
394A Sali  199101222 1768 1829 1737 1554 1311 1036  823  792  884 1067 1311 1615
394A Sali  199101231 1859 1981 2042 1920 1676 1463 1189 1025  975 1036 1189 1433
394A Sali  199101232 1615 1761 1798 1676 1463 1189  975  853  853 1006 1189 1463
394A Sali  199101241 1737 1981 2103 2103 1951 1737 1433 1189 1036 1006 1128 1341
394A Sali  199101242 1554 1707 1737 1707 1585 1402 1158  975  884  884 1006 1219
394A Sali  199101251 1524 1829 1981 2073 2042 1859 1585 1341 1097  975  975 1036
394A Sali  199101252 1219 1372 1554 1585 1585 1463 1219 1036  823  701  732  823
394A Sali  199101261 1128 1402 1646 1829 1890 1859 1676 1433 1158  945  884  884
394A Sali  199101262  971 1128 1311 1433 1524 1494 1341 1158  945  792  701  792
394A Sali  199101271  949 1192 1470 1724 1905 1977 1920 1740 1494 1280 1067  945
394A Sali  199101272  914 1006 1128 1341 1463 1585 1524 1402 1219 1006  823  792
394A Sali  199101281  762  945 1158 1463 1707 1920 2042 2012 1859 1646 1341 1097
394A Sali  199101282  975  914 1006 1219 1402 1554 1646 1676 1554 1372 1189  945
394A Sali  199101291  823  853  975 1189 1494 1768 1981 2103 2012 1829 1585 1280
394A Sali  199101292 1067  945  914 1036 1219 1463 1615 1768 1768 1646 1433 1189
394A Sali  199101301  975  853  823 1036 1250 1554 1859 2073 2134 2012 1798 1524
394A Sali  199101302 1189  975  823  823  914 1128 1402 1646 1798 1829 1707 1463
394A Sali  199101311 1189  975  792  792  914 1189 1494 1798 1951 2012 1981 1737
394A Sali  199101312 1463 1128  853  640  610  732 1006 1311 1554 1707 1676 1554
394A Sali  199102011 1250  914  671  488  457  579  853 1128 1433 1646 1737 1676
394A Sali  199102012 1494 1189  853  518  366  366  610  884 1250 1554 1707 1707
394A Sali  199102021 1524 1219  914  640  488  549  701 1006 1311 1585 1768 1798
394A Sali  199102022 1676 1402 1097  792  518  396  488  732 1067 1433 1707 1829
394A Sali  199102031 1798 1615 1280  975  732  549  579  701  975 1250 1554 1707
394A Sali  199102032 1768 1646 1372 1006  732  518  488  610  945 1280 1615 1859
394A Sali  199102041 1951 1890 1707 1433 1097  884  732  701  884 1128 1463 1676
394A Sali  199102042 1829 1798 1615 1341 1067  823  671  701  823 1097 1402 1707
394A Sali  199102051 1920 2042 1981 1798 1524 1219  945  823  884 1036 1341 1554
394A Sali  199102052 1768 1829 1768 1585 1341 1036  853  732  792 1006 1219 1531
394A Sali  199102061 1798 1981 2012 1920 1707 1372 1097  945  884  945 1097 1311
394A Sali  199102062 1524 1646 1707 1676 1433 1189 1036  853  762  792  945 1280
394A Sali  199102071 1585 1768 1920 1890 1798 1554 1311 1128  945  945 1006 1158
394A Sali  199102072 1311 1494 1585 1615 1494 1311 1128  914  792  792  914 1097
394A Sali  199102081 1341 1554 1707 1768 1707 1585 1402 1219 1036  884  823  884
394A Sali  199102082 1036 1219 1311 1402 1372 1280 1097  945  762  732  732  792
394A Sali  199102091  975 1219 1417 1554 1615 1585 1494 1280 1097  975  853  853
394A Sali  199102092  884 1036 1189 1250 1280 1311 1219 1097  975  853  792  823
394A Sali  199102101  945 1097 1280 1459 1585 1676 1615 1524 1311 1158 1036  975
394A Sali  199102102  975 1036 1128 1280 1372 1402 1372 1311 1189 1067  975  914
394A Sali  199102111  975 1067 1250 1433 1585 1676 1707 1646 1494 1341 1189 1067
394A Sali  199102112 1006 1006 1067 1158 1280 1341 1402 1372 1311 1189 1067  975
394A Sali  199102121  914  975 1097 1250 1433 1554 1615 1646 1585 1494 1341 1158
394A Sali  199102122 1036  945  975 1036 1128 1280 1402 1433 1433 1341 1219 1097
394A Sali  199102131  975  975 1006 1158 1341 1494 1676 1737 1737 1676 1554 1341
394A Sali  199102132 1219 1067 1006 1036 1128 1280 1463 1554 1615 1585 1494 1341
394A Sali  199102141 1219 1097 1067 1097 1189 1402 1585 1737 1859 1890 1768 1646
394A Sali  199102142 1433 1250 1067 1036 1097 1219 1372 1585 1676 1707 1676 1585
394A Sali  199102151 1433 1250 1097 1036 1097 1219 1402 1646 1737 1798 1768 1615
394A Sali  199102152 1402 1158  975  884  853  945 1158 1341 1554 1676 1676 1585
394A Sali  199102161 1433 1219 1006  853  853  975 1158 1372 1585 1707 1737 1646
394A Sali  199102162 1463 1189 1006  823  792  823  975 1219 1463 1664 1768 1737
394A Sali  199102171 1585 1372 1097  914  823  853 1006 1219 1463 1646 1768 1768
394A Sali  199102172 1646 1463 1189  975  823  792  945 1128 1463 1707 1890 1981
394A Sali  199102181 1890 1737 1463 1219  975  914  914 1067 1311 1554 1768 1829
394A Sali  199102182 1829 1676 1433 1158  884  792  853 1036 1341 1630 1890 2042
394A Sali  199102191 2073 1951 1737 1463 1189 1006  914  945 1158 1402 1676 1829
394A Sali  199102192 1920 1798 1585 1311 1036  853  823  945 1158 1433 1734 1981
394A Sali  199102201 2164 2164 1920 1646 1372 1067  914  884 1036 1250 1524 1707
394A Sali  199102202 1829 1798 1615 1372 1097  853  732  701  823 1048 1341 1670
394A Sali  199102211 1920 2015 1961 1773 1494 1189  884  762  762  884 1128 1341
394A Sali  199102212 1554 1737 1707 1494 1280 1036  762  671  701  823 1097 1433
394A Sali  199102221 1737 1981 2073 1951 1676 1402 1128  914  823  823  945 1158
394A Sali  199102222 1372 1585 1676 1615 1433 1219  945  762  671  701  945 1189
394A Sali  199102231 1494 1737 1920 1951 1859 1676 1402 1158  914  823  823  975
394A Sali  199102232 1189 1372 1494 1585 1494 1372 1128  884  732  671  701  853
394A Sali  199102241 1097 1433 1646 1829 1890 1798 1615 1402 1158  945  853  884
394A Sali  199102242 1006 1250 1433 1585 1615 1554 1433 1219 1036  853  792  884
394A Sali  199102251 1006 1250 1524 1798 1920 1981 1920 1707 1463 1250 1067  945
394A Sali  199102252  975 1067 1280 1463 1615 1676 1676 1524 1341 1128  945  853
394A Sali  199102261  884 1036 1250 1494 1798 1981 1981 1829 1676 1372 1189  945
394A Sali  199102262  853  914 1006 1189 1341 1554 1676 1646 1463 1280 1097  884
394A Sali  199102271  762  762  914 1128 1381 1615 1798 1798 1676 1494 1311 1036
394A Sali  199102272  853  732  732  914 1067 1341 1494 1646 1646 1524 1341 1067
394A Sali  199102281  884  732  732  853 1036 1311 1554 1707 1829 1737 1571 1341
394A Sali  199102282 1097  884  732  762  853 1097 1372 1585 1737 1737 1615 1372
394A Sali  199103011 1128  914  792  762  853 1097 9999 9999 9999 9999 9999 9999
394A Sali  199103012 9999 9999 9999 9999 9999 9999 9999 9999 9999 9999 9999 9999
394A Sali  199103021 9999 9999 9999 9999 9999 9999 9999 9999 9999 9999 9999 9999
394A Sali  199103022 9999 9999 9999 9999 9999 9999 9999 9999 9999 9999 9999 9999
394A Sali  199103031 9999 9999 9999 9999 9999 9999 9999 9999 9999 9999 9999 9999
394A Sali  199103032 9999 9999 9999 9999 9999 9999 9999 9999 9999 9999 9999 9999
394A Sali  199103041 9999 9999 9999 9999 9999 9999 9999 9999 9999 9999 9999 9999
394A Sali  199103042 9999 9999 9999 9999 9999 9999 9999 9999 9999 9999 9999 9999
394A Sali  199103051 9999 9999 9999 9999 9999 9999 9999 9999 9999 9999 9999 9999
394A Sali  199103052 9999 9999 9999 9999 9999 9999 9999 9999 9999 9999 9999 9999
394A Sali  199103061 9999 9999 9999 9999 9999 9999 9999 9999 9999 9999 9999 9999
394A Sali  199103062 9999 9999 9999 9999 9999 9999 9999 9999 9999 9999 9999 9999
394A Sali  199103071 9999 9999 9999 9999 9999 9999 9999 9999 9999 9999 9999 9999
394A Sali  199103072 9999 9999 9999 9999 9999 9999 9999 9999 9999 9999 9999 9999
394A Sali  199103081 9999 9999 9999 9999 9999 9999 9999 9999 9999 9999 9999 9999
394A Sali  199103082 9999 9999 9999 9999 9999 9999 9999 9999 9999 9999 9999 9999
394A Sali  199103091 9999 9999 9999 9999 9999 9999 9999 9999 9999 9999 9999 9999
394A Sali  199103092 9999 9999 9999 9999 9999 9999 9999 9999 9999 9999 9999 9999
394A Sali  199103101 9999 9999 9999 9999 9999 9999 9999 9999 9999 9999 9999 9999
394A Sali  199103102 9999 9999 9999 9999 9999 9999 9999 9999 9999 9999 9999 9999
394A Sali  199103111 9999 9999 9999 9999 9999 9999 9999 9999 9999 9999 9999 9999
394A Sali  199103112 9999 9999 9999 9999 9999 9999 9999 9999 9999 9999 9999 9999
394A Sali  199103121 9999 9999 9999 9999 9999 9999 9999 9999 9999 9999 9999 9999
394A Sali  199103122 9999 9999 9999 9999 9999 9999 9999 9999 9999 9999 9999 9999
394A Sali  199103131 9999 9999 9999 9999 9999 9999 9999 9999 9999 9999 9999 9999
394A Sali  199103132 9999 9999 9999 9999 9999 9999 9999 9999 9999 9999 9999 9999
394A Sali  199103141 9999 9999 9999 9999 9999 9999 9999 9999 9999 9999 9999 9999
394A Sali  199103142 9999 9999 9999 9999 9999 9999 9999 9999 9999 9999 9999 9999
394A Sali  199103151 9999 9999 9999 9999 9999 9999 9999 9999 9999 9999 9999 9999
394A Sali  199103152 9999 9999 9999 9999 9999 9999 9999 9999 9999 9999 9999 9999
394A Sali  199103161 9999 9999 9999 9999 9999 9999 9999 9999 9999 9999 9999 9999
394A Sali  199103162 9999 9999 9999 9999 9999 9999 9999 9999 9999 9999 9999 9999
394A Sali  199103171 9999 9999 9999 9999 9999 9999 9999 9999 9999 9999 9999 9999
394A Sali  199103172 9999 9999 9999 9999 9999 9999 9999 9999 9999 9999 9999 9999
394A Sali  199103181 9999 9999 9999 9999 9999 9999 9999 9999 9999 9999 9999 9999
394A Sali  199103182 9999 9999 9999 9999 9999 9999 9999 9999 9999 9999 9999 9999
394A Sali  199103191 9999 9999 9999 9999 9999 9999 9999 9999 9999 9999 9999 9999
394A Sali  199103192 9999 9999 9999 9999 9999 9999 9999 9999 9999 9999 9999 9999
394A Sali  199103201 9999 9999 9999 9999 9999 9999 9999 9999 9999 9999 9999 9999
394A Sali  199103202 9999 9999 9999 9999 9999 9999 9999 9999 9999 9999 9999 9999
394A Sali  199103211 9999 9999 9999 9999 9999 9999 9999 9999 9999 9999 9999 9999
394A Sali  199103212 9999 9999 9999 9999 9999 9999 9999 9999 9999 9999 9999 9999
394A Sali  199103221 9999 9999 9999 9999 9999 9999 9999 9999 9999 9999 9999 9999
394A Sali  199103222 9999 9999 9999 9999 9999 9999 9999 9999 9999 9999 9999 9999
394A Sali  199103231 9999 9999 9999 9999 9999 9999 9999 9999 9999 9999 9999 9999
394A Sali  199103232 9999 9999 9999 9999 9999 9999 9999 9999 9999 9999 9999 9999
394A Sali  199103241 9999 9999 9999 9999 9999 9999 9999 9999 9999 9999 9999 9999
394A Sali  199103242 9999 9999 9999 9999 9999 9999 9999 9999 9999 9999 9999 9999
394A Sali  199103251 9999 9999 9999 9999 9999 9999 9999 9999 9999 9999 9999 9999
394A Sali  199103252 9999 9999 9999 9999 9999 9999 9999 9999 9999 9999 9999 9999
394A Sali  199103261 9999 9999 9999 9999 9999 9999 9999 9999 9999 9999 9999 9999
394A Sali  199103262 9999 9999 9999 9999 9999 9999 9999 9999 9999 9999 9999 9999
394A Sali  199103271 9999 9999 9999 9999 9999 9999 9999 9999 9999 9999 9999 9999
394A Sali  199103272 9999 9999 9999 9999 9999 9999 9999 9999 9999 9999 9999 9999
394A Sali  199103281 9999 9999 9999 9999 9999 9999 9999 9999 9999 9999 9999 9999
394A Sali  199103282 9999 9999 9999 9999 9999 9999 9999 9999 9999 9999 9999 9999
394A Sali  199103291 9999 9999 9999 9999 9999 9999 9999 9999 9999 9999 9999 9999
394A Sali  199103292 9999 9999 9999 9999 9999 9999 9999 9999 9999 9999 9999 9999
394A Sali  199103301 9999 9999 9999 9999 9999 9999 9999 9999 9999 9999 9999 9999
394A Sali  199103302 9999 9999 9999 9999 9999 9999 9999 9999 9999 9999 9999 9999
394A Sali  199103311 9999 9999 9999 9999 9999 9999 9999 9999 9999 9999 9999 9999
394A Sali  199103312 9999 9999 9999 9999 9999 9999 9999 9999 9999 9999 9999 9999
394A Sali  199104011 9999 9999 9999 9999 9999 9999 9999 9999 9999 9999 9999 9999
394A Sali  199104012 9999 9999 9999 9999 9999 9999 9999 9999 9999 9999 9999 9999
394A Sali  199104021 9999 9999 9999 9999 9999 9999 9999 9999 9999 9999 9999 9999
394A Sali  199104022 9999 9999 9999 9999 9999 9999 9999 9999 9999 9999 9999 9999
394A Sali  199104031 9999 9999 9999 9999 9999 9999 9999 9999 9999 9999 9999 9999
394A Sali  199104032 9999 9999 9999 9999 9999 9999 9999 9999 9999 9999 9999 9999
394A Sali  199104041 9999 9999 9999 9999 9999 9999 9999 9999 9999 9999 9999 9999
394A Sali  199104042 9999 9999 9999 9999 9999 9999 9999 9999 9999 9999 9999 9999
394A Sali  199104051 9999 9999 9999 9999 9999 9999 9999 9999 9999 9999 9999 9999
394A Sali  199104052 9999 9999 9999 9999 9999 9999 9999 9999 9999 9999 9999 9999
394A Sali  199104061 9999 9999 9999 9999 9999 9999 9999 9999 9999 9999 9999 9999
394A Sali  199104062 9999 9999 9999 9999 9999 9999 9999 9999 9999 9999 9999 9999
394A Sali  199104071 9999 9999 9999 9999 9999 9999 9999 9999 9999 9999 9999 9999
394A Sali  199104072 9999 9999 9999 9999 9999 9999 9999 9999 9999 9999 9999 9999
394A Sali  199104081 9999 9999 9999 9999 9999 9999 9999 9999 9999 9999 9999 9999
394A Sali  199104082 9999 9999 9999 9999 9999 9999 9999 9999 9999 9999 9999 9999
394A Sali  199104091 9999 9999 9999 9999 9999 9999 9999 9999 9999 9999 9999 9999
394A Sali  199104092 9999 9999 9999 9999 9999 9999 9999 9999 9999 9999 9999 9999
394A Sali  199104101 9999 9999 9999 9999 9999 9999 9999 9999 9999 9999 9999 9999
394A Sali  199104102 9999 9999 9999 9999 9999 9999 9999 9999 9999 9999 9999 9999
394A Sali  199104111 9999 9999 9999 9999 9999 9999 9999 9999 9999 9999 9999 9999
394A Sali  199104112 9999 9999 9999 9999 9999 9999 9999 9999 9999 9999 9999 9999
394A Sali  199104121 9999 9999 9999 9999 9999 9999 9999 9999 9999 9999 9999 9999
394A Sali  199104122 9999 9999 9999 9999 9999 9999 9999 9999 9999 9999 9999 9999
394A Sali  199104131 9999 9999 9999 9999 9999 9999 9999 9999 9999 9999 9999 9999
394A Sali  199104132 9999 9999 9999 9999 9999 9999 9999 9999 9999 9999 9999 9999
394A Sali  199104141 9999 9999 9999 9999 9999 9999 9999 9999 9999 9999 9999 9999
394A Sali  199104142 9999 9999 9999 9999 9999 9999 9999 9999 9999 9999 9999 9999
394A Sali  199104151 9999 9999 9999 9999 9999 9999 9999 9999 9999 9999 9999 9999
394A Sali  199104152 9999 9999 9999 9999 9999 9999 9999 9999 9999 9999 9999 9999
394A Sali  199104161 9999 9999 9999 9999 9999 9999 9999 9999 9999 9999 9999 9999
394A Sali  199104162 9999 9999 9999 9999 9999 9999 9999 9999 9999 9999 9999 9999
394A Sali  199104171 9999 9999 9999 9999 9999 9999 9999 9999 9999 9999 9999 9999
394A Sali  199104172 9999 9999 9999 9999 9999 9999 9999 9999 9999 9999 9999 9999
394A Sali  199104181 9999 9999 9999 9999 9999 9999 9999 9999 9999 9999 9999 9999
394A Sali  199104182 9999 9999 9999 9999 9999 9999 9999 9999 9999 9999 9999 9999
394A Sali  199104191 9999 9999 9999 9999 9999 9999 9999 9999 9999 9999 9999 9999
394A Sali  199104192 9999 9999 9999 9999 9999 9999 9999 9999 9999 9999 9999 9999
394A Sali  199104201 9999 9999 9999 9999 9999 9999 9999 9999 9999 9999 9999 9999
394A Sali  199104202 9999 9999 9999 9999 9999 9999 9999 9999 9999 9999 9999 9999
394A Sali  199104211 9999 9999 9999 9999 9999 9999 9999 9999 9999 9999 9999 9999
394A Sali  199104212 9999 9999 9999 9999 9999 9999 9999 9999 9999 9999 9999 9999
394A Sali  199104221 9999 9999 9999 9999 9999 9999 9999 9999 9999 9999 9999 9999
394A Sali  199104222 9999 9999 9999 9999 9999 9999 9999 9999 9999 9999 9999 9999
394A Sali  199104231 9999 9999 9999 9999 9999 9999 9999 9999 9999 9999 9999 9999
394A Sali  199104232 9999 9999 9999 9999 9999 9999 9999 9999 9999 9999 9999 9999
394A Sali  199104241 9999 9999 9999 9999 9999 9999 9999 9999 9999 9999 9999 9999
394A Sali  199104242 9999 9999 9999 9999 9999 9999 9999 9999 9999 9999 9999 9999
394A Sali  199104251 9999 9999 9999 9999 9999 9999 9999 9999 9999 9999 9999 9999
394A Sali  199104252 9999 9999 9999 9999 9999 9999 9999 9999 9999 9999 9999 9999
394A Sali  199104261 9999 9999 9999 9999 9999 9999 9999 9999 9999 9999 9999 9999
394A Sali  199104262 9999 9999 9999 9999 9999 9999 9999 9999 9999 9999 9999 9999
394A Sali  199104271 9999 9999 9999 9999 9999 9999 9999 9999 9999 9999 9999 9999
394A Sali  199104272 9999 9999 9999 9999 9999 9999 9999 9999 9999 9999 9999 9999
394A Sali  199104281 9999 9999 9999 9999 9999 9999 9999 9999 9999 9999 9999 9999
394A Sali  199104282 9999 9999 9999 9999 9999 9999 9999 9999 9999 9999 9999 9999
394A Sali  199104291 9999 9999 9999 9999 9999 9999 9999 9999 9999 9999 9999 9999
394A Sali  199104292 9999 9999 9999 9999 9999 9999 9999 9999 9999 9999 9999 9999
394A Sali  199104301 9999 9999 9999 9999 9999 9999 9999 9999 9999 9999 9999 9999
394A Sali  199104302 9999 9999 9999 9999 9999 9999 9999 9999 9999 9999 9999 9999
394A Sali  199105011 9999 9999 9999 9999 9999 9999 9999 9999 9999 9999 9999 9999
394A Sali  199105012 9999 9999 9999 9999 9999 9999 9999 9999 9999 9999 9999 9999
394A Sali  199105021 9999 9999 9999 9999 9999 9999 9999 9999 9999 9999 9999 9999
394A Sali  199105022 9999 9999 9999 9999 9999 9999 9999 9999 9999 9999 9999 9999
394A Sali  199105031 9999 9999 9999 9999 9999 9999 9999 9999 9999 9999 9999 9999
394A Sali  199105032 9999 9999 9999 9999 9999 9999 9999 9999 9999 9999 9999 9999
394A Sali  199105041 9999 9999 9999 9999 9999 9999 9999 9999 9999 9999 9999 9999
394A Sali  199105042 9999 9999 9999 9999 9999 9999 9999 9999 9999 9999 9999 9999
394A Sali  199105051 9999 9999 9999 9999 9999 9999 9999 9999 9999 9999 9999 9999
394A Sali  199105052 9999 9999 9999 9999 9999 9999 9999 9999 9999 9999 9999 9999
394A Sali  199105061 9999 9999 9999 9999 9999 9999 9999 9999 9999 9999 9999 9999
394A Sali  199105062 9999 9999 9999 9999 9999 9999 9999 9999 9999 9999 9999 9999
394A Sali  199105071 9999 9999 9999 9999 9999 9999 9999 9999 9999 9999 9999 9999
394A Sali  199105072 9999 9999 9999 9999 9999 9999 9999 9999 9999 9999 9999 9999
394A Sali  199105081 9999 9999 9999 9999 9999 9999 9999 9999 9999 9999 9999 9999
394A Sali  199105082 9999 9999 9999 9999 9999 9999 9999 9999 9999 9999 9999 9999
394A Sali  199105091 9999 9999 9999 9999 9999 9999 9999 9999 9999 9999 9999 9999
394A Sali  199105092 9999 9999 9999 9999 9999 9999 9999 9999 9999 9999 9999 9999
394A Sali  199105101 9999 9999 9999 9999 9999 9999 9999 9999 9999 9999 9999 9999
394A Sali  199105102 9999 9999 9999 9999 9999 9999 9999 9999 9999 9999 9999 9999
394A Sali  199105111 9999 9999 9999 9999 9999 9999 9999 9999 9999 9999 9999 9999
394A Sali  199105112 9999 9999 9999 9999 9999 9999 9999 9999 9999 9999 9999 9999
394A Sali  199105121 9999 9999 9999 9999 9999 9999 9999 9999 9999 9999 9999 9999
394A Sali  199105122 9999 9999 9999 9999 9999 9999 9999 9999 9999 9999 9999 9999
394A Sali  199105131 9999 9999 9999 9999 9999 9999 9999 9999 9999 9999 9999 9999
394A Sali  199105132 9999 9999 9999 9999 9999 9999 9999 9999 9999 9999 9999 9999
394A Sali  199105141 9999 9999 9999 9999 9999 9999 9999 9999 9999 9999 9999 9999
394A Sali  199105142 9999 9999 9999 9999 9999 9999 9999 9999 9999 9999 9999 9999
394A Sali  199105151 9999 9999 9999 9999 9999 9999 9999 9999 9999 9999 9999 9999
394A Sali  199105152 9999 9999 9999 9999 9999 9999 9999 9999 9999 9999 9999 9999
394A Sali  199105161 9999 9999 9999 9999 9999 9999 9999 9999 9999 9999 9999 9999
394A Sali  199105162 9999 9999 9999 9999 9999 9999 9999 9999 9999 9999 9999 9999
394A Sali  199105171 9999 9999 9999 9999 9999 9999 9999 9999 9999 9999 9999 9999
394A Sali  199105172 9999 9999 9999 9999 9999 9999 9999 9999 9999 9999 9999 9999
394A Sali  199105181 9999 9999 9999 9999 9999 9999 9999 9999 9999 9999 9999 9999
394A Sali  199105182 9999 9999 9999 9999 9999 9999 9999 9999 9999 9999 9999 9999
394A Sali  199105191 9999 9999 9999 9999 9999 9999 9999 9999 9999 9999 9999 9999
394A Sali  199105192 9999 9999 9999 9999 9999 9999 9999 9999 9999 9999 9999 9999
394A Sali  199105201 9999 9999 9999 9999 9999 9999 9999 9999 9999 9999 9999 9999
394A Sali  199105202 9999 9999 9999 9999 9999 9999 9999 9999 9999 9999 9999 9999
394A Sali  199105211 9999 9999 9999 9999 9999 9999 9999 9999 9999 9999 9999 9999
394A Sali  199105212 9999 9999 9999 9999 9999 9999 9999 9999 9999 9999 9999 9999
394A Sali  199105221 9999 9999 9999 9999 9999 9999 9999 9999 9999 9999 9999 9999
394A Sali  199105222 9999 9999 9999 9999 9999 9999 9999 9999 9999 9999 9999 9999
394A Sali  199105231 9999 9999 9999 9999 9999 9999 9999 9999 9999 9999 9999 9999
394A Sali  199105232 9999 9999 9999 9999 9999 9999 9999 9999 9999 9999 9999 9999
394A Sali  199105241 9999 9999 9999 9999 9999 9999 9999 9999 9999 9999 9999 9999
394A Sali  199105242 9999 9999 9999 9999 9999 9999 9999 9999 9999 9999 9999 9999
394A Sali  199105251 9999 9999 9999 9999 9999 9999 9999 9999 9999 9999 9999 9999
394A Sali  199105252 9999 9999 9999 9999 9999 9999 9999 9999 9999 9999 9999 9999
394A Sali  199105261 9999 9999 9999 9999 9999 9999 9999 9999 9999 9999 9999 9999
394A Sali  199105262 9999 9999 9999 9999 9999 9999 9999 9999 9999 9999 9999 9999
394A Sali  199105271 9999 9999 9999 9999 9999 9999 9999 9999 9999 9999 9999 9999
394A Sali  199105272 9999 9999 9999 9999 9999 9999 9999 9999 9999 9999 9999 9999
394A Sali  199105281 9999 9999 9999 9999 9999 9999 9999 9999 9999 9999 9999 9999
394A Sali  199105282 9999 9999 9999 9999 9999 9999 9999 9999 9999 9999 9999 9999
394A Sali  199105291 9999 9999 9999 9999 9999 9999 9999 9999 9999 9999 9999 9999
394A Sali  199105292 9999 9999 9999 9999 9999 9999 9999 9999 9999 9999 9999 9999
394A Sali  199105301 9999 9999 9999 9999 9999 9999 9999 9999 9999 9999 9999 9999
394A Sali  199105302 9999 9999 9999 9999 9999 9999 9999 9999 9999 9999 9999 9999
394A Sali  199105311 9999 9999 9999 9999 9999 9999 9999 9999 9999 9999 9999 9999
394A Sali  199105312 9999 9999 9999 9999 9999 9999 9999 9999 9999 9999 9999 9999
394A Sali  199106011 9999 9999 9999 9999 9999 9999 9999 9999 9999 9999 9999 9999
394A Sali  199106012 9999 9999 9999 9999 9999 9999 9999 9999 9999 9999 9999 9999
394A Sali  199106021 9999 9999 9999 9999 9999 9999 9999 9999 9999 9999 9999 9999
394A Sali  199106022 9999 9999 9999 9999 9999 9999 9999 9999 9999 9999 9999 9999
394A Sali  199106031 9999 9999 9999 9999 9999 9999 9999 9999 9999 9999 9999 9999
394A Sali  199106032 9999 9999 9999 9999 9999 9999 9999 9999 9999 9999 9999 9999
394A Sali  199106041 9999 9999 9999 9999 9999 9999 9999 9999 9999 9999 9999 9999
394A Sali  199106042 9999 9999 9999 9999 9999 9999 9999 9999 9999 9999 9999 9999
394A Sali  199106051 9999 9999 9999 9999 9999 9999 9999 9999 9999 9999 9999 9999
394A Sali  199106052 9999 9999 9999 9999 9999 9999 9999 9999 9999 9999 9999 9999
394A Sali  199106061 9999 9999 9999 9999 9999 9999 9999 9999 9999 9999 9999 9999
394A Sali  199106062 9999 9999 9999 9999 9999 9999 9999 9999 9999 9999 9999 9999
394A Sali  199106071 9999 9999 9999 9999 9999 9999 9999 9999 9999 9999 9999 9999
394A Sali  199106072 9999 9999 9999 9999 9999 9999 9999 9999 9999 9999 9999 9999
394A Sali  199106081 9999 9999 9999 9999 9999 9999 9999 9999 9999 9999 9999 9999
394A Sali  199106082 9999 9999 9999 9999 9999 9999 9999 9999 9999 9999 9999 9999
394A Sali  199106091 9999 9999 9999 9999 9999 9999 9999 9999 9999 9999 9999 9999
394A Sali  199106092 9999 9999 9999 9999 9999 9999 9999 9999 9999 9999 9999 9999
394A Sali  199106101 9999 9999 9999 9999 9999 9999 9999 9999 9999 9999 9999 9999
394A Sali  199106102 9999 9999 9999 9999 9999 9999 9999 9999 9999 9999 9999 9999
394A Sali  199106111 9999 9999 9999 9999 9999 9999 9999 9999 9999 9999 9999 9999
394A Sali  199106112 9999 9999 9999 9999 9999 9999 9999 9999 9999 9999 9999 9999
394A Sali  199106121 9999 9999 9999 9999 9999 9999 9999 9999 9999 9999 9999 9999
394A Sali  199106122 9999 9999 9999 9999 9999 9999 9999 9999 9999 9999 9999 9999
394A Sali  199106131 9999 9999 9999 9999 9999 9999 9999 9999 9999 9999 9999 9999
394A Sali  199106132 9999 9999 9999 9999 9999 9999 9999 9999 9999 9999 9999 9999
394A Sali  199106141 9999 9999 9999 9999 9999 9999 9999 9999 9999 9999 9999 9999
394A Sali  199106142 9999 9999 9999 9999 9999 9999 9999 9999 9999 9999 9999 9999
394A Sali  199106151 9999 9999 9999 9999 9999 9999 9999 9999 9999 9999 9999 9999
394A Sali  199106152 9999 9999 9999 9999 9999 9999 9999 9999 9999 9999 9999 9999
394A Sali  199106161 9999 9999 9999 9999 9999 9999 9999 9999 9999 9999 9999 9999
394A Sali  199106162 9999 9999 9999 9999 9999 9999 9999 9999 9999 9999 9999 9999
394A Sali  199106171 9999 9999 9999 9999 9999 9999 9999 9999 9999 9999 9999 9999
394A Sali  199106172 9999 9999 9999 9999 9999 9999 9999 9999 9999 9999 9999 9999
394A Sali  199106181 9999 9999 9999 9999 9999 9999 9999 9999 9999 9999 9999 9999
394A Sali  199106182 9999 9999 9999 9999 9999 9999 9999 9999 9999 9999 9999 9999
394A Sali  199106191 9999 9999 9999 9999 9999 9999 9999 9999 9999 9999 9999 9999
394A Sali  199106192 9999 9999 9999 9999 9999 9999 9999 9999 9999 9999 9999 9999
394A Sali  199106201 9999 9999 9999 9999 9999 9999 9999 9999 9999 9999 9999 9999
394A Sali  199106202 9999 9999 9999 9999 9999 9999 9999 9999 9999 9999 9999 9999
394A Sali  199106211 9999 9999 9999 9999 9999 9999 9999 9999 9999 9999 9999 9999
394A Sali  199106212 9999 9999 9999 9999 9999 9999 9999 9999 9999 9999 9999 9999
394A Sali  199106221 9999 9999 9999 9999 9999 9999 9999 9999 9999 9999 9999 9999
394A Sali  199106222 9999 9999 9999 9999 9999 9999 9999 9999 9999 9999 9999 9999
394A Sali  199106231 9999 9999 9999 9999 9999 9999 9999 9999 9999 9999 9999 9999
394A Sali  199106232 9999 9999 9999 9999 9999 9999 9999 9999 9999 9999 9999 9999
394A Sali  199106241 9999 9999 9999 9999 9999 9999 9999 9999 9999 9999 9999 9999
394A Sali  199106242 9999 9999 9999 9999 9999 9999 9999 9999 9999 9999 9999 9999
394A Sali  199106251 9999 9999 9999 9999 9999 9999 9999 9999 9999 9999 9999 9999
394A Sali  199106252 9999 9999 9999 9999 9999 9999 9999 9999 9999 9999 9999 9999
394A Sali  199106261 9999 9999 9999 9999 9999 9999 9999 9999 9999 9999 9999 9999
394A Sali  199106262 9999 9999 9999 9999 9999 9999 9999 9999 9999 9999 9999 9999
394A Sali  199106271 9999 9999 9999 9999 9999 9999 9999 9999 9999 9999 9999 9999
394A Sali  199106272 9999 9999 9999 9999 9999 9999 9999 9999 9999 9999 9999 9999
394A Sali  199106281 9999 9999 9999 9999 9999 9999 9999 9999 9999 9999 9999 9999
394A Sali  199106282 9999 9999 9999 9999 9999 9999 9999 9999 9999 9999 9999 9999
394A Sali  199106291 9999 9999 9999 9999 9999 9999 9999 9999 9999 9999 9999 9999
394A Sali  199106292 9999 9999 9999 9999 9999 9999 9999 9999 9999 9999 9999 9999
394A Sali  199106301 9999 9999 9999 9999 9999 9999 9999 9999 9999 9999 9999 9999
394A Sali  199106302 9999 9999 9999 9999 9999 9999 9999 9999 9999 9999 9999 9999
394A Sali  199107011 9999 9999 9999 9999 9999 9999 9999 9999 9999 9999 9999 9999
394A Sali  199107012 9999 9999 9999 9999 9999 9999 9999 9999 9999 9999 9999 9999
394A Sali  199107021 9999 9999 9999 9999 9999 9999 9999 9999 9999 9999 9999 9999
394A Sali  199107022 9999 9999 9999 9999 9999 9999 9999 9999 9999 9999 9999 9999
394A Sali  199107031 9999 9999 9999 9999 9999 9999 9999 9999 9999 9999 9999 9999
394A Sali  199107032 9999 9999 9999 9999 9999 9999 9999 9999 9999 9999 9999 9999
394A Sali  199107041 9999 9999 9999 9999 9999 9999 9999 9999 9999 9999 9999 9999
394A Sali  199107042 9999 9999 9999 9999 9999 9999 9999 9999 9999 9999 9999 9999
394A Sali  199107051 9999 9999 9999 9999 9999 9999 9999 9999 9999 9999 9999 9999
394A Sali  199107052 9999 9999 9999 9999 9999 9999 9999 9999 9999 9999 9999 9999
394A Sali  199107061 9999 9999 9999 9999 9999 9999 9999 9999 9999 9999 9999 9999
394A Sali  199107062 9999 9999 9999 9999 9999 9999 9999 9999 9999 9999 9999 9999
394A Sali  199107071 9999 9999 9999 9999 9999 9999 9999 9999 9999 9999 9999 9999
394A Sali  199107072 9999 9999 9999 9999 9999 9999 9999 9999 9999 9999 9999 9999
394A Sali  199107081 9999 9999 9999 9999 9999 9999 9999 9999 9999 9999 9999 9999
394A Sali  199107082 9999 9999 9999 9999 9999 9999 9999 9999 9999 9999 9999 9999
394A Sali  199107091 9999 9999 9999 9999 9999 9999 9999 9999 9999 9999 9999 9999
394A Sali  199107092 9999 9999 9999 9999 9999 9999 9999 9999 9999 9999 9999 9999
394A Sali  199107101 9999 9999 9999 9999 9999 9999 9999 9999 9999 9999 9999 9999
394A Sali  199107102 9999 9999 9999 9999 9999 9999 9999 9999 9999 9999 9999 9999
394A Sali  199107111 9999 9999 9999 9999 9999 9999 9999 9999 9999 9999 9999 9999
394A Sali  199107112 9999 9999 9999 9999 9999 9999 9999 9999 9999 9999 9999 9999
394A Sali  199107121 9999 9999 9999 9999 9999 9999 9999 9999 9999 9999 9999 9999
394A Sali  199107122 9999 9999 9999 9999 9999 9999 9999 9999 9999 9999 9999 9999
394A Sali  199107131 9999 9999 9999 9999 9999 9999 9999 9999 9999 9999 9999 9999
394A Sali  199107132 9999 9999 9999 9999 9999 9999 9999 9999 9999 9999 9999 9999
394A Sali  199107141 9999 9999 9999 9999 9999 9999 9999 9999 9999 9999 9999 9999
394A Sali  199107142 9999 9999 9999 9999 9999 9999 9999 9999 9999 9999 9999 9999
394A Sali  199107151 9999 9999 9999 9999 9999 9999 9999 9999 9999 9999 9999 9999
394A Sali  199107152 9999 9999 9999 9999 9999 9999 9999 9999 9999 9999 9999 9999
394A Sali  199107161 9999 9999 9999 9999 9999 9999 9999 9999 9999 9999 9999 9999
394A Sali  199107162 9999 9999 9999 9999 9999 9999 9999 9999 9999 9999 9999 9999
394A Sali  199107171 9999 9999 9999 9999 9999 9999 9999 9999 9999 9999 9999 9999
394A Sali  199107172 9999 9999 9999 9999 9999 9999 9999 9999 9999 9999 9999 9999
394A Sali  199107181 9999 9999 9999 9999 9999 9999 9999 9999 9999 9999 9999 9999
394A Sali  199107182 9999 9999 9999 9999 9999 9999 9999 9999 9999 9999 9999 9999
394A Sali  199107191 9999 9999 9999 9999 9999 9999 9999 9999 9999 9999 9999 9999
394A Sali  199107192 9999 9999 9999 9999 9999 9999 9999 9999 9999 9999 9999 9999
394A Sali  199107201 9999 9999 9999 9999 9999 9999 9999 9999 9999 9999 9999 9999
394A Sali  199107202 9999 9999 9999 9999 9999 9999 9999 9999 9999 9999 9999 9999
394A Sali  199107211 9999 9999 9999 9999 9999 9999 9999 9999 9999 9999 9999 9999
394A Sali  199107212 9999 9999 9999 9999 9999 9999 9999 9999 9999 9999 9999 9999
394A Sali  199107221 9999 9999 9999 9999 9999 9999 9999 9999 9999 9999 9999 9999
394A Sali  199107222 9999 9999 9999 9999 9999 9999 9999 9999 9999 9999 9999 9999
394A Sali  199107231 9999 9999 9999 9999 9999 9999 9999 9999 9999 9999 9999 9999
394A Sali  199107232 9999 9999 9999 9999 9999 9999 9999 9999 9999 9999 9999 9999
394A Sali  199107241 9999 9999 9999 9999 9999 9999 9999 9999 9999 9999 9999 9999
394A Sali  199107242 9999 9999 9999 9999 9999 9999 9999 9999 9999 9999 9999 9999
394A Sali  199107251 9999 9999 9999 9999 9999 9999 9999 9999 9999 9999 9999 9999
394A Sali  199107252 9999 9999 9999 9999 9999 9999 9999 9999 9999 9999 9999 9999
394A Sali  199107261 9999 9999 9999 9999 9999 9999 9999 9999 9999 9999 9999 9999
394A Sali  199107262 9999 9999 9999 9999 9999 9999 9999 9999 9999 9999 9999 9999
394A Sali  199107271 9999 9999 9999 9999 9999 9999 9999 9999 9999 9999 9999 9999
394A Sali  199107272 9999 9999 9999 9999 9999 9999 9999 9999 9999 9999 9999 9999
394A Sali  199107281 9999 9999 9999 9999 9999 9999 9999 9999 9999 9999 9999 9999
394A Sali  199107282 9999 9999 9999 9999 9999 9999 9999 9999 9999 9999 9999 9999
394A Sali  199107291 9999 9999 9999 9999 9999 9999 9999 9999 9999 9999 9999 9999
394A Sali  199107292 9999 9999 9999 9999 9999 9999 9999 9999 9999 9999 9999 9999
394A Sali  199107301 9999 9999 9999 9999 9999 9999 9999 9999 9999 9999 9999 9999
394A Sali  199107302 9999 9999 9999 9999 9999 9999 9999 9999 9999 9999 9999 9999
394A Sali  199107311 9999 9999 9999 9999 9999 9999 9999 9999 9999 9999 9999 9999
394A Sali  199107312 9999 9999 9999 9999 9999 9999 9999 9999 9999 9999 9999 9999
394A Sali  199108011 9999 9999 9999 9999 9999 9999 9999 9999 9999 9999 9999 9999
394A Sali  199108012 9999 9999 9999 9999 9999 9999 9999 9999 9999 9999 9999 9999
394A Sali  199108021 9999 9999 9999 9999 9999 9999 9999 9999 9999 9999 9999 9999
394A Sali  199108022 9999 9999 9999 9999 9999 9999 9999 9999 9999 9999 9999 9999
394A Sali  199108031 9999 9999 9999 9999 9999 9999 9999 9999 9999 9999 9999 9999
394A Sali  199108032 9999 9999 9999 9999 9999 9999 9999 9999 9999 9999 9999 9999
394A Sali  199108041 9999 9999 9999 9999 9999 9999 9999 9999 9999 9999 9999 9999
394A Sali  199108042 9999 9999 9999 9999 9999 9999 9999 9999 9999 9999 9999 9999
394A Sali  199108051 9999 9999 9999 9999 9999 9999 9999 9999 9999 9999 9999 9999
394A Sali  199108052 9999 9999 9999 9999 9999 9999 9999 9999 9999 9999 9999 9999
394A Sali  199108061 9999 9999 9999 9999 9999 9999 9999 9999 9999 9999 9999 9999
394A Sali  199108062 9999 9999 9999 9999 9999 9999 9999 9999 9999 9999 9999 9999
394A Sali  199108071 9999 9999 9999 9999 9999 9999 9999 9999 9999 9999 9999 9999
394A Sali  199108072 9999 9999 9999 9999 9999 9999 9999 9999 9999 9999 9999 9999
394A Sali  199108081 9999 9999 9999 9999 9999 9999 9999 9999 9999 9999 9999 9999
394A Sali  199108082 9999 9999 9999 9999 9999 9999 9999 9999 9999 9999 9999 9999
394A Sali  199108091 9999 9999 9999 9999 9999 9999 9999 9999 9999 9999 9999 9999
394A Sali  199108092 9999 9999 9999 9999 9999 9999 9999 9999 9999 9999 9999 9999
394A Sali  199108101 9999 9999 9999 9999 9999 9999 9999 9999 9999 9999 9999 9999
394A Sali  199108102 9999 9999 9999 9999 9999 9999 9999 9999 9999 9999 9999 9999
394A Sali  199108111 9999 9999 9999 9999 9999 9999 9999 9999 9999 9999 9999 9999
394A Sali  199108112 9999 9999 9999 9999 9999 9999 9999 9999 9999 9999 9999 9999
394A Sali  199108121 9999 9999 9999 9999 9999 9999 9999 9999 9999 9999 9999 9999
394A Sali  199108122 9999 9999 9999 9999 9999 9999 9999 9999 9999 9999 9999 9999
394A Sali  199108131 9999 9999 9999 9999 9999 9999 9999 9999 9999 9999 9999 9999
394A Sali  199108132 9999 9999 9999 9999 9999 9999 9999 9999 9999 9999 9999 9999
394A Sali  199108141 9999 9999 9999 9999 9999 9999 9999 9999 9999 9999 9999 9999
394A Sali  199108142 9999 9999 9999 9999 9999 9999 9999 9999 9999 9999 9999 9999
394A Sali  199108151 9999 9999 9999 9999 9999 9999 9999 9999 9999 9999 9999 9999
394A Sali  199108152 9999 9999 9999 9999 9999 9999 9999 9999 9999 9999 9999 9999
394A Sali  199108161 9999 9999 9999 9999 9999 9999 9999 9999 9999 9999 9999 9999
394A Sali  199108162 9999 9999 9999 9999 9999 9999 9999 9999 9999 9999 9999 9999
394A Sali  199108171 9999 9999 9999 9999 9999 9999 9999 9999 9999 9999 9999 9999
394A Sali  199108172 9999 9999 9999 9999 9999 9999 9999 9999 9999 9999 9999 9999
394A Sali  199108181 9999 9999 9999 9999 9999 9999 9999 9999 9999 9999 9999 9999
394A Sali  199108182 9999 9999 9999 9999 9999 9999 9999 9999 9999 9999 9999 9999
394A Sali  199108191 9999 9999 9999 9999 9999 9999 9999 9999 9999 9999 9999 9999
394A Sali  199108192 9999 9999 9999 9999 9999 9999 9999 9999 9999 9999 9999 9999
394A Sali  199108201 9999 9999 9999 9999 9999 9999 9999 9999 9999 9999 9999 9999
394A Sali  199108202 9999 9999 9999 9999 9999 9999 9999 9999 9999 9999 9999 9999
394A Sali  199108211 9999 9999 9999 9999 9999 9999 9999 9999 9999 9999 9999 9999
394A Sali  199108212 9999 9999 9999 9999 9999 9999 9999 9999 9999 9999 9999 9999
394A Sali  199108221 9999 9999 9999 9999 9999 9999 9999 9999 9999 9999 9999 9999
394A Sali  199108222 9999 9999 9999 9999 9999 9999 9999 9999 9999 9999 9999 9999
394A Sali  199108231 9999 9999 9999 9999 9999 9999 9999 9999 9999 9999 9999 9999
394A Sali  199108232 9999 9999 9999 9999 9999 9999 9999 9999 9999 9999 9999 9999
394A Sali  199108241 9999 9999 9999 9999 9999 9999 9999 9999 9999 9999 9999 9999
394A Sali  199108242 9999 9999 9999 9999 9999 9999 9999 9999 9999 9999 9999 9999
394A Sali  199108251 9999 9999 9999 9999 9999 9999 9999 9999 9999 9999 9999 9999
394A Sali  199108252 9999 9999 9999 9999 9999 9999 9999 9999 9999 9999 9999 9999
394A Sali  199108261 9999 9999 9999 9999 9999 9999 9999 9999 9999 9999 9999 9999
394A Sali  199108262 9999 9999 9999 9999 9999 9999 9999 9999 9999 9999 9999 9999
394A Sali  199108271 9999 9999 9999 9999 9999 9999 9999 9999 9999 9999 9999 9999
394A Sali  199108272 9999 9999 9999 9999 9999 9999 9999 9999 9999 9999 9999 9999
394A Sali  199108281 9999 9999 9999 9999 9999 9999 9999 9999 9999 9999 9999 9999
394A Sali  199108282 9999 9999 9999 9999 9999 9999 9999 9999 9999 9999 9999 9999
394A Sali  199108291 9999 9999 9999 9999 9999 9999 9999 9999 9999 9999 9999 9999
394A Sali  199108292 9999 9999 9999 9999 9999 9999 9999 9999 9999 9999 9999 9999
394A Sali  199108301 9999 9999 9999 9999 9999 9999 9999 9999 9999 9999 9999 9999
394A Sali  199108302 9999 9999 9999 9999 9999 9999 9999 9999 9999 9999 9999 9999
394A Sali  199108311 9999 9999 9999 9999 9999 9999 9999 9999 9999 9999 9999 9999
394A Sali  199108312 9999 9999 9999 9999 9999 9999 9999 9999 9999 9999 9999 9999
394A Sali  199109011 9999 9999 9999 9999 9999 9999 9999 9999 9999 9999 9999 9999
394A Sali  199109012 9999 9999 9999 9999 9999 9999 9999 9999 9999 9999 9999 9999
394A Sali  199109021 9999 9999 9999 9999 9999 9999 9999 9999 9999 9999 9999 9999
394A Sali  199109022 9999 9999 9999 9999 9999 9999 9999 9999 9999 9999 9999 9999
394A Sali  199109031 9999 9999 9999 9999 9999 9999 9999 9999 9999 9999 9999 9999
394A Sali  199109032 9999 9999 9999 9999 9999 9999 9999 9999 9999 9999 9999 9999
394A Sali  199109041 9999 9999 9999 9999 9999 9999 9999 9999 9999 9999 9999 9999
394A Sali  199109042 9999 9999 9999 9999 9999 9999 9999 9999 9999 9999 9999 9999
394A Sali  199109051 9999 9999 9999 9999 9999 9999 9999 9999 9999 9999 9999 9999
394A Sali  199109052 9999 9999 9999 9999 9999 9999 9999 9999 9999 9999 9999 9999
394A Sali  199109061 9999 9999 9999 9999 9999 9999 9999 9999 9999 9999 9999 9999
394A Sali  199109062 9999 9999 9999 9999 9999 9999 9999 9999 9999 9999 9999 9999
394A Sali  199109071 9999 9999 9999 9999 9999 9999 9999 9999 9999 9999 9999 9999
394A Sali  199109072 9999 9999 9999 9999 9999 9999 9999 9999 9999 9999 9999 9999
394A Sali  199109081 9999 9999 9999 9999 9999 9999 9999 9999 9999 9999 9999 9999
394A Sali  199109082 9999 9999 9999 9999 9999 9999 9999 9999 9999 9999 9999 9999
394A Sali  199109091 9999 9999 9999 9999 9999 9999 9999 9999 9999 9999 9999 9999
394A Sali  199109092 9999 9999 9999 9999 9999 9999 9999 9999 9999 9999 9999 9999
394A Sali  199109101 9999 9999 9999 9999 9999 9999 9999 9999 9999 9999 9999 9999
394A Sali  199109102 9999 9999 9999 9999 9999 9999 9999 9999 9999 9999 9999 9999
394A Sali  199109111 9999 9999 9999 9999 9999 9999 9999 9999 9999 9999 9999 9999
394A Sali  199109112 9999 9999 9999 9999 9999 9999 9999 9999 9999 9999 9999 9999
394A Sali  199109121 9999 9999 9999 9999 9999 9999 9999 9999 9999 9999 9999 9999
394A Sali  199109122 9999 9999 9999 9999 9999 9999 9999 9999 9999 9999 9999 9999
394A Sali  199109131 9999 9999 9999 9999 9999 9999 9999 9999 9999 9999 9999 9999
394A Sali  199109132 9999 9999 9999 9999 9999 9999 9999 9999 9999 9999 9999 9999
394A Sali  199109141 9999 9999 9999 9999 9999 9999 9999 9999 9999 9999 9999 9999
394A Sali  199109142 9999 9999 9999 9999 9999 9999 9999 9999 9999 9999 9999 9999
394A Sali  199109151 9999 9999 9999 9999 9999 9999 9999 9999 9999 9999 9999 9999
394A Sali  199109152 9999 9999 9999 9999 9999 9999 9999 9999 9999 9999 9999 9999
394A Sali  199109161 9999 9999 9999 9999 9999 9999 9999 9999 9999 9999 9999 9999
394A Sali  199109162 9999 9999 9999 9999 9999 9999 9999 9999 9999 9999 9999 9999
394A Sali  199109171 9999 9999 9999 9999 9999 9999 9999 9999 9999 9999 9999 9999
394A Sali  199109172 9999 9999 9999 9999 9999 9999 9999 9999 9999 9999 9999 9999
394A Sali  199109181 9999 9999 9999 9999 9999 9999 9999 9999 9999 9999 9999 9999
394A Sali  199109182 9999 9999 9999 9999 9999 9999 9999 9999 9999 9999 9999 9999
394A Sali  199109191 9999 9999 9999 9999 9999 9999 9999 9999 9999 9999 9999 9999
394A Sali  199109192 9999 9999 9999 9999 9999 9999 9999 9999 9999 9999 9999 9999
394A Sali  199109201 9999 9999 9999 9999 9999 9999 9999 9999 9999 9999 9999 9999
394A Sali  199109202 9999 9999 9999 9999 9999 9999 9999 9999 9999 9999 9999 9999
394A Sali  199109211 9999 9999 9999 9999 9999 9999 9999 9999 9999 9999 9999 9999
394A Sali  199109212 9999 9999 9999 9999 9999 9999 9999 9999 9999 9999 9999 9999
394A Sali  199109221 9999 9999 9999 9999 9999 9999 9999 9999 9999 9999 9999 9999
394A Sali  199109222 9999 9999 9999 9999 9999 9999 9999 9999 9999 9999 9999 9999
394A Sali  199109231 9999 9999 9999 9999 9999 9999 9999 9999 9999 9999 9999 9999
394A Sali  199109232 9999 9999 9999 9999 9999 9999 9999 9999 9999 9999 9999 9999
394A Sali  199109241 9999 9999 9999 9999 9999 9999 9999 9999 9999 9999 9999 9999
394A Sali  199109242 9999 9999 9999 9999 9999 9999 9999 9999 9999 9999 9999 9999
394A Sali  199109251 9999 9999 9999 9999 9999 9999 9999 9999 9999 9999 9999 9999
394A Sali  199109252 9999 9999 9999 9999 9999 9999 9999 9999 9999 9999 9999 9999
394A Sali  199109261 9999 9999 9999 9999 9999 9999 9999 9999 9999 9999 9999 9999
394A Sali  199109262 9999 9999 9999 9999 9999 9999 9999 9999 9999 9999 9999 9999
394A Sali  199109271 9999 9999 9999 9999 9999 9999 9999 9999 9999 9999 9999 9999
394A Sali  199109272 9999 9999 9999 9999 9999 9999 9999 9999 9999 9999 9999 9999
394A Sali  199109281 9999 9999 9999 9999 9999 9999 9999 9999 9999 9999 9999 9999
394A Sali  199109282 9999 9999 9999 9999 9999 9999 9999 9999 9999 9999 9999 9999
394A Sali  199109291 9999 9999 9999 9999 9999 9999 9999 9999 9999 9999 9999 9999
394A Sali  199109292 9999 9999 9999 9999 9999 9999 9999 9999 9999 9999 9999 9999
394A Sali  199109301 9999 9999 9999 9999 9999 9999 9999 9999 9999 9999 9999 9999
394A Sali  199109302 9999 9999 9999 9999 9999 9999 9999 9999 9999 9999 9999 9999
394A Sali  199110011 9999 9999 9999 9999 9999 9999 9999 9999 9999 9999 9999 9999
394A Sali  199110012 9999 9999 9999 9999 9999 9999 9999 9999 9999 9999 9999 9999
394A Sali  199110021 9999 9999 9999 9999 9999 9999 9999 9999 9999 9999 9999 9999
394A Sali  199110022 9999 9999 9999 9999 9999 9999 9999 9999 9999 9999 9999 9999
394A Sali  199110031 9999 9999 9999 9999 9999 9999 9999 9999 9999 9999 9999 9999
394A Sali  199110032 9999 9999 9999 9999 9999 9999 9999 9999 9999 9999 9999 9999
394A Sali  199110041 9999 9999 9999 9999 9999 9999 9999 9999 9999 9999 9999 9999
394A Sali  199110042 9999 9999 9999 9999 9999 9999 9999 9999 9999 9999 9999 9999
394A Sali  199110051 9999 9999 9999 9999 9999 9999 9999 9999 9999 9999 9999 9999
394A Sali  199110052 9999 9999 9999 9999 9999 9999 9999 9999 9999 9999 9999 9999
394A Sali  199110061 9999 9999 9999 9999 9999 9999 9999 9999 9999 9999 9999 9999
394A Sali  199110062 9999 9999 9999 9999 9999 9999 9999 9999 9999 9999 9999 9999
394A Sali  199110071 9999 9999 9999 9999 9999 9999 9999 9999 9999 9999 9999 9999
394A Sali  199110072 9999 9999 9999 9999 9999 9999 9999 9999 9999 9999 9999 9999
394A Sali  199110081 9999 9999 9999 9999 9999 9999 9999 9999 9999 9999 9999 9999
394A Sali  199110082 9999 9999 9999 9999 9999 9999 9999 9999 9999 9999 9999 9999
394A Sali  199110091 9999 9999 9999 9999 9999 9999 9999 9999 9999 9999 9999 9999
394A Sali  199110092 9999 9999 9999 9999 9999 9999 9999 9999 9999 9999 9999 9999
394A Sali  199110101 9999 9999 9999 9999 9999 9999 9999 9999 9999 9999 9999 9999
394A Sali  199110102 9999 9999 9999 9999 9999 9999 9999 9999 9999 9999 9999 9999
394A Sali  199110111 9999 9999 9999 9999 9999 9999 9999 9999 9999 9999 9999 9999
394A Sali  199110112 9999 9999 9999 9999 9999 9999 9999 9999 9999 9999 9999 9999
394A Sali  199110121 9999 9999 9999 9999 9999 9999 9999 9999 9999 9999 9999 9999
394A Sali  199110122 9999 9999 9999 9999 9999 9999 9999 9999 9999 9999 9999 9999
394A Sali  199110131 9999 9999 9999 9999 9999 9999 9999 9999 9999 9999 9999 9999
394A Sali  199110132 9999 9999 9999 9999 9999 9999 9999 9999 9999 9999 9999 9999
394A Sali  199110141 9999 9999 9999 9999 9999 9999 9999 9999 9999 9999 9999 9999
394A Sali  199110142 9999 9999 9999 9999 9999 9999 9999 9999 9999 9999 9999 9999
394A Sali  199110151 9999 9999 9999 9999 9999 9999 9999 9999 9999 9999 9999 9999
394A Sali  199110152 9999 9999 9999 9999 9999 9999 9999 9999 9999 9999 9999 9999
394A Sali  199110161 9999 9999 9999 9999 9999 9999 9999 9999 9999 9999 9999 9999
394A Sali  199110162 9999 9999 9999 9999 9999 9999 9999 9999 9999 9999 9999 9999
394A Sali  199110171 9999 9999 9999 9999 9999 9999 9999 9999 9999 9999 9999 9999
394A Sali  199110172 9999 9999 9999 9999 9999 9999 9999 9999 9999 9999 9999 9999
394A Sali  199110181 9999 9999 9999 9999 9999 9999 9999 9999 9999 9999 9999 9999
394A Sali  199110182 9999 9999 9999 9999 9999 9999 9999 9999 9999 9999 9999 9999
394A Sali  199110191 9999 9999 9999 9999 9999 9999 9999 9999 9999 9999 9999 9999
394A Sali  199110192 9999 9999 9999 9999 9999 9999 9999 9999 9999 9999 9999 9999
394A Sali  199110201 9999 9999 9999 9999 9999 9999 9999 9999 9999 9999 9999 9999
394A Sali  199110202 9999 9999 9999 9999 9999 9999 9999 9999 9999 9999 9999 9999
394A Sali  199110211 9999 9999 9999 9999 9999 9999 9999 9999 9999 9999 9999 9999
394A Sali  199110212 9999 9999 9999 9999 9999 9999 9999 9999 9999 9999 9999 9999
394A Sali  199110221 9999 9999 9999 9999 9999 9999 9999 9999 9999 9999 9999 9999
394A Sali  199110222 9999 9999 9999 9999 9999 9999 9999 9999 9999 9999 9999 9999
394A Sali  199110231 9999 9999 9999 9999 9999 9999 9999 9999 9999 9999 9999 9999
394A Sali  199110232 9999 9999 9999 9999 9999 9999 9999 9999 9999 9999 9999 9999
394A Sali  199110241 9999 9999 9999 9999 9999 9999 9999 9999 9999 9999 9999 9999
394A Sali  199110242 9999 9999 9999 9999 9999 9999 9999 9999 9999 9999 9999 9999
394A Sali  199110251 9999 9999 9999 9999 9999 9999 9999 9999 9999 9999 9999 9999
394A Sali  199110252 9999 9999 9999 9999 9999 9999 9999 9999 9999 9999 9999 9999
394A Sali  199110261 9999 9999 9999 9999 9999 9999 9999 9999 9999 9999 9999 9999
394A Sali  199110262 9999 9999 9999 9999 9999 9999 9999 9999 9999 9999 9999 9999
394A Sali  199110271 9999 9999 9999 9999 9999 9999 9999 9999 9999 9999 9999 9999
394A Sali  199110272 9999 9999 9999 9999 9999 9999 9999 9999 9999 9999 9999 9999
394A Sali  199110281 9999 9999 9999 9999 9999 9999 9999 9999 9999 9999 9999 9999
394A Sali  199110282 9999 9999 9999 9999 9999 9999 9999 9999 9999 9999 9999 9999
394A Sali  199110291 9999 9999 9999 9999 9999 9999 9999 9999 9999 9999 9999 9999
394A Sali  199110292 9999 9999 9999 9999 9999 9999 9999 9999 9999 9999 9999 9999
394A Sali  199110301 9999 9999 9999 9999 9999 9999 9999 9999 9999 9999 9999 9999
394A Sali  199110302 9999 9999 9999 9999 9999 9999 9999 9999 9999 9999 9999 9999
394A Sali  199110311 9999 9999 9999 9999 9999 9999 9999 9999 9999 9999 9999 9999
394A Sali  199110312 9999 9999 9999 9999 9999 9999 9999 9999 9999 9999 9999 9999
394A Sali  199111011 9999 9999 9999 9999 9999 9999 9999 9999 9999 9999 9999 9999
394A Sali  199111012 9999 9999 9999 9999 9999 9999 9999 9999 9999 9999 9999 9999
394A Sali  199111021 9999 9999 9999 9999 9999 9999 9999 9999 9999 9999 9999 9999
394A Sali  199111022 9999 9999 9999 9999 9999 9999 9999 9999 9999 9999 9999 9999
394A Sali  199111031 9999 9999 9999 9999 9999 9999 9999 9999 9999 9999 9999 9999
394A Sali  199111032 9999 9999 9999 9999 9999 9999 9999 9999 9999 9999 9999 9999
394A Sali  199111041 9999 9999 9999 9999 9999 9999 9999 9999 9999 9999 9999 9999
394A Sali  199111042 9999 9999 9999 9999 9999 9999 9999 9999 9999 9999 9999 9999
394A Sali  199111051 9999 9999 9999 9999 9999 9999 9999 9999 9999 9999 9999 9999
394A Sali  199111052 9999 9999 9999 9999 9999 9999 9999 9999 9999 9999 9999 9999
394A Sali  199111061 9999 9999 9999 9999 9999 9999 9999 9999 9999 9999 9999 9999
394A Sali  199111062 9999 9999 9999 9999 9999 9999 9999 9999 9999 9999 9999 9999
394A Sali  199111071 9999 9999 9999 9999 9999 9999 9999 9999 9999 9999 9999 9999
394A Sali  199111072 9999 9999 9999 9999 9999 9999 9999 9999 9999 9999 9999 9999
394A Sali  199111081 9999 9999 9999 9999 9999 9999 9999 9999 9999 9999 9999 9999
394A Sali  199111082 9999 9999 9999 9999 9999 9999 9999 9999 9999 9999 9999 9999
394A Sali  199111091 9999 9999 9999 9999 9999 9999 9999 9999 9999 9999 9999 9999
394A Sali  199111092 9999 9999 9999 9999 9999 9999 9999 9999 9999 9999 9999 9999
394A Sali  199111101 9999 9999 9999 9999 9999 9999 9999 9999 9999 9999 9999 9999
394A Sali  199111102 9999 9999 9999 9999 9999 9999 9999 9999 9999 9999 9999 9999
394A Sali  199111111 9999 9999 9999 9999 9999 9999 9999 9999 9999 9999 9999 9999
394A Sali  199111112 9999 9999 9999 9999 9999 9999 9999 9999 9999 9999 9999 9999
394A Sali  199111121 9999 9999 9999 9999 9999 9999 9999 9999 9999 9999 9999 9999
394A Sali  199111122 9999 9999 9999 9999 9999 9999 9999 9999 9999 9999 9999 9999
394A Sali  199111131 9999 9999 9999 9999 9999 9999 9999 9999 9999 9999 9999 9999
394A Sali  199111132 9999 9999 9999 9999 9999 9999 9999 9999 9999 9999 9999 9999
394A Sali  199111141 9999 9999 9999 9999 9999 9999 9999 9999 9999 9999 9999 9999
394A Sali  199111142 9999 9999 9999 9999 9999 9999 9999 9999 9999 9999 9999 9999
394A Sali  199111151 9999 9999 9999 9999 9999 9999 9999 9999 9999 9999 9999 9999
394A Sali  199111152 9999 9999 9999 9999 9999 9999 9999 9999 9999 9999 9999 9999
394A Sali  199111161 9999 9999 9999 9999 9999 9999 9999 9999 9999 9999 9999 9999
394A Sali  199111162 9999 9999 9999 9999 9999 9999 9999 9999 9999 9999 9999 9999
394A Sali  199111171 9999 9999 9999 9999 9999 9999 9999 9999 9999 9999 9999 9999
394A Sali  199111172 9999 9999 9999 9999 9999 9999 9999 9999 9999 9999 9999 9999
394A Sali  199111181 9999 9999 9999 9999 9999 9999 9999 9999 9999 9999 9999 9999
394A Sali  199111182 9999 9999 9999 9999 9999 9999 9999 9999 9999 9999 9999 9999
394A Sali  199111191 9999 9999 9999 9999 9999 9999 9999 9999 9999 9999 9999 9999
394A Sali  199111192 9999 9999 9999 9999 9999 9999 9999 9999 9999 9999 9999 9999
394A Sali  199111201 9999 9999 9999 9999 9999 9999 9999 9999 9999 9999 9999 9999
394A Sali  199111202 9999 9999 9999 9999 9999 9999 9999 9999 9999 9999 9999 9999
394A Sali  199111211 9999 9999 9999 9999 9999 9999 9999 9999 9999 9999 9999 9999
394A Sali  199111212 9999 9999 9999 9999 9999 9999 9999 9999 9999 9999 9999 9999
394A Sali  199111221 9999 9999 9999 9999 9999 9999 9999 9999 9999 9999 9999 9999
394A Sali  199111222 9999 9999 9999 9999 9999 9999 9999 9999 9999 9999 9999 9999
394A Sali  199111231 9999 9999 9999 9999 9999 9999 9999 9999 9999 9999 9999 9999
394A Sali  199111232 9999 9999 9999 9999 9999 9999 9999 9999 9999 9999 9999 9999
394A Sali  199111241 9999 9999 9999 9999 9999 9999 9999 9999 9999 9999 9999 9999
394A Sali  199111242 9999 9999 9999 9999 9999 9999 9999 9999 9999 9999 9999 9999
394A Sali  199111251 9999 9999 9999 9999 9999 9999 9999 9999 9999 9999 9999 9999
394A Sali  199111252 9999 9999 9999 9999 9999 9999 9999 9999 9999 9999 9999 9999
394A Sali  199111261 9999 9999 9999 9999 9999 9999 9999 9999 9999 9999 9999 9999
394A Sali  199111262 9999 9999 9999 9999 9999 9999 9999 9999 9999 9999 9999 9999
394A Sali  199111271 9999 9999 9999 9999 9999 9999 9999 9999 9999 9999 9999 9999
394A Sali  199111272 9999 9999 9999 9999 9999 9999 9999 9999 9999 9999 9999 9999
394A Sali  199111281 9999 9999 9999 9999 9999 9999 9999 9999 9999 9999 9999 9999
394A Sali  199111282 9999 9999 9999 9999 9999 9999 9999 9999 9999 9999 9999 9999
394A Sali  199111291 9999 9999 9999 9999 9999 9999 9999 9999 9999 9999 9999 9999
394A Sali  199111292 9999 9999 9999 9999 9999 9999 9999 9999 9999 9999 9999 9999
394A Sali  199111301 9999 9999 9999 9999 9999 9999 9999 9999 9999 9999 9999 9999
394A Sali  199111302 9999 9999 9999 9999 9999 9999 9999 9999 9999 9999 9999 9999
394A Sali  199112011 9999 9999 9999 9999 9999 9999 9999 9999 9999 9999 9999 9999
394A Sali  199112012 9999 9999 9999 9999 9999 9999 9999 9999 9999 9999 9999 9999
394A Sali  199112021 9999 9999 9999 9999 9999 9999 9999 9999 9999 9999 9999 9999
394A Sali  199112022 9999 9999 9999 9999 9999 9999 9999 9999 9999 9999 9999 9999
394A Sali  199112031 9999 9999 9999 9999 9999 9999 9999 9999 9999 9999 9999 9999
394A Sali  199112032 9999 9999 9999 9999 9999 9999 9999 9999 9999 9999 9999 9999
394A Sali  199112041 9999 9999 9999 9999 9999 9999 9999 9999 9999 9999 9999 9999
394A Sali  199112042 9999 9999 9999 9999 9999 9999 9999 9999 9999 9999 9999 9999
394A Sali  199112051 9999 9999 9999 9999 9999 9999 9999 9999 9999 9999 9999 9999
394A Sali  199112052 9999 9999 9999 9999 9999 9999 9999 9999 9999 9999 9999 9999
394A Sali  199112061 9999 9999 9999 9999 9999 9999 9999 9999 9999 9999 9999 9999
394A Sali  199112062 9999 9999 9999 9999 9999 9999 9999 9999 9999 9999 9999 9999
394A Sali  199112071 9999 9999 9999 9999 9999 9999 9999 9999 9999 9999 9999 9999
394A Sali  199112072 9999 9999 9999 9999 9999 9999 9999 9999 9999 9999 9999 9999
394A Sali  199112081 9999 9999 9999 9999 9999 9999 9999 9999 9999 9999 9999 9999
394A Sali  199112082 9999 9999 9999 9999 9999 9999 9999 9999 9999 9999 9999 9999
394A Sali  199112091 9999 9999 9999 9999 9999 9999 9999 9999 9999 9999 9999 9999
394A Sali  199112092 9999 9999 9999 9999 9999 9999 9999 9999 9999 9999 9999 9999
394A Sali  199112101 9999 9999 9999 9999 9999 9999 9999 9999 9999 9999 9999 9999
394A Sali  199112102 9999 9999 9999 9999 9999 9999 9999 9999 9999 9999 9999 9999
394A Sali  199112111 9999 9999 9999 9999 9999 9999 9999 9999 9999 9999 9999 9999
394A Sali  199112112 9999 9999 9999 9999 9999 9999 9999 9999 9999 9999 9999 9999
394A Sali  199112121 9999 9999 9999 9999 9999 9999 9999 9999 9999 9999 9999 9999
394A Sali  199112122 9999 9999 9999 9999 9999 9999 9999 9999 9999 9999 9999 9999
394A Sali  199112131 9999 9999 9999 9999 9999 9999 9999 9999 9999 9999 9999 9999
394A Sali  199112132 9999 9999 9999 9999 9999 9999 9999 9999 9999 9999 9999 9999
394A Sali  199112141 9999 9999 9999 9999 9999 9999 9999 9999 9999 9999 9999 9999
394A Sali  199112142 9999 9999 9999 9999 9999 9999 9999 9999 9999 9999 9999 9999
394A Sali  199112151 9999 9999 9999 9999 9999 9999 9999 9999 9999 9999 9999 9999
394A Sali  199112152 9999 9999 9999 9999 9999 9999 9999 9999 9999 9999 9999 9999
394A Sali  199112161 9999 9999 9999 9999 9999 9999 9999 9999 9999 9999 9999 9999
394A Sali  199112162 9999 9999 9999 9999 9999 9999 9999 9999 9999 9999 9999 9999
394A Sali  199112171 9999 9999 9999 9999 9999 9999 9999 9999 9999 9999 9999 9999
394A Sali  199112172 9999 9999 9999 9999 9999 9999 9999 9999 9999 9999 9999 9999
394A Sali  199112181 9999 9999 9999 9999 9999 9999 9999 9999 9999 9999 9999 9999
394A Sali  199112182 9999 9999 9999 9999 9999 9999 9999 9999 9999 9999 9999 9999
394A Sali  199112191 9999 9999 9999 9999 9999 9999 9999 9999 9999 9999 9999 9999
394A Sali  199112192 9999 9999 9999 9999 9999 9999 9999 9999 9999 9999 9999 9999
394A Sali  199112201 9999 9999 9999 9999 9999 9999 9999 9999 9999 9999 9999 9999
394A Sali  199112202 9999 9999 9999 9999 9999 9999 9999 9999 9999 9999 9999 9999
394A Sali  199112211 9999 9999 9999 9999 9999 9999 9999 9999 9999 9999 9999 9999
394A Sali  199112212 9999 9999 9999 9999 9999 9999 9999 9999 9999 9999 9999 9999
394A Sali  199112221 9999 9999 9999 9999 9999 9999 9999 9999 9999 9999 9999 9999
394A Sali  199112222 9999 9999 9999 9999 9999 9999 9999 9999 9999 9999 9999 9999
394A Sali  199112231 9999 9999 9999 9999 9999 9999 9999 9999 9999 9999 9999 9999
394A Sali  199112232 9999 9999 9999 9999 9999 9999 9999 9999 9999 9999 9999 9999
394A Sali  199112241 9999 9999 9999 9999 9999 9999 9999 9999 9999 9999 9999 9999
394A Sali  199112242 9999 9999 9999 9999 9999 9999 9999 9999 9999 9999 9999 9999
394A Sali  199112251 9999 9999 9999 9999 9999 9999 9999 9999 9999 9999 9999 9999
394A Sali  199112252 9999 9999 9999 9999 9999 9999 9999 9999 9999 9999 9999 9999
394A Sali  199112261 9999 9999 9999 9999 9999 9999 9999 9999 9999 9999 9999 9999
394A Sali  199112262 9999 9999 9999 9999 9999 9999 9999 9999 9999 9999 9999 9999
394A Sali  199112271 9999 9999 9999 9999 9999 9999 9999 9999 9999 9999 9999 9999
394A Sali  199112272 9999 9999 9999 9999 9999 9999 9999 9999 9999 9999 9999 9999
394A Sali  199112281 9999 9999 9999 9999 9999 9999 9999 9999 9999 9999 9999 9999
394A Sali  199112282 9999 9999 9999 9999 9999 9999 9999 9999 9999 9999 9999 9999
394A Sali  199112291 9999 9999 9999 9999 9999 9999 9999 9999 9999 9999 9999 9999
394A Sali  199112292 9999 9999 9999 9999 9999 9999 9999 9999 9999 9999 9999 9999
394A Sali  199112301 9999 9999 9999 9999 9999 9999 9999 9999 9999 9999 9999 9999
394A Sali  199112302 9999 9999 9999 9999 9999 9999 9999 9999 9999 9999 9999 9999
394A Sali  199112311 9999 9999 9999 9999 9999 9999 9999 9999 9999 9999 9999 9999
394A Sali  199112312 9999 9999 9999 9999 9999 9999 9999 9999 9999 9999 9999 9999
