394A Salina Cruz        Mexico              1964 16096N 095122W 0000 3 00000R MM
394A Sali  196401011 1097  762  518  396  427  640  945 1341 1646 1920 1951 1859
394A Sali  196401012 1585 1219  853  579  396  427  640  945 1280 1524 1646 1676
394A Sali  196401021 1494 1219  945  640  488  549  732 1036 1433 1737 1951 2012
394A Sali  196401022 1890 1615 1219  884  549  396  518  762 1097 1402 1707 1737
394A Sali  196401031 1707 1554 1250 1006  701  610  671  914 1250 1554 1859 2042
394A Sali  196401032 2042 1798 1554 1219  823  610  579  732  945 1280 1554 1859
394A Sali  196401041 1890 1829 1615 1280 1036  823  762  823 1036 1372 1676 1951
394A Sali  196401042 2012 2042 1829 1494 1158  823  701  671  853 1097 1402 1737
394A Sali  196401051 1890 1920 1859 1646 1372 1067  914  853  945 1097 1402 1707
394A Sali  196401052 1859 1981 1890 1707 1402 1067  853  701  732  884 1189 1463
394A Sali  196401061 1737 1951 1951 1829 1615 1372 1158  975  914 1067 1250 1494
394A Sali  196401062 1707 1981 1981 1890 1707 1433 1158  975  945 1007 1189 1402
394A Sali  196401071 1707 1951 2042 2073 1920 1737 1433 1250 1097 1067 1189 1311
394A Sali  196401072 1554 1737 1890 1890 1737 1585 1341 1158 1006  975 1067 1250
394A Sali  196401081 1494 1768 1951 2012 2012 1859 1676 1433 1219 1128 1158 1219
394A Sali  196401082 1372 1494 1707 1768 1768 1649 1463 1311 1158 1036 1067 1128
394A Sali  196401091 1311 1544 1768 1920 2012 1890 1798 1585 1372 1280 1158 1128
394A Sali  196401092 1219 1372 1524 1646 1707 1646 1554 1372 1189 1097  975  975
394A Sali  196401101 1067 1189 1402 1585 1707 1676 1646 1494 1311 1128  914  853
394A Sali  196401102  823  884 1067 1158 1219 1280 1280 1219 1006  884  792  671
394A Sali  196401111  732  853 1036 1280 1433 1615 1646 1585 1463 1341 1158  975
394A Sali  196401112  914  914 1006 1097 1250 1311 1402 1402 1311 1189 1067  945
394A Sali  196401121  914  945 1128 1250 1494 1676 1768 1829 1768 1585 1372 1219
394A Sali  196401122 1097 1006 1036 1097 1219 1341 1463 1524 1524 1372 1250 1097
394A Sali  196401131 1006  945 1006 1097 1311 1463 1646 1768 1737 1615 1433 1250
394A Sali  196401132 1036  823  792  792  853 1006 1097 1250 1280 1250 1128  975
394A Sali  196401141  823  701  671  701  884 1097 1341 1494 1554 1585 1433 1280
394A Sali  196401142 1036  853  671  640  701  792  975 1158 1311 1311 1280 1128
394A Sali  196401151  975  823  732  732  823 1006 1280 1524 1646 1737 1676 1524
394A Sali  196401152 1311 1067  823  701  701  792  975 1189 1372 1494 1463 1402
394A Sali  196401161 1219 1067  914  884  914 1036 1250 1524 1737 1920 1951 1829
394A Sali  196401162 1646 1402 1158  975  823  823 1006 1219 1402 1585 1646 1615
394A Sali  196401171 1524 1311 1067  945  823  914 1036 1280 1554 1737 1829 1798
394A Sali  196401172 1646 1433 1128  884  701  640  671  914 1158 1402 1494 1585
394A Sali  196401181 1463 1341 1097  945  762  701  853 1036 1311 1554 1768 1829
394A Sali  196401182 1798 1646 1341 1097  823  671  732  884 1067 1372 1585 1737
394A Sali  196401191 1768 1676 1463 1219 1006  914  884 1006 1189 1463 1737 1890
394A Sali  196401192 1951 1829 1615 1311 1036  853  701  762 1006 1219 1524 1737
394A Sali  196401201 1859 1829 1707 1463 1219  975  884  884 1067 1250 1494 1737
394A Sali  196401202 1890 1890 1707 1463 1189  914  732  732  823 1036 1341 1615
394A Sali  196401211 1829 1890 1859 1676 1402 1158  884  823  823  945 1219 1463
394A Sali  196401212 1707 1798 1737 1615 1341 1067  792  732  701  884 1128 1433
394A Sali  196401221 1707 1920 1981 1890 1707 1433 1158  945  853  884 1036 1341
394A Sali  196401222 1524 1707 1798 1768 1524 1250 1006  792  792  792  975 1250
394A Sali  196401231 1524 1798 1951 2012 1890 1707 1433 1158  975  914  975 1128
394A Sali  196401232 1341 1585 1707 1737 1646 1524 1219 1006  853  762  823 1036
394A Sali  196401241 1311 1585 1859 2012 2042 1951 1737 1433 1189 1006  914 1006
394A Sali  196401242 1128 1341 1524 1676 1707 1615 1433 1189 1006  823  762  884
394A Sali  196401251 1036 1341 1646 1920 2042 2073 1951 1714 1433 1158  975  914
394A Sali  196401252  884 1067 1250 1463 1585 1615 1524 1341 1097  914  701  640
394A Sali  196401261  732  914 1189 1463 1707 1829 1859 1768 1524 1250  945  762
394A Sali  196401262  671  701  823 1067 1280 1402 1433 1402 1250 1036  823  640
394A Sali  196401271  610  701  914 1219 1524 1798 1951 1981 1859 1585 1341 1067
394A Sali  196401272  823  762  792  884 1067 1311 1463 1524 1494 1311 1067  853
394A Sali  196401281  671  579  671  884 1158 1463 1737 1920 1951 1798 1554 1250
394A Sali  196401282  914  701  610  671  792 1006 1311 1463 1585 1524 1341 1067
394A Sali  196401291  823  610  488  579  823 1097 1433 1707 1859 1859 1798 1494
394A Sali  196401292 1158  884  610  518  579  762 1036 1311 1554 1615 1585 1372
394A Sali  196401301 1067  823  640  549  640  853 1128 1494 1768 1920 1890 1707
394A Sali  196401302 1463 1128  823  579  549  640  853 1158 1463 1615 1737 1646
394A Sali  196401311 1433 1158  914  671  610  640  914 1250 1524 1829 1951 1920
394A Sali  196401312 1737 1494 1097  762  610  549  671  914 1280 1615 1768 1829
394A Sali  196402011 1737 1494 1189  884  732  671  732  975 1219 1585 1798 1890
394A Sali  196402012 1859 1676 1372  975  701  518  549  701  975 1311 1615 1768
394A Sali  196402021 1799 1676 1463 1189  914  701  610  732 1006 1250 1585 1768
394A Sali  196402022 1890 1798 1585 1250  945  701  549  610  823 1158 1463 1707
394A Sali  196402031 1859 1829 1707 1433 1158  884  762  732  823 1067 1311 1615
394A Sali  196402032 1737 1829 1737 1463 1189  884  701  671  732  975 1250 1585
394A Sali  196402041 1768 1890 1829 1707 1433 1158  945  792  823  914 1158 1402
394A Sali  196402042 1646 1768 1737 1615 1372 1097  853  762  762  884 1097 1372
394A Sali  196402051 1676 1859 1951 1859 1646 1433 1158 1006  914  914 1036 1250
394A Sali  196402052 1433 1615 1707 1646 1494 1280 1036  884  823  823  975 1250
394A Sali  196402061 1463 1707 1859 1859 1768 1615 1341 1158  975  945  975 1128
394A Sali  196402062 1280 1463 1585 1615 1524 1372 1189 1036  914  853  914 1067
394A Sali  196402071 1280 1494 1707 1798 1829 1676 1524 1311 1128  975  945 1006
394A Sali  196402072 1128 1311 1433 1494 1524 1463 1341 1158 1006  914  914  975
394A Sali  196402081 1158 1311 1494 1676 1737 1676 1585 1402 1189 1006  884  823
394A Sali  196402082  884 1006 1128 1219 1250 1250 1158 1067  975  823  732  732
394A Sali  196402091  823 1006 1189 1372 1554 1615 1554 1494 1311 1128 1006  945
394A Sali  196402092  884  945 1067 1189 1250 1311 1311 1219 1128 1006  823  762
394A Sali  196402101  792  884 1067 1280 1433 1546 1585 1524 1402 1219 1067  914
394A Sali  196402102  792  823  853  975 1128 1219 1280 1280 1250 1128  975  884
394A Sali  196402111  823  853  975 1128 1311 1494 1615 1646 1585 1463 1280 1067
394A Sali  196402112  914  823  853  914 1036 1158 1280 1341 1341 1250 1097  975
394A Sali  196402121  853  792  853  945 1158 1402 1524 1646 1707 1585 1463 1280
394A Sali  196402122 1067  914  853  853  914 1067 1250 1433 1524 1494 1402 1250
394A Sali  196402131 1067  945  914  945 1097 1341 1524 1768 1859 1859 1768 1585
394A Sali  196402132 1372 1158 1006  914  945 1097 1280 1463 1646 1676 1676 1554
394A Sali  196402141 1341 1158 1006  945 1006 1189 1433 1646 1859 1920 1920 1768
394A Sali  196402142 1585 1311 1097  914  884  975 1158 1402 1615 1737 1798 1676
394A Sali  196402151 1524 1311 1036  914  914 1006 1219 1463 1707 1920 1981 1920
394A Sali  196402152 1707 1433 1189  945  823  853 1006 1237 1494 1737 1890 1890
394A Sali  196402161 1737 1524 1250 1036  914  884 1006 1250 1494 1707 1890 1920
394A Sali  196402162 1829 1585 1311  975  792  732  762  975 1250 1524 1768 1890
394A Sali  196402171 1859 1676 1402 1128  884  762  792  945 1189 1463 1768 1920
394A Sali  196402172 1890 1768 1494 1189  914  762  732  853 1128 1463 1768 1981
394A Sali  196402181 2042 2012 1768 1494 1189  975  853  914 1067 1372 1646 1859
394A Sali  196402182 1981 1951 1798 1494 1189  975  792  853 1036 1341 1676 1981
394A Sali  196402191 2195 2195 2073 1829 1524 1219  975  884  914 1128 1372 1676
394A Sali  196402192 1859 1890 1829 1585 1250  945  732  671  732  945 1219 1585
394A Sali  196402201 1890 2012 2042 1920 1615 1311 1006  792  701  853 1036 1311
394A Sali  196402202 1554 1768 1798 1707 1494 1189  975  762  762  853 1097 1433
394A Sali  196402211 1768 2012 2164 2134 1951 1676 1372 1097  914  853  975 1189
394A Sali  196402212 1433 1646 1768 1798 1676 1463 1189  975  792  792  914 1189
394A Sali  196402221 1494 1768 2012 2134 2073 1890 1615 1311 1036  884  884  945
394A Sali  196402222 1128 1372 1585 1676 1676 1554 1341 1097  884  732  701  792
394A Sali  196402231 1006 1341 1585 1798 1890 1859 1707 1463 1189  945  762  732
394A Sali  196402232  792  975 1189 1402 1524 1554 1433 1250 1036  823  701  701
394A Sali  196402241  823 1067 1341 1646 1829 1951 1920 1768 1554 1280 1067  914
394A Sali  196402242  884  945 1128 1341 1494 1676 1707 1585 1372 1158  945  853
394A Sali  196402251  823  914 1128 1372 1615 1859 1951 1920 1798 1554 1311 1067
394A Sali  196402252  914  823  884 1067 1280 1524 1615 1676 1585 1402 1158  975
394A Sali  196402261  792  762  853 1067 1311 1585 1798 1920 1920 1737 1524 1250
394A Sali  196402262  975  792  762  853 1006 1250 1463 1615 1707 1615 1433 1189
394A Sali  196402271  975  792  762  823 1036 1280 1554 1798 1920 1890 1707 1463
394A Sali  196402272 1189  914  732  701  792 1036 1280 1554 1707 1768 1676 1463
394A Sali  196402281 1219  975  792  732  792 1006 1250 1554 1768 1859 1829 1646
394A Sali  196402282 1402 1067  792  640  610  732  945 1219 1494 1676 1676 1524
394A Sali  196402291 1280 1036  701  518  457  579  792 1036 1341 1524 1646 1554
394A Sali  196402292 1372 1097  823  518  427  457  701  975 1311 1585 1737 1768
394A Sali  196403011 1646 1372 1067  792  671  640  762  975 1280 1554 1737 1768
394A Sali  196403012 1707 1433 1128  823  610  549  579  792 1097 1433 1676 1798
394A Sali  196403021 1768 1615 1311 1006  762  610  640  762 1006 1311 1524 1707
394A Sali  196403022 1707 1585 1311 1036  792  640  640  762  975 1311 1615 1798
394A Sali  196403031 1890 1829 1615 1311 1036  792  701  701  914 1158 1433 1615
394A Sali  196403032 1737 1676 1524 1250  975  762  640  701  853 1128 1402 1676
394A Sali  196403041 1829 1859 1737 1524 1219  945  762  701  792  975 1219 1433
394A Sali  196403042 1615 1676 1615 1433 1158  945  762  701  762  975 1250 1494
394A Sali  196403051 1737 1829 1798 1615 1402 1128  884  732  701  792 1006 1189
394A Sali  196403052 1372 1524 1524 1402 1189  975  792  671  671  762  945 1280
394A Sali  196403061 1463 1615 1676 1585 1463 1189  975  792  671  701  823  975
394A Sali  196403062 1189 1341 1433 1433 1341 1158  945  792  701  762  914 1158
394A Sali  196403071 1372 1524 1676 1676 1646 1463 1219 1006  853  762  792  914
394A Sali  196403072 1097 1280 1372 1433 1372 1280 1097  914  823  823  853 1036
394A Sali  196403081 1219 1402 1585 1676 1707 1615 1402 1250 1067  945  945  945
394A Sali  196403082 1067 1219 1341 1402 1433 1402 1280 1128 1006  884  884  975
394A Sali  196403091 1128 1311 1494 1646 1707 1676 1585 1433 1250 1128 1006  975
394A Sali  196403092 1036 1128 1280 1372 1463 1463 1402 1311 1158 1006  945  945
394A Sali  196403101 1006 1158 1341 1554 1646 1676 1676 1554 1402 1250 1067  945
394A Sali  196403102  975 1006 1128 1219 1341 1402 1433 1372 1219 1097  975  914
394A Sali  196403111  914  945 1128 1280 1433 1585 1615 1615 1463 1341 1158 1036
394A Sali  196403112  914  914  945 1067 1219 1372 1463 1494 1402 1311 1097 1006
394A Sali  196403121  914  914 1006 1128 1280 1494 1615 1707 1615 1494 1341 1128
394A Sali  196403122  975  884  853  945 1097 1280 1402 1494 1524 1433 1311 1097
394A Sali  196403131  975  884  853  945 1128 1341 1524 1646 1707 1676 1494 1311
394A Sali  196403132 1067  884  823  823  975 1158 1372 1524 1676 1646 1524 1341
394A Sali  196403141 1158  945  853  853  945 1128 1372 1585 1737 1737 1615 1433
394A Sali  196403142 1219 1006  823  732  823  975 1219 1463 1646 1768 1707 1615
394A Sali  196403151 1372 1128  945  826  841  978 1198 1445 1662 1789 1789 1657
394A Sali  196403152 1437 1173  919  744  710  822 1042 1321 1594 1796 1872 1804
394A Sali  196403161 1615 1402 1036  792  640  671  853 1097 1402 1646 1737 1707
394A Sali  196403162 1554 1311  975  732  610  610  823 1067 1372 1676 1951 1981
394A Sali  196403171 1829 1585 1311  945  701  610  671  884 1189 1494 1707 1798
394A Sali  196403172 1737 1524 1189  884  640  518  549  792 1158 1524 1829 1981
394A Sali  196403181 2012 1859 1554 1219  853  640  549  610  853 1189 1494 1707
394A Sali  196403182 1737 1676 1402 1128  792  579  518  640  853 1250 1615 1920
394A Sali  196403191 2073 2073 1829 1524 1128  823  640  579  701  975 1280 1524
394A Sali  196403192 1707 1768 1615 1372 1036  792  579  549  701  975 1311 1676
394A Sali  196403201 1951 2073 2012 1798 1463 1128  823  671  640  732 1006 1219
394A Sali  196403202 1463 1646 1707 1615 1341 1067  762  579  610  762 1006 1402
394A Sali  196403211 1676 1951 2012 1981 1768 1494 1097  853  732  701  823 1036
394A Sali  196403212 1341 1524 1676 1646 1494 1250  945  762  549  610  701 1006
394A Sali  196403221 1311 1585 1768 1798 1768 1585 1280  945  701  610  579  732
394A Sali  196403222  945 1189 1341 1524 1524 1402 1189  975  762  671  732  884
394A Sali  196403231 1097 1372 1676 1829 1920 1859 1676 1402 1097  884  762  732
394A Sali  196403232  853 1097 1341 1524 1615 1646 1494 1280 1067  884  792  823
394A Sali  196403241  945 1128 1372 1676 1829 1890 1798 1676 1433 1158  975  853
394A Sali  196403242  853  945 1158 1402 1585 1676 1676 1585 1372 1219  945  853
394A Sali  196403251  884  975 1158 1402 1676 1829 1859 1829 1646 1463 1158  975
394A Sali  196403252  884  853 1006 1158 1433 1646 1707 1737 1676 1494 1280 1097
394A Sali  196403261  945  914  975 1189 1372 1615 1798 1859 1798 1646 1433 1189
394A Sali  196403262 1006  884  884 1036 1250 1463 1707 1798 1798 1707 1524 1311
394A Sali  196403271 1067  945  914  945 1128 1372 1585 1737 1829 1768 1585 1311
394A Sali  196403272 1097  914  823  823 1006 1219 1494 1676 1829 1829 1707 1524
394A Sali  196403281 1219 1006  823  823  914 1067 1341 1585 1768 1768 1707 1524
394A Sali  196403282 1311 1067  853  701  914 1006 1311 1524 1798 1707 2042 1707
394A Sali  196403291 1494 1524 1036  579  975  914  975 1402 1676 1737 1829 1829
394A Sali  196403292 1372 1280 1067  701  884  701 1067 1311 1920 1829 2195 1676
394A Sali  196403301 1859 1372 1250  701  884  762  823 1067 1402 1524 1768 1615
394A Sali  196403302 1554 1433  975  853  823  518  853 1189 1402 1646 2012 1920
394A Sali  196403311 1737 1554 1280 1036  792  732  732  884 1189 1402 1585 1681
394A Sali  196403312 1646 1494 1189  975  732  671  762  945 1219 1341 1676 1890
394A Sali  196404011 1875 1718 1464 1171  915  757  722  807  991 1229 1452 1596
394A Sali  196404012 1620 1524 1311 1128  914  701  701  792 1006 1250 1615 1798
394A Sali  196404021 1829 1829 1615 1433 1128  884  762  792  914 1067 1372 1554
394A Sali  196404022 1615 1585 1524 1219 1006  823  701  701  853 1097 1341 1585
394A Sali  196404031 1768 1737 1676 1433 1219  914  762  671  792  884 1067 1311
394A Sali  196404032 1463 1494 1433 1341 1189  914  823  732  792  945 1189 1402
394A Sali  196404041 1646 1737 1707 1585 1402 1128  884  732  732  762  945 1097
394A Sali  196404042 1250 1402 1433 1372 1250 1067  853  762  762  884 1036 1250
394A Sali  196404051 1494 1646 1707 1646 1463 1253 1036  884  792  762  884 1006
394A Sali  196404052 1189 1311 1402 1372 1280 1189 1097  945  884  853 1006 1189
394A Sali  196404061 1433 1524 1676 1768 1707 1494 1250 1097  975  884  853 1036
394A Sali  196404062 1128 1250 1311 1494 1463 1311 1189 1006  914  884  914 1006
394A Sali  196404071 1158 1433 1585 1646 1646 1585 1433 1250 1067  914  884  911
394A Sali  196404072 1006 1189 1311 1402 1433 1402 1311 1158 1036  914  914  914
394A Sali  196404081 1036 1250 1433 1524 1615 1585 1524 1402 1219 1067  945  914
394A Sali  196404082  914 1006 1189 1341 1433 1463 1372 1311 1189 1036  975  884
394A Sali  196404091  914 1036 1219 1311 1463 1585 1585 1494 1280 1097  945  823
394A Sali  196404092  792  884  975 1067 1219 1372 1372 1372 1219 1067  914  823
394A Sali  196404101  762  792  884 1067 1250 1372 1463 1494 1372 1158 1006  853
394A Sali  196404102  762  762  853 1006 1250 1402 1554 1615 1585 1440 1250 1067
394A Sali  196404111  914  792  823  945 1189 1341 1494 1585 1554 1433 1311 1036
394A Sali  196404112  884  792  762  853 1097 1311 1524 1707 1737 1676 1524 1280
394A Sali  196404121 1097  884  792  792  914 1158 1372 1554 1676 1646 1494 1341
394A Sali  196404122 1097  884  762  732  853 1097 1372 1646 1829 1890 1829 1646
394A Sali  196404131 1402 1158  914  736  701  853 1097 1372 1585 1707 1676 1494
394A Sali  196404132 1250  945  732  671  792  945 1280 1554 1859 1981 2042 1890
394A Sali  196404141 1615 1219  884  701  610  732  914 1219 1494 1676 1798 1676
394A Sali  196404142 1433 1189  914  671  549  610  975 1311 1707 1951 2073 2042
394A Sali  196404151 1859 1524 1128  853  579  549  668  914 1189 1463 1707 1737
394A Sali  196404152 1585 1311  989  671  488  457  610  886 1250 1646 1890 2073
394A Sali  196404161 2042 1829 1402 1067  640  457  427  610  869 1189 1494 1676
394A Sali  196404162 1676 1494 1280  945  671  457  488  640  945 1372 1737 2042
394A Sali  196404171 2134 2012 1768 1341 1006  671  518  549  671  945 1341 1585
394A Sali  196404172 1768 1707 1524 1280  975  671  549  579  762 1097 1463 1798
394A Sali  196404181 2012 2073 1981 1676 1311  971  701  549  549  792 1036 1372
394A Sali  196404182 1615 1737 1676 1494 1219  975  732  579  640  792 1128 1524
394A Sali  196404191 1768 1951 2012 1859 1615 1280  945  732  610  610  792 1067
394A Sali  196404192 1372 1554 1646 1585 1463 1219  914  732  640  701  853 1128
394A Sali  196404201 1463 1707 1859 1890 1768 1494 1219  975  732  701  732  853
394A Sali  196404202 1128 1433 1585 1676 1615 1463 1250 1036  853  732  792  945
394A Sali  196404211 1189 1433 1676 1829 1859 1707 1524 1219  975  792  762  823
394A Sali  196404212 1006 1219 1402 1585 1707 1676 1524 1311 1067  914  823  853
394A Sali  196404221 1036 1219 1494 1676 1798 1768 1676 1494 1280 1006  914  823
394A Sali  196404222  914 1036 1280 1494 1646 1676 1707 1615 1402 1158 1006  914
394A Sali  196404231  884  975 1219 1372 1556 1676 1676 1615 1433 1219 1006  853
394A Sali  196404232  792  853 1006 1250 1494 1707 1737 1676 1585 1372 1158  975
394A Sali  196404241  884  884  945 1097 1372 1554 1585 1646 1554 1372 1189 1006
394A Sali  196404242  823  823  853 1067 1250 1494 1707 1768 1707 1585 1372 1158
394A Sali  196404251  914  823  792  914 1097 1280 1463 1615 1633 1547 1381 1174
394A Sali  196404252  975  792  792  853 1097 1341 1585 1707 1798 1768 1585 1372
394A Sali  196404261 1067  914  792  823  853 1067 1280 1524 1615 1615 1463 1341
394A Sali  196404262 1128  945  823  762  914 1158 1372 1615 1737 1829 1737 1585
394A Sali  196404271 1311 1097  853  762  762  914 1097 1280 1524 1585 1585 1494
394A Sali  196404272 1280 1097  914  732  823  945 1189 1433 1615 1829 1890 1707
394A Sali  196404281 1494 1219  945  823  701  792  884 1128 1341 1494 1585 1554
394A Sali  196404282 1341 1158  914  762  762  823 1006 1311 1554 1737 1859 1829
394A Sali  196404291 1664 1417 1141  902  757  727  810  980 1195 1393 1518 1531
394A Sali  196404292 1437 1264 1049  854  746  754  874 1083 1342 1585 1768 1829
394A Sali  196404301 1768 1554 1250 1036  792  671  671  853 1036 1219 1372 1524
394A Sali  196404302 1463 1341 1158  945  762  701  732  914 1158 1524 1707 1798
394A Sali  196405011 1798 1707 1433 1189  945  732  701  792  884 1097 1280 1433
394A Sali  196405012 1554 1402 1341 1097  914  792  762  853 1097 1250 1463 1676
394A Sali  196405021 1768 1676 1433 1219 1036  823  732  762  914 1097 1250 1402
394A Sali  196405022 1494 1494 1280 1097  975  853  823  853  914 1128 1402 1585
394A Sali  196405031 1707 1768 1676 1524 1250 1067  853  732  762  945 1036 1280
394A Sali  196405032 1402 1494 1463 1341 1179 1006  853  792  884 1036 1250 1433
394A Sali  196405041 1615 1768 1707 1615 1402 1158  975  823  792  884 1006 1189
394A Sali  196405042 1341 1463 1494 1433 1311 1158 1006  914  853  945 1128 1341
394A Sali  196405051 1524 1707 1737 1676 1585 1341 1128  975  823  823  914 1036
394A Sali  196405052 1219 1341 1463 1494 1402 1311 1158  975  884  914  945 1128
394A Sali  196405061 1311 1494 1615 1646 1524 1433 1158 1097  853  762  823  945
394A Sali  196405062 1097 1219 1341 1463 1402 1433 1219 1036  914  914  853  945
394A Sali  196405071 1067 1219 1433 1554 1585 1516 1372 1158  975  853  792  814
394A Sali  196405072  914 1128 1280 1433 1524 1524 1402 1311 1128  975  914  853
394A Sali  196405081  914 1097 1219 1494 1463 1554 1463 1341 1128 1006  823  762
394A Sali  196405082  853  975 1219 1341 1554 1676 1632 1494 1311 1158 1006  914
394A Sali  196405091  853  945 1036 1250 1341 1554 1554 1433 1341 1128  975  823
394A Sali  196405092  762  884 1067 1280 1433 1676 1737 1768 1585 1372 1219  975
394A Sali  196405101  849  826  906 1063 1252 1420 1524 1528 1429 1253 1049  860
394A Sali  196405102  732  762  823 1036 1280 1554 1798 1890 1829 1707 1433 1219
394A Sali  196405111  975  823  732  792  975 1250 1494 1585 1554 1494 1280 1036
394A Sali  196405112  823  701  701  823 1067 1341 1646 1890 1981 1920 1768 1463
394A Sali  196405121 1158  884  701  732  762  975 1250 1524 1615 1615 1524 1311
394A Sali  196405122  975  792  610  579  792 1097 1402 1768 2012 2134 2042 1829
394A Sali  196405131 1463 1128  762  579  579  762 1006 1280 1524 1676 1676 1494
394A Sali  196405132 1219  975  671  518  579  701 1036 1433 1798 2012 2073 2012
394A Sali  196405141 1737 1372  945  640  396  427  579  914 1219 1494 1615 1585
394A Sali  196405142 1463 1128  853  591  457  518  732 1067 1433 1798 2073 2164
394A Sali  196405151 2012 1676 1250  853  579  427  488  640  975 1250 1554 1707
394A Sali  196405152 1615 1402 1128  823  518  427  488  732 1128 1524 1859 2073
394A Sali  196405161 2103 1951 1615 1189  823  518  427  488  732 1006 1372 1615
394A Sali  196405162 1676 1609 1402 1158  823  640  549  640  823 1189 1585 1890
394A Sali  196405171 2073 2073 1829 1524 1189  823  579  549  647  884 1158 1402
394A Sali  196405172 1676 1768 1707 1494 1219  853  640  610  732  945 1219 1524
394A Sali  196405181 1829 2012 1951 1798 1494 1128  762  610  579  701  914 1219
394A Sali  196405182 1524 1707 1768 1707 1494 1280  975  792  701  732 1006 1280
394A Sali  196405191 1585 1798 1890 1859 1707 1402 1128  914  732  701  823 1036
394A Sali  196405192 1372 1554 1737 1768 1707 1463 1280 1036  853  792  853 1036
394A Sali  196405201 1250 1494 1768 1829 1768 1615 1372 1128  914  762  762  762
394A Sali  196405202 1006 1311 1524 1707 1798 1676 1554 1280 1067  914  884  914
394A Sali  196405211 1006 1280 1463 1646 1707 1676 1554 1341 1189  975  853  853
394A Sali  196405212  945 1128 1402 1615 1768 1829 1737 1615 1372 1189 1067  945
394A Sali  196405221  975 1128 1250 1494 1646 1707 1676 1524 1372 1158 1067  914
394A Sali  196405222  939 1067 1250 1463 1707 1829 1920 1829 1646 1494 1341 1097
394A Sali  196405231 1036 1067 1158 1372 1494 1646 1737 1676 1585 1433 1189 1036
394A Sali  196405232  914 1006 1158 1341 1585 1768 1920 1951 1829 1707 1463 1311
394A Sali  196405241 1128 1006 1036 1189 1341 1524 1676 1707 1646 1554 1341 1158
394A Sali  196405242 1006  945 1036 1158 1372 1615 1829 1951 1951 1829 1646 1433
394A Sali  196405251 1189 1036  975 1036 1128 1311 1494 1646 1688 1632 1498 1316
394A Sali  196405252 1134 1006  975 1036 1250 1494 1646 1859 1951 1981 1829 1615
394A Sali  196405261 1372 1189 1006  975 1036 1189 1402 1524 1676 1646 1615 1463
394A Sali  196405262 1250 1128 1006 1006 1097 1250 1524 1768 1890 2042 1951 1768
394A Sali  196405271 1524 1280 1097  914  914 1036 1189 1433 1554 1646 1676 1585
394A Sali  196405272 1433 1219 1036  945 1006 1158 1341 1585 1829 1981 2012 1920
394A Sali  196405281 1768 1494 1250 1006  914  914 1067 1219 1433 1585 1737 1646
394A Sali  196405282 1554 1372 1189 1006  945 1036 1189 1463 1676 1890 2042 2012
394A Sali  196405291 1829 1676 1372 1097  945  914  945 1097 1372 1524 1646 1707
394A Sali  196405292 1646 1494 1311 1097 1006  975 1097 1311 1554 1829 1981 2012
394A Sali  196405301 1981 1768 1524 1280 1036  975  914 1006 1219 1402 1554 1676
394A Sali  196405302 1676 1585 1433 1219 1067  975 1036 1189 1341 1615 1829 1951
394A Sali  196405311 1951 1859 1615 1402 1158  945  914  914 1097 1250 1463 1646
394A Sali  196405312 1676 1615 1490 1311 1128  975 1006 1036 1189 1433 1646 1829
394A Sali  196406011 1920 1890 1737 1524 1250 1006  914  914 1006 1128 1341 1494
394A Sali  196406012 1585 1646 1615 1463 1250 1067  914  884 1036 1250 1494 1676
394A Sali  196406021 1798 1829 1829 1615 1402 1158  914  853  853  975 1189 1387
394A Sali  196406022 1554 1676 1646 1524 1402 1219 1128  975  975 1128 1280 1524
394A Sali  196406031 1676 1798 1859 1707 1554 1280 1067  914  853  914 1036 1280
394A Sali  196406032 1463 1615 1676 1707 1585 1433 1189 1067 1036  975 1128 1311
394A Sali  196406041 1554 1737 1798 1768 1646 1494 1280 1006  914  914  975 1158
394A Sali  196406042 1311 1554 1707 1768 1737 1585 1433 1250 1067 1006 1097 1219
394A Sali  196406051 1372 1615 1707 1737 1707 1646 1433 1280 1006  914  914 1036
394A Sali  196406052 1250 1463 1615 1737 1768 1829 1646 1433 1245 1097 1036 1097
394A Sali  196406061 1158 1341 1524 1615 1676 1676 1494 1341 1158  945  853  884
394A Sali  196406062 1036 1219 1463 1646 1829 1890 1816 1646 1433 1250 1097  975
394A Sali  196406071  975 1128 1311 1494 1585 1676 1676 1554 1372 1158  975  884
394A Sali  196406072  853 1006 1311 1615 1798 1920 2012 1920 1768 1554 1311 1036
394A Sali  196406081 1006  945 1097 1280 1433 1615 1707 1646 1463 1311 1067  914
394A Sali  196406082  884  884 1006 1311 1646 1920 2103 2134 2008 1768 1463 1189
394A Sali  196406091 1006  853  884 1036 1219 1433 1615 1676 1615 1524 1311  975
394A Sali  196406092  762  732  823 1036 1341 1646 1951 2134 2195 2072 1829 1494
394A Sali  196406101 1158  884  792  823  945 1189 1463 1646 1707 1676 1463 1208
394A Sali  196406102  945  701  671  701  945 1311 1646 1951 2195 2195 2073 1798
394A Sali  196406111 1372 1036  768  640  640  826 1097 1372 1586 1673 1608 1416
394A Sali  196406112 1155  884  673  594  679  915 1257 1630 1950 2140 2157 1998
394A Sali  196406121 1707 1311  945  640  549  640  823 1128 1524 1676 1768 1676
394A Sali  196406122 1524 1158  884  610  541  640  853 1311 1676 1981 2225 2164
394A Sali  196406131 2012 1615 1280  914  610  549  640  853 1280 1554 1798 1798
394A Sali  196406132 1676 1463 1158  884  610  579  671  914 1311 1646 1981 2195
394A Sali  196406141 2134 1890 1524 1158  823  549  549  640  853 1219 1554 1737
394A Sali  196406142 1829 1707 1463 1128  823  610  562  671  914 1280 1615 1951
394A Sali  196406151 2134 2012 1798 1494 1158  792  549  610  701  914 1311 1615
394A Sali  196406152 1798 1798 1707 1494 1250  914  762  671  792 1067 1372 1676
394A Sali  196406161 1890 2012 1890 1676 1372 1097  792  610  629  792 1067 1311
394A Sali  196406162 1585 1798 1829 1737 1524 1250  975  823  823  914 1067 1402
394A Sali  196406171 1615 1798 1920 1798 1585 1280 1006  762  701  671  884 1097
394A Sali  196406172 1402 1707 1798 1829 1737 1524 1219 1067  884  838  914 1097
394A Sali  196406181 1372 1646 1737 1768 1737 1494 1219  945  823  762  792  914
394A Sali  196406182 1219 1463 1676 1798 1829 1676 1524 1311 1067  975  884 1006
394A Sali  196406191 1128 1372 1494 1676 1676 1585 1463 1158  945  853  732  792
394A Sali  196406192 1036 1250 1463 1658 1768 1768 1646 1494 1280 1036  945  853
394A Sali  196406201 1006 1097 1311 1372 1524 1554 1494 1280 1067  900  792  792
394A Sali  196406202  914 1097 1341 1524 1737 1798 1768 1646 1402 1250 1006  945
394A Sali  196406211  853  945 1097 1219 1372 1494 1524 1463 1372 1097  975  792
394A Sali  196406212  762  914 1097 1280 1494 1737 1829 1798 1661 1463 1250 1067
394A Sali  196406221  914  792  975 1036 1280 1402 1463 1463 1402 1250 1128  945
394A Sali  196406222  853  884 1006 1158 1433 1615 1768 1829 1753 1585 1402 1219
394A Sali  196406231 1006  945  945  945 1067 1243 1402 1463 1524 1433 1280 1097
394A Sali  196406232  975  914  945 1036 1250 1463 1707 1829 1829 1798 1646 1341
394A Sali  196406241 1128 1006  884  914 1006 1158 1402 1463 1554 1524 1341 1189
394A Sali  196406242 1067  914  853  945 1128 1280 1554 1737 1859 1920 1768 1585
394A Sali  196406251 1341 1097  945  823  860  975 1189 1341 1463 1524 1494 1402
394A Sali  196406252 1128  945  853  853  950 1128 1372 1554 1768 1859 1768 1646
394A Sali  196406261 1463 1128  945  823  762  853 1067 1128 1372 1463 1494 1433
394A Sali  196406262 1219 1036  914  853  884 1036 1250 1433 1710 1920 1920 1829
394A Sali  196406271 1676 1402 1158  975  884  823  945 1189 1341 1463 1554 1524
394A Sali  196406272 1433 1311 1128  945  914  975 1158 1250 1524 1707 1829 1890
394A Sali  196406281 1829 1524 1341 1036  853  853  823  975 1219 1372 1585 1615
394A Sali  196406282 1554 1433 1250 1097  945  884 1006 1128 1341 1646 1920 1920
394A Sali  196406291 1920 1737 1463 1219  945  884  853  945 1097 1341 1494 1615
394A Sali  196406292 1676 1524 1311 1189 1006  914  914 1067 1280 1463 1676 1859
394A Sali  196406301 1890 1798 1585 1372 1067  853  853  853  975 1158 1372 1585
394A Sali  196406302 1676 1646 1554 1402 1250 1070  975  945 1128 1280 1494 1737
394A Sali  196407011 1859 1890 1737 1524 1250 1067  914  823  853 1006 1219 1494
394A Sali  196407012 1646 1707 1707 1524 1280 1128 1036  968 1006 1128 1341 1577
394A Sali  196407021 1768 1859 1737 1615 1372 1150  962  859  870  986 1177 1404
394A Sali  196407022 1615 1755 1798 1707 1646 1280 1250  975  945 1036 1219 1402
394A Sali  196407031 1585 1768 1798 1737 1554 1402 1128 1006  935  975 1097 1280
394A Sali  196407032 1585 1768 1920 1920 1829 1707 1402 1189 1097 1036 1128 1250
394A Sali  196407041 1402 1615 1798 1737 1737 1554 1280 1067  945  914  945 1219
394A Sali  196407042 1494 1737 1920 2073 2042 1920 1707 1485 1280 1158 1097 1158
394A Sali  196407051 1311 1463 1707 1768 1798 1646 1463 1250 1036  884  870  973
394A Sali  196407052 1174 1432 1694 1906 2026 2032 1920 1724 1494 1219 1036  945
394A Sali  196407061 1006 1189 1402 1494 1585 1646 1554 1402 1097  884  823  792
394A Sali  196407062  895 1097 1402 1707 1859 1981 1984 1859 1585 1311 1097  914
394A Sali  196407071  864  930 1085 1281 1464 1581 1597 1500 1321 1108  915  795
394A Sali  196407072  792  884 1128 1433 1737 1920 2134 2103 1890 1646 1372 1067
394A Sali  196407081  945  792  884 1128 1311 1463 1676 1707 1585 1341 1158  945
394A Sali  196407082  777  732  853 1128 1524 1829 2012 2195 2103 1981 1737 1341
394A Sali  196407091 1128  853  762  945 1097 1311 1554 1798 1768 1646 1463 1158
394A Sali  196407092  945  823  732  792 1158 1585 1859 2164 2286 2286 2073 1707
394A Sali  196407101 1433 1097  884  762  945 1128 1402 1646 1798 1829 1707 1433
394A Sali  196407102 1189  914  762  732  884 1158 1494 1890 2164 2316 2286 2134
394A Sali  196407111 1829 1372 1006  804  762  884 1067 1494 1707 1951 1951 1890
394A Sali  196407112 1554 1433 1097  884  823  945 1158 1585 1920 2195 2316 2286
394A Sali  196407121 2012 1737 1372 1036  762  732  914 1189 1494 1791 1981 2042
394A Sali  196407122 1859 1646 1311 1067  853  819  945 1250 1554 1951 2195 2316
394A Sali  196407131 2225 1981 1554 1219  853  701  823  945 1245 1585 1859 2042
394A Sali  196407132 2103 1859 1676 1341 1067  884  914  914 1372 1615 1859 2164
394A Sali  196407141 2225 2164 1890 1547 1189  914  792  792  975 1311 1676 1949
394A Sali  196407142 2103 2042 1859 1646 1280 1006  845  823 1006 1341 1585 1920
394A Sali  196407151 2073 2103 1890 1646 1402 1036  792  792  884 1036 1311 1646
394A Sali  196407152 1859 2073 2012 1845 1585 1311 1036  975  975 1097 1402 1615
394A Sali  196407161 1859 1981 1981 1859 1646 1372 1128  955  914  975 1219 1463
394A Sali  196407162 1707 1981 2134 1981 1798 1585 1311 1128 1067 1067 1219 1463
394A Sali  196407171 1646 1890 1890 1890 1737 1494 1280 1097 1006  945 1067 1280
394A Sali  196407172 1585 1768 1981 2012 1981 1768 1585 1341 1189 1036 1067 1250
394A Sali  196407181 1463 1615 1798 1859 1798 1676 1494 1280 1067 1036 1006 1189
394A Sali  196407182 1341 1646 1859 1981 1981 1951 1768 1494 1341 1189 1128 1158
394A Sali  196407191 1219 1433 1554 1707 1737 1707 1579 1402 1189 1006  975 1036
394A Sali  196407192 1219 1433 1646 1829 1951 1951 1859 1768 1554 1280 1158 1097
394A Sali  196407201 1189 1280 1433 1585 1646 1707 1615 1463 1280 1219 1067 1067
394A Sali  196407202 1036 1189 1433 1617 1768 1890 1920 1737 1554 1463 1311 1128
394A Sali  196407211 1097 1128 1219 1402 1494 1585 1615 1585 1463 1308 1158 1036
394A Sali  196407212 1067 1097 1219 1463 1707 1859 1951 1890 1798 1646 1433 1219
394A Sali  196407221 1189 1128 1097 1219 1402 1433 1524 1585 1524 1433 1250 1128
394A Sali  196407222 1036 1067 1158 1280 1524 1707 1829 1981 1890 1798 1585 1433
394A Sali  196407231 1219 1158 1128 1097 1250 1372 1524 1646 1554 1463 1402 1219
394A Sali  196407232 1128 1006 1036 1158 1280 1524 1829 1981 2012 1920 1798 1615
394A Sali  196407241 1372 1219 1036 1067 1145 1280 1433 1554 1646 1615 1524 1363
394A Sali  196407242 1189 1128 1036 1097 1189 1402 1646 1859 1920 2012 1951 1707
394A Sali  196407251 1585 1280 1128 1067 1067 1128 1311 1494 1676 1646 1646 1585
394A Sali  196407252 1341 1189 1128 1097 1128 1311 1554 1774 1951 2042 2195 1951
394A Sali  196407261 1676 1372 1219 1128 1006 1067 1250 1463 1707 1768 1768 1676
394A Sali  196407262 1554 1402 1250 1067 1036 1158 1372 1615 1829 2042 2134 2164
394A Sali  196407271 1981 1707 1463 1188 1006 1006 1219 1402 1554 1728 1829 1859
394A Sali  196407272 1737 1615 1372 1158 1036 1067 1250 1433 1737 1890 2073 2073
394A Sali  196407281 1981 1798 1463 1158 1067  945 1006 1189 1402 1646 1768 1890
394A Sali  196407282 1859 1707 1494 1280 1067  945 1006 1250 1433 1646 1859 2012
394A Sali  196407291 2012 1890 1676 1372 1128  945  945  945 1189 1463 1646 1829
394A Sali  196407292 1920 1829 1615 1402 1158 1006 1097 1097 1158 1433 1676 1859
394A Sali  196407301 1981 1920 1737 1524 1189 1006  884  853 1067 1250 1585 1768
394A Sali  196407302 1951 1981 1829 1585 1402 1097 1006 1006 1067 1219 1524 1676
394A Sali  196407311 1829 1859 1798 1646 1311 1097  945  823  884 1067 1341 1615
394A Sali  196407312 1768 1920 1890 1750 1524 1280 1250 1036  945 1067 1250 1494
394A Sali  196408011 1676 1829 1859 1768 1463 1189 1036  762  792  914 1158 1402
394A Sali  196408012 1707 1890 2012 2012 1798 1646 1311 1097  914  975 1036 1250
394A Sali  196408021 1463 1707 1737 1768 1655 1463 1280 1010  823  823 1006 1240
394A Sali  196408022 1524 1829 2042 2104 2042 1859 1585 1311 1067  945  945 1097
394A Sali  196408031 1219 1433 1615 1737 1646 1524 1311 1067  887  792  792  975
394A Sali  196408032 1128 1494 1829 2012 2103 1951 1798 1585 1280 1006  945  914
394A Sali  196408041 1006 1189 1433 1646 1646 1646 1402 1250 1036  853  732  763
394A Sali  196408042  914 1189 1494 1768 2012 2012 1951 1768 1494 1219 1067  853
394A Sali  196408051  884  914 1250 1372 1463 1646 1554 1402 1250  975  762  732
394A Sali  196408052  701  884 1097 1433 1707 1920 2073 1981 1798 1524 1219 1006
394A Sali  196408061  914  823  945 1189 1341 1524 1585 1615 1524 1372 1097  853
394A Sali  196408062  732  792  975 1219 1524 1829 2012 2103 2042 1829 1524 1219
394A Sali  196408071  945  853  823  975 1189 1433 1646 1768 1737 1524 1372 1067
394A Sali  196408072  853  762  823  945 1219 1585 1859 2073 2195 2073 1859 1554
394A Sali  196408081 1219 1006  823  823  945 1158 1463 1707 1859 1859 1676 1494
394A Sali  196408082 1158  945  792  701  884 1219 1494 1859 2042 2134 2073 1829
394A Sali  196408091 1494 1158  914  732  701  884 1158 1433 1707 1859 1798 1615
394A Sali  196408092 1402 1128  823  732  701  853 1128 1463 1798 2012 2134 1981
394A Sali  196408101 1707 1433 1128  853  640  762  884 1219 1494 1737 1859 1859
394A Sali  196408102 1737 1494 1158  853  732  747  914 1189 1524 1859 2073 2103
394A Sali  196408111 1981 1737 1341  975  792  732  732  914 1341 1707 1859 1981
394A Sali  196408112 1981 1768 1463 1128  884  792  792  975 1219 1554 1859 2012
394A Sali  196408121 2012 1890 1554 1250  914  792  732  823 1036 1372 1737 1951
394A Sali  196408122 2073 1920 1737 1494 1158  914  817  865 1045 1319 1617 1860
394A Sali  196408131 1981 1920 1737 1433 1067  792  732  732  853 1219 1494 1768
394A Sali  196408132 1951 1981 1920 1707 1433 1158  914  792  853 1097 1341 1585
394A Sali  196408141 1797 1890 1798 1646 1433 1036  823  732  762 1006 1250 1547
394A Sali  196408142 1798 1981 1951 1798 1646 1372 1097  914  885  975 1158 1395
394A Sali  196408151 1615 1798 1737 1676 1433 1230 1036  823  823  945 1097 1280
394A Sali  196408152 1585 1768 1951 1890 1646 1524 1219 1067  956  945 1067 1250
394A Sali  196408161 1402 1585 1676 1676 1585 1372 1158  975  853  914 1036 1189
394A Sali  196408162 1402 1676 1859 1920 1890 1707 1494 1311 1128 1067 1067 1128
394A Sali  196408171 1311 1524 1615 1707 1707 1524 1402 1219 1128  975 1036 1158
394A Sali  196408172 1372 1615 1798 1920 1951 1859 1676 1554 1341 1158 1158 1189
394A Sali  196408181 1250 1402 1524 1615 1646 1615 1463 1372 1158 1067 1036 1097
394A Sali  196408182 1219 1402 1615 1798 1890 1890 1768 1676 1494 1250 1158 1128
394A Sali  196408191 1097 1189 1311 1433 1524 1554 1524 1433 1280 1097 1067  975
394A Sali  196408192 1006 1189 1311 1554 1676 1829 1829 1737 1585 1402 1341 1219
394A Sali  196408201 1128 1128 1219 1341 1445 1524 1585 1494 1402 1311 1097 1006
394A Sali  196408202 1067 1097 1219 1372 1554 1737 1798 1829 1737 1601 1433 1250
394A Sali  196408211 1123 1062 1075 1151 1266 1384 1474 1508 1470 1368 1232 1097
394A Sali  196408212 1006  975 1067 1219 1402 1615 1798 1859 1829 1768 1585 1402
394A Sali  196408221 1250 1128 1036 1067 1219 1372 1524 1615 1646 1585 1463 1280
394A Sali  196408222 1128 1036 1006 1128 1280 1463 1707 1829 1920 1890 1768 1615
394A Sali  196408231 1372 1158 1067 1036 1128 1280 1433 1615 1615 1676 1615 1433
394A Sali  196408232 1250 1097 1006  945 1097 1311 1554 1676 1859 1890 1859 1707
394A Sali  196408241 1463 1219 1036  914  975 1097 1250 1494 1646 1707 1707 1554
394A Sali  196408242 1433 1128 1006  945  914 1036 1329 1646 1798 1920 1890 1737
394A Sali  196408251 1585 1341 1036  853  823  914 1067 1311 1554 1737 1829 1737
394A Sali  196408252 1585 1372 1097  945  853  914 1036 1280 1554 1859 1920 1859
394A Sali  196408261 1707 1524 1189 1006  823  792  914 1128 1402 1676 1829 1890
394A Sali  196408262 1859 1615 1341 1067  945  853  945 1097 1311 1615 1798 1920
394A Sali  196408271 1829 1676 1402 1067  853  762  792  975 1250 1528 1768 1951
394A Sali  196408272 1981 1829 1615 1311 1036  853  853  945 1128 1433 1676 1859
394A Sali  196408281 1951 1798 1615 1341 1036  823  762  884 1097 1341 1707 1920
394A Sali  196408282 2012 2012 1829 1585 1219  975  853  853  945 1169 1433 1707
394A Sali  196408291 1859 1890 1707 1494 1189  945  762  732  914 1097 1463 1768
394A Sali  196408292 1981 2134 2012 1829 1554 1250  975  853  914 1097 1341 1524
394A Sali  196408301 1737 1859 1768 1615 1402 1097  975  884  823 1006 1311 1524
394A Sali  196408302 1829 2103 2134 2012 1768 1524 1219 1036  884  945 1097 1372
394A Sali  196408311 1585 1707 1798 1646 1615 1250 1006  914  853  853 1036 1341
394A Sali  196408312 1646 1859 2042 2103 1951 1707 1463 1189  975  945  975 1097
394A Sali  196409011 1341 1554 1707 1768 1646 1463 1250  975  884  792  853 1067
394A Sali  196409012 1311 1585 1890 2012 2042 1920 1676 1463 1158 1006  914 1006
394A Sali  196409021 1097 1341 1524 1646 1737 1646 1402 1219 1067  853  792  884
394A Sali  196409022 1067 1280 1646 1829 2012 2073 1981 1737 1554 1250 1036 1006
394A Sali  196409031 1006 1158 1402 1615 1707 1798 1707 1615 1341 1158  975  914
394A Sali  196409032  945 1128 1433 1676 1920 2042 2134 2012 1737 1554 1341 1097
394A Sali  196409041 1067 1006 1189 1372 1615 1737 1829 1768 1585 1372 1128  945
394A Sali  196409042  884  975 1128 1402 1676 1920 2073 2134 1981 1707 1524 1250
394A Sali  196409051 1097  975 1006 1158 1372 1646 1798 1859 1890 1737 1494 1250
394A Sali  196409052  975  823  945 1097 1341 1585 1890 2042 2134 2012 1859 1554
394A Sali  196409061 1250  975  884  914 1067 1309 1568 1779 1882 1846 1686 1454
394A Sali  196409062 1202  989  871  886 1036 1311 1615 1859 2042 2073 1981 1737
394A Sali  196409071 1433 1128  945  853  975 1158 1402 1737 1920 2012 1981 1768
394A Sali  196409072 1494 1219  975  884  853 1067 1341 1646 1920 2103 2073 1920
394A Sali  196409081 1676 1372 1128  884  853  914 1128 1494 1798 2012 2134 2012
394A Sali  196409082 1829 1554 1280 1067  853  884 1067 1311 1646 1951 2103 2103
394A Sali  196409091 1890 1646 1311 1097  945  851  914 1219 1585 1880 2073 2073
394A Sali  196409092 2012 1768 1524 1158  914  853  914 1097 1372 1646 1981 2042
394A Sali  196409101 1951 1752 1463 1219  945  823  884 1036 1341 1676 1951 2134
394A Sali  196409102 2164 2042 1707 1372 1189  945  884 1006 1189 1433 1707 1920
394A Sali  196409111 1951 1859 1646 1372 1128  914  853  945 1158 1456 1766 2006
394A Sali  196409112 2118 2078 1900 1629 1333 1086  948  938 1052 1269 1529 1757
394A Sali  196409121 1890 1859 1798 1524 1341 1097  914  914 1036 1250 1554 1798
394A Sali  196409122 2012 2073 2042 1829 1554 1311 1097  945  975 1128 1372 1554
394A Sali  196409131 1737 1859 1829 1707 1494 1219 1097  945 1006 1097 1311 1585
394A Sali  196409132 1829 1951 2012 1859 1707 1433 1219 1036 1006 1067 1158 1402
394A Sali  196409141 1554 1707 1768 1707 1585 1311 1158 1006  884  975 1128 1372
394A Sali  196409142 1554 1768 1890 1920 1798 1585 1402 1250 1067 1036 1128 1219
394A Sali  196409151 1402 1524 1676 1676 1646 1433 1250 1067 1067 1006 1067 1219
394A Sali  196409152 1433 1615 1798 1890 1829 1737 1585 1372 1158 1128 1097 1128
394A Sali  196409161 1280 1372 1585 1615 1646 1524 1433 1280 1158  975 1006 1128
394A Sali  196409162 1280 1463 1585 1798 1951 1798 1676 1463 1341 1158 1128 1128
394A Sali  196409171 1158 1250 1463 1524 1554 1585 1494 1341 1219 1128 1036 1006
394A Sali  196409172 1128 1280 1433 1646 1768 1768 1707 1646 1433 1341 1189 1158
394A Sali  196409181 1128 1189 1280 1433 1554 1585 1585 1554 1402 1219 1036 1006
394A Sali  196409182 1067 1189 1341 1524 1676 1768 1798 1737 1676 1494 1311 1158
394A Sali  196409191 1128 1097 1219 1311 1463 1554 1676 1646 1494 1341 1250 1067
394A Sali  196409192 1067 1006 1158 1189 1372 1646 1707 1768 1768 1585 1463 1250
394A Sali  196409201 1158 1036 1036 1128 1341 1433 1615 1676 1585 1524 1402 1158
394A Sali  196409202 1036  975 1006 1067 1311 1463 1646 1737 1798 1707 1494 1341
394A Sali  196409211 1097  962  914  975 1128 1341 1494 1676 1676 1615 1554 1372
394A Sali  196409212 1219 1006  914  975 1128 1280 1494 1646 1768 1737 1646 1494
394A Sali  196409221 1250 1036  884  853  945 1097 1372 1646 1737 1768 1676 1494
394A Sali  196409222 1280 1036  853  823  853 1036 1280 1494 1707 1798 1768 1646
394A Sali  196409231 1402 1067  884  732  792  945 1189 1494 1676 1829 1890 1768
394A Sali  196409232 1585 1250  975  762  701  823 1036 1250 1585 1768 1890 1829
394A Sali  196409241 1524 1311 1006  792  701  854 1128 1372 1646 1920 2040 2012
394A Sali  196409242 1798 1433 1219  853  671  671  853 1128 1372 1646 1777 1768
394A Sali  196409251 1676 1433 1128  914  762  701  792 1097 1463 1798 2042 2103
394A Sali  196409252 2012 1768 1433 1097  762  640  762  884 1158 1433 1707 1859
394A Sali  196409261 1798 1615 1341  975  853  640  701  884 1219 1585 1890 2042
394A Sali  196409262 2134 1981 1768 1372  945  792  610  671  853 1128 1463 1768
394A Sali  196409271 1829 1768 1554 1280 1036  823  728  792  945 1280 1585 1859
394A Sali  196409272 2103 2134 1951 1737 1372 1036  853  732  853 1006 1311 1554
394A Sali  196409281 1750 1819 1748 1556 1290 1021  822  752  831 1039 1341 1676
394A Sali  196409282 2012 2134 2103 1951 1676 1358 1067  884  792  884 1097 1372
394A Sali  196409291 1615 1737 1859 1768 1585 1311 1067  823  792  914 1158 1402
394A Sali  196409292 1707 1920 2103 2042 1892 1646 1372 1097  975  975  945 1097
394A Sali  196409301 1372 1615 1737 1798 1707 1494 1219 1006  853  792  914 1158
394A Sali  196409302 1433 1676 1951 2073 2042 1829 1585 1341 1097  914  914 1006
394A Sali  196410011 1189 1372 1585 1737 1707 1615 1463 1245 1036  884  823  914
394A Sali  196410012 1158 1402 1615 1829 1951 1920 1798 1585 1341 1097  975  884
394A Sali  196410021  975 1158 1433 1615 1737 1798 1676 1463 1280 1036  945  884
394A Sali  196410022  975 1097 1341 1585 1768 1890 1899 1798 1615 1433 1128  975
394A Sali  196410031  945 1006 1189 1433 1615 1768 1829 1737 1585 1402 1158  945
394A Sali  196410032  853  914 1036 1311 1585 1707 1798 1859 1737 1543 1311 1067
394A Sali  196410041  914  884  975 1158 1372 1615 1798 1859 1768 1585 1372 1128
394A Sali  196410042  914  884  853  975 1250 1463 1737 1798 1798 1707 1463 1250
394A Sali  196410051 1036  823  823  914 1158 1433 1646 1829 1859 1768 1646 1311
394A Sali  196410052 1097  853  732  701  914 1097 1372 1646 1737 1737 1585 1372
394A Sali  196410061 1097  823  671  640  823 1006 1311 1585 1798 1798 1737 1524
394A Sali  196410062 1219  914  671  610  640  732 1036 1280 1524 1676 1646 1494
394A Sali  196410071 1189  914  640  518  518  732  975 1280 1554 1768 1829 1615
394A Sali  196410072 1402 1097  792  549  488  549  762 1036 1311 1524 1585 1524
394A Sali  196410081 1372 1097  792  579  518  610  762 1036 1372 1615 1798 1768
394A Sali  196410082 1615 1372 1036  732  549  518  610  853 1097 1372 1554 1615
394A Sali  196410091 1524 1311 1036  823  610  610  732  975 1250 1554 1798 1829
394A Sali  196410092 1798 1585 1311  975  762  640  610  762  975 1280 1463 1615
394A Sali  196410101 1615 1494 1280 1006  792  640  671  792 1067 1372 1646 1798
394A Sali  196410102 1829 1737 1494 1219  914  732  610  671  792 1067 1341 1524
394A Sali  196410111 1585 1554 1433 1158  945  792  732  823  945 1189 1524 1737
394A Sali  196410112 1859 1768 1676 1433 1128  884  762  671  792  975 1189 1433
394A Sali  196410121 1554 1585 1494 1311 1097  914  792  792  853 1067 1311 1554
394A Sali  196410122 1737 1829 1768 1585 1341 1128  914  823  823  914 1128 1341
394A Sali  196410131 1494 1554 1554 1494 1311 1097  914  853  853  914 1189 1433
394A Sali  196410132 1646 1768 1829 1737 1554 1311 1128  945  914  914 1036 1189
394A Sali  196410141 1372 1524 1524 1494 1311 1219 1006  914  853  884 1036 1158
394A Sali  196410142 1402 1585 1676 1707 1585 1402 1189 1006  884  853  853 1036
394A Sali  196410151 1158 1311 1433 1494 1402 1280 1158  975  945  853  884 1036
394A Sali  196410152 1219 1433 1615 1676 1646 1524 1311 1128 1006  945  884  945
394A Sali  196410161 1128 1250 1402 1433 1463 1372 1311 1158 1036  945  914 1006
394A Sali  196410162 1097 1280 1463 1554 1615 1585 1494 1341 1189 1036 1006  975
394A Sali  196410171 1036 1158 1311 1463 1585 1554 1494 1372 1189 1036  975  945
394A Sali  196410172 1006 1158 1341 1463 1569 1615 1615 1524 1402 1189 1097  975
394A Sali  196410181  975 1097 1219 1402 1494 1615 1646 1585 1463 1250 1128 1006
394A Sali  196410182 1006 1036 1128 1341 1524 1676 1676 1707 1554 1402 1189 1067
394A Sali  196410191 1006 1006 1128 1280 1433 1646 1676 1707 1646 1494 1280 1067
394A Sali  196410192  945  884  914 1128 1311 1485 1615 1615 1585 1524 1270 1006
394A Sali  196410201  884  823  823  945 1128 1372 1554 1676 1676 1494 1372 1097
394A Sali  196410202  853  671  610  762  914 1097 1280 1463 1494 1463 1250 1036
394A Sali  196410211  884  701  610  671  823 1128 1402 1554 1676 1676 1524 1219
394A Sali  196410212  975  762  549  549  610  884 1097 1341 1494 1494 1433 1250
394A Sali  196410221  975  701  549  488  671  914 1189 1524 1737 1859 1798 1615
394A Sali  196410222 1341 1006  671  518  488  640  884 1189 1463 1615 1585 1494
394A Sali  196410231 1250  975  671  579  579  762 1067 1402 1768 1981 2042 1951
394A Sali  196410232 1707 1311 1006  671  549  518  701  975 1280 1585 1707 1676
394A Sali  196410241 1524 1189  945  701  549  610  823 1158 1494 1859 2073 2103
394A Sali  196410242 1951 1676 1341  914  671  488  549  792 1097 1402 1646 1768
394A Sali  196410251 1707 1494 1189  884  610  549  579  823 1219 1615 1920 2134
394A Sali  196410252 2103 1920 1646 1280  853  610  579  701  914 1189 1524 1768
394A Sali  196410261 1829 1737 1494 1189  884  640  610  732  975 1280 1707 2012
394A Sali  196410262 2195 2134 1981 1646 1219  884  701  701  792 1036 1341 1646
394A Sali  196410271 1859 1890 1798 1524 1189  945  732  701  823 1067 1372 1707
394A Sali  196410272 2012 2103 2073 1829 1524 1219  884  732  701  823 1036 1341
394A Sali  196410281 1646 1798 1768 1646 1402 1067  853  732  640  762 1006 1341
394A Sali  196410282 1646 1859 1951 1829 1639 1372 1036  853  640  671  807 1036
394A Sali  196410291 1311 1524 1676 1737 1554 1341 1097  884  732  701  823 1036
394A Sali  196410292 1280 1585 1737 1829 1768 1524 1280 1036  823  671  701  823
394A Sali  196410301 1036 1311 1463 1646 1646 1494 1311 1128  914  762  732  792
394A Sali  196410302 1006 1219 1494 1646 1646 1646 1463 1219 1036  823  732  741
394A Sali  196410311  853 1036 1280 1463 1615 1615 1494 1372 1097  945  762  732
394A Sali  196410312  823  975 1189 1402 1554 1646 1585 1433 1250 1006  823  732
394A Sali  196411011  732  884 1067 1280 1494 1646 1646 1585 1402 1158  914  762
394A Sali  196411012  701  762  884 1128 1402 1585 1615 1554 1433 1219  975  823
394A Sali  196411021  732  732  853 1097 1341 1524 1676 1737 1646 1433 1189  914
394A Sali  196411022  732  671  732  884 1128 1372 1524 1585 1524 1372 1189  975
394A Sali  196411031  792  701  762  914 1128 1341 1646 1768 1768 1676 1463 1189
394A Sali  196411032  945  792  701  732  914 1121 1341 1554 1676 1585 1402 1219
394A Sali  196411041  975  823  732  762  945 1219 1524 1707 1859 1829 1737 1463
394A Sali  196411042 1250  975  792  701  762  945 1158 1372 1554 1646 1585 1433
394A Sali  196411051 1128  884  762  701  823  975 1219 1524 1798 1859 1829 1615
394A Sali  196411052 1341 1036  762  640  579  701  914 1128 1372 1524 1494 1463
394A Sali  196411061 1250 1006  732  640  640  762 1006 1280 1585 1737 1768 1768
394A Sali  196411062 1554 1250  914  671  579  549  701  945 1219 1402 1463 1494
394A Sali  196411071 1372 1158  914  732  640  701  853 1128 1402 1646 1829 1829
394A Sali  196411072 1676 1433 1158  853  640  579  610  762 1036 1219 1402 1463
394A Sali  196411081 1433 1311 1067  792  671  610  671  914 1189 1463 1646 1737
394A Sali  196411082 1676 1494 1250  945  701  549  549  610  823 1067 1311 1433
394A Sali  196411091 1463 1341 1158  945  762  640  701  762  975 1280 1494 1676
394A Sali  196411092 1707 1646 1402 1128  853  640  579  579  762  975 1189 1372
394A Sali  196411101 1494 1433 1311 1128  945  792  671  701  914 1158 1372 1554
394A Sali  196411102 1676 1676 1524 1341 1097  823  701  701  762  884 1128 1341
394A Sali  196411111 1494 1463 1463 1341 1097  914  792  792  853 1036 1250 1524
394A Sali  196411112 1646 1768 1737 1554 1341 1158  975  792  853  914 1097 1250
394A Sali  196411121 1463 1554 1585 1524 1311 1189 1006  914  945 1006 1158 1402
394A Sali  196411122 1585 1707 1707 1676 1494 1280 1097  884  853  884  975 1189
394A Sali  196411131 1402 1494 1585 1585 1463 1341 1189 1036  945  975 1067 1250
394A Sali  196411132 1433 1554 1615 1646 1585 1402 1219 1006  914  853  884 1067
394A Sali  196411141 1189 1341 1494 1554 1524 1402 1219 1097 1006  914  914 1036
394A Sali  196411142 1219 1402 1524 1646 1585 1433 1280 1158  975  884  853  914
394A Sali  196411151 1067 1250 1402 1524 1554 1524 1402 1250 1097  975  945  914
394A Sali  196411152 1067 1158 1372 1433 1524 1524 1433 1250 1097 1006  853  884
394A Sali  196411161  975 1097 1311 1433 1585 1615 1554 1433 1311 1097  975  884
394A Sali  196411162  945  975 1189 1311 1463 1494 1494 1372 1219 1067  884  823
394A Sali  196411171  792  914 1097 1280 1463 1585 1676 1646 1494 1280 1097  884
394A Sali  196411172  823  853  914 1073 1250 1433 1494 1433 1402 1219 1036  853
394A Sali  196411181  792  792  908 1097 1372 1615 1829 1829 1707 1494 1255 1006
394A Sali  196411182  823  762  823  914 1128 1341 1494 1585 1585 1433 1280 1006
394A Sali  196411191  853  732  823  975 1280 1585 1829 1920 2012 1859 1707 1402
394A Sali  196411192 1067  823  701  701  884 1189 1372 1615 1707 1646 1463 1219
394A Sali  196411201  945  762  701  792 1006 1372 1676 1951 2073 2103 1951 1616
394A Sali  196411202 1219  914  671  579  610  823 1128 1494 1676 1707 1615 1402
394A Sali  196411211 1128  853  640  579  701  914 1219 1646 1890 2103 2073 1920
394A Sali  196411212 1554 1158  792  518  396  549  701 1006 1341 1554 1585 1554
394A Sali  196411221 1280 1006  671  457  396  518  792 1189 1585 1859 2073 2012
394A Sali  196411222 1798 1433 1036  671  396  366  427  762 1067 1372 1585 1615
394A Sali  196411231 1524 1280  914  640  396  335  488  762 1158 1554 1859 2042
394A Sali  196411232 1920 1707 1341  945  579  366  305  518  762 1158 1433 1646
394A Sali  196411241 1676 1524 1250  975  640  427  457  549  884 1219 1646 1920
394A Sali  196411242 2042 1920 1676 1311  945  640  427  488  579  853 1250 1554
394A Sali  196411251 1676 1676 1524 1311  975  671  518  518  701  975 1311 1676
394A Sali  196411252 1890 1981 1890 1646 1250  914  671  518  579  701 1036 1372
394A Sali  196411261 1646 1737 1737 1585 1341 1097  792  701  671  823 1128 1433
394A Sali  196411262 1737 1859 1890 1798 1615 1280  975  732  640  701  853 1189
394A Sali  196411271 1494 1707 1829 1829 1646 1433 1189  945  792  853  945 1158
394A Sali  196411272 1433 1707 1812 1798 1676 1494 1280 1036  853  732  823 1006
394A Sali  196411281 1280 1554 1707 1829 1890 1798 1615 1341 1067  884  853  914
394A Sali  196411282 1097 1372 1585 1707 1737 1676 1524 1250 1036  853  792  853
394A Sali  196411291 1036 1311 1524 1707 1859 1829 1676 1494 1219 1036  914  853
394A Sali  196411292  945 1158 1372 1524 1646 1676 1615 1402 1158  914  732  701
394A Sali  196411301  823  975 1219 1494 1646 1737 1798 1646 1463 1189 1006  914
394A Sali  196411302  853  914 1067 1219 1433 1463 1524 1494 1280 1128  945  792
394A Sali  196412011  732  823 1006 1219 1402 1615 1707 1737 1615 1402 1158 1006
394A Sali  196412012  792  792  853 1036 1189 1341 1433 1494 1433 1280 1097  914
394A Sali  196412021  792  792  884 1067 1311 1554 1737 1840 1815 1676 1462 1222
394A Sali  196412022 1005  861  821  887 1038 1231 1418 1549 1581 1512 1367 1180
394A Sali  196412031 1006  884  884 1036 1219 1494 1707 1920 1951 1920 1768 1524
394A Sali  196412032 1250 1036  884  853  914 1128 1280 1494 1615 1615 1524 1372
394A Sali  196412041 1158  975  853  945 1067 1280 1524 1798 1920 1981 1890 1676
394A Sali  196412042 1402 1189  914  853  853  945 1158 1372 1524 1615 1615 1463
394A Sali  196412051 1280 1097  945  853  945 1097 1372 1615 1829 1951 1951 1798
394A Sali  196412052 1585 1311  975  823  732  792  914 1128 1372 1524 1554 1494
394A Sali  196412061 1311 1097  914  792  792  853 1067 1311 1524 1737 1798 1737
394A Sali  196412062 1585 1280 1036  792  610  610  671  884 1128 1341 1402 1433
394A Sali  196412071 1372 1189  945  792  701  701  853 1097 1372 1554 1707 1737
394A Sali  196412072 1585 1433 1189  853  671  579  610  701  914 1158 1341 1433
394A Sali  196412081 1433 1311 1067  914  762  701  762  925 1158 1402 1615 1737
394A Sali  196412082 1768 1615 1341 1097  853  671  671  762  914 1128 1341 1494
394A Sali  196412091 1524 1463 1341 1128  975  853  823  914 1097 1341 1615 1737
394A Sali  196412092 1798 1737 1615 1372 1158  914  762  823  914 1128 1341 1585
394A Sali  196412101 1676 1646 1554 1402 1219 1067  945  975 1097 1280 1524 1768
394A Sali  196412102 1859 1890 1798 1615 1311 1067  884  823  884 1006 1250 1463
394A Sali  196412111 1615 1707 1676 1554 1372 1219 1067 1006 1036 1158 1341 1554
394A Sali  196412112 1737 1859 1829 1737 1494 1280 1067  914  914  975 1158 1372
394A Sali  196412121 1524 1676 1737 1676 1524 1341 1158 1006  945  975 1189 1311
394A Sali  196412122 1524 1676 1676 1646 1494 1311 1128  914  792  823  975 1128
394A Sali  196412131 1372 1524 1646 1707 1615 1524 1280 1128 1006 1006 1036 1189
394A Sali  196412132 1402 1585 1707 1707 1646 1524 1341 1189  945  884  914 1097
394A Sali  196412141 1250 1494 1646 1737 1768 1646 1494 1311 1097  975  975 1006
394A Sali  196412142 1158 1311 1402 1554 1524 1433 1250 1067  853  792  701  732
394A Sali  196412151  945 1128 1280 1494 1585 1585 1463 1311 1067  914  823  762
394A Sali  196412152  823  914 1097 1250 1372 1372 1311 1128  975  823  671  671
394A Sali  196412161  701  914 1158 1402 1646 1737 1768 1676 1433 1219  975  823
394A Sali  196412162  792  853  945 1158 1341 1463 1463 1402 1250 1067  823  732
394A Sali  196412171  732  823 1067 1311 1554 1829 1890 1920 1737 1524 1250 1006
394A Sali  196412172  884  823  853 1067 1219 1433 1554 1615 1524 1341 1189  914
394A Sali  196412181  792  732  884 1097 1402 1707 1951 2073 2073 1890 1646 1311
394A Sali  196412182 1006  762  732  792  945 1189 1372 1554 1554 1494 1280 1036
394A Sali  196412191  762  640  579  701  945 1311 1615 1859 1981 1951 1768 1433
394A Sali  196412192 1097  762  610  519  579  762 1036 1311 1494 1524 1463 1219
394A Sali  196412201  975  610  488  427  610  853 1280 1585 1920 2103 2073 1798
394A Sali  196412202 1494 1097  762  579  457  579  792 1158 1463 1585 1646 1524
394A Sali  196412211 1242  914  610  488  457  640  853 1250 1676 1951 2073 2012
394A Sali  196412212 1768 1433 1006  640  457  427  579  823 1219 1524 1676 1707
394A Sali  196412221 1554 1280  975  671  579  579  762 1067 1402 1859 2103 2195
394A Sali  196412222 2103 1829 1433 1036  701  488  518  762 1036 1372 1707 1859
394A Sali  196412231 1859 1737 1402 1128  792  610  671  792 1128 1494 1859 2103
394A Sali  196412232 2134 2073 1737 1402  975  671  579  610  853 1219 1524 1829
394A Sali  196412241 1951 1951 1829 1524 1219  945  792  853  975 1219 1615 1951
394A Sali  196412242 2073 2134 1981 1737 1341 1006  792  732  762 1067 1402 1737
394A Sali  196412251 1981 2093 2049 1862 1585 1285 1041  914  932 1091 1354 1646
394A Sali  196412252 1890 1981 1981 1829 1524 1219  945  701  701  914 1128 1433
394A Sali  196412261 1732 1954 2051 2000 1820 1562 1289 1071  961  981 1130 1365
394A Sali  196412262 1618 1823 1927 1900 1743 1498 1220  975  823  762  853 1097
394A Sali  196412271 1372 1676 1890 1951 1890 1707 1494 1219 1036  914  945 1097
394A Sali  196412272 1311 1524 1676 1768 1737 1554 1311 1067  884  792  823  884
394A Sali  196412281 1128 1372 1646 1829 1859 1768 1615 1341 1158 1006  853  884
394A Sali  196412282 1006 1189 1402 1524 1585 1554 1402 1250 1067  884  823  853
394A Sali  196412291 1006 1219 1494 1737 1829 1890 1829 1646 1402 1219 1036  975
394A Sali  196412292  975 1097 1250 1433 1554 1615 1554 1463 1311 1097  975  910
394A Sali  196412301  945 1097 1280 1554 1707 1859 1829 1798 1615 1433 1189 1036
394A Sali  196412302  975 1006 1067 1219 1341 1463 1554 1494 1433 1280 1067  975
394A Sali  196412311  914  975 1097 1250 1524 1707 1798 1829 1707 1554 1341 1097
394A Sali  196412312  975  884  945 1067 1189 1372 1433 1463 1494 1341 1219 1030
