394A Salina Cruz        Mexico              1955 16096N 095122W 0000 3 00000R MM
394A Sali  195501011 1768 1890 1859 1676 1433 1189  975  853  884 1036 1250 1494
394A Sali  195501012 1707 1798 1737 1585 1372 1097  884  732  762  884 1128 1372
394A Sali  195501021 1646 1859 1920 1890 1707 1494 1219 1036  884  914 1036 1250
394A Sali  195501022 1463 1615 1707 1646 1463 1250 1036  823  732  762  884 1158
394A Sali  195501031 1402 1676 1859 1951 1890 1707 1463 1219  975  792  823  975
394A Sali  195501032 1219 1402 1554 1585 1524 1341 1158  945  792  701  792  975
394A Sali  195501041 1219 1524 1768 1920 1951 1829 1615 1372 1128  914  823  853
394A Sali  195501042 1006 1219 1402 1524 1524 1433 1280 1067  914  762  732  823
394A Sali  195501051 1036 1280 1585 1829 1981 2012 1890 1676 1372 1128  975  884
394A Sali  195501052  914 1067 1250 1433 1554 1585 1524 1372 1189  975  823  762
394A Sali  195501061  853 1067 1341 1646 1890 2042 2073 1981 1737 1463 1219 1006
394A Sali  195501062  914  914 1067 1250 1402 1554 1615 1585 1402 1219  975  792
394A Sali  195501071  732  762  945 1219 1524 1768 1981 2012 1920 1707 1402 1128
394A Sali  195501072  914  792  792  884 1097 1311 1494 1615 1585 1433 1189  945
394A Sali  195501081  792  701  732  884 1128 1463 1798 1981 2042 1951 1707 1402
394A Sali  195501082 1128  884  732  732  853 1067 1341 1585 1707 1676 1524 1280
394A Sali  195501091 1036  853  732  732  884 1158 1524 1829 2073 2103 2012 1768
394A Sali  195501092 1433 1158  914  732  732  884 1158 1494 1737 1859 1798 1615
394A Sali  195501101 1372 1128  914  762  762  975 1280 1646 1951 2134 2134 1951
394A Sali  195501102 1676 1341 1036  792  671  732  945 1280 1615 1829 1920 1829
394A Sali  195501111 1615 1341 1067  823  701  762  945 1280 1615 1859 2012 1951
394A Sali  195501112 1768 1463 1158  823  549  488  610  853 1189 1494 1737 1829
394A Sali  195501121 1737 1494 1250  945  701  610  701  914 1219 1524 1798 1951
394A Sali  195501122 1920 1737 1402 1097  762  549  549  671  945 1280 1615 1829
394A Sali  195501131 1890 1798 1554 1250  945  732  640  732  914 1219 1494 1737
394A Sali  195501132 1829 1768 1554 1219  914  610  457  488  732 1006 1372 1615
394A Sali  195501141 1768 1768 1646 1402 1097  853  640  610  732  975 1250 1494
394A Sali  195501142 1646 1676 1585 1372 1097  823  610  549  640  853 1158 1463
394A Sali  195501151 1707 1829 1829 1707 1463 1189  914  762  762  914 1128 1341
394A Sali  195501152 1585 1676 1676 1554 1341 1097  823  701  671  823 1036 1341
394A Sali  195501161 1615 1798 1890 1859 1737 1494 1219  975  884  914 1036 1250
394A Sali  195501162 1463 1615 1676 1646 1524 1311 1097  914  823  823  945 1158
394A Sali  195501171 1402 1646 1798 1859 1829 1676 1402 1158  975  914  945 1097
394A Sali  195501172 1280 1433 1554 1615 1554 1433 1250 1067  914  884  914 1067
394A Sali  195501181 1280 1494 1737 1829 1859 1798 1615 1402 1219 1067  975 1006
394A Sali  195501182 1128 1280 1402 1494 1524 1463 1341 1189 1036  945  914  945
394A Sali  195501191 1097 1250 1433 1585 1707 1707 1615 1463 1250 1067  914  853
394A Sali  195501192  853  945 1067 1189 1250 1250 1219 1097  975  823  732  732
394A Sali  195501201  762  884 1097 1280 1433 1554 1554 1494 1311 1128  975  853
394A Sali  195501202  823  853  945 1067 1158 1250 1280 1250 1158 1006  884  853
394A Sali  195501211  823  914 1067 1219 1402 1585 1676 1646 1554 1372 1189 1006
394A Sali  195501212  914  914  945 1036 1128 1250 1341 1341 1280 1158 1036  914
394A Sali  195501221  853  914 1006 1128 1311 1494 1646 1707 1676 1554 1372 1189
394A Sali  195501222 1006  914  914  945 1036 1158 1311 1402 1433 1372 1219 1097
394A Sali  195501231  975  914  945 1036 1219 1402 1615 1768 1798 1737 1585 1402
394A Sali  195501232 1189 1036  914  914  975 1128 1280 1433 1524 1524 1433 1280
394A Sali  195501241 1128  975  914  945 1067 1280 1494 1707 1829 1829 1707 1494
394A Sali  195501242 1280 1036  884  792  792  914 1067 1280 1402 1494 1433 1311
394A Sali  195501251 1128  945  792  701  732  884 1097 1341 1524 1646 1615 1494
394A Sali  195501252 1280 1036  792  610  549  610  762  975 1219 1402 1463 1433
394A Sali  195501261 1280 1036  823  671  579  640  823 1036 1311 1524 1646 1615
394A Sali  195501262 1463 1189  914  671  549  518  671  914 1158 1402 1585 1615
394A Sali  195501271 1524 1341 1097  853  701  671  792  975 1219 1524 1676 1737
394A Sali  195501272 1676 1463 1189  914  671  549  610  762 1097 1402 1646 1768
394A Sali  195501281 1707 1554 1311 1067  823  701  671  823 1067 1341 1585 1707
394A Sali  195501282 1707 1554 1311 1036  792  610  549  671  914 1250 1554 1798
394A Sali  195501291 1859 1768 1585 1311 1036  792  671  671  853 1128 1402 1615
394A Sali  195501292 1676 1585 1402 1158  853  610  457  518  732 1036 1372 1615
394A Sali  195501301 1768 1766 1615 1402 1097  823  610  518  610  823 1097 1372
394A Sali  195501302 1524 1554 1463 1250  975  701  488  427  488  762 1067 1402
394A Sali  195501311 1676 1829 1829 1676 1433 1158  853  671  579  671  914 1158
394A Sali  195501312 1372 1524 1554 1463 1189  939  700  537  500  604  829 1138
394A Sali  195502011 1463 1707 1859 1859 1707 1433 1158  914  732  671  732  914
394A Sali  195502012 1189 1372 1524 1554 1433 1219  975  732  610  579  671  914
394A Sali  195502021 1219 1524 1768 1920 1920 1768 1554 1250  975  792  732  823
394A Sali  195502022 1006 1219 1433 1554 1554 1463 1280 1006  792  671  671  792
394A Sali  195502031 1036 1341 1585 1798 1920 1890 1768 1524 1219  975  792  762
394A Sali  195502032  853 1036 1250 1402 1524 1554 1463 1250 1036  823  701  671
394A Sali  195502041  792 1036 1280 1554 1768 1890 1890 1768 1524 1250  975  823
394A Sali  195502042  792  884 1036 1219 1402 1646 1615 1463 1250 1067  853  792
394A Sali  195502051  792  945 1189 1463 1737 1920 1981 1920 1737 1494 1250  975
394A Sali  195502052  823  780  855 1034 1271 1517 1646 1676 1585 1372 1158  975
394A Sali  195502061  823  792  914 1128 1402 1676 1890 1981 1951 1768 1494 1250
394A Sali  195502062 1006  792  762  853 1036 1311 1554 1707 1737 1646 1463 1250
394A Sali  195502071  975  823  762  853 1067 1341 1646 1859 1981 1920 1737 1494
394A Sali  195502072 1189  945  762  701  792 1036 1311 1554 1768 1829 1737 1524
394A Sali  195502081 1250  975  792  732  762  975 1219 1494 1737 1890 1859 1707
394A Sali  195502082 1402 1097  792  610  549  640  884 1158 1433 1646 1707 1646
394A Sali  195502091 1402 1097  792  610  518  579  762 1036 1311 1585 1737 1707
394A Sali  195502092 1524 1219  914  671  488  488  610  884 1219 1554 1768 1829
394A Sali  195502101 1707 1433 1158  853  671  610  732  914 1219 1524 1737 1829
394A Sali  195502102 1737 1463 1158  868  640  579  610  823 1219 1554 1829 1920
394A Sali  195502111 1859 1646 1341 1067  823  701  701  853 1097 1372 1646 1768
394A Sali  195502112 1768 1585 1311 1006  732  549  488  549  792 1097 1372 1615
394A Sali  195502121 1676 1585 1341 1067  762  549  427  427  549  792 1067 1311
394A Sali  195502122 1402 1402 1219  975  701  457  335  305  427  671 1006 1341
394A Sali  195502131 1524 1554 1463 1250 1006  762  549  488  518  671  945 1189
394A Sali  195502132 1372 1433 1372 1189  975  732  549  457  518  701  975 1250
394A Sali  195502141 1494 1646 1646 1554 1311 1067  853  671  610  671  853 1097
394A Sali  195502142 1280 1433 1402 1311 1158  945  732  610  579  671  853 1128
394A Sali  195502151 1402 1585 1646 1585 1463 1250 1036  853  732  701  792  975
394A Sali  195502152 1189 1341 1402 1402 1250 1067  884  762  640  671  762  975
394A Sali  195502161 1189 1433 1585 1646 1615 1494 1280 1097  914  823  792  853
394A Sali  195502162 1006 1189 1311 1372 1372 1280 1128  975  853  792  792  914
394A Sali  195502171 1128 1311 1524 1646 1676 1615 1463 1311 1128  975  914  884
394A Sali  195502172  975 1097 1219 1341 1372 1341 1219 1067  945  914  945 1067
394A Sali  195502181 1219 1372 1524 1646 1707 1707 1646 1524 1341 1158 1036  975
394A Sali  195502182  975 1067 1250 1372 1365 1311 1219 1128 1036 1036 1067 1158
394A Sali  195502191 1372 1554 1707 1798 1829 1829 1768 1707 1554 1372 1219 1128
394A Sali  195502192 1067 1036 1067 1128 1280 1402 1463 1463 1341 1189 1067  975
394A Sali  195502201  975 1036 1189 1341 1524 1646 1737 1768 1676 1524 1341 1189
394A Sali  195502202 1036 1006 1036 1158 1280 1433 1524 1554 1524 1433 1280 1128
394A Sali  195502211 1006  975 1006 1158 1341 1524 1676 1737 1737 1615 1463 1250
394A Sali  195502212 1067  945  884  975 1128 1280 1433 1554 1615 1585 1463 1250
394A Sali  195502221 1067  914  884  975 1128 1311 1524 1676 1737 1707 1554 1341
394A Sali  195502222 1128  914  823  823  914 1097 1311 1524 1646 1676 1585 1433
394A Sali  195502231 1189  975  853  823  914 1097 1311 1524 1707 1768 1676 1524
394A Sali  195502232 1250 1006  792  701  762  914 1158 1402 1615 1768 1768 1646
394A Sali  195502241 1433 1189  945  792  762  884 1097 1341 1585 1707 1768 1676
394A Sali  195502242 1494 1219  914  701  610  671  853 1128 1402 1676 1829 1829
394A Sali  195502251 1707 1402 1097  823  671  640  762 1006 1280 1524 1676 1707
394A Sali  195502252 1585 1341 1036  762  579  532  640  884 1189 1554 1798 1920
394A Sali  195502261 1890 1707 1402 1067  792  640  671  823 1067 1372 1615 1798
394A Sali  195502262 1768 1585 1311 1036  762  579  579  762 1036 1372 1737 2012
394A Sali  195502271 2103 1951 1707 1372 1036  792  671  732  914 1158 1494 1737
394A Sali  195502272 1829 1768 1524 1219  945  701  610  671  884 1219 1615 1920
394A Sali  195502281 2164 2164 1981 1676 1311 1006  792  701  792 1036 1341 1646
394A Sali  195502282 1829 1890 1737 1494 1219  945  732  671  792 1067 1433 1798
394A Sali  195503011 2103 2164 2225 2225 2134 1859 1524 1128  823  732  701  884
394A Sali  195503012 1219 1463 1676 1829 1859 1829 1524 1219  853  792  732  823
394A Sali  195503021 1036 1463 1859 2103 2195 2134 1890 1585 1158  823  762  884
394A Sali  195503022 1067 1311 1462 1492 1394 1205  983  797  702  737  908 1193
394A Sali  195503031 1524 1798 2042 2134 2103 1890 1646 1341 1128  945  884 1036
394A Sali  195503032 1219 1463 1676 1798 1798 1646 1463 1219 1006  884  853 1006
394A Sali  195503041 1219 1524 1798 2012 2103 2042 1859 1615 1341 1036  914  945
394A Sali  195503042 1036 1219 1463 1633 1730 1726 1616 1431 1219 1034  924  923
394A Sali  195503051 1036 1250 1494 1768 1951 2012 1951 1798 1585 1311 1128  975
394A Sali  195503052  945 1097 1280 1494 1676 1768 1798 1707 1494 1280 1097  975
394A Sali  195503061  945 1036 1250 1494 1737 1920 1798 1737 1585 1372 1128  914
394A Sali  195503062  792  792  914 1097 1341 1524 1646 1676 1585 1402 1189 1006
394A Sali  195503071  853  823  884 1036 1280 1524 1676 1768 1707 1554 1341 1097
394A Sali  195503072  884  792  792  914 1097 1341 1585 1707 1737 1646 1463 1219
394A Sali  195503081 1006  823  792  853 1006 1250 1494 1676 1768 1707 1554 1311
394A Sali  195503082 1067  853  732  762  884 1128 1402 1646 1798 1798 1707 1494
394A Sali  195503091 1219  975  792  732  823 1006 1250 1494 1676 1768 1707 1524
394A Sali  195503092 1280 1006  823  701  762  914 1189 1463 1707 1859 1859 1707
394A Sali  195503101 1463 1189  945  762  732  823 1036 1280 1554 1707 1768 1676
394A Sali  195503102 1463 1219  945  762  701  762  975 1280 1554 1798 1920 1890
394A Sali  195503111 1707 1433 1128  884  732  732  853 1097 1341 1585 1737 1737
394A Sali  195503112 1615 1402 1128  884  732  701  823 1067 1372 1676 1890 1951
394A Sali  195503121 1859 1676 1372 1097  853  762  792  945 1158 1433 1646 1737
394A Sali  195503122 1707 1554 1311 1067  823  732  762  914 1189 1494 1768 1920
394A Sali  195503131 1951 1829 1615 1311 1036  853  792  853 1036 1250 1494 1676
394A Sali  195503132 1737 1646 1463 1219  975  823  762  853 1036 1311 1615 1829
394A Sali  195503141 1951 1920 1768 1524 1250 1006  853  853  945 1128 1341 1554
394A Sali  195503142 1676 1676 1554 1372 1128  945  792  823  945 1158 1433 1676
394A Sali  195503151 1859 1920 1859 1676 1433 1189 1036  945  975 1097 1341 1554
394A Sali  195503152 1707 1768 1707 1554 1372 1158 1006  914  975 1189 1433 1676
394A Sali  195503161 1890 1981 1981 1829 1646 1402 1189 1036  945 1036 1189 1372
394A Sali  195503162 1554 1676 1707 1646 1463 1280 1097  975  945 1036 1219 1463
394A Sali  195503171 1707 1859 1920 1890 1737 1554 1341 1158 1036 1006 1097 1250
394A Sali  195503172 1402 1554 1646 1615 1554 1402 1219 1097 1006 1006 1097 1311
394A Sali  195503181 1554 1737 1829 1890 1890 1859 1676 1494 1280 1097 1036 1067
394A Sali  195503182 1158 1341 1494 1615 1646 1615 1524 1433 1311 1189 1128 1128
394A Sali  195503191 1158 1372 1628 1829 1859 1798 1585 1372 1219 1158 1128 1158
394A Sali  195503192 1219 1341 1463 1554 1585 1585 1494 1372 1219 1097 1067 1067
394A Sali  195503201 1158 1341 1494 1646 1768 1798 1707 1585 1402 1250 1097 1036
394A Sali  195503202 1067 1158 1311 1433 1554 1615 1585 1494 1372 1219 1097 1036
394A Sali  195503211 1036 1158 1311 1463 1615 1737 1737 1676 1524 1341 1189 1036
394A Sali  195503212  975 1006 1128 1280 1433 1554 1646 1615 1524 1372 1219 1067
394A Sali  195503221  975 1006 1067 1219 1402 1554 1676 1707 1615 1463 1280 1097
394A Sali  195503222  975  914  945 1097 1280 1433 1585 1676 1646 1524 1311 1128
394A Sali  195503231  945  823  792  914 1067 1250 1433 1554 1585 1494 1341 1128
394A Sali  195503232  914  762  701  792  945 1158 1402 1615 1707 1707 1585 1372
394A Sali  195503241 1097  914  792  792  914 1128 1341 1554 1707 1707 1585 1372
394A Sali  195503242 1128  884  732  732  823 1067 1341 1585 1798 1890 1859 1646
394A Sali  195503251 1372 1067  823  701  701  853 1097 1341 1585 1707 1676 1494
394A Sali  195503252 1250  975  762  640  671  884 1189 1494 1798 2012 2103 1981
394A Sali  195503261 1707 1402 1097  792  671  732  945 1250 1524 1737 1829 1768
394A Sali  195503262 1554 1280  975  762  671  701  914 1219 1585 1920 2134 2164
394A Sali  195503271 1981 1707 1311  945  671  579  610  823 1097 1402 1615 1676
394A Sali  195503272 1554 1311  975  671  427  335  427  671 1036 1433 1768 1951
394A Sali  195503281 1951 1707 1372  975  640  457  396  518  732 1067 1402 1615
394A Sali  195503282 1676 1524 1250  914  610  427  366  518  823 1219 1585 1890
394A Sali  195503291 2012 1951 1676 1372  975  671  457  427  549  823 1128 1433
394A Sali  195503292 1646 1646 1463 1189  884  610  427  396  549  853 1189 1494
394A Sali  195503301 1798 1981 1920 1554 1280  975  640  427  580  884 1158 1341
394A Sali  195503302 1524 1646 1676 1585 1280  945  610  488  518  671  945 1311
394A Sali  195503311 1615 1859 1920 1829 1615 1341 1006  732  579  610  762 1006
394A Sali  195503312 1311 1554 1676 1676 1524 1280 1023  810  696  713  864 1119
394A Sali  195504011 1415 1671 1836 1876 1776 1563 1295 1031  830  739  779  937
394A Sali  195504012 1165 1399 1580 1668 1637 1494 1280 1036  823  701  732  884
394A Sali  195504021 1128 1372 1615 1798 1829 1737 1524 1250 1006  823  732  792
394A Sali  195504022  945 1158 1402 1585 1676 1676 1554 1341 1128  914  823  792
394A Sali  195504031  914 1128 1341 1554 1707 1768 1707 1524 1280 1067  884  792
394A Sali  195504032  823  945 1158 1372 1585 1676 1707 1585 1402 1189 1006  884
394A Sali  195504041  853  914 1097 1311 1524 1676 1737 1676 1524 1311 1097  914
394A Sali  195504042  823  853  975 1158 1402 1615 1737 1737 1646 1463 1250 1067
394A Sali  195504051  914  853  884 1006 1219 1433 1585 1646 1615 1463 1250 1036
394A Sali  195504052  884  762  792  945 1128 1372 1585 1737 1768 1676 1494 1250
394A Sali  195504061 1036  853  823  853 1006 1189 1402 1585 1646 1615 1463 1250
394A Sali  195504062 1006  853  762  823  975 1280 1554 1737 1859 1829 1707 1524
394A Sali  195504071 1250 1006  884  823  914 1097 1311 1524 1676 1707 1615 1433
394A Sali  195504072 1219 1006  853  823  945 1158 1402 1646 1859 1920 1890 1707
394A Sali  195504081 1463 1189  975  853  823  945 1128 1341 1554 1676 1676 1554
394A Sali  195504082 1372 1128  914  792  792  914 1158 1402 1676 1859 1920 1859
394A Sali  195504091 1676 1372 1128  884  762  792  914 1128 1341 1524 1646 1615
394A Sali  195504092 1463 1250 1036  853  762  792  975 1219 1494 1737 1890 1920
394A Sali  195504101 1798 1554 1280 1006  823  732  792  945 1189 1372 1554 1646
394A Sali  195504102 1585 1433 1219 1006  853  792  853 1036 1311 1615 1798 1920
394A Sali  195504111 1890 1737 1463 1219  945  792  762  853 1036 1250 1463 1615
394A Sali  195504112 1646 1554 1402 1189  884  823  884 1067 1341 1615 1768 1890
394A Sali  195504121 1951 1829 1646 1372 1128  914  823  823  945 1158 1402 1585
394A Sali  195504122 1676 1615 1494 1280 1097  945  853  914 1067 1280 1585 1768
394A Sali  195504131 1890 1890 1768 1554 1311 1097  914  853  914 1067 1250 1463
394A Sali  195504132 1615 1646 1585 1402 1219 1036  914  853  914 1128 1341 1585
394A Sali  195504141 1768 1829 1798 1646 1402 1158  975  853  853  914 1097 1280
394A Sali  195504142 1463 1554 1524 1402 1250 1097  945  853  853  945 1158 1372
394A Sali  195504151 1585 1737 1737 1646 1463 1250 1036  884  823  823  945 1128
394A Sali  195504152 1311 1463 1524 1494 1372 1250 1097  975  914  914 1067 1250
394A Sali  195504161 1463 1646 1768 1768 1676 1494 1280 1097  975  914  975 1097
394A Sali  195504162 1250 1402 1524 1615 1554 1433 1280 1128 1006  975 1036 1189
394A Sali  195504171 1372 1554 1707 1768 1737 1646 1463 1250 1097 1006  975 1036
394A Sali  195504172 1189 1372 1524 1615 1676 1615 1463 1311 1158 1067 1036 1097
394A Sali  195504181 1219 1372 1554 1676 1768 1737 1615 1433 1250 1097 1006 1006
394A Sali  195504182 1097 1250 1433 1585 1707 1737 1676 1554 1372 1219 1128 1067
394A Sali  195504191 1128 1280 1433 1585 1707 1768 1737 1585 1402 1219 1067 1006
394A Sali  195504192 1036 1158 1311 1494 1676 1798 1829 1768 1646 1433 1250 1097
394A Sali  195504201 1067 1097 1189 1372 1554 1676 1707 1676 1524 1372 1189 1036
394A Sali  195504202  975 1006 1128 1341 1585 1798 1920 1951 1890 1707 1494 1280
394A Sali  195504211 1128 1036 1036 1189 1372 1554 1707 1768 1707 1585 1372 1158
394A Sali  195504212 1006  914  945 1128 1372 1646 1890 2042 2073 1951 1768 1494
394A Sali  195504221 1219 1006  884  914 1097 1311 1524 1707 1768 1707 1554 1341
394A Sali  195504222 1128  914  853  914 1128 1433 1768 2012 2164 2164 2073 1798
394A Sali  195504231 1463 1158  914  823  914 1097 1341 1585 1798 1829 1768 1585
394A Sali  195504232 1280 1036  853  792  914 1158 1524 1859 2134 2286 2286 2103
394A Sali  195504241 1768 1402 1067  853  792  914 1128 1402 1676 1890 1920 1798
394A Sali  195504242 1585 1280  975  762  762  945 1250 1585 1920 2225 2347 2256
394A Sali  195504251 2012 1646 1250  914  732  732  914 1219 1554 1768 1890 1829
394A Sali  195504252 1646 1372 1097  823  701  762  914 1158 1524 1920 2195 2316
394A Sali  195504261 2225 1951 1585 1189  853  671  640  792 1097 1402 1707 1859
394A Sali  195504262 1859 1707 1402 1097  823  640  640  823 1128 1524 1890 2134
394A Sali  195504271 2225 2134 1829 1494 1097  792  610  610  823 1097 1402 1707
394A Sali  195504272 1859 1829 1646 1372 1067  792  640  671  823 1189 1524 1829
394A Sali  195504281 2103 2164 2042 1768 1433 1067  792  640  701  884 1158 1463
394A Sali  195504282 1707 1859 1859 1676 1402 1097  853  701  732  884 1189 1524
394A Sali  195504291 1798 2012 2042 1920 1646 1341 1036  792  671  732  945 1189
394A Sali  195504292 1463 1737 1829 1829 1676 1433 1158  945  823  823  975 1250
394A Sali  195504301 1524 1768 1920 1920 1798 1554 1250 1006  792  732  792  975
394A Sali  195504302 1219 1463 1676 1829 1798 1646 1433 1189  945  853  853  975
394A Sali  195505011 1189 1433 1646 1768 1768 1676 1463 1219  975  823  792  853
394A Sali  195505012 1036 1280 1494 1676 1798 1768 1646 1402 1189 1006  914  914
394A Sali  195505021 1006 1189 1372 1554 1676 1707 1615 1463 1250 1006  853  823
394A Sali  195505022  914 1067 1311 1554 1737 1829 1829 1707 1463 1250 1097  975
394A Sali  195505031  975 1097 1250 1433 1615 1707 1707 1615 1433 1250 1036  914
394A Sali  195505032  914 1006 1189 1433 1646 1798 1890 1829 1676 1494 1280 1067
394A Sali  195505041  945  975 1036 1189 1402 1554 1615 1615 1554 1372 1189 1036
394A Sali  195505042  945  945 1067 1219 1463 1737 1859 1920 1829 1707 1524 1280
394A Sali  195505051 1097  975  975 1067 1219 1402 1554 1646 1646 1524 1372 1189
394A Sali  195505052 1036  914  945 1067 1280 1554 1768 1920 1951 1890 1707 1494
394A Sali  195505061 1250 1036  945  975 1067 1250 1433 1615 1676 1646 1554 1372
394A Sali  195505062 1158 1006  945 1006 1158 1372 1646 1859 1981 2012 1920 1737
394A Sali  195505071 1494 1219 1036  975 1006 1128 1311 1494 1646 1707 1676 1554
394A Sali  195505072 1341 1158 1006  975 1036 1219 1463 1737 1920 2042 2042 1890
394A Sali  195505081 1676 1433 1158 1006  945 1006 1158 1372 1554 1707 1737 1646
394A Sali  195505082 1494 1311 1128 1036 1006 1097 1311 1554 1798 1981 2073 2042
394A Sali  195505091 1829 1585 1341 1097  975  945 1036 1250 1433 1585 1676 1707
394A Sali  195505092 1615 1433 1219 1067  975 1128 1250 1463 1707 1951 2103 2134
394A Sali  195505101 2042 1829 1585 1311 1128 1036 1036 1158 1341 1585 1737 1798
394A Sali  195505102 1768 1646 1463 1280 1097 1067 1128 1280 1524 1768 1981 2103
394A Sali  195505111 2073 1951 1707 1463 1219 1036  975 1036 1219 1433 1585 1707
394A Sali  195505112 1737 1676 1554 1372 1158 1067 1036 1158 1341 1554 1829 2012
394A Sali  195505121 2073 2012 1829 1615 1341 1128 1006  975 1097 1280 1494 1676
394A Sali  195505122 1768 1768 1676 1524 1311 1158 1067 1128 1250 1433 1707 1890
394A Sali  195505131 2042 2042 1920 1737 1494 1250 1097 1006 1036 1189 1372 1615
394A Sali  195505132 1768 1829 1768 1646 1463 1280 1189 1128 1189 1311 1524 1768
394A Sali  195505141 1951 2042 2012 1859 1646 1433 1219 1036 1036 1128 1280 1463
394A Sali  195505142 1676 1829 1859 1798 1646 1463 1311 1189 1158 1219 1372 1585
394A Sali  195505151 1798 1951 1981 1920 1737 1554 1341 1158 1067 1097 1219 1372
394A Sali  195505152 1585 1768 1890 1920 1829 1676 1494 1341 1219 1219 1280 1433
394A Sali  195505161 1646 1829 1920 1951 1859 1676 1463 1280 1128 1067 1128 1280
394A Sali  195505162 1463 1707 1890 1951 1951 1859 1676 1494 1280 1219 1219 1341
394A Sali  195505171 1524 1707 1859 1920 1890 1768 1585 1402 1219 1128 1128 1219
394A Sali  195505172 1402 1615 1829 1981 2042 1981 1859 1676 1463 1280 1219 1219
394A Sali  195505181 1341 1494 1676 1829 1859 1829 1707 1524 1341 1158 1097 1097
394A Sali  195505182 1219 1433 1676 1890 2073 2103 2042 1890 1676 1433 1250 1158
394A Sali  195505191 1219 1311 1494 1676 1829 1890 1829 1707 1494 1280 1128 1067
394A Sali  195505192 1097 1250 1494 1737 1981 2134 2195 2134 1920 1676 1402 1189
394A Sali  195505201 1097 1097 1189 1372 1554 1737 1829 1798 1646 1433 1219 1036
394A Sali  195505202  945 1006 1189 1433 1737 2012 2225 2286 2195 1951 1707 1433
394A Sali  195505211 1189 1036 1036 1158 1311 1554 1768 1859 1829 1676 1494 1219
394A Sali  195505212 1036  914  975 1158 1402 1737 2073 2286 2316 2256 2042 1737
394A Sali  195505221 1402 1097  945  914 1036 1280 1524 1768 1890 1859 1737 1463
394A Sali  195505222 1189  975  823  884 1067 1372 1737 2073 2316 2377 2286 2012
394A Sali  195505231 1676 1311 1036  853  853 1006 1250 1554 1798 1951 1920 1737
394A Sali  195505232 1494 1189  914  792  853 1036 1341 1707 2103 2347 2408 2286
394A Sali  195505241 2042 1676 1280  975  792  823 1006 1311 1615 1890 2042 2012
394A Sali  195505242 1798 1524 1189  945  792  853 1036 1372 1768 2134 2347 2408
394A Sali  195505251 2256 2012 1615 1219  945  762  823 1006 1341 1676 1951 2073
394A Sali  195505252 2073 1859 1554 1250  975  853  884 1067 1402 1798 2134 2347
394A Sali  195505261 2347 2164 1859 1494 1158  884  792  884 1097 1402 1768 2042
394A Sali  195505262 2134 2073 1859 1554 1250  975  884  975 1128 1463 1798 2134
394A Sali  195505271 2286 2286 2103 1829 1494 1158  914  823  945 1189 1524 1829
394A Sali  195505272 2042 2134 2073 1859 1585 1311 1067  975 1006 1189 1494 1798
394A Sali  195505281 2073 2195 2164 2012 1707 1402 1158  945  914 1036 1250 1585
394A Sali  195505282 1859 2103 2134 2073 1890 1615 1311 1128 1036 1097 1311 1554
394A Sali  195505291 1829 2042 2134 2073 1890 1615 1311 1067  975  975 1158 1402
394A Sali  195505292 1676 1951 2103 2134 2042 1829 1554 1280 1128 1097 1189 1372
394A Sali  195505301 1585 1829 1981 1981 1859 1646 1402 1189  975  945 1036 1219
394A Sali  195505302 1463 1737 1951 2042 2012 1859 1676 1402 1189 1067 1087 1219
394A Sali  195505311 1372 1585 1768 1859 1829 1707 1524 1280 1097  975  979 1097
394A Sali  195505312 1311 1554 1798 1981 2073 2073 1951 1768 1554 1341 1189 1067
394A Sali  195506011 1158 1280 1463 1646 1768 1798 1737 1615 1433 1219 1097 1006
394A Sali  195506012 1067 1219 1433 1676 1859 2012 2012 1951 1768 1524 1341 1189
394A Sali  195506021 1097 1128 1250 1402 1585 1676 1737 1707 1554 1372 1189 1067
394A Sali  195506022 1006 1067 1250 1463 1676 1859 1981 1981 1890 1707 1494 1280
394A Sali  195506031 1128 1067 1097 1219 1372 1524 1615 1676 1615 1494 1311 1158
394A Sali  195506032 1036 1036 1097 1280 1494 1707 1920 2012 2012 1890 1676 1433
394A Sali  195506041 1250 1097 1036 1097 1219 1372 1554 1646 1676 1615 1494 1311
394A Sali  195506042 1158 1067 1067 1158 1341 1585 1798 1951 2012 1951 1829 1615
394A Sali  195506051 1402 1189 1067 1036 1097 1250 1402 1554 1646 1676 1585 1463
394A Sali  195506052 1280 1128 1036 1067 1189 1402 1646 1859 2012 2042 1981 1798
394A Sali  195506061 1585 1311 1128 1036 1036 1128 1311 1463 1646 1737 1707 1615
394A Sali  195506062 1463 1280 1097 1067 1128 1250 1494 1737 1951 2073 2073 1951
394A Sali  195506071 1737 1494 1219 1097 1006 1036 1219 1372 1554 1707 1768 1707
394A Sali  195506072 1585 1433 1219 1097 1067 1189 1372 1585 1829 2012 2103 2073
394A Sali  195506081 1920 1676 1402 1189 1036 1006 1097 1280 1463 1615 1737 1798
394A Sali  195506082 1737 1615 1463 1280 1122 1067 1158 1341 1615 1859 2042 2134
394A Sali  195506091 2073 1951 1737 1406 1128 1006 1036 1158 1372 1615 1768 1829
394A Sali  195506092 1768 1676 1524 1341 1158 1036 1036 1219 1494 1707 1951 2073
394A Sali  195506101 2103 1981 1829 1585 1280 1067  975 1006 1158 1372 1585 1737
394A Sali  195506102 1798 1768 1646 1463 1219 1067 1036 1128 1341 1554 1768 1951
394A Sali  195506111 2042 1981 1829 1554 1311 1067  945  945 1036 1219 1433 1646
394A Sali  195506112 1798 1829 1768 1615 1372 1189 1067 1036 1158 1311 1524 1737
394A Sali  195506121 1859 1920 1829 1676 1402 1189  975  914  945 1097 1311 1524
394A Sali  195506122 1737 1859 1829 1707 1524 1280 1128 1036 1036 1128 1341 1554
394A Sali  195506131 1737 1829 1829 1707 1524 1250 1036  884  853  945 1128 1372
394A Sali  195506132 1615 1798 1890 1798 1676 1463 1250 1097 1006 1036 1189 1402
394A Sali  195506141 1615 1768 1829 1768 1615 1372 1158  945  823  853  975 1189
394A Sali  195506142 1402 1615 1798 1890 1859 1707 1494 1311 1097 1006 1006 1128
394A Sali  195506151 1280 1463 1585 1615 1524 1372 1219 1097  945  875  915 1058
394A Sali  195506152 1270 1510 1721 1856 1890 1737 1524 1311 1097  975  914  975
394A Sali  195506161 1128 1311 1494 1615 1615 1554 1402 1158  975  792  762  853
394A Sali  195506162 1036 1311 1585 1798 1951 1951 1829 1615 1372 1128  975  914
394A Sali  195506171  945 1097 1280 1463 1585 1615 1524 1372 1158  945  792  792
394A Sali  195506172  884 1067 1341 1646 1890 2012 2042 1920 1707 1433 1189  975
394A Sali  195506181  884  945 1097 1280 1494 1615 1676 1585 1402 1189  945  792
394A Sali  195506182  762  853 1067 1372 1676 1920 2103 2103 1951 1707 1433 1158
394A Sali  195506191  914  823  884 1036 1280 1494 1676 1676 1585 1402 1158  914
394A Sali  195506192  732  671  792 1036 1372 1707 1981 2134 2134 1981 1707 1402
394A Sali  195506201 1067  823  762  823 1006 1250 1524 1676 1737 1615 1402 1158
394A Sali  195506202  884  701  640  732  975 1311 1676 1981 2134 2134 2012 1676
394A Sali  195506211 1341 1006  762  671  732  945 1219 1494 1707 1768 1676 1463
394A Sali  195506212 1189  914  701  610  701  914 1280 1676 1981 2164 2134 1951
394A Sali  195506221 1676 1280  945  671  579  671  914 1219 1524 1768 1859 1768
394A Sali  195506222 1554 1219  884  701  610  701 1006 1372 1737 2042 2195 2195
394A Sali  195506231 2012 1615 1250  914  671  579  701 1006 1311 1646 1829 1920
394A Sali  195506232 1829 1615 1280  945  732  671  792 1036 1372 1707 2042 2164
394A Sali  195506241 2103 1920 1585 1189  853  640  640  823 1097 1463 1768 1951
394A Sali  195506242 2012 1920 1707 1341 1036  823  792  884 1158 1463 1798 2042
394A Sali  195506251 2134 2042 1829 1463 1128  823  701  701  884 1219 1554 1859
394A Sali  195506252 2012 2073 1920 1646 1372 1097  914  884 1006 1189 1524 1798
394A Sali  195506261 2012 2073 1951 1707 1372 1097  823  732  762  945 1250 1554
394A Sali  195506262 1829 2012 2073 1951 1737 1463 1219  975  914 1006 1189 1433
394A Sali  195506271 1707 1890 1951 1890 1676 1402 1128  884  762  823  975 1250
394A Sali  195506272 1554 1829 2012 2042 1920 1707 1463 1219 1036  975 1036 1219
394A Sali  195506281 1494 1707 1859 1890 1798 1585 1341 1067  914  853  884 1067
394A Sali  195506282 1341 1646 1920 2012 1981 1829 1585 1372 1189 1067 1006 1128
394A Sali  195506291 1311 1524 1707 1798 1798 1676 1463 1250 1036  914  884 1067
394A Sali  195506292 1280 1554 1768 1951 2012 1920 1737 1524 1311 1189 1097 1128
394A Sali  195506301 1250 1402 1554 1676 1737 1676 1585 1402 1250 1097  975 1006
394A Sali  195506302 1067 1280 1494 1707 1890 1981 1951 1829 1646 1463 1280 1189
394A Sali  195507011 1158 1219 1341 1463 1585 1676 1649 1548 1400 1240 1115 1062
394A Sali  195507012 1102 1228 1420 1632 1822 1950 1987 1920 1737 1554 1341 1189
394A Sali  195507021 1128 1158 1219 1341 1494 1615 1676 1646 1524 1372 1219 1097
394A Sali  195507022 1036 1097 1250 1433 1615 1798 1920 1951 1859 1737 1524 1341
394A Sali  195507031 1189 1097 1097 1189 1311 1463 1585 1615 1585 1463 1311 1158
394A Sali  195507032 1067 1036 1097 1250 1463 1676 1829 1951 1951 1859 1707 1463
394A Sali  195507041 1280 1128 1036 1067 1189 1341 1494 1585 1646 1585 1494 1311
394A Sali  195507042 1158 1067 1036 1128 1311 1524 1737 1920 2012 1981 1859 1676
394A Sali  195507051 1433 1219 1067 1036 1097 1250 1402 1554 1646 1676 1615 1463
394A Sali  195507052 1311 1158 1067 1067 1189 1372 1615 1829 1981 2012 1951 1798
394A Sali  195507061 1585 1341 1158 1036 1036 1158 1311 1494 1646 1737 1737 1646
394A Sali  195507062 1463 1280 1128 1067 1097 1219 1433 1615 1829 1920 1951 1829
394A Sali  195507071 1646 1402 1189 1006  884  914 1067 1280 1463 1615 1676 1646
394A Sali  195507072 1494 1250 1097 1036 1036 1097 1250 1433 1707 1859 1951 1981
394A Sali  195507081 1920 1768 1524 1250 1009  884  945 1097 1311 1554 1707 1737
394A Sali  195507082 1646 1524 1341 1128 1036 1067 1158 1280 1524 1737 1920 1981
394A Sali  195507091 1920 1768 1494 1219 1036  884  884 1006 1219 1463 1676 1798
394A Sali  195507092 1798 1737 1524 1311 1097 1006 1006 1067 1311 1615 1859 1981
394A Sali  195507101 1951 1829 1549 1219 1006  884  884 1006 1219 1494 1768 1890
394A Sali  195507102 1859 1737 1524 1250 1067  975 1006 1128 1372 1646 1829 1920
394A Sali  195507111 1920 1768 1554 1341 1128  975  884  884 1006 1189 1433 1737
394A Sali  195507112 1920 1981 1890 1676 1433 1189 1006  945 1006 1189 1402 1646
394A Sali  195507121 1829 1890 1829 1615 1372 1158  945  853  884 1067 1311 1585
394A Sali  195507122 1829 2012 2042 1920 1737 1494 1250 1067 1006 1097 1250 1494
394A Sali  195507131 1676 1829 1859 1768 1554 1311 1097  945  884  975 1219 1463
394A Sali  195507132 1737 1981 2103 2103 1951 1737 1494 1250 1097 1067 1158 1311
394A Sali  195507141 1524 1737 1859 1859 1768 1585 1341 1158 1006  975 1067 1250
394A Sali  195507142 1554 1859 2073 2195 2195 2042 1829 1554 1250 1128 1097 1158
394A Sali  195507151 1341 1554 1707 1829 1829 1707 1494 1280 1067  945  914 1036
394A Sali  195507152 1280 1554 1829 2073 2164 2164 2012 1768 1494 1250 1067 1036
394A Sali  195507161 1128 1311 1494 1676 1768 1798 1676 1433 1219 1006  884  884
394A Sali  195507162 1006 1219 1554 1829 2073 2195 2164 2042 1768 1524 1219 1067
394A Sali  195507171  975 1036 1219 1463 1646 1737 1768 1676 1494 1280 1067  885
394A Sali  195507172  823  975 1219 1524 1829 2073 2225 2225 2042 1829 1494 1250
394A Sali  195507181 1067  975 1067 1250 1463 1646 1798 1859 1737 1554 1311 1067
394A Sali  195507182  884  853 1006 1219 1554 1859 2134 2256 2286 2134 1829 1494
394A Sali  195507191 1219 1006  945 1036 1219 1463 1676 1859 1920 1829 1615 1372
394A Sali  195507192 1097  914  853  975 1189 1524 1829 2103 2256 2225 2073 1798
394A Sali  195507201 1463 1158  914  853  945 1189 1463 1737 1951 2012 1890 1646
394A Sali  195507202 1372 1097  884  823  945 1219 1554 1859 2134 2256 2195 1981
394A Sali  195507211 1676 1311 1006  823  792  945 1219 1554 1829 2012 2042 1920
394A Sali  195507212 1676 1372 1128  884  823  945 1219 1524 1859 2134 2256 2164
394A Sali  195507221 1951 1615 1219  945  762  762  945 1219 1585 1859 2073 2073
394A Sali  195507222 1920 1676 1372 1067  853  792  945 1219 1524 1859 2103 2195
394A Sali  195507231 2073 1798 1494 1158  853  701  762  975 1311 1646 1951 2103
394A Sali  195507232 2103 1951 1676 1372 1067  884  853 1006 1280 1615 1890 2073
394A Sali  195507241 2134 2012 1737 1402 1097  823  732  823 1097 1402 1737 1981
394A Sali  195507242 2134 2103 1920 1646 1311 1067  914  945 1067 1280 1615 1859
394A Sali  195507251 1981 1981 1829 1554 1250  975  792  762  884 1128 1463 1737
394A Sali  195507252 1981 2103 2012 1829 1524 1250 1006  884  914 1097 1341 1615
394A Sali  195507261 1798 1890 1859 1707 1433 1158  945  823  823  975 1250 1554
394A Sali  195507262 1798 1981 2042 1951 1768 1524 1250 1067  975 1006 1158 1341
394A Sali  195507271 1585 1707 1798 1737 1585 1372 1128  945  853  884 1036 1250
394A Sali  195507272 1524 1768 1951 2012 1920 1737 1494 1280 1097 1006 1036 1189
394A Sali  195507281 1372 1554 1676 1707 1676 1554 1372 1158 1006  914  945 1097
394A Sali  195507282 1280 1554 1768 1920 1981 1920 1768 1554 1341 1189 1097 1097
394A Sali  195507291 1189 1341 1524 1646 1676 1646 1524 1372 1219 1097 1004 1006
394A Sali  195507292 1128 1341 1554 1768 1890 1951 1890 1737 1554 1372 1219 1158
394A Sali  195507301 1158 1250 1372 1524 1646 1676 1615 1463 1341 1219 1097 1067
394A Sali  195507302 1097 1219 1402 1615 1798 1890 1859 1768 1615 1463 1280 1158
394A Sali  195507311 1158 1219 1280 1402 1524 1615 1615 1524 1402 1250 1128 1067
394A Sali  195507312 1067 1189 1341 1524 1676 1798 1859 1829 1707 1585 1402 1250
394A Sali  195508011 1158 1128 1189 1311 1402 1554 1615 1585 1524 1402 1250 1128
394A Sali  195508012 1067 1097 1189 1341 1554 1737 1859 1920 1859 1737 1585 1372
394A Sali  195508021 1219 1158 1097 1189 1311 1463 1585 1646 1646 1554 1433 1280
394A Sali  195508022 1158 1097 1128 1250 1402 1615 1829 1951 1981 1920 1798 1615
394A Sali  195508031 1402 1189 1097 1097 1219 1402 1585 1707 1737 1707 1585 1433
394A Sali  195508032 1280 1128 1067 1097 1250 1433 1585 1798 1920 1920 1829 1646
394A Sali  195508041 1433 1219 1036  945 1006 1158 1341 1554 1676 1737 1676 1524
394A Sali  195508042 1372 1158 1006  975 1036 1189 1433 1646 1829 1920 1908 1798
394A Sali  195508051 1585 1311 1097  975  914 1006 1189 1433 1615 1768 1829 1737
394A Sali  195508052 1585 1341 1128 1006  975 1067 1280 1524 1737 1920 1951 1890
394A Sali  195508061 1707 1524 1219 1006  884  914 1036 1250 1463 1707 1859 1859
394A Sali  195508062 1737 1554 1280 1067  945  914 1036 1280 1494 1707 1859 1890
394A Sali  195508071 1829 1615 1372 1097  884  823  884 1097 1341 1615 1798 1920
394A Sali  195508072 1859 1737 1524 1219 1006  884  914 1036 1311 1554 1798 1920
394A Sali  195508081 1920 1737 1494 1219  975  792  792  975 1189 1494 1737 1951
394A Sali  195508082 2012 1920 1707 1433 1158  975  914 1006 1219 1524 1768 1890
394A Sali  195508091 1920 1768 1524 1280 1036  853  792  853 1036 1280 1585 1859
394A Sali  195508092 2012 2012 1859 1585 1341 1067  884  853  945 1158 1402 1646
394A Sali  195508101 1829 1829 1737 1524 1219 1006  823  792  884 1097 1402 1707
394A Sali  195508102 1951 2073 2012 1859 1585 1280 1067  853  884 1006 1219 1463
394A Sali  195508111 1676 1798 1798 1646 1402 1158  945  792  792  945 1219 1494
394A Sali  195508112 1768 2012 2073 2012 1829 1585 1311 1097  975  975 1097 1311
394A Sali  195508121 1554 1768 1859 1829 1646 1433 1189  975  884  914 1036 1280
394A Sali  195508122 1585 1890 2073 2134 2073 1890 1646 1372 1097  975  975 1128
394A Sali  195508131 1311 1554 1707 1798 1737 1615 1372 1097  914  823  853 1067
394A Sali  195508132 1311 1585 1859 2042 2134 2042 1859 1585 1341 1097  975 1006
394A Sali  195508141 1128 1311 1554 1676 1768 1737 1554 1311 1097  914  823  884
394A Sali  195508142 1036 1280 1585 1829 2012 2103 2012 1798 1554 1311 1097 1006
394A Sali  195508151 1006 1128 1341 1524 1676 1798 1737 1585 1372 1158  975  884
394A Sali  195508152  914 1067 1311 1585 1829 2042 2103 2042 1859 1585 1311 1097
394A Sali  195508161 1006  975 1097 1311 1524 1707 1829 1768 1615 1372 1158  945
394A Sali  195508162  853  884 1067 1341 1646 1890 2073 2103 1951 1707 1402 1158
394A Sali  195508171  945  914 1036 1250 1494 1707 1859 1859 1707 1463 1189  975
394A Sali  195508172  884  884  945 1097 1372 1676 1890 2012 2073 2012 1829 1585
394A Sali  195508181 1280  975  853  884 1006 1280 1554 1829 1951 1981 1829 1585
394A Sali  195508182 1280 1036  884  853  975 1219 1524 1798 1981 2103 2012 1768
394A Sali  195508191 1494 1189  914  792  853 1067 1372 1646 1890 2042 2042 1859
394A Sali  195508192 1615 1311 1006  853  823  975 1219 1524 1829 2012 2073 1951
394A Sali  195508201 1676 1372 1067  823  732  823 1067 1402 1737 1981 2103 2073
394A Sali  195508202 1890 1585 1250 1006  823  823  975 1250 1585 1859 2042 2042
394A Sali  195508211 1920 1676 1311 1006  792  762  884 1097 1494 1829 2042 2164
394A Sali  195508212 2073 1890 1554 1280  975  792  884 1036 1311 1646 1890 2012
394A Sali  195508221 2012 1829 1524 1250  945  792  792  914 1250 1585 1859 2073
394A Sali  195508222 2164 2042 1798 1494 1189  945  823  884 1097 1341 1615 1829
394A Sali  195508231 1951 1890 1707 1402 1128  884  792  792 1006 1280 1585 1859
394A Sali  195508232 2042 2042 1920 1707 1372 1097  914  853  945 1128 1402 1615
394A Sali  195508241 1798 1859 1768 1585 1341 1067  853  792  914 1128 1372 1676
394A Sali  195508242 1890 2042 2012 1890 1646 1372 1097  945  945 1036 1250 1494
394A Sali  195508251 1676 1829 1829 1707 1524 1280 1036  914  884  975 1219 1494
394A Sali  195508252 1737 1920 2012 1951 1798 1554 1311 1097 1006 1036 1158 1341
394A Sali  195508261 1524 1676 1768 1737 1615 1402 1219 1036  945  945 1128 1341
394A Sali  195508262 1554 1768 1951 1951 1859 1707 1524 1311 1158 1097 1128 1219
394A Sali  195508271 1372 1554 1676 1707 1646 1524 1341 1158 1036  975 1006 1158
394A Sali  195508272 1372 1585 1768 1890 1890 1798 1646 1433 1250 1128 1097 1128
394A Sali  195508281 1219 1372 1494 1585 1585 1554 1402 1250 1097  975  945 1036
394A Sali  195508282 1189 1402 1585 1737 1829 1798 1707 1585 1402 1250 1128 1097
394A Sali  195508291 1158 1280 1372 1494 1585 1615 1554 1402 1250 1128 1036 1006
394A Sali  195508292 1097 1280 1433 1615 1737 1798 1798 1707 1554 1402 1250 1128
394A Sali  195508301 1097 1158 1280 1402 1524 1615 1646 1585 1463 1311 1189 1097
394A Sali  195508302 1067 1128 1280 1494 1646 1798 1859 1859 1768 1615 1433 1280
394A Sali  195508311 1158 1158 1189 1311 1463 1585 1676 1707 1646 1524 1341 1219
394A Sali  195508312 1128 1097 1189 1341 1554 1707 1859 1920 1890 1768 1585 1402
394A Sali  195509011 1250 1128 1128 1219 1341 1524 1676 1768 1798 1707 1554 1402
394A Sali  195509012 1219 1097 1097 1219 1402 1585 1768 1920 1951 1890 1737 1554
394A Sali  195509021 1341 1189 1097 1128 1250 1463 1646 1798 1920 1890 1768 1554
394A Sali  195509022 1341 1158 1036 1067 1189 1372 1585 1829 1951 1981 1890 1676
394A Sali  195509031 1463 1219 1067 1006 1097 1280 1524 1768 1951 2012 1951 1829
394A Sali  195509032 1554 1311 1097  975 1006 1158 1372 1615 1829 1981 1951 1829
394A Sali  195509041 1615 1341 1097  945  914 1067 1280 1524 1798 1981 2042 1951
394A Sali  195509042 1737 1463 1189  975  853  884 1067 1311 1585 1798 1890 1859
394A Sali  195509051 1707 1433 1219  975  823  853 1006 1250 1554 1859 2042 2073
394A Sali  195509052 1981 1737 1463 1158  914  823  884 1036 1219 1494 1737 1859
394A Sali  195509061 1859 1676 1372 1067  853  762  792  975 1311 1676 1981 2073
394A Sali  195509062 2073 1920 1646 1341 1036  823  792  884 1097 1402 1676 1859
394A Sali  195509071 1920 1768 1524 1219  945  762  701  823 1067 1402 1737 1981
394A Sali  195509072 2103 2042 1829 1524 1219  914  762  762  884 1158 1433 1676
394A Sali  195509081 1798 1798 1646 1402 1097  853  701  701  884 1128 1494 1798
394A Sali  195509082 2042 2103 2012 1798 1463 1158  884  732  762  914 1158 1433
394A Sali  195509091 1676 1768 1737 1554 1280 1006  792  671  701  914 1189 1524
394A Sali  195509092 1829 2042 2073 1951 1737 1433 1128  914  823  884 1067 1311
394A Sali  195509101 1585 1768 1829 1768 1554 1280 1036  823  762  823 1036 1341
394A Sali  195509102 1615 1890 2073 2073 1951 1707 1463 1189  975  884  975 1158
394A Sali  195509111 1372 1615 1768 1829 1737 1554 1341 1067  884  792  884 1067
394A Sali  195509112 1341 1615 1859 2042 2042 1920 1707 1433 1189 1036  945 1006
394A Sali  195509121 1189 1402 1615 1798 1829 1737 1554 1341 1128  914  853  914
394A Sali  195509122 1097 1341 1615 1829 1981 2012 1920 1707 1463 1219 1067 1006
394A Sali  195509131 1067 1219 1402 1646 1798 1859 1768 1615 1402 1158 1006  914
394A Sali  195509132  945 1097 1341 1585 1798 1981 1981 1920 1676 1433 1219 1006
394A Sali  195509141  945 1006 1158 1402 1646 1798 1890 1829 1676 1463 1189 1036
394A Sali  195509142  914  945 1067 1311 1585 1798 1920 1951 1829 1615 1372 1128
394A Sali  195509151  945  914  975 1158 1402 1615 1829 1920 1951 1829 1646 1402
394A Sali  195509152 1116  914  884  975 1128 1402 1737 1890 1920 1798 1615 1341
394A Sali  195509161 1067  884  792  884 1067 1372 1646 1890 1981 1951 1768 1524
394A Sali  195509162 1219  975  853  884  975 1219 1494 1737 1890 1920 1798 1554
394A Sali  195509171 1280 1006  823  792  914 1189 1463 1737 1951 2073 1981 1768
394A Sali  195509172 1463 1158  914  792  823  975 1250 1524 1768 1920 1890 1737
394A Sali  195509181 1463 1189  914  762  792  914 1158 1524 1859 2012 2073 1951
394A Sali  195509182 1707 1402 1067  853  762  823 1006 1280 1554 1798 1890 1859
394A Sali  195509191 1676 1402 1128  853  762  792  975 1250 1615 1890 2042 2073
394A Sali  195509192 1920 1676 1372 1036  853  762  853 1067 1341 1646 1859 1890
394A Sali  195509201 1859 1646 1402 1097  884  823  884 1097 1372 1707 1951 2073
394A Sali  195509202 2042 1890 1615 1280 1036  823  792  884 1128 1402 1646 1798
394A Sali  195509211 1829 1737 1494 1250  975  823  792  914 1128 1433 1707 1920
394A Sali  195509212 1981 1951 1707 1433 1128  884  762  792  914 1128 1402 1646
394A Sali  195509221 1737 1707 1585 1372 1128  884  792  823  945 1189 1463 1707
394A Sali  195509222 1859 1890 1798 1585 1311 1067  853  792  853 1067 1250 1463
394A Sali  195509231 1615 1676 1615 1463 1219 1036  853  792  853 1036 1250 1524
394A Sali  195509232 1737 1859 1859 1707 1494 1250 1036  884  823  914 1036 1219
394A Sali  195509241 1372 1524 1646 1615 1463 1250 1036  884  823  884 1128 1372
394A Sali  195509242 1585 1737 1829 1768 1615 1402 1189 1006  914  945 1006 1189
394A Sali  195509251 1280 1463 1585 1615 1494 1280 1128  975  884  884 1006 1189
394A Sali  195509252 1402 1585 1707 1737 1676 1524 1341 1128 1006  945  975 1067
394A Sali  195509261 1189 1372 1494 1585 1585 1433 1250 1067  945  884  914 1036
394A Sali  195509262 1219 1402 1554 1676 1707 1615 1463 1280 1128 1006  975 1006
394A Sali  195509271 1097 1250 1402 1554 1676 1676 1615 1463 1311 1189 1067 1006
394A Sali  195509272 1006 1128 1341 1585 1707 1768 1707 1585 1402 1250 1158 1128
394A Sali  195509281 1189 1311 1463 1585 1676 1737 1707 1585 1433 1280 1158 1097
394A Sali  195509282 1128 1250 1402 1554 1676 1768 1798 1707 1554 1402 1219 1128
394A Sali  195509291 1128 1189 1311 1494 1646 1768 1829 1798 1676 1524 1311 1189
394A Sali  195509292 1128 1158 1280 1463 1615 1768 1829 1829 1737 1554 1372 1219
394A Sali  195509301 1097 1097 1158 1311 1524 1707 1829 1890 1829 1676 1494 1311
394A Sali  195509302 1128 1067 1097 1219 1402 1615 1768 1859 1829 1737 1554 1372
394A Sali  195510011 1189 1097 1128 1250 1463 1676 1859 2012 2042 1951 1768 1524
394A Sali  195510012 1280 1128 1036 1097 1250 1463 1676 1829 1920 1890 1707 1524
394A Sali  195510021 1280 1097 1006 1036 1250 1463 1707 1951 2103 2103 1981 1737
394A Sali  195510022 1433 1189  975  914 1006 1250 1463 1707 1890 1951 1890 1676
394A Sali  195510031 1433 1189  975  914 1006 1250 1524 1859 2103 2225 2195 2012
394A Sali  195510032 1737 1402 1097  945  914 1036 1280 1524 1798 1981 2012 1890
394A Sali  195510041 1676 1372 1067  914  884 1006 1280 1615 1951 2195 2316 2256
394A Sali  195510042 2012 1676 1341 1036  853  853  975 1067 1372 1615 1829 1829
394A Sali  195510051 1707 1433 1128  853  701  701  823 1128 1494 1829 2073 2164
394A Sali  195510052 2073 1859 1494 1097  823  671  640  823 1128 1433 1707 1859
394A Sali  195510061 1829 1646 1341 1036  762  640  701  884 1219 1554 1890 2103
394A Sali  195510062 2134 2012 1737 1372 1006  732  640  732  945 1250 1554 1798
394A Sali  195510071 1890 1798 1554 1219  914  701  640  732  945 1280 1646 1920
394A Sali  195510072 2103 2073 1890 1554 1219  914  732  671  762 1006 1311 1554
394A Sali  195510081 1768 1798 1707 1463 1158  884  671  610  701  945 1250 1615
394A Sali  195510082 1859 2012 1951 1768 1463 1128  853  671  610  732  975 1280
394A Sali  195510091 1494 1676 1707 1585 1341 1067  823  640  610  732  945 1250
394A Sali  195510092 1554 1798 1890 1859 1676 1402 1097  853  732  701  853 1036
394A Sali  195510101 1311 1554 1707 1707 1615 1433 1158  914  762  732  823 1006
394A Sali  195510102 1280 1524 1737 1829 1768 1615 1372 1097  884  762  762  884
394A Sali  195510111 1097 1341 1524 1676 1707 1585 1402 1158  914  762  732  823
394A Sali  195510112  975 1219 1463 1676 1737 1707 1554 1341 1097  914  792  792
394A Sali  195510121  884 1097 1341 1554 1707 1737 1676 1463 1219  975  823  792
394A Sali  195510122  853 1006 1219 1463 1646 1737 1707 1554 1341 1128  945  823
394A Sali  195510131  792  914 1097 1341 1554 1737 1798 1707 1524 1311 1067  884
394A Sali  195510132  823  853 1006 1189 1402 1585 1676 1676 1554 1372 1128  945
394A Sali  195510141  823  792  914 1097 1372 1585 1768 1798 1737 1554 1311 1067
394A Sali  195510142  853  762  792  914 1128 1372 1554 1646 1646 1524 1341 1128
394A Sali  195510151  884  762  762  853 1067 1341 1594 1768 1829 1737 1554 1280
394A Sali  195510152 1006  792  671  732  884 1097 1311 1524 1646 1615 1494 1280
394A Sali  195510161 1036  823  732  762  945 1158 1494 1737 1890 1890 1798 1554
394A Sali  195510162 1280 1006  762  732  792  975 1189 1433 1646 1707 1676 1494
394A Sali  195510171 1280 1036  823  792  853 1067 1372 1676 1890 2012 1981 1798
394A Sali  195510172 1554 1219  945  762  732  823 1036 1250 1494 1676 1737 1646
394A Sali  195510181 1463 1189  945  792  732  853 1036 1311 1585 1829 1920 1829
394A Sali  195510182 1646 1341 1036  762  610  610  701  914 1158 1402 1524 1554
394A Sali  195510191 1433 1219  975  762  610  640  792 1006 1311 1585 1768 1829
394A Sali  195510192 1737 1494 1189  884  671  579  610  732  975 1250 1433 1524
394A Sali  195510201 1494 1341 1128  884  671  610  640  823 1097 1372 1615 1768
394A Sali  195510202 1737 1615 1372 1097  823  610  549  640  823 1036 1280 1433
394A Sali  195510211 1494 1402 1250 1006  792  640  610  701  884 1128 1402 1615
394A Sali  195510212 1707 1707 1463 1189  914  671  579  579  671  884 1097 1311
394A Sali  195510221 1402 1433 1311 1158  914  732  640  640  762  975 1219 1433
394A Sali  195510222 1585 1646 1524 1341 1097  853  671  610  671  823 1006 1219
394A Sali  195510231 1402 1463 1402 1280 1097  914  762  732  762  945 1128 1372
394A Sali  195510232 1554 1646 1646 1494 1280 1067  884  732  732  792  945 1158
394A Sali  195510241 1311 1463 1463 1402 1219 1067  884  762  732  823  975 1158
394A Sali  195510242 1341 1494 1554 1524 1372 1189  975  823  732  732  823 1006
394A Sali  195510251 1158 1311 1402 1433 1341 1189 1036  884  823  792  884 1036
394A Sali  195510252 1189 1372 1494 1524 1433 1280 1097  975  823  792  823  914
394A Sali  195510261 1067 1250 1372 1463 1463 1402 1250 1067  945  823  823  914
394A Sali  195510262 1036 1219 1372 1463 1463 1402 1250 1128  945  823  792  853
394A Sali  195510271  945 1128 1311 1463 1524 1524 1433 1280 1097  975  853  853
394A Sali  195510272  914 1036 1219 1372 1463 1463 1433 1280 1128  945  853  823
394A Sali  195510281  884 1006 1219 1402 1554 1646 1615 1494 1341 1158 1006  884
394A Sali  195510282  884  945 1097 1250 1402 1494 1524 1463 1311 1158 1006  884
394A Sali  195510291  884  945 1128 1341 1524 1707 1798 1768 1615 1433 1189  975
394A Sali  195510292  823  823  884 1067 1219 1402 1494 1524 1433 1250 1067  914
394A Sali  195510301  792  762  884 1097 1341 1585 1768 1829 1798 1615 1372 1128
394A Sali  195510302  884  732  732  823 1006 1189 1402 1494 1524 1402 1189  945
394A Sali  195510311  732  640  640  792 1067 1341 1615 1829 1859 1798 1615 1311
394A Sali  195510312 1036  732  610  549  701  914 1158 1372 1524 1554 1433 1219
394A Sali  195511011  975  732  579  610  762 1067 1372 1676 1920 1981 1920 1676
394A Sali  195511012 1341 1006  701  549  549  701  975 1280 1494 1646 1615 1433
394A Sali  195511021 1158  884  640  549  640  884 1219 1554 1829 1951 1951 1768
394A Sali  195511022 1494 1189  884  610  488  579  792  999 1219 1463 1646 1585
394A Sali  195511031 1372 1067  762  549  457  518  701 1036 1402 1737 1920 1951
394A Sali  195511032 1798 1494 1097  732  488  427  518  701 1036 1341 1585 1676
394A Sali  195511041 1615 1372 1067  762  518  396  488  792 1158 1494 1737 1920
394A Sali  195511042 1920 1737 1433 1067  701  457 9999 9999 9999 9999 9999 9999
394A Sali  195511051 9999 9999 9999 9999 9999 9999 9999 9999 9999 9999 9999 9999
394A Sali  195511052 9999 9999 9999 9999 9999 9999 9999 9999  610  853 1189 1494
394A Sali  195511061 1707 1768 1676 1402 1097  823  610  549  640  884 1250 1524
394A Sali  195511062 1798 1920 1859 1646 1341 1006  701  549  549  701  945 1280
394A Sali  195511071 1554 1737 1768 1646 1402 1158  853  671  610  732  945 1219
394A Sali  195511072 1524 1768 1829 1768 1585 1280 1006  762  640  640  792 1067
394A Sali  195511081 1372 1615 1798 1829 1707 1433 1189  945  792  732  823 1006
394A Sali  195511082 1280 1524 1707 1768 1707 1524 1250 1006  792  701  732  914
394A Sali  195511091 1128 1402 1646 1798 1798 1707 1494 1250 1006  853  792  853
394A Sali  195511092 1036 1250 1463 1615 1676 1585 1433 1219  975  823  732  762
394A Sali  195511101  914 1158 1402 1615 1768 1798 1646 1463 1219 1006  853  792
394A Sali  195511102  853 1006 1219 1402 1554 1615 1554 1433 1219 1036  853  792
394A Sali  195511111  853 1006 1219 1494 1676 1829 1829 1707 1524 1280 1067  914
394A Sali  195511112  853  853  975 1189 1372 1524 1554 1524 1372 1189  975  853
394A Sali  195511121  792  853  975 1219 1463 1676 1798 1829 1707 1494 1250 1006
394A Sali  195511122  853  792  823  975 1158 1311 1494 1524 1494 1372 1158  975
394A Sali  195511131  823  792  823 1036 1280 1494 1707 1859 1829 1707 1494 1250
394A Sali  195511132 1006  823  762  823  945 1158 1341 1494 1524 1494 1341 1158
394A Sali  195511141  945  792  762  884 1036 1341 1554 1737 1829 1798 1646 1372
394A Sali  195511142 1128  884  732  701  792  945 1158 1372 1494 1554 1433 1311
394A Sali  195511151 1097  914  792  792  914 1128 1372 1646 1829 1890 1829 1615
394A Sali  195511152 1372 1097  884  762  762  853 1036 1280 1494 1585 1585 1463
394A Sali  195511161 1280 1067  884  792  853 1006 1219 1463 1737 1859 1890 1768
394A Sali  195511162 1554 1311 1006  823  732  762  914 1128 1341 1554 1615 1554
394A Sali  195511171 1433 1219 1006  853  792  884 1067 1311 1585 1798 1920 1890
394A Sali  195511172 1737 1494 1189  945  762  732  792  975 1189 1402 1554 1585
394A Sali  195511181 1524 1341 1097  914  792  792  914 1097 1372 1615 1798 1859
394A Sali  195511182 1768 1585 1311 1036  823  701  701  823 1067 1280 1494 1585
394A Sali  195511191 1585 1463 1280 1067  884  792  853  975 1189 1433 1676 1798
394A Sali  195511192 1798 1707 1463 1219  945  762  701  762  914 1158 1372 1524
394A Sali  195511201 1615 1554 1372 1189  975  823  762  853  975 1219 1433 1646
394A Sali  195511202 1707 1676 1524 1280 1006  792  640  640  762  945 1158 1372
394A Sali  195511211 1524 1524 1433 1250 1097  914  792  762  853 1036 1280 1494
394A Sali  195511212 1646 1676 1585 1402 1158  945  762  732  732  884 1097 1311
394A Sali  195511221 1463 1554 1554 1402 1250 1067  914  823  853  945 1158 1341
394A Sali  195511222 1554 1646 1615 1494 1311 1097  884  792  762  853 1006 1189
394A Sali  195511231 1402 1554 1646 1585 1463 1311 1128  975  884  884 1036 1219
394A Sali  195511232 1402 1554 1615 1615 1494 1311 1097  914  823  823  914 1097
394A Sali  195511241 1280 1494 1615 1676 1615 1494 1280 1097  975  884  945 1067
394A Sali  195511242 1219 1372 1494 1554 1494 1372 1189 1006  853  762  792  914
394A Sali  195511251 1097 1311 1494 1585 1615 1554 1433 1219 1036  884  792  853
394A Sali  195511252  975 1128 1280 1402 1433 1372 1250 1067  914  762  701  762
394A Sali  195511261  884 1097 1341 1524 1646 1676 1585 1433 1189  975  823  762
394A Sali  195511262  792  914 1067 1219 1341 1402 1311 1189 1006  853  732  671
394A Sali  195511271  732  914 1128 1372 1585 1707 1737 1646 1463 1219  975  823
394A Sali  195511272  762  792  945 1097 1280 1402 1463 1402 1250 1036  853  732
394A Sali  195511281  701  792 1006 1250 1554 1768 1859 1890 1768 1554 1280 1006
394A Sali  195511282  823  732  792  914 1128 1311 1494 1554 1494 1311 1097  884
394A Sali  195511291  732  701  792 1006 1311 1615 1859 1981 1951 1798 1524 1189
394A Sali  195511292  884  671  549  610  823 1036 1280 1433 1494 1372 1189  945
394A Sali  195511301  701  518  488  640  914 1219 1524 1829 1981 1951 1798 1494
394A Sali  195511302 1128  792  579  488  549  732 1006 1271 1461 1518 1428 1223
394A Sali  195512011  959  698  510  461  575  831 1177 1538 1827 1977 1952 1758
394A Sali  195512012 1447 1085  746  512  444  549  792 1097 1463 1646 1707 1585
394A Sali  195512021 1372 1067  762  579  549  671  945 1280 1676 1981 2134 2073
394A Sali  195512022 1859 1494 1097  732  518  488  610  914 1280 1615 1798 1859
394A Sali  195512031 1737 1463 1158  853  640  579  732 1036 1433 1768 2042 2164
394A Sali  195512032 2103 1829 1463 1097  732  549  549  732 1036 1402 1707 1920
394A Sali  195512041 1951 1798 1524 1189  884  671  640  762 1067 1433 1768 2012
394A Sali  195512042 2134 2042 1768 1402 1036  701  579  610  823 1097 1463 1768
394A Sali  195512051 1934 1936 1782 1514 1199  920  754  743  888 1158 1486 1786
394A Sali  195512052 1983 2027 1904 1646 1314  981  730  628  697  914 1219 1554
394A Sali  195512061 1859 1998 1981 1829 1554 1250  975  823  823  975 1219 1494
394A Sali  195512062 1798 1951 1951 1829 1554 1250  975  762  701  792 1006 1280
394A Sali  195512071 1615 1859 2012 2012 1859 1615 1341 1097  914  884 1006 1219
394A Sali  195512072 1494 1707 1859 1890 1768 1524 1280 1006  836  792  914 1128
394A Sali  195512081 1402 1707 1920 2042 2012 1859 1615 1372 1097  975  945 1067
394A Sali  195512082 1250 1494 1676 1798 1798 1646 1463 1219 1036  853  853  945
394A Sali  195512091 1158 1402 1676 1890 1981 1920 1768 1554 1311 1087  945  884
394A Sali  195512092  975 1097 1280 1433 1494 1463 1372 1189  975  792  671  640
394A Sali  195512101  732  945 1189 1402 1615 1676 1646 1524 1280 1067  853  762
394A Sali  195512102  762  853 1006 1189 1311 1402 1433 1372 1219 1036  914  823
394A Sali  195512111  823  945 1158 1372 1585 1737 1829 1768 1615 1402 1189  975
394A Sali  195512112  853  823  914 1067 1219 1372 1463 1494 1402 1250 1067  884
394A Sali  195512121  823  823  945 1158 1372 1585 1737 1798 1707 1554 1311 1097
394A Sali  195512122  945  823  792  884 1006 1189 1311 1402 1402 1280 1128  914
394A Sali  195512131  792  732  792  914 1128 1372 1554 1707 1707 1615 1433 1189
394A Sali  195512132  975  792  701  732  823  975 1128 1280 1372 1341 1250 1067
394A Sali  195512141  884  762  701  792  945 1189 1433 1615 1737 1737 1646 1463
394A Sali  195512142 1219  975  823  732  762  884 1067 1250 1402 1433 1402 1280
394A Sali  195512151 1097  914  792  762  853 1036 1250 1494 1707 1768 1737 1615
394A Sali  195512152 1402 1158  914  762  701  762  914 1128 1311 1433 1463 1402
394A Sali  195512161 1219 1036  853  732  732  853 1067 1311 1554 1707 1737 1676
394A Sali  195512162 1494 1280 1006  792  671  671  792  945 1189 1372 1494 1463
394A Sali  195512171 1372 1189  975  823  762  823  975 1158 1433 1646 1798 1798
394A Sali  195512172 1676 1463 1219  975  792  732  762  914 1128 1372 1554 1615
394A Sali  195512181 1585 1433 1250 1067  914  884  945 1128 1372 1585 1798 1859
394A Sali  195512182 1798 1615 1372 1097  884  792  792  914 1128 1341 1554 1676
394A Sali  195512191 1707 1615 1433 1219 1036  914  914 1036 1189 1433 1646 1798
394A Sali  195512192 1798 1707 1494 1250  945  762  671  732  884 1097 1311 1524
394A Sali  195512201 1585 1524 1402 1219 1006  823  762  792  914 1128 1341 1524
394A Sali  195512202 1615 1585 1463 1219  975  732  610  610  732  884 1158 1372
394A Sali  195512211 1524 1585 1524 1402 1189  975  823  762  823  945 1189 1402
394A Sali  195512212 1554 1615 1554 1402 1158  914  732  671  701  792 1067 1280
394A Sali  195512221 1494 1646 1646 1585 1402 1189 1006  853  792  853 1036 1219
394A Sali  195512222 1402 1554 1585 1494 1341 1097  914  762  701  762  914 1158
394A Sali  195512231 1433 1615 1707 1737 1646 1463 1219 1036  884  853  945 1097
394A Sali  195512232 1280 1463 1585 1585 1494 1311 1097  914  792  792  914 1067
394A Sali  195512241 1311 1585 1768 1890 1859 1707 1524 1311 1097  945  945 1036
394A Sali  195512242 1189 1341 1494 1585 1554 1433 1280 1097  914  823  823  945
394A Sali  195512251 1158 1433 1646 1859 1920 1890 1737 1524 1311 1097  945  945
394A Sali  195512252 1036 1189 1341 1494 1554 1524 1402 1219 1006  823  762  792
394A Sali  195512261  914 1128 1402 1646 1829 1920 1859 1676 1433 1189  975  823
394A Sali  195512262  823  914 1067 1250 1372 1463 1463 1311 1128  914  762  640
394A Sali  195512271  701  853 1128 1402 1646 1859 1920 1890 1676 1402 1158  884
394A Sali  195512272  762  732  823 1006 1219 1372 1433 1433 1311 1097  884  701
394A Sali  195512281  610  610  762 1006 1311 1585 1829 1951 1890 1646 1372 1067
394A Sali  195512282  823  671  640  732  914 1158 1372 1524 1524 1372 1128  884
394A Sali  195512291  671  518  549  701  975 1311 1615 1890 1951 1920 1676 1372
394A Sali  195512292 1036  762  579  518  610  853 1158 1402 1554 1585 1433 1189
394A Sali  195512301  914  671  518  488  640  945 1311 1646 1890 1981 1920 1676
394A Sali  195512302 1341  975  671  457  427  579  853 1189 1463 1676 1676 1494
394A Sali  195512311 1250  914  640  488  457  640  945 1311 1646 1920 2012 1920
394A Sali  195512312 1646 1280  884  579  396  396  579  884 1280 1585 1768 1768
