394A Salina Cruz        Mexico              1952 16096N 095122W 0000 3 00000R MM
394A Sali  195201011 9999 9999 9999 9999 9999 9999 9999 9999 9999 9999 9999 9999
394A Sali  195201012 9999 9999 9999 9999 9999 9999 9999 9999 9999 9999 9999 9999
394A Sali  195201021 9999 9999 9999 9999 9999 9999 9999 9999 9999 9999 9999 9999
394A Sali  195201022 9999 9999 9999 9999 9999 9999 9999 9999 9999 9999 9999 9999
394A Sali  195201031 9999 9999 9999 9999 9999 9999 9999 9999 9999 9999 9999 9999
394A Sali  195201032 9999 9999 9999 9999 9999 9999 9999 9999 9999 9999 9999 9999
394A Sali  195201041 9999 9999 9999 9999 9999 9999 9999 9999 9999 9999 9999 9999
394A Sali  195201042 9999 9999 9999 9999 9999 9999 9999 9999 9999 9999 9999 9999
394A Sali  195201051 9999 9999 9999 9999 9999 9999 9999 9999 9999 9999 9999 9999
394A Sali  195201052 9999 9999 9999 9999 9999 9999 9999 9999 9999 9999 9999 9999
394A Sali  195201061 9999 9999 9999 9999 9999 9999 9999 9999 9999 9999 9999 9999
394A Sali  195201062 9999 9999 9999 9999 9999 9999 9999 9999 9999 9999 9999 9999
394A Sali  195201071 9999 9999 9999 9999 9999 9999 9999 9999 9999 9999 9999 9999
394A Sali  195201072 9999 9999 9999 9999 9999 9999 9999 9999 9999 9999 9999 9999
394A Sali  195201081 9999 9999 9999 9999 9999 9999 9999 9999 9999 9999 9999 9999
394A Sali  195201082 9999 9999 9999 9999 9999 9999 9999 9999 9999 9999 9999 9999
394A Sali  195201091 9999 9999 9999 9999 9999 9999 9999 9999 9999 9999 9999 9999
394A Sali  195201092 9999 9999 9999 9999 9999 9999 9999 9999 9999 9999 9999 9999
394A Sali  195201101 9999 9999 9999 9999 9999 9999 9999 9999 9999 9999 9999 9999
394A Sali  195201102 9999 9999 9999 9999 9999 9999 9999 9999 9999 9999 9999 9999
394A Sali  195201111 9999 9999 9999 9999 9999 9999 9999 9999 9999 9999 9999 9999
394A Sali  195201112 9999 9999 9999 9999 9999 9999 9999 9999 9999 9999 9999 9999
394A Sali  195201121 9999 9999 9999 9999 9999 9999 9999 9999 9999 9999 9999 9999
394A Sali  195201122 9999 9999 9999 9999 9999 9999 9999 9999 9999 9999 9999 9999
394A Sali  195201131 9999 9999 9999 9999 9999 9999 9999 9999 9999 9999 9999 9999
394A Sali  195201132 9999 9999 9999 9999 9999 9999 9999 9999 9999 9999 9999 9999
394A Sali  195201141 9999 9999 9999 9999 9999 9999 9999 9999 9999 9999 9999 9999
394A Sali  195201142 9999 9999 9999 9999 9999 9999 9999 9999 9999 9999 9999 9999
394A Sali  195201151 9999 9999 9999 9999 9999 9999 9999 9999 9999 9999 9999 9999
394A Sali  195201152 9999 9999 9999 9999 9999 9999 9999 9999 9999 9999 9999 9999
394A Sali  195201161 9999 9999 9999 9999 9999 9999 9999 9999 9999 9999 9999 9999
394A Sali  195201162 9999 9999 9999 9999 9999 9999 9999 9999 9999 9999 9999 9999
394A Sali  195201171 9999 9999 9999 9999 9999 9999 9999 9999 9999 9999 9999 9999
394A Sali  195201172 9999 9999 9999 9999 9999 9999 9999 9999 9999 9999 9999 9999
394A Sali  195201181 9999 9999 9999 9999 9999 9999 9999 9999 9999 9999 9999 9999
394A Sali  195201182 9999 9999 9999 9999 9999 9999 9999 9999 9999 9999 9999 9999
394A Sali  195201191 9999 9999 9999 9999 9999 9999 9999 9999 9999 9999 9999 9999
394A Sali  195201192 9999 9999 9999 9999 9999 9999 9999 9999 9999 9999 9999 9999
394A Sali  195201201 9999 9999 9999 9999 9999 9999 9999 9999 9999 9999 9999 9999
394A Sali  195201202 9999 9999 9999 9999 9999 9999 9999 9999 9999 9999 9999 9999
394A Sali  195201211 9999 9999 9999 9999 9999 9999 9999 9999 9999 9999 9999 9999
394A Sali  195201212 9999 9999 9999 9999 9999 9999 9999 9999 9999 9999 9999 9999
394A Sali  195201221 9999 9999 9999 9999 9999 9999 9999 9999 9999 9999 9999 9999
394A Sali  195201222 9999 9999 9999 9999 9999 9999 9999 9999 9999 9999 9999 9999
394A Sali  195201231 9999 9999 9999 9999 9999 9999 9999 9999 9999 9999 9999 9999
394A Sali  195201232 9999 9999 9999 9999 9999 9999 9999 9999 9999 9999 9999 9999
394A Sali  195201241 9999 9999 9999 9999 9999 9999 9999 9999 9999 9999 9999 9999
394A Sali  195201242 9999 9999 9999 9999 9999 9999 9999 9999 9999 9999 9999 9999
394A Sali  195201251 9999 9999 9999 9999 9999 9999 9999 9999 9999 9999 9999 9999
394A Sali  195201252 9999 9999 9999 9999 9999 9999 9999 9999 9999 9999 9999 9999
394A Sali  195201261 9999 9999 9999 9999 9999 9999 9999 9999 9999 9999 9999 9999
394A Sali  195201262 9999 9999 9999 9999 9999 9999 9999 9999 9999 9999 9999 9999
394A Sali  195201271 9999 9999 9999 9999 9999 9999 9999 9999 9999 9999 9999 9999
394A Sali  195201272 9999 9999 9999 9999 9999 9999 9999 9999 9999 9999 9999 9999
394A Sali  195201281 9999 9999 9999 9999 9999 9999 9999 9999 9999 9999 9999 9999
394A Sali  195201282 9999 9999 9999 9999 9999 9999 9999 9999 9999 9999 9999 9999
394A Sali  195201291 9999 9999 9999 9999 9999 9999 9999 9999 9999 9999 9999 9999
394A Sali  195201292 9999 9999 9999 9999 9999 9999 9999 9999 9999 9999 9999 9999
394A Sali  195201301 9999 9999 9999 9999 9999 9999 9999 9999 9999 9999 9999 9999
394A Sali  195201302 9999 9999 9999 9999 9999 9999 9999 9999 9999 9999 9999 9999
394A Sali  195201311 9999 9999 9999 9999 9999 9999 9999 9999 9999 9999 9999 9999
394A Sali  195201312 9999 9999 9999 9999 9999 9999 9999 9999 9999 9999 9999 9999
394A Sali  195202011 9999 9999 9999 9999 9999 9999 9999 9999 9999 9999 9999 9999
394A Sali  195202012 9999 9999 9999 9999 9999 9999 9999 9999 9999 9999 9999 9999
394A Sali  195202021 9999 9999 9999 9999 9999 9999 9999 9999 9999 9999 9999 9999
394A Sali  195202022 9999 9999 9999 9999 9999 9999 9999 9999 9999 9999 9999 9999
394A Sali  195202031 9999 9999 9999 9999 9999 9999 9999 9999 9999 9999 9999 9999
394A Sali  195202032 9999 9999 9999 9999 9999 9999 9999 9999 9999 9999 9999 9999
394A Sali  195202041 9999 9999 9999 9999 9999 9999 9999 9999 9999 9999 9999 9999
394A Sali  195202042 9999 9999 9999 9999 9999 9999 9999 9999 9999 9999 9999 9999
394A Sali  195202051 9999 9999 9999 9999 9999 9999 9999 9999 9999 9999 9999 9999
394A Sali  195202052 9999 9999 9999 9999 9999 9999 9999 9999 9999 9999 9999 9999
394A Sali  195202061 9999 9999 9999 9999 9999 9999 9999 9999 9999 9999 9999 9999
394A Sali  195202062 9999 9999 9999 9999 9999 9999 9999 9999 9999 9999 9999 9999
394A Sali  195202071 9999 9999 9999 9999 9999 9999 9999 9999 9999 9999 9999 9999
394A Sali  195202072 9999 9999 9999 9999 9999 9999 9999 9999 9999 9999 9999 9999
394A Sali  195202081 9999 9999 9999 9999 9999 9999 9999 9999 9999 9999 9999 9999
394A Sali  195202082 9999 9999 9999 9999 9999 9999 9999 9999 9999 9999 9999 9999
394A Sali  195202091 9999 9999 9999 9999 9999 9999 9999 9999 9999 9999 9999 9999
394A Sali  195202092 9999 9999 9999 9999 9999 9999 9999 9999 9999 9999 9999 9999
394A Sali  195202101 9999 9999 9999 9999 9999 9999 9999 9999 9999 9999 9999 9999
394A Sali  195202102 9999 9999 9999 9999 9999 9999 9999 9999 9999 9999 9999 9999
394A Sali  195202111 9999 9999 9999 9999 9999 9999 9999 9999 9999 9999 9999 9999
394A Sali  195202112 9999 9999 9999 9999 9999 9999 9999 9999 9999 9999 9999 9999
394A Sali  195202121 9999 9999 9999 9999 9999 9999 9999 9999 9999 9999 9999 9999
394A Sali  195202122 9999 9999 9999 9999 9999 9999 9999 9999 9999 9999 9999 9999
394A Sali  195202131 9999 9999 9999 9999 9999 9999 9999 9999 9999 9999 9999 9999
394A Sali  195202132 9999 9999 9999 9999 9999 9999 9999 9999 9999 9999 9999 9999
394A Sali  195202141 9999 9999 9999 9999 9999 9999 9999 9999 9999 9999 9999 9999
394A Sali  195202142 9999 9999 9999 9999 9999 9999 9999 9999 9999 9999 9999 9999
394A Sali  195202151 9999 9999 9999 9999 9999 9999 9999 9999 9999 9999 9999 9999
394A Sali  195202152 9999 9999 9999 9999 9999 9999 9999 9999 9999 9999 9999 9999
394A Sali  195202161 9999 9999 9999 9999 9999 9999 9999 9999 9999 9999 9999 9999
394A Sali  195202162 9999 9999 9999 9999 9999 9999 9999 9999 9999 9999 9999 9999
394A Sali  195202171 9999 9999 9999 9999 9999 9999 9999 9999 9999 9999 9999 9999
394A Sali  195202172 9999 9999 9999 9999 9999 9999 9999 9999 9999 9999 9999 9999
394A Sali  195202181 9999 9999 9999 9999 9999 9999 9999 9999 9999 9999 9999 9999
394A Sali  195202182 9999 9999 9999 9999 9999 9999 9999 9999 9999 9999 9999 9999
394A Sali  195202191 9999 9999 9999 9999 9999 9999 9999 9999 9999 9999 9999 9999
394A Sali  195202192 9999 9999 9999 9999 9999 9999 9999 9999 9999 9999 9999 9999
394A Sali  195202201 9999 9999 9999 9999 9999 9999 9999 9999 9999 9999 9999 9999
394A Sali  195202202 9999 9999 9999 9999 9999 9999 9999 9999 9999 9999 9999 9999
394A Sali  195202211 9999 9999 9999 9999 9999 9999 9999 9999 9999 9999 9999 9999
394A Sali  195202212 9999 9999 9999 9999 9999 9999 9999 9999 9999 9999 9999 9999
394A Sali  195202221 9999 9999 9999 9999 9999 9999 9999 9999 9999 9999 9999 9999
394A Sali  195202222 9999 9999 9999 9999 9999 9999 9999 9999 9999 9999 9999 9999
394A Sali  195202231 9999 9999 9999 9999 9999 9999 9999 9999 9999 9999 9999 9999
394A Sali  195202232 9999 9999 9999 9999 9999 9999 9999 9999 9999 9999 9999 9999
394A Sali  195202241 9999 9999 9999 9999 9999 9999 9999 9999 9999 9999 9999 9999
394A Sali  195202242 9999 9999 9999 9999 9999 9999 9999 9999 9999 9999 9999 9999
394A Sali  195202251 9999 9999 9999 9999 9999 9999 9999 9999 9999 9999 9999 9999
394A Sali  195202252 9999 9999 9999 9999 9999 9999 9999 9999 9999 9999 9999 9999
394A Sali  195202261 9999 9999 9999 9999 9999 9999 9999 9999 9999 9999 9999 9999
394A Sali  195202262 9999 9999 9999 9999 9999 9999 9999 9999 9999 9999 9999 9999
394A Sali  195202271 9999 9999 9999 9999 9999 9999 9999 9999 9999 9999 9999 9999
394A Sali  195202272 9999 9999 9999 9999 9999 9999 9999 9999 9999 9999 9999 9999
394A Sali  195202281 9999 9999 9999 9999 9999 9999 9999 9999 9999 9999 9999 9999
394A Sali  195202282 9999 9999 9999 9999 9999 9999 9999 9999 9999 9999 9999 9999
394A Sali  195202291 9999 9999 9999 9999 9999 9999 9999 9999 9999 9999 9999 9999
394A Sali  195202292 9999 9999 9999 9999 9999 9999 9999 9999 9999 9999 9999 9999
394A Sali  195203011 9999 9999 9999 9999 9999 9999 9999 9999 9999 9999 9999 9999
394A Sali  195203012 9999 9999 9999 9999 9999 9999 9999 9999 9999 9999 9999 9999
394A Sali  195203021 9999 9999 9999 9999 9999 9999 9999 9999 9999 9999 9999 9999
394A Sali  195203022 9999 9999 9999 9999 9999 9999 9999 9999 9999 9999 9999 9999
394A Sali  195203031 9999 9999 9999 9999 9999 9999 9999 9999 9999 9999 9999 9999
394A Sali  195203032 9999 9999 9999 9999 9999 9999 9999 9999 9999 9999 9999 9999
394A Sali  195203041 9999 9999 9999 9999 9999 9999 9999 9999 9999 9999 9999 9999
394A Sali  195203042 9999 9999 9999 9999 9999 9999 9999 9999 9999 9999 9999 9999
394A Sali  195203051 9999 9999 9999 9999 9999 9999 9999 9999 9999 9999 9999 9999
394A Sali  195203052 9999 9999 9999 9999 9999 9999 9999 9999 9999 9999 9999 9999
394A Sali  195203061 9999 9999 9999 9999 9999 9999 9999 9999 9999 9999 9999 9999
394A Sali  195203062 9999 9999 9999 9999 9999 9999 9999 9999 9999 9999 9999 9999
394A Sali  195203071 9999 9999 9999 9999 9999 9999 9999 9999 9999 9999 9999 9999
394A Sali  195203072 9999 9999 9999 9999 9999 9999 9999 9999 9999 9999 9999 9999
394A Sali  195203081 9999 9999 9999 9999 9999 9999 9999 9999 9999 9999 9999 9999
394A Sali  195203082 9999 9999 9999 9999 9999 9999 9999 9999 9999 9999 9999 9999
394A Sali  195203091 9999 9999 9999 9999 9999 9999 9999 9999 9999 9999 9999 9999
394A Sali  195203092 9999 9999 9999 9999 9999 9999 9999 9999 9999 9999 9999 9999
394A Sali  195203101 9999 9999 9999 9999 9999 9999 9999 9999 9999 9999 9999 9999
394A Sali  195203102 9999 9999 9999 9999 9999 9999 9999 9999 9999 9999 9999 9999
394A Sali  195203111 9999 9999 9999 9999 9999 9999 9999 9999 9999 9999 9999 9999
394A Sali  195203112 9999 9999 9999 9999 9999 9999 9999 9999 9999 9999 9999 9999
394A Sali  195203121 9999 9999 9999 9999 9999 9999 9999 9999 9999 9999 9999 9999
394A Sali  195203122 9999 9999 9999 9999 9999 9999 9999 9999 9999 9999 9999 9999
394A Sali  195203131 9999 9999 9999 9999 9999 9999 9999 9999 9999 9999 9999 9999
394A Sali  195203132 9999 9999 9999 9999 9999 9999 9999 9999 9999 9999 9999 9999
394A Sali  195203141 9999 9999 9999 9999 9999 9999 9999 9999 9999 9999 9999 9999
394A Sali  195203142 9999 9999 9999 9999 9999 9999 9999 9999 9999 9999 9999 9999
394A Sali  195203151 9999 9999 9999 9999 9999 9999 9999 9999 9999 9999 9999 9999
394A Sali  195203152 9999 9999 9999 9999 9999 9999 9999 9999 9999 9999 9999 9999
394A Sali  195203161 9999 9999 9999 9999 9999 9999 9999 9999 9999 9999 9999 9999
394A Sali  195203162 9999 9999 9999 9999 9999 9999 9999 9999 9999 9999 9999 9999
394A Sali  195203171 9999 9999 9999 9999 9999 9999 9999 9999 9999 9999 9999 9999
394A Sali  195203172 9999 9999 9999 9999 9999 9999 9999 9999 9999 9999 9999 9999
394A Sali  195203181 9999 9999 9999 9999 9999 9999 9999 9999 9999 9999 9999 9999
394A Sali  195203182 9999 9999 9999 9999 9999 9999 9999 9999 9999 9999 9999 9999
394A Sali  195203191 9999 9999 9999 9999 9999 9999 9999 9999 9999 9999 9999 9999
394A Sali  195203192 9999 9999 9999 9999 9999 9999 9999 9999 9999 9999 9999 9999
394A Sali  195203201 9999 9999 9999 9999 9999 9999 9999 9999 9999 9999 9999 9999
394A Sali  195203202 9999 9999 9999 9999 9999 9999 9999 9999 9999 9999 9999 9999
394A Sali  195203211 9999 9999 9999 9999 9999 9999 9999 9999 9999 9999 9999 9999
394A Sali  195203212 9999 9999 9999 9999 9999 9999 9999 9999 9999 9999 9999 9999
394A Sali  195203221 9999 9999 9999 9999 9999 9999 9999 9999 9999 9999 9999 9999
394A Sali  195203222 9999 9999 9999 9999 9999 9999 9999 9999 9999 9999 9999 9999
394A Sali  195203231 9999 9999 9999 9999 9999 9999 9999 9999 9999 9999 9999 9999
394A Sali  195203232 9999 9999 9999 9999 9999 9999 9999 9999 9999 9999 9999 9999
394A Sali  195203241 9999 9999 9999 9999 9999 9999 9999 9999 9999 9999 9999 9999
394A Sali  195203242 9999 9999 9999 9999 9999 9999 9999 9999 9999 9999 9999 9999
394A Sali  195203251 9999 9999 9999 9999 9999 9999 9999 9999 9999 9999 9999 9999
394A Sali  195203252 9999 9999 9999 9999 9999 9999 9999 9999 9999 9999 9999 9999
394A Sali  195203261 9999 9999 9999 9999 9999 9999 9999 9999 9999 9999 9999 9999
394A Sali  195203262 9999 9999 9999 9999 9999 9999 9999 9999 9999 9999 9999 9999
394A Sali  195203271 9999 9999 9999 9999 9999 9999 9999 9999 9999 9999 9999 9999
394A Sali  195203272 9999 9999 9999 9999 9999 9999 9999 9999 9999 9999 9999 9999
394A Sali  195203281 9999 9999 9999 9999 9999 9999 9999 9999 9999 9999 9999 9999
394A Sali  195203282 9999 9999 9999 9999 9999 9999 9999 9999 9999 9999 9999 9999
394A Sali  195203291 9999 9999 9999 9999 9999 9999 9999 9999 9999 9999 9999 9999
394A Sali  195203292 9999 9999 9999 9999 9999 9999 9999 9999 9999 9999 9999 9999
394A Sali  195203301 9999 9999 9999 9999 9999 9999 9999 9999 9999 9999 9999 9999
394A Sali  195203302 9999 9999 9999 9999 9999 9999 9999 9999 9999 9999 9999 9999
394A Sali  195203311 9999 9999 9999 9999 9999 9999 9999 9999 9999 9999 9999 9999
394A Sali  195203312 9999 9999 9999 9999 9999 9999 9999 9999 9999 9999 9999 9999
394A Sali  195204011 9999 9999 9999 9999 9999 9999  975  823  823  945 1158 1372
394A Sali  195204012 1585 1707 1707 1585 1372 1158  945  823  823  975 1189 1463
394A Sali  195204021 1707 1890 1951 1859 1676 1433 1189 1006  914  945 1067 1250
394A Sali  195204022 1433 1585 1646 1615 1494 1311 1128  975  914  975 1128 1311
394A Sali  195204031 1524 1737 1829 1829 1737 1554 1341 1158 1006  945 1006 1128
394A Sali  195204032 1280 1433 1554 1585 1554 1433 1250 1097 1006  975 1036 1158
394A Sali  195204041 1341 1524 1676 1768 1737 1646 1494 1311 1128 1006  975 1036
394A Sali  195204042 1158 1311 1433 1524 1554 1494 1372 1250 1128 1036 1006 1067
394A Sali  195204051 1189 1341 1524 1646 1707 1676 1554 1372 1189 1036  975 1006
394A Sali  195204052 1097 1219 1341 1433 1494 1463 1372 1219 1097  945  853  853
394A Sali  195204061  945 1036 1189 1311 1433 1433 1433 1311 1158  975  853  762
394A Sali  195204062  792  884  975 1128 1280 1341 1402 1311 1219 1067  914  823
394A Sali  195204071  823  884  975 1097 1280 1402 1433 1402 1280 1158  975  853
394A Sali  195204072  792  792  884 1006 1158 1311 1433 1463 1402 1250 1097  975
394A Sali  195204081  884  823  853  975 1097 1250 1372 1402 1402 1311 1158  975
394A Sali  195204082  853  762  792  945 1097 1280 1494 1585 1615 1524 1372 1219
394A Sali  195204091 1036  914  853  884 1036 1189 1372 1494 1554 1494 1372 1219
394A Sali  195204092 1036  914  884  975 1097 1311 1524 1707 1768 1768 1646 1463
394A Sali  195204101 1250 1067  914  884  945 1097 1280 1463 1585 1585 1524 1341
394A Sali  195204102 1158  975  853  853  975 1158 1372 1615 1829 1859 1829 1646
394A Sali  195204111 1402 1158  945  792  792  884 1067 1250 1433 1554 1554 1463
394A Sali  195204112 1280 1067  884  762  792  945 1189 1463 1737 1890 1951 1829
394A Sali  195204121 1615 1372 1097  853  762  792  914 1158 1341 1585 1615 1554
394A Sali  195204122 1402 1158  945  823  762  853 1036 1311 1585 1829 1981 1981
394A Sali  195204131 1829 1585 1280 1006  762  732  792  975 1219 1433 1585 1646
394A Sali  195204132 1585 1372 1128  884  732  732  853 1097 1372 1707 1920 2012
394A Sali  195204141 1951 1768 1463 1097  853  701  671  762 1006 1250 1494 1618
394A Sali  195204142 1617 1496 1285 1032  800  665  671  823 1097 1402 1707 1890
394A Sali  195204151 1951 1829 1585 1280  945  701  610  610  762  975 1250 1463
394A Sali  195204152 1585 1554 1372 1097  853  671  610  640  853 1158 1433 1715
394A Sali  195204161 1890 1920 1798 1524 1219  914  732  610  640  853 1067 1311
394A Sali  195204162 1494 1585 1524 1341 1128  884  701  610  671  884 1189 1463
394A Sali  195204171 1737 1890 1890 1707 1433 1189  914  732  671  732  914 1097
394A Sali  195204172 1341 1524 1554 1463 1311 1097  884  671  640  701  884 1189
394A Sali  195204181 1463 1676 1798 1768 1615 1372 1128  884  732  671  762  945
394A Sali  195204182 1158 1372 1524 1585 1494 1341 1158  945  732  701  762  975
394A Sali  195204191 1219 1433 1646 1707 1676 1554 1311 1097  884  762  701  823
394A Sali  195204192 1006 1219 1433 1615 1646 1585 1433 1219 1036  884  792  884
394A Sali  195204201 1036 1250 1494 1646 1768 1737 1585 1372 1158  975  823  823
394A Sali  195204202  914 1097 1280 1524 1707 1768 1737 1554 1372 1128  975  884
394A Sali  195204211  914 1036 1219 1433 1615 1707 1676 1554 1372 1158  945  823
394A Sali  195204212  792  884 1097 1341 1585 1737 1829 1798 1646 1402 1189  975
394A Sali  195204221  884  884  975 1158 1372 1554 1676 1646 1554 1341 1128  945
394A Sali  195204222  792  762  853 1097 1402 1646 1829 1920 1859 1676 1433 1219
394A Sali  195204231  975  853  792  914 1097 1341 1524 1646 1646 1524 1341 1128
394A Sali  195204232  884  732  732  884 1097 1402 1707 1890 1951 1890 1707 1402
394A Sali  195204241 1128  884  701  701  792 1036 1280 1463 1615 1615 1463 1219
394A Sali  195204242  975  792  610  671  823 1097 1402 1707 1859 1951 1829 1615
394A Sali  195204251 1311  975  701  579  610  732  975 1219 1463 1554 1524 1372
394A Sali  195204252 1189  884  671  610  671  884 1189 1494 1798 1951 1981 1890
394A Sali  195204261 1646 1311  975  701  610  640  792 1067 1341 1554 1615 1585
394A Sali  195204262 1433 1189  914  732  640  701  884 1158 1463 1737 1890 1890
394A Sali  195204271 1737 1463 1097  792  549  488  579  762 1036 1311 1494 1554
394A Sali  195204272 1494 1280 1036  792  640  610  732  975 1250 1585 1859 2012
394A Sali  195204281 1981 1798 1494 1158  884  640  640  732  945 1219 1463 1585
394A Sali  195204282 1646 1524 1341 1097  884  732  732  853 1097 1372 1676 1890
394A Sali  195204291 1951 1890 1707 1402 1097  884  732  762  884 1097 1341 1554
394A Sali  195204292 1646 1646 1494 1341 1097  914  792  853  975 1219 1524 1768
394A Sali  195204301 1920 1920 1829 1585 1341 1036  884  792  823  945 1158 1372
394A Sali  195204302 1585 1646 1646 1463 1280 1067  914  853  945 1097 1341 1585
394A Sali  195205011 1768 1890 1859 1707 1494 1219 1006  884  823  884 1067 1280
394A Sali  195205012 1463 1615 1646 1585 1433 1250 1097  975  914 1006 1158 1402
394A Sali  195205021 1615 1768 1798 1768 1615 1372 1189  975  884  884  975 1158
394A Sali  195205022 1311 1524 1615 1615 1524 1402 1219 1067  975  975 1067 1250
394A Sali  195205031 1463 1615 1707 1737 1646 1494 1280 1067  914  853  853  975
394A Sali  195205032 1189 1341 1494 1554 1554 1463 1341 1189 1036  945  975 1067
394A Sali  195205041 1219 1372 1494 1585 1585 1494 1341 1158  975  853  823  853
394A Sali  195205042 1006 1158 1341 1463 1524 1524 1402 1250 1097  945  884  884
394A Sali  195205051  975 1097 1250 1372 1433 1433 1372 1219 1067  914  823  792
394A Sali  195205052  853 1006 1158 1372 1494 1585 1554 1463 1280 1128  975  914
394A Sali  195205061  914 1006 1128 1280 1402 1463 1463 1372 1219 1067  914  853
394A Sali  195205062  853  975 1128 1280 1463 1615 1676 1646 1494 1311 1128  975
394A Sali  195205071  914  914 1036 1219 1341 1463 1524 1463 1402 1280 1128 1006
394A Sali  195205072  945  975 1067 1280 1463 1646 1768 1829 1737 1554 1372 1189
394A Sali  195205081 1036  945  945 1036 1189 1372 1494 1554 1524 1402 1219 1067
394A Sali  195205082  914  884  945 1097 1311 1585 1768 1890 1890 1829 1615 1402
394A Sali  195205091 1158 1006  914  945 1067 1250 1402 1524 1585 1524 1402 1219
394A Sali  195205092 1067  914  914 1006 1189 1463 1737 1951 2042 2042 1859 1646
394A Sali  195205101 1402 1158  975  914  945 1097 1280 1494 1646 1676 1585 1433
394A Sali  195205102 1219 1006  914  884 1006 1219 1524 1798 2012 2103 2073 1890
394A Sali  195205111 1615 1311 1067  914  853  945 1097 1311 1494 1646 1646 1524
394A Sali  195205112 1311 1097  884  762  792  975 1189 1494 1798 2012 2012 1920
394A Sali  195205121 1707 1402 1097  823  640  640  762  945 1189 1372 1463 1463
394A Sali  195205122 1311 1067  823  640  549  579  762 1036 1341 1651 1859 1890
394A Sali  195205131 1798 1554 1250  945  671  549  579  762 1006 1219 1433 1554
394A Sali  195205132 1494 1311 1067  823  640  549  640  853 1158 1463 1798 1951
394A Sali  195205141 1951 1798 1524 1189  853  640  579  610  823 1067 1341 1524
394A Sali  195205142 1646 1554 1372 1128  884  701  640  732  945 1250 1585 1829
394A Sali  195205151 1981 1981 1798 1524 1219  914  701  671  792 1006 1250 1494
394A Sali  195205152 1676 1737 1676 1494 1219 1006  853  792  884 1067 1372 1707
394A Sali  195205161 1951 2042 2012 1798 1524 1250  975  823  792  853 1097 1372
394A Sali  195205162 1615 1768 1829 1737 1554 1341 1097  945  884  975 1158 1433
394A Sali  195205171 1707 1890 1981 1920 1737 1494 1189  975  853  823  975 1158
394A Sali  195205172 1433 1676 1859 1890 1829 1615 1372 1189 1006  914 1006 1189
394A Sali  195205181 1402 1615 1829 1890 1829 1646 1402 1158  945  853  853 1006
394A Sali  195205182 1219 1494 1768 1920 1951 1859 1707 1463 1250 1067 1006 1036
394A Sali  195205191 1219 1402 1615 1768 1829 1768 1615 1402 1189  975  884  914
394A Sali  195205192 1036 1280 1524 1768 1951 1981 1920 1737 1524 1280 1097 1006
394A Sali  195205201 1006 1128 1341 1524 1676 1737 1707 1554 1341 1128  975  884
394A Sali  195205202  914 1036 1280 1554 1768 1951 2012 1920 1737 1494 1250 1036
394A Sali  195205211  914  914 1036 1219 1402 1554 1615 1585 1463 1280 1067  884
394A Sali  195205212  792  853 1006 1250 1524 1768 1951 2012 1920 1737 1494 1219
394A Sali  195205221  975  853  884 1006 1189 1402 1554 1646 1615 1463 1311 1097
394A Sali  195205222  914  853  884 1097 1341 1585 1859 2042 2042 1920 1707 1433
394A Sali  195205231 1158  945  823  853 1020 1250 1402 1554 1646 1585 1402 1219
394A Sali  195205232  975  853  762  914 1128 1402 1676 1920 2073 2042 1920 1676
394A Sali  195205241 1402 1128  914  792  853 1036 1250 1463 1646 1707 1646 1494
394A Sali  195205242 1280 1097  945  884  975 1189 1463 1768 2012 2103 2073 1920
394A Sali  195205251 1676 1372 1097  884  853  914 1097 1341 1524 1707 1737 1646
394A Sali  195205252 1463 1250 1036  884  884 1006 1250 1524 1798 2012 2103 2042
394A Sali  195205261 1859 1554 1250  975  823  792  884 1097 1341 1554 1676 1676
394A Sali  195205262 1585 1372 1158  945  823  884 1036 1280 1554 1798 1981 2012
394A Sali  195205271 1920 1707 1402 1097  884  762  823  945 1158 1372 1585 1707
394A Sali  195205272 1676 1524 1311 1097  945  884  945 1158 1402 1676 1890 2042
394A Sali  195205281 2042 1920 1646 1372 1097  914  823  884 1067 1311 1524 1676
394A Sali  195205282 1737 1707 1554 1341 1128 1036  975 1036 1250 1463 1737 1920
394A Sali  195205291 2012 1981 1829 1585 1280 1067  914  884  975 1158 1372 1585
394A Sali  195205292 1707 1798 1707 1524 1341 1189 1067 1036 1158 1341 1585 1798
394A Sali  195205301 1951 2012 1920 1707 1494 1219 1036  945  945 1067 1280 1494
394A Sali  195205302 1676 1768 1798 1676 1524 1341 1158 1097 1097 1219 1402 1615
394A Sali  195205311 1798 1920 1920 1798 1615 1402 1219 1006  975 1036 1158 1341
394A Sali  195205312 1554 1707 1798 1737 1646 1463 1280 1158 1067 1067 1219 1372
394A Sali  195206011 1585 1737 1798 1768 1646 1494 1280 1091  975  945 1067 1219
394A Sali  195206012 1433 1585 1737 1768 1737 1615 1433 1280 1164 1122 1160 1263
394A Sali  195206021 1402 1585 1707 1737 1676 1554 1372 1189 1036  975  975 1097
394A Sali  195206022 1280 1463 1676 1768 1829 1737 1585 1433 1250 1128 1128 1158
394A Sali  195206031 1280 1433 1554 1646 1676 1585 1463 1280 1128 1006  975 1067
394A Sali  195206032 1189 1341 1615 1768 1859 1829 1737 1585 1402 1250 1128 1128
394A Sali  195206041 1189 1280 1433 1554 1646 1646 1554 1433 1250 1097 1006 1006
394A Sali  195206042 1067 1250 1494 1707 1829 1890 1890 1768 1615 1433 1250 1128
394A Sali  195206051 1097 1158 1280 1433 1585 1646 1646 1554 1402 1250 1097 1036
394A Sali  195206052 1036 1158 1341 1585 1798 1951 2042 1981 1829 1646 1433 1250
394A Sali  195206061 1128 1128 1189 1311 1463 1585 1676 1676 1554 1372 1219 1067
394A Sali  195206062 1006 1036 1189 1402 1676 1859 2042 2103 2012 1859 1615 1402
394A Sali  195206071 1189 1036 1036 1128 1280 1463 1615 1646 1615 1494 1341 1128
394A Sali  195206072 1006  945 1006 1189 1433 1707 1951 2103 2134 2012 1829 1554
394A Sali  195206081 1280 1097  975  975 1097 1280 1433 1585 1676 1615 1463 1280
394A Sali  195206082 1097  945  853  945 1128 1433 1707 1951 2103 2103 1981 1737
394A Sali  195206091 1433 1158  945  853  884 1006 1219 1433 1585 1646 1554 1372
394A Sali  195206092 1189  945  792  762  853 1097 1402 1737 1981 2134 2134 1951
394A Sali  195206101 1707 1341 1067  853  762  853 1006 1250 1494 1646 1707 1585
394A Sali  195206102 1402 1128  914  732  701  823 1067 1402 1737 1981 2134 2073
394A Sali  195206111 1859 1585 1189  914  701  671  762  975 1280 1494 1676 1707
394A Sali  195206112 1585 1372 1128  884  701  640  792 1036 1372 1707 1951 2073
394A Sali  195206121 2012 1798 1463 1128  853  640  640  762 1036 1341 1585 1768
394A Sali  195206122 1798 1676 1433 1189  945  762  732  853 1128 1463 1798 2012
394A Sali  195206131 2134 2073 1859 1585 1250  975  853  884 1036 1280 1615 1859
394A Sali  195206132 2012 2042 1920 1676 1433 1128  945  914  975 1219 1494 1768
394A Sali  195206141 1981 2042 1951 1707 1402 1067  853  701  732  945 1219 1524
394A Sali  195206142 1798 1951 1981 1859 1646 1341 1128  914  884  945 1158 1433
394A Sali  195206151 1707 1859 1890 1798 1585 1280 1006  792  671  732  945 1219
394A Sali  195206152 1494 1768 1920 1951 1798 1585 1311 1036  853  823  914 1097
394A Sali  195206161 1341 1554 1676 1737 1585 1402 1158  914  732  671  732  945
394A Sali  195206162 1219 1554 1768 1920 1951 1829 1615 1341 1067  914  853  945
394A Sali  195206171 1128 1311 1554 1646 1676 1585 1402 1158  945  792  732  823
394A Sali  195206172 1036 1311 1585 1798 1951 1951 1829 1615 1372 1128  975  914
394A Sali  195206181  975 1158 1372 1554 1676 1676 1585 1402 1219 1006  884  823
394A Sali  195206182  945 1158 1402 1676 1890 2042 2042 1890 1676 1433 1250 1097
394A Sali  195206191 1036 1097 1250 1463 1615 1768 1768 1707 1554 1372 1158 1036
394A Sali  195206192 1006 1128 1280 1524 1798 1981 2103 2103 1951 1707 1494 1219
394A Sali  195206201 1067 1006 1036 1219 1372 1585 1707 1707 1615 1463 1280 1097
394A Sali  195206202  975  975 1067 1250 1554 1768 1981 2073 2073 1890 1676 1402
394A Sali  195206211 1158 1006  945 1036 1189 1341 1524 1646 1646 1524 1372 1189
394A Sali  195206212 1006  914  914 1067 1280 1524 1768 1951 2042 1981 1829 1585
394A Sali  195206221 1341 1097  945  914  975 1158 1372 1524 1646 1615 1524 1372
394A Sali  195206222 1158 1006  914  914 1067 1280 1524 1768 1920 1920 1951 1768
394A Sali  195206231 1463 1250  975  853  884  975 1189 1402 1554 1646 1615 1494
394A Sali  195206232 1341 1158 1006  914  945 1128 1341 1585 1768 1951 1890 1768
394A Sali  195206241 1585 1311 1097 1036  914  945 1036 1189 1372 1524 1615 1554
394A Sali  195206242 1433 1219 1097 1006  945 1036 1128 1311 1585 1798 1890 1890
394A Sali  195206251 1768 1524 1250 1097  914  853  975 1097 1280 1494 1646 1646
394A Sali  195206252 1585 1463 1280 1097 1006 1006 1097 1280 1524 1768 1951 2012
394A Sali  195206261 1981 1798 1554 1280 1036  914  909 1006 1219 1433 1615 1737
394A Sali  195206262 1707 1646 1463 1250 1067  975  975 1128 1341 1585 1829 1951
394A Sali  195206271 1951 1859 1646 1372 1128  914  853  914 1097 1280 1524 1707
394A Sali  195206272 1768 1737 1615 1402 1219 1036 1006 1036 1189 1402 1615 1794
394A Sali  195206281 1890 1859 1737 1494 1250 1006  884  853  975 1158 1341 1615
394A Sali  195206282 1737 1768 1707 1554 1341 1158  975  945 1036 1189 1402 1615
394A Sali  195206291 1737 1798 1737 1554 1311 1097  914  853  853 1006 1219 1463
394A Sali  195206292 1646 1768 1768 1676 1524 1341 1158 1006 1006 1097 1280 1463
394A Sali  195206301 1646 1768 1737 1646 1433 1219 1036  884  853  945 1128 1372
394A Sali  195206302 1585 1768 1829 1829 1676 1494 1311 1128 1036 1067 1158 1311
394A Sali  195207011 1524 1646 1707 1676 1524 1372 1189 1006  914  914 1036 1250
394A Sali  195207012 1524 1676 1829 1859 1798 1646 1433 1250 1114 1052 1075 1169
394A Sali  195207021 1311 1433 1554 1615 1554 1402 1250 1067  914  853  914 1052
394A Sali  195207022 1250 1494 1707 1829 1859 1798 1676 1463 1250 1128 1067 1067
394A Sali  195207031 1158 1311 1433 1554 1585 1524 1372 1219 1036  914  884  975
394A Sali  195207032 1097 1372 1585 1829 1890 1890 1829 1646 1433 1250 1097 1006
394A Sali  195207041 1067 1158 1311 1463 1524 1554 1463 1341 1158 1006  914  884
394A Sali  195207042  975 1189 1463 1707 1890 1981 1981 1859 1676 1463 1219 1097
394A Sali  195207051 1006 1036 1189 1311 1433 1554 1554 1463 1341 1158 1006  884
394A Sali  195207052  914 1006 1219 1463 1737 1920 2042 1981 1859 1676 1402 1219
394A Sali  195207061 1067 1006 1036 1158 1341 1494 1615 1615 1494 1341 1189 1006
394A Sali  195207062  884  884 1036 1280 1554 1829 2012 2134 2103 1920 1676 1463
394A Sali  195207071 1189 1036  945 1006 1158 1341 1494 1646 1615 1524 1372 1158
394A Sali  195207072  975  853  823  945 1219 1554 1829 2042 2164 2134 1951 1707
394A Sali  195207081 1402 1128  945  914  975 1128 1341 1585 1707 1707 1615 1402
394A Sali  195207082 1189  975  823  792  914 1189 1494 1829 2073 2164 2103 1920
394A Sali  195207091 1615 1280  975  823  792  914 1128 1372 1615 1798 1768 1646
394A Sali  195207092 1402 1158  914  792  762  945 1189 1524 1859 2073 2134 2073
394A Sali  195207101 1829 1494 1158  884  701  701  884 1189 1494 1737 1890 1890
394A Sali  195207102 1768 1494 1189  945  792  792  945 1219 1524 1859 2103 2164
394A Sali  195207111 2042 1798 1494 1128  853  671  732  945 1250 1554 1829 2012
394A Sali  195207112 1981 1829 1524 1250  945  792  823  975 1219 1524 1859 2042
394A Sali  195207121 2103 1981 1707 1372 1006  732  671  762  975 1250 1585 1890
394A Sali  195207122 2073 2042 1890 1615 1311 1036  853  792  975 1219 1524 1829
394A Sali  195207131 1981 2012 1859 1615 1280  975  732  671  762  975 1341 1646
394A Sali  195207132 1920 2073 2073 1890 1615 1311 1067  884  823  975 1219 1463
394A Sali  195207141 1737 1859 1859 1737 1463 1189  914  732  701  792 1067 1341
394A Sali  195207142 1646 1951 2073 2012 1859 1585 1280 1036  884  853 1006 1219
394A Sali  195207151 1463 1707 1829 1829 1676 1433 1158  945  792  823  945 1189
394A Sali  195207152 1494 1798 2012 2103 2073 1859 1615 1311 1097  945  975 1097
394A Sali  195207161 1311 1494 1676 1768 1737 1615 1402 1158 1006  914  914 1067
394A Sali  195207162 1311 1585 1829 2042 2103 2073 1890 1646 1402 1158 1067 1036
394A Sali  195207171 1158 1311 1524 1676 1737 1707 1585 1402 1189 1006  884  914
394A Sali  195207172 1067 1311 1585 1798 1981 2042 1981 1829 1585 1341 1189 1067
394A Sali  195207181 1067 1189 1341 1494 1646 1707 1676 1554 1372 1189 1067  975
394A Sali  195207182  975 1128 1341 1585 1798 1951 2012 1920 1768 1524 1311 1128
394A Sali  195207191 1006 1006 1097 1250 1433 1585 1646 1615 1494 1311 1128  975
394A Sali  195207192  914  975 1067 1280 1524 1737 1890 1920 1859 1676 1463 1219
394A Sali  195207201 1036  914  914 1006 1158 1341 1463 1524 1524 1402 1250 1067
394A Sali  195207202  945  853  945 1097 1311 1524 1768 1890 1920 1829 1646 1433
394A Sali  195207211 1189 1006  914  945 1067 1219 1402 1524 1585 1554 1433 1250
394A Sali  195207212 1097  945  914  975 1158 1402 1646 1829 1951 1951 1859 1676
394A Sali  195207221 1433 1219 1036  975 1036 1158 1341 1524 1646 1707 1646 1494
394A Sali  195207222 1311 1158 1036 1006 1097 1280 1524 1707 1920 2012 2012 1890
394A Sali  195207231 1676 1433 1219 1067  975 1097 1219 1402 1615 1737 1737 1676
394A Sali  195207232 1524 1311 1189 1067 1067 1189 1372 1585 1798 1951 2012 1951
394A Sali  195207241 1768 1524 1250 1067  945  975 1097 1280 1494 1676 1798 1768
394A Sali  195207242 1646 1463 1250 1097  975 1036 1128 1341 1585 1768 1920 1920
394A Sali  195207251 1798 1585 1311 1067  884  823  914 1067 1280 1524 1707 1737
394A Sali  195207252 1676 1554 1341 1128 1006  914 1006 1158 1372 1615 1798 1890
394A Sali  195207261 1859 1707 1463 1219 1006  853  884 1006 1219 1433 1646 1798
394A Sali  195207262 1829 1707 1524 1280 1097  975  914 1036 1219 1463 1646 1829
394A Sali  195207271 1859 1768 1585 1311 1067  884  792  853 1036 1280 1494 1707
394A Sali  195207272 1798 1737 1615 1402 1158  975  853  884 1006 1219 1402 1615
394A Sali  195207281 1737 1707 1585 1341 1128  884  762  792  884 1128 1402 1646
394A Sali  195207282 1798 1890 1798 1646 1402 1250 1067  975 1006 1189 1372 1554
394A Sali  195207291 1707 1768 1737 1585 1372 1158  975  914  945 1128 1341 1585
394A Sali  195207292 1798 1951 1981 1859 1707 1463 1250 1067 1006 1097 1250 1433
394A Sali  195207301 1615 1737 1737 1707 1524 1311 1128 1006  975 1067 1219 1463
394A Sali  195207302 1707 1890 2012 1981 1859 1676 1433 1250 1128 1128 1189 1311
394A Sali  195207311 1463 1646 1737 1737 1646 1433 1250 1067  975  975 1097 1311
394A Sali  195207312 1554 1798 1951 2042 1951 1829 1615 1433 1219 1128 1128 1189
394A Sali  195208011 1341 1494 1615 1676 1646 1524 1341 1189 1036  945 1036 1158
394A Sali  195208012 1341 1585 1829 2012 2042 1951 1798 1585 1372 1219 1128 1128
394A Sali  195208021 1219 1311 1494 1615 1646 1615 1494 1311 1158 1036  975 1006
394A Sali  195208022 1189 1433 1676 1890 2042 2073 2042 1859 1646 1463 1280 1158
394A Sali  195208031 1128 1219 1372 1494 1615 1646 1585 1433 1280 1097  975  914
394A Sali  195208032  975 1158 1402 1646 1890 2042 2073 2012 1829 1615 1372 1219
394A Sali  195208041 1097 1097 1189 1341 1494 1585 1646 1646 1524 1311 1158 1006
394A Sali  195208042  914  975 1097 1372 1646 1920 2103 2134 2073 1890 1646 1372
394A Sali  195208051 1158 1036 1036 1128 1311 1494 1676 1737 1707 1585 1402 1189
394A Sali  195208052 1006  914  945 1097 1372 1646 1890 2103 2164 2073 1890 1585
394A Sali  195208061 1280 1067  914  914 1067 1280 1494 1707 1859 1829 1707 1463
394A Sali  195208062 1219  975  823  853 1006 1250 1585 1890 2073 2134 2042 1829
394A Sali  195208071 1524 1219  945  823  823 1006 1311 1554 1859 1981 1951 1798
394A Sali  195208072 1554 1280 1036  853  853 1006 1311 1646 1951 2164 2195 2103
394A Sali  195208081 1829 1494 1158  884  792  853 1067 1372 1707 2012 2134 2134
394A Sali  195208082 1951 1676 1341 1067  884  884 1036 1311 1676 1981 2195 2225
394A Sali  195208091 2073 1798 1433 1128  853  762  884 1158 1494 1859 2164 2256
394A Sali  195208092 2225 2073 1737 1433 1097  914  914 1097 1402 1707 2012 2195
394A Sali  195208101 2164 2012 1707 1372 1067  853  823  945 1219 1585 1951 2256
394A Sali  195208102 2377 2286 2073 1768 1402 1067  945  975 1158 1433 1798 2042
394A Sali  195208111 2164 2103 1981 1646 1280  975  823  792 1006 1280 1676 2012
394A Sali  195208112 2256 2347 2256 2012 1737 1372 1067  914  975 1189 1463 1768
394A Sali  195208121 1981 2073 2042 1829 1524 1250 1006  853  853 1067 1341 1707
394A Sali  195208122 2042 2256 2316 2195 1981 1676 1372 1097 1006 1036 1219 1463
394A Sali  195208131 1737 1951 2012 1951 1737 1494 1219  975  884  914 1097 1433
394A Sali  195208132 1737 2012 2164 2225 2103 1859 1585 1311 1097 1006 1067 1219
394A Sali  195208141 1433 1676 1829 1859 1768 1585 1372 1128  975  884  945 1128
394A Sali  195208142 1402 1707 1920 2042 2073 1951 1768 1494 1219 1097 1036 1067
394A Sali  195208151 1189 1372 1585 1707 1707 1646 1524 1311 1097  945  914  975
394A Sali  195208152 1158 1402 1646 1859 1981 1951 1890 1737 1524 1280 1158 1097
394A Sali  195208161 1128 1280 1433 1615 1707 1707 1646 1524 1341 1158 1036 1006
394A Sali  195208162 1097 1280 1494 1707 1920 2012 2012 1890 1737 1524 1311 1189
394A Sali  195208171 1128 1189 1311 1463 1585 1676 1707 1646 1494 1311 1158 1067
394A Sali  195208172 1036 1128 1280 1494 1676 1859 1951 1951 1829 1676 1463 1280
394A Sali  195208181 1158 1097 1158 1250 1402 1542 1646 1646 1585 1463 1311 1158
394A Sali  195208182 1067 1036 1128 1280 1463 1707 1829 1951 1920 1798 1646 1433
394A Sali  195208191 1250 1097 1067 1097 1250 1433 1585 1676 1737 1646 1524 1341
394A Sali  195208192 1189 1067 1067 1158 1341 1554 1768 1890 1951 1920 1829 1615
394A Sali  195208201 1372 1189 1097 1067 1158 1311 1463 1646 1737 1737 1646 1494
394A Sali  195208202 1311 1158 1067 1067 1219 1341 1585 1798 1951 1981 1920 1768
394A Sali  195208211 1524 1280 1097 1006 1067 1189 1372 1554 1768 1859 1829 1707
394A Sali  195208212 1524 1341 1158 1067 1097 1219 1433 1646 1829 1981 1981 1859
394A Sali  195208221 1676 1433 1189 1006  975 1067 1250 1463 1674 1829 1890 1829
394A Sali  195208222 1646 1463 1219 1097 1036 1067 1250 1463 1676 1859 1951 1890
394A Sali  195208231 1768 1554 1280 1080  975  975 1097 1280 1554 1768 1890 1890
394A Sali  195208232 1798 1585 1341 1128 1006  975 1097 1250 1494 1707 1890 1890
394A Sali  195208241 1829 1615 1402 1158  975  914 1006 1189 1433 1676 1859 1951
394A Sali  195208242 1920 1768 1585 1311 1097  975 1006 1128 1311 1585 1768 1890
394A Sali  195208251 1890 1768 1524 1250 1036  914  945 1067 1280 1554 1798 1951
394A Sali  195208252 1981 1920 1737 1463 1219 1036  975 1006 1189 1402 1646 1829
394A Sali  195208261 1829 1829 1676 1402 1189 1006  945 1006 1189 1433 1737 1951
394A Sali  195208262 2073 2042 1920 1707 1402 1189 1067 1006 1097 1280 1524 1707
394A Sali  195208271 1829 1829 1737 1554 1311 1067  945  975 1067 1311 1554 1829
394A Sali  195208272 2012 2073 2042 1859 1615 1372 1189 1067 1036 1158 1341 1554
394A Sali  195208281 1737 1798 1768 1615 1402 1189 1006  914  975 1128 1341 1646
394A Sali  195208282 1859 2042 2073 2012 1798 1585 1341 1158 1097 1097 1219 1372
394A Sali  195208291 1585 1707 1707 1646 1494 1280 1097  975  914  975 1158 1402
394A Sali  195208292 1707 1951 2042 2042 1920 1737 1494 1280 1128 1067 1128 1250
394A Sali  195208301 1402 1585 1707 1707 1615 1463 1250 1097  945  945 1006 1219
394A Sali  195208302 1463 1707 1890 2012 2012 1920 1737 1524 1311 1158 1128 1158
394A Sali  195208311 1280 1463 1615 1676 1707 1646 1463 1280 1097  975  975 1067
394A Sali  195208312 1250 1463 1737 1951 2042 2012 1890 1707 1524 1311 1189 1128
394A Sali  195209011 1158 1280 1463 1615 1707 1707 1615 1463 1280 1097  975  975
394A Sali  195209012 1067 1250 1463 1707 1951 2012 2012 1920 1707 1494 1280 1158
394A Sali  195209021 1097 1158 1280 1463 1615 1737 1768 1707 1524 1341 1158 1036
394A Sali  195209022  945 1036 1189 1433 1707 1920 2042 2073 1920 1707 1463 1219
394A Sali  195209031 1067 1006 1036 1189 1402 1615 1798 1859 1798 1615 1402 1158
394A Sali  195209032  945  853  914 1097 1311 1615 1829 1951 1981 1859 1646 1372
394A Sali  195209041 1097  914  853  884 1128 1402 1646 1859 1981 1920 1707 1463
394A Sali  195209042 1219  975  823  853 1036 1280 1615 1890 2012 2042 1890 1646
394A Sali  195209051 1341 1036  853  792  914 1158 1463 1768 2042 2103 2042 1829
394A Sali  195209052 1554 1219  945  823  853 1036 1311 1646 1920 2073 2073 1859
394A Sali  195209061 1585 1250  975  732  732  914 1189 1524 1890 2134 2225 2164
394A Sali  195209062 1890 1585 1219  914  762  853 1006 1311 1646 1920 2073 2073
394A Sali  195209071 1890 1554 1189  914  732  732  914 1250 1615 1981 2225 2286
394A Sali  195209072 2195 1920 1554 1219  884  762  792 1006 1311 1615 1890 2012
394A Sali  195209081 1951 1737 1402 1097  823  701  732 1006 1341 1707 2042 2286
394A Sali  195209082 2316 2195 1890 1494 1158  914  792  884 1097 1402 1737 1951
394A Sali  195209091 2042 1920 1707 1372 1067  823  732  823 1036 1372 1737 2012
394A Sali  195209092 2195 2195 2012 1737 1372 1036  823  792  884 1158 1433 1707
394A Sali  195209101 1890 1920 1829 1554 1280 1036  853  762  884 1128 1433 1768
394A Sali  195209102 2042 2164 2134 1951 1676 1372 1097  914  914 1036 1219 1494
394A Sali  195209111 1707 1890 1890 1798 1585 1280 1067  914  914 1036 1250 1554
394A Sali  195209112 1829 2042 2134 2103 1920 1676 1402 1189 1067 1036 1158 1372
394A Sali  195209121 1615 1798 1890 1890 1768 1585 1341 1158 1036 1036 1158 1372
394A Sali  195209122 1646 1890 2042 2103 2042 1890 1676 1402 1219 1128 1158 1250
394A Sali  195209131 1433 1615 1768 1859 1798 1707 1524 1341 1158 1128 1128 1250
394A Sali  195209132 1433 1646 1859 1981 2012 1920 1768 1554 1372 1189 1158 1158
394A Sali  195209141 1219 1372 1524 1646 1707 1646 1524 1372 1189 1067 1006 1036
394A Sali  195209142 1128 1311 1524 1676 1798 1829 1768 1615 1433 1250 1128 1067
394A Sali  195209151 1067 1158 1280 1433 1554 1615 1585 1494 1341 1219 1067 1006
394A Sali  195209152 1006 1097 1250 1433 1615 1768 1768 1707 1585 1402 1219 1097
394A Sali  195209161 1006 1036 1128 1280 1433 1554 1585 1554 1463 1341 1158 1067
394A Sali  195209162 1006 1006 1097 1280 1433 1585 1707 1707 1646 1524 1341 1158
394A Sali  195209171 1036  975 1036 1128 1280 1463 1585 1646 1646 1524 1372 1219
394A Sali  195209172 1067  975 1006 1128 1280 1463 1646 1737 1768 1676 1524 1341
394A Sali  195209181 1158 1036  975 1067 1189 1372 1554 1707 1737 1676 1554 1372
394A Sali  195209182 1158 1036  975 1036 1158 1311 1524 1676 1768 1737 1646 1463
394A Sali  195209191 1250 1067  975  975 1097 1250 1463 1646 1798 1798 1737 1585
394A Sali  195209192 1341 1158 1006  975 1036 1158 1341 1585 1707 1768 1737 1615
394A Sali  195209201 1402 1219 1036 1006 1036 1189 1402 1646 1829 1920 1920 1798
394A Sali  195209202 1585 1341 1158 1036 1006 1097 1280 1494 1707 1859 1859 1768
394A Sali  195209211 1615 1372 1158 1036 1006 1128 1311 1554 1798 1951 2012 1951
394A Sali  195209212 1768 1524 1280 1067  975 1006 1128 1311 1554 1768 1829 1798
394A Sali  195209221 1646 1463 1219 1036  945  975 1128 1372 1646 1890 1981 1981
394A Sali  195209222 1859 1646 1372 1128  975  914  975 1158 1372 1615 1768 1798
394A Sali  195209231 1707 1554 1311 1067  914  884  975 1189 1463 1737 1920 2042
394A Sali  195209232 1981 1798 1554 1280 1067  914  884 1006 1219 1433 1646 1768
394A Sali  195209241 1768 1646 1433 1219 1036  914  914 1036 1250 1554 1829 2012
394A Sali  195209242 2042 1951 1768 1463 1189  975  853  884 1006 1219 1463 1646
394A Sali  195209251 1707 1676 1524 1311 1097  914  823  884 1036 1341 1615 1859
394A Sali  195209252 2012 2012 1890 1676 1372 1158  945  914  945 1128 1311 1524
394A Sali  195209261 1676 1707 1646 1463 1219 1036  884  884  945 1158 1402 1707
394A Sali  195209262 1920 2012 1981 1859 1646 1311 1097  975  945 1036 1189 1402
394A Sali  195209271 1585 1707 1707 1615 1433 1219 1006  914  914 1006 1219 1494
394A Sali  195209272 1737 1920 1981 1951 1829 1554 1341 1128 1006 1006 1097 1280
394A Sali  195209281 1463 1646 1707 1707 1585 1402 1219 1006  914  914 1036 1250
394A Sali  195209282 1494 1737 1890 1951 1890 1737 1524 1280 1097 1006 1006 1128
394A Sali  195209291 1250 1463 1615 1707 1707 1585 1402 1219 1006  914  914 1036
394A Sali  195209292 1219 1463 1707 1859 1920 1859 1737 1494 1311 1128 1036 1036
394A Sali  195209301 1128 1311 1494 1676 1768 1737 1646 1463 1280 1097  975  945
394A Sali  195209302 1067 1250 1494 1707 1859 1920 1890 1737 1524 1311 1128 1036
394A Sali  195210011 1067 1158 1341 1585 1768 1859 1890 1798 1615 1402 1219 1067
394A Sali  195210012 1006 1097 1250 1494 1707 1875 1951 1920 1768 1554 1341 1128
394A Sali  195210021 1006 1006 1158 1341 1615 1829 1981 2012 1951 1737 1463 1219
394A Sali  195210022 1036  975 1006 1158 1402 1646 1859 1951 1920 1768 1524 1280
394A Sali  195210031 1067  914  945 1067 1341 1615 1890 2073 2134 2012 1768 1524
394A Sali  195210032 1219 1006  884  914 1128 1372 1615 1829 1951 1920 1768 1463
394A Sali  195210041 1189  975  792  853 1067 1372 1646 1981 2164 2225 2073 1798
394A Sali  195210042 1494 1189  914  792  823 1006 1280 1585 1859 1920 1890 1676
394A Sali  195210051 1372 1097  853  732  792 1006 1341 1707 2012 2195 2256 2073
394A Sali  195210052 1798 1402 1097  835  732  792 1036 1341 1646 1890 1981 1920
394A Sali  195210061 1676 1372 1067  823  732  853 1097 1433 1829 2134 2316 2286
394A Sali  195210062 2103 1798 1433 1067  853  792  884 1158 1463 1768 2012 2073
394A Sali  195210071 1951 1707 1402 1097  914  884 1006 1280 1615 1981 2256 2377
394A Sali  195210072 2316 2103 1768 1402 1097  884  853  975 1250 1554 1829 1981
394A Sali  195210081 1981 1859 1585 1280 1036  823  823  975 1219 1554 1890 2134
394A Sali  195210082 2225 2134 1829 1524 1189  914  762  792  945 1189 1463 1707
394A Sali  195210091 1829 1829 1646 1372 1097  853  762  792  945 1219 1524 1829
394A Sali  195210092 2012 2012 1890 1676 1341 1036  823  732  762  914 1189 1402
394A Sali  195210101 1615 1707 1646 1463 1219  975  792  732  762  945 1189 1433
394A Sali  195210102 1676 1829 1829 1707 1494 1219  945  762  732  823  975 1189
394A Sali  195210111 1402 1554 1585 1524 1372 1189  975  853  792  853 1006 1250
394A Sali  195210112 1494 1707 1798 1768 1646 1433 1189 1006  853  823  914 1097
394A Sali  195210121 1250 1433 1554 1585 1494 1341 1189 1006  914  853  945 1097
394A Sali  195210122 1341 1524 1676 1768 1737 1615 1402 1219 1067  975  945 1036
394A Sali  195210131 1189 1372 1524 1615 1615 1524 1402 1280 1097 1006 1006 1097
394A Sali  195210132 1219 1402 1585 1707 1768 1737 1615 1463 1280 1158 1036 1067
394A Sali  195210141 1158 1280 1463 1615 1676 1676 1615 1463 1311 1189 1097 1067
394A Sali  195210142 1097 1219 1372 1585 1707 1737 1676 1585 1433 1280 1158 1097
394A Sali  195210151 1097 1189 1341 1494 1646 1737 1737 1676 1524 1372 1219 1097
394A Sali  195210152 1097 1158 1280 1402 1585 1676 1707 1676 1554 1402 1250 1158
394A Sali  195210161 1036 1067 1189 1341 1524 1646 1737 1737 1646 1494 1311 1158
394A Sali  195210162 1036 1006 1067 1189 1341 1494 1585 1646 1585 1463 1280 1097
394A Sali  195210171  975  914 1006 1158 1311 1524 1646 1768 1707 1615 1433 1250
394A Sali  195210172 1067  914  914 1006 1128 1311 1463 1585 1615 1524 1402 1219
394A Sali  195210181 1067  945  945 1036 1219 1402 1615 1798 1829 1798 1646 1433
394A Sali  195210182 1219 1006  914  914 1006 1158 1341 1524 1615 1646 1524 1372
394A Sali  195210191 1189 1006  914  945 1067 1280 1494 1737 1859 1890 1768 1585
394A Sali  195210192 1341 1067  884  823  823  945 1128 1341 1524 1585 1554 1402
394A Sali  195210201 1219 1036  884  823  914 1067 1311 1554 1829 1890 1890 1768
394A Sali  195210202 1524 1250  975  792  732  823 1006 1189 1402 1585 1585 1494
394A Sali  195210211 1341 1128  914  792  792  914 1128 1433 1707 1890 1951 1890
394A Sali  195210212 1676 1402 1097  853  701  701  792 1006 1250 1463 1585 1554
394A Sali  195210221 1433 1219 1006  792  701  732  884 1158 1463 1707 1890 1920
394A Sali  195210222 1829 1615 1311  975  762  640  671  823 1067 1280 1524 1585
394A Sali  195210231 1524 1372 1158  914  732  671  732  945 1219 1524 1798 1920
394A Sali  195210232 1890 1768 1494 1189  884  732  640  732  914 1158 1402 1585
394A Sali  195210241 1615 1524 1311 1067  853  732  701  853 1067 1311 1646 1829
394A Sali  195210242 1951 1890 1676 1402 1097  853  701  701  792  975 1219 1433
394A Sali  195210251 1585 1585 1433 1219 1006  792  671  671  792 1036 1311 1615
394A Sali  195210252 1798 1859 1768 1554 1250 1006  823  701  732  884 1097 1280
394A Sali  195210261 1494 1585 1554 1433 1219 1006  823  701  732  884 1158 1402
394A Sali  195210262 1615 1798 1798 1707 1463 1219  975  792  701  732  914 1128
394A Sali  195210271 1372 1524 1615 1585 1433 1250 1036  853  732  792  945 1128
394A Sali  195210272 1372 1585 1737 1737 1615 1433 1189  945  792  732  792  945
394A Sali  195210281 1158 1372 1554 1646 1615 1494 1280 1067  914  792  792  914
394A Sali  195210282 1128 1341 1524 1646 1646 1554 1341 1128  914  732  701  762
394A Sali  195210291  945 1158 1372 1554 1646 1615 1463 1280 1036  884  762  732
394A Sali  195210292  853 1036 1219 1402 1524 1554 1463 1280 1097  884  732  640
394A Sali  195210301  732  884 1128 1372 1615 1707 1707 1585 1372 1158  945  792
394A Sali  195210302  762  823  975 1189 1372 1524 1585 1494 1341 1128  914  762
394A Sali  195210311  701  792  975 1189 1463 1737 1859 1890 1737 1524 1280 1006
394A Sali  195210312  823  762  853 1006 1219 1433 1615 1646 1585 1402 1189  975
394A Sali  195211011  823  732  823 1036 1311 1615 1890 2042 2012 1859 1615 1311
394A Sali  195211012 1036  823  762  853 1006 1219 1494 1676 1737 1676 1494 1250
394A Sali  195211021 1006  823  792  853 1097 1372 1707 1981 2134 2103 1951 1676
394A Sali  195211022 1341 1006  792  701  792  945 1250 1524 1737 1768 1676 1463
394A Sali  195211031 1250  945  792  732  853 1097 1433 1768 2012 2134 2103 1920
394A Sali  195211032 1646 1250  945  732  701  792 1036 1341 1646 1829 1829 1737
394A Sali  195211041 1494 1219  945  762  762  914 1128 1494 1829 2073 2164 2103
394A Sali  195211042 1890 1554 1189  884  701  701  853 1097 1402 1676 1829 1829
394A Sali  195211051 1676 1433 1158  884  762  762  945 1219 1494 1859 2073 2134
394A Sali  195211052 2073 1829 1524 1189  853  792  823  975 1280 1554 1798 1859
394A Sali  195211061 1798 1615 1341 1128  945  823  823 1006 1372 1707 1981 2103
394A Sali  195211062 2073 1951 1707 1402 1036  853  732  792  975 1219 1494 1707
394A Sali  195211071 1768 1646 1524 1280 1036  823  762  823 1006 1250 1585 1829
394A Sali  195211072 1981 1920 1768 1494 1189  914  762  732  762  945 1219 1494
394A Sali  195211081 1646 1646 1585 1402 1189  975  792  762  853 1036 1311 1554
394A Sali  195211082 1768 1859 1768 1615 1341 1067  853  732  732  853 1067 1280
394A Sali  195211091 1524 1646 1646 1554 1372 1189 1036  884  853  975 1158 1372
394A Sali  195211092 1585 1768 1768 1707 1524 1311 1067  884  823  853 1036 1219
394A Sali  195211101 1402 1585 1707 1646 1554 1402 1219 1067  975 1006 1097 1280
394A Sali  195211102 1494 1646 1768 1768 1646 1494 1280 1097  975  945 1006 1158
394A Sali  195211111 1311 1524 1646 1707 1646 1524 1341 1189 1036  975 1036 1158
394A Sali  195211112 1280 1463 1585 1646 1646 1524 1311 1097  975  853  823  884
394A Sali  195211121 1036 1219 1372 1494 1554 1494 1372 1219 1036  914  884  914
394A Sali  195211122 1006 1158 1311 1402 1463 1433 1341 1189 1036  914  853  853
394A Sali  195211131  975 1158 1341 1494 1615 1646 1585 1433 1280 1128 1006  975
394A Sali  195211132  975 1067 1189 1341 1433 1463 1463 1341 1219 1097  945  914
394A Sali  195211141  945 1067 1250 1433 1585 1707 1707 1646 1494 1341 1189 1036
394A Sali  195211142 1036 1036 1158 1311 1433 1524 1585 1554 1402 1280 1158 1036
394A Sali  195211151 1006 1067 1219 1402 1596 1768 1859 1859 1768 1585 1402 1219
394A Sali  195211152 1097 1036 1067 1158 1341 1463 1585 1615 1554 1433 1280 1158
394A Sali  195211161 1036 1036 1128 1280 1494 1707 1890 1951 1890 1768 1585 1341
394A Sali  195211162 1158 1006  975 1036 1158 1311 1494 1585 1615 1554 1402 1250
394A Sali  195211171 1067 1006 1036 1158 1341 1615 1859 1981 2012 1981 1798 1585
394A Sali  195211172 1341 1097  945  975 1036 1219 1402 1585 1676 1676 1554 1402
394A Sali  195211181 1189 1036  945 1006 1158 1402 1707 1951 2073 2073 1951 1768
394A Sali  195211182 1494 1219 1006  884  914 1067 1250 1463 1646 1676 1646 1494
394A Sali  195211191 1280 1067  914  884  975 1158 1463 1707 1951 2103 2073 1890
394A Sali  195211192 1646 1341 1036  853  792  853 1036 1250 1463 1615 1646 1524
394A Sali  195211201 1341 1097  884  732  732  853 1097 1402 1707 1890 1981 1890
394A Sali  195211202 1707 1402 1097  792  610  610  732  884 1189 1433 1524 1554
394A Sali  195211211 1433 1219  975  732  640  640  823 1067 1402 1707 1890 1951
394A Sali  195211212 1829 1615 1280  914  671  579  579  701  975 1250 1463 1615
394A Sali  195211221 1585 1463 1219  975  762  640  671  853 1097 1402 1707 1890
394A Sali  195211222 1951 1859 1615 1280  975  732  610  640  823 1097 1372 1615
394A Sali  195211231 1707 1676 1524 1280 1036  792  701  701  914 1189 1463 1737
394A Sali  195211232 1920 1920 1798 1554 1219  945  732  671  762  945 1219 1494
394A Sali  195211241 1676 1768 1737 1585 1341 1097  884  792  792  975 1219 1494
394A Sali  195211242 1737 1890 1859 1707 1463 1189  945  792  762  853 1067 1311
394A Sali  195211251 1585 1798 1890 1829 1676 1433 1189  975  884  914 1067 1311
394A Sali  195211252 1554 1768 1859 1829 1707 1463 1219  975  853  853  945 1158
394A Sali  195211261 1433 1676 1890 1951 1890 1737 1494 1250 1036  945  945 1067
394A Sali  195211262 1250 1463 1646 1737 1707 1554 1311 1097  884  732  762  853
394A Sali  195211271 1067 1341 1615 1768 1829 1768 1615 1372 1097  914  792  792
394A Sali  195211272  914 1097 1280 1433 1524 1524 1402 1219 1006  823  701  671
394A Sali  195211281  823 1067 1341 1585 1798 1859 1829 1676 1402 1158  945  792
394A Sali  195211282  792  884 1036 1250 1433 1524 1524 1402 1219 1036  823  732
394A Sali  195211291  732  853 1128 1402 1676 1859 1951 1890 1707 1463 1189  945
394A Sali  195211292  762  762  823 1006 1219 1402 1494 1524 1402 1219 1006  792
394A Sali  195211301  701  701  853 1067 1341 1615 1829 1920 1859 1676 1402 1128
394A Sali  195211302  853  701  640  762  945 1158 1372 1524 1494 1372 1189  975
394A Sali  195212011  762  671  671  792 1036 1341 1615 1829 1890 1815 1615 1341
394A Sali  195212012 1067  792  610  610  732  914 1158 1372 1524 1524 1402 1219
394A Sali  195212021 1006  792  671  701  853 1128 1433 1737 1920 1981 1890 1676
394A Sali  195212022 1372 1067  792  671  671  792 1036 1311 1524 1646 1646 1494
394A Sali  195212031 1280 1036  823  732  762  945 1250 1554 1829 2012 2012 1920
394A Sali  195212032 1676 1341 1036  792  701  732  914 1158 1402 1646 1737 1707
394A Sali  195212041 1524 1311 1067  884  792  884 1097 1341 1646 1890 2042 2042
394A Sali  195212042 1890 1646 1280 1006  792  732  823 1036 1280 1524 1707 1768
394A Sali  195212051 1676 1463 1219  945  792  762  853 1036 1311 1585 1768 1829
394A Sali  195212052 1768 1554 1250  914  640  457  427  549  792 1006 1219 1372
394A Sali  195212061 1402 1311 1097  853  671  549  549  671  884 1158 1433 1615
394A Sali  195212062 1676 1585 1372 1097  792  579  488  518  671  914 1158 1372
394A Sali  195212071 1494 1524 1372 1219  975  792  701  732  853 1067 1341 1585
394A Sali  195212072 1707 1707 1585 1372 1097  853  701  640  732  914 1158 1372
394A Sali  195212081 1554 1615 1585 1433 1250 1036  884  823  853 1036 1250 1463
394A Sali  195212082 1646 1737 1707 1585 1372 1097  884  792  823  914 1097 1341
394A Sali  195212091 1554 1707 1737 1676 1494 1311 1097  975  945 1006 1189 1372
394A Sali  195212092 1585 1707 1737 1676 1524 1311 1128  945  884  914 1067 1250
394A Sali  195212101 1463 1676 1768 1768 1676 1494 1280 1097 1006  975 1067 1219
394A Sali  195212102 1372 1524 1615 1615 1524 1341 1158  945  823  762  853 1006
394A Sali  195212111 1189 1372 1524 1585 1585 1433 1250 1036  914  792  792  853
394A Sali  195212112  975 1128 1250 1311 1280 1189 1036  884  732  671  671  762
394A Sali  195212121  945 1158 1341 1524 1585 1524 1402 1280 1067  945  853  884
394A Sali  195212122  945 1097 1219 1311 1372 1341 1250 1128  975  823  762  792
394A Sali  195212131  914 1097 1311 1494 1646 1676 1615 1463 1311 1128  975  884
394A Sali  195212132  884  975 1097 1219 1311 1341 1341 1250 1158 1006  884  853
394A Sali  195212141  884 1036 1250 1463 1646 1798 1798 1737 1585 1402 1189 1036
394A Sali  195212142  945  945 1006 1097 1219 1341 1372 1341 1250 1067  945  853
394A Sali  195212151  823  884 1036 1250 1463 1646 1798 1798 1707 1524 1311 1097
394A Sali  195212152  914  823  823  914 1036 1189 1280 1341 1311 1189 1036  884
394A Sali  195212161  792  762  853 1006 1250 1494 1707 1829 1829 1707 1494 1250
394A Sali  195212162 1006  853  732  762  884 1036 1219 1341 1372 1311 1189 1006
394A Sali  195212171  853  732  732  853 1036 1341 1585 1829 1920 1890 1768 1524
394A Sali  195212172 1280 1006  823  762  823  945 1189 1372 1524 1554 1494 1311
394A Sali  195212181 1128  914  792  762  914 1219 1524 1768 1981 2073 2012 1829
394A Sali  195212182 1585 1280  975  823  762  853 1097 1311 1524 1676 1676 1554
394A Sali  195212191 1341 1128  945  792  823  975 1219 1554 1829 2073 2134 2042
394A Sali  195212192 1829 1554 1219  945  792  762  945 1158 1433 1676 1798 1829
394A Sali  195212201 1676 1463 1189  945  823  823  975 1250 1554 1859 2073 2103
394A Sali  195212202 1951 1676 1341  975  732  671  701  884 1158 1402 1676 1768
394A Sali  195212211 1768 1585 1341 1067  823  701  732  914 1158 1463 1768 1951
394A Sali  195212212 1981 1829 1554 1250  914  701  640  732  975 1311 1646 1859
394A Sali  195212221 2012 1951 1768 1494 1250 1036  914  945 1097 1372 1707 1981
394A Sali  195212222 2103 2103 1920 1615 1280  945  792  762  884 1128 1463 1768
394A Sali  195212231 2012 2103 2073 1859 1585 1311 1067  945  975 1158 1433 1707
394A Sali  195212232 1951 2042 1981 1798 1524 1189  945  792  792  914 1189 1524
394A Sali  195212241 1798 2012 2103 2012 1798 1554 1250 1036  914  945 1128 1341
394A Sali  195212242 1615 1829 1890 1859 1646 1372 1097  914  792  823 1006 1280
394A Sali  195212251 1585 1859 2073 2134 2073 1859 1585 1280 1067  945  975 1128
394A Sali  195212252 1341 1554 1768 1798 1737 1554 1311 1067  884  792  823 1006
394A Sali  195212261 1250 1524 1798 1981 2042 1920 1707 1433 1189  975  884  884
394A Sali  195212262 1036 1250 1433 1615 1646 1554 1402 1219 1006  823  762  792
394A Sali  195212271  975 1250 1554 1768 1951 2012 1920 1707 1402 1189  975  884
394A Sali  195212272  884 1006 1219 1402 1554 1615 1524 1402 1189 1006  853  792
394A Sali  195212281  823 1036 1280 1524 1798 1951 1981 1859 1676 1402 1158  975
394A Sali  195212282  853  853 1006 1189 1372 1524 1585 1554 1402 1219 1036  884
394A Sali  195212291  823  884 1067 1311 1554 1798 1951 1981 1890 1707 1463 1219
394A Sali  195212292 1006  914  945 1067 1250 1463 1615 1676 1646 1524 1311 1128
394A Sali  195212301 1006  975 1036 1219 1463 1737 1951 2073 2134 2012 1798 1554
394A Sali  195212302 1280 1097 1006 1006 1128 1311 1524 1676 1737 1707 1554 1341
394A Sali  195212311 1158 1006  975 1036 1219 1494 1737 1981 2073 2073 1920 1707
394A Sali  195212312 1433 1158  975  884  914 1097 1280 1463 1615 1676 1585 1402
