394A Salina Cruz        Mexico              1982 16096N 095122W 0000 3 00000R MM
394A Sali  198201011 9999 9999 9999 9999 9999 9999 9999 9999 9999 9999 9999 9999
394A Sali  198201012 9999 9999 9999 9999 9999 9999 9999 9999 9999 9999 9999 9999
394A Sali  198201021 9999 9999 9999 9999 9999 9999 9999 9999 9999 9999 9999 9999
394A Sali  198201022 9999 9999 9999 9999 9999 9999 9999 9999 9999 9999 9999 9999
394A Sali  198201031 9999 9999 9999 9999 9999 9999 9999 9999 9999 9999 9999 9999
394A Sali  198201032 9999 9999 9999 9999 9999 9999 9999 9999 9999 9999 9999 9999
394A Sali  198201041 9999 9999 9999 9999 9999 9999 9999 9999 9999 9999 9999 9999
394A Sali  198201042 9999 9999 9999 9999 9999 9999 9999 9999 9999 9999 9999 9999
394A Sali  198201051 9999 9999 9999 9999 9999 9999 9999 9999 9999 9999 9999 9999
394A Sali  198201052 9999 9999 9999 9999 9999 9999 9999 9999 9999 9999 9999 9999
394A Sali  198201061 9999 9999 9999 9999 9999 9999 9999 9999 9999 9999 9999 9999
394A Sali  198201062 9999 9999 9999 9999 9999 9999 9999 9999 9999 9999 9999 9999
394A Sali  198201071 9999 9999 9999 9999 9999 9999 9999 9999 9999 9999 9999 9999
394A Sali  198201072 9999 9999 9999 9999 9999 9999 9999 9999 9999 9999 9999 9999
394A Sali  198201081 9999 9999 9999 9999 9999 9999 9999 9999 9999 9999 9999 9999
394A Sali  198201082 9999 9999 9999 9999 9999 9999 9999 9999 9999 9999 9999 9999
394A Sali  198201091 9999 9999 9999 9999 9999 9999 9999 9999 9999 9999 9999 9999
394A Sali  198201092 9999 9999 9999 9999 9999 9999 9999 9999 9999 9999 9999 9999
394A Sali  198201101 9999 9999 9999 9999 9999 9999 9999 9999 9999 9999 9999 9999
394A Sali  198201102 9999 9999 9999 9999 9999 9999 9999 9999 9999 9999 9999 9999
394A Sali  198201111 9999 9999 9999 9999 9999 9999 9999 9999 9999 9999 9999 9999
394A Sali  198201112 9999 9999 9999 9999 9999 9999 9999 9999 9999 9999 9999 9999
394A Sali  198201121 9999 9999 9999 9999 9999 9999 9999 9999 9999 9999 9999 9999
394A Sali  198201122 9999 9999 9999 9999 9999 9999 9999 9999 9999 9999 9999 9999
394A Sali  198201131 9999 9999 9999 9999 9999 9999 9999 9999 9999 9999 9999 9999
394A Sali  198201132 9999 9999 9999 9999 9999 9999 9999 9999 9999 9999 9999 9999
394A Sali  198201141 9999 9999 9999 9999 9999 9999 9999 9999 9999 9999 9999 9999
394A Sali  198201142 9999 9999 9999 9999 9999 9999 9999 9999 9999 9999 9999 9999
394A Sali  198201151 9999 9999 9999 9999 9999 9999 9999 9999 9999 9999 9999 9999
394A Sali  198201152 9999 9999 9999 9999 9999 9999 9999 9999 9999 9999 9999 9999
394A Sali  198201161 9999 9999 9999 9999 9999 9999 9999 9999 9999 9999 9999 9999
394A Sali  198201162 9999 9999 9999 9999 9999 9999 9999 9999 9999 9999 9999 9999
394A Sali  198201171 9999 9999 9999 9999 9999 9999 9999 9999 9999 9999 9999 9999
394A Sali  198201172 9999 9999 9999 9999 9999 9999 9999 9999 9999 9999 9999 9999
394A Sali  198201181 9999 9999 9999 9999 9999 9999 9999 9999 9999 9999 9999 9999
394A Sali  198201182 9999 9999 9999 9999 9999 9999 9999 9999 9999 9999 9999 9999
394A Sali  198201191 9999 9999 9999 9999 9999 9999 9999 9999 9999 9999 9999 9999
394A Sali  198201192 9999 9999 9999 9999 9999 9999 9999 9999 9999 9999 9999 9999
394A Sali  198201201 9999 9999 9999 9999 9999 9999 9999 9999 9999 9999 9999 9999
394A Sali  198201202 9999 9999 9999 9999 9999 9999 9999 9999 9999 9999 9999 9999
394A Sali  198201211 9999 9999 9999 9999 9999 9999 9999 9999 9999 9999 9999 9999
394A Sali  198201212 9999 9999 9999 9999 9999 9999 9999 9999 9999 9999 9999 9999
394A Sali  198201221 9999 9999 9999 9999 9999 9999 9999 9999 9999 9999 9999 9999
394A Sali  198201222 9999 9999 9999 9999 9999 9999 9999 9999 9999 9999 9999 9999
394A Sali  198201231 9999 9999 9999 9999 9999 9999 9999 9999 9999 9999 9999 9999
394A Sali  198201232 9999 9999 9999 9999 9999 9999 9999 9999 9999 9999 9999 9999
394A Sali  198201241 9999 9999 9999 9999 9999 9999 9999 9999 9999 9999 9999 9999
394A Sali  198201242 9999 9999 9999 9999 9999 9999 9999 9999 9999 9999 9999 9999
394A Sali  198201251 9999 9999 9999 9999 9999 9999 9999 9999 9999 9999 9999 9999
394A Sali  198201252 9999 9999 9999 9999 9999 9999 9999 9999 9999 9999 9999 9999
394A Sali  198201261 9999 9999 9999 9999 9999 9999 9999 9999 9999 9999 9999 9999
394A Sali  198201262 9999 9999 9999 9999 9999 9999 9999 9999 9999 9999 9999 9999
394A Sali  198201271 9999 9999 9999 9999 9999 9999 9999 9999 9999 9999 9999 9999
394A Sali  198201272 9999 9999 9999 9999 9999 9999 9999 9999 9999 9999 9999 9999
394A Sali  198201281 9999 9999 9999 9999 9999 9999 9999 9999 9999 9999 9999 9999
394A Sali  198201282 9999 9999 9999 9999 9999 9999 9999 9999 9999 9999 9999 9999
394A Sali  198201291 9999 9999 9999 9999 9999 9999 9999 9999 9999 9999 9999 9999
394A Sali  198201292 9999 9999 9999 9999 9999 9999 9999 9999 9999 9999 9999 9999
394A Sali  198201301 9999 9999 9999 9999 9999 9999 9999 9999 9999 9999 9999 9999
394A Sali  198201302 9999 9999 9999 9999 9999 9999 9999 9999 9999 9999 9999 9999
394A Sali  198201311 9999 9999 9999 9999 9999 9999 9999 9999 9999 9999 9999 9999
394A Sali  198201312 9999 9999 9999 9999 9999 9999 9999 9999 9999 9999 9999 9999
394A Sali  198202011 9999 9999 9999 9999 9999 9999 9999 9999 9999 9999 9999 9999
394A Sali  198202012 9999 9999 9999 9999 9999 9999 9999 9999 9999 9999 9999 9999
394A Sali  198202021 9999 9999 9999 9999 9999 9999 9999 9999 9999 9999 9999 9999
394A Sali  198202022 9999 9999 9999 9999 9999 9999 9999 9999 9999 9999 9999 9999
394A Sali  198202031 9999 9999 9999 9999 9999 9999 9999 9999 9999 9999 9999 9999
394A Sali  198202032 9999 9999 9999 9999 9999 9999 9999 9999 9999 9999 9999 9999
394A Sali  198202041 9999 9999 9999 9999 9999 9999 9999 9999 9999 9999 9999 9999
394A Sali  198202042 9999 9999 9999 9999 9999 9999 9999 9999 9999 9999 9999 9999
394A Sali  198202051 9999 9999 9999 9999 9999 9999 9999 9999 9999 9999 9999 9999
394A Sali  198202052 9999 9999 9999 9999 9999 9999 9999 9999 9999 9999 9999 9999
394A Sali  198202061 9999 9999 9999 9999 9999 9999 9999 9999 9999 9999 9999 9999
394A Sali  198202062 9999 9999 9999 9999 9999 9999 9999 9999 9999 9999 9999 9999
394A Sali  198202071 9999 9999 9999 9999 9999 9999 9999 9999 9999 9999 9999 9999
394A Sali  198202072 9999 9999 9999 9999 9999 9999 9999 9999 9999 9999 9999 9999
394A Sali  198202081 9999 9999 9999 9999 9999 9999 9999 9999 9999 9999 9999 9999
394A Sali  198202082 9999 9999 9999 9999 9999 9999 9999 9999 9999 9999 9999 9999
394A Sali  198202091 9999 9999 9999 9999 9999 9999 9999 9999 9999 9999 9999 9999
394A Sali  198202092 9999 9999 9999 9999 9999 9999 9999 9999 9999 9999 9999 9999
394A Sali  198202101 9999 9999 9999 9999 9999 9999 9999 9999 9999 9999 9999 9999
394A Sali  198202102 9999 9999 9999 9999 9999 9999 9999 9999 9999 9999 9999 9999
394A Sali  198202111 9999 9999 9999 9999 9999 9999 9999 9999 9999 9999 9999 9999
394A Sali  198202112 9999 9999 9999 9999 9999 9999 9999 9999 9999 9999 9999 9999
394A Sali  198202121 9999 9999 9999 9999 9999 9999 9999 9999 9999 9999 9999 9999
394A Sali  198202122 9999 9999 9999 9999 9999 9999 9999 9999 9999 9999 9999 9999
394A Sali  198202131 9999 9999 9999 9999 9999 9999 9999 9999 9999 9999 9999 9999
394A Sali  198202132 9999 9999 9999 9999 9999 9999 9999 9999 9999 9999 9999 9999
394A Sali  198202141 9999 9999 9999 9999 9999 9999 9999 9999 9999 9999 9999 9999
394A Sali  198202142 9999 9999 9999 9999 9999 9999 9999 9999 9999 9999 9999 9999
394A Sali  198202151 9999 9999 9999 9999 9999 9999 9999 9999 9999 9999 9999 9999
394A Sali  198202152 9999 9999 9999 9999 9999 9999 9999 9999 9999 9999 9999 9999
394A Sali  198202161 9999 9999 9999 9999 9999 9999 9999 9999 9999 9999 9999 9999
394A Sali  198202162 9999 9999 9999 9999 9999 9999 9999 9999 9999 9999 9999 9999
394A Sali  198202171 9999 9999 9999 9999 9999 9999 9999 9999 9999 9999 9999 9999
394A Sali  198202172 9999 9999 9999 9999 9999 9999 9999 9999 9999 9999 9999 9999
394A Sali  198202181 9999 9999 9999 9999 9999 9999 9999 9999 9999 9999 9999 9999
394A Sali  198202182 9999 9999 9999 9999 9999 9999 9999 9999 9999 9999 9999 9999
394A Sali  198202191 9999 9999 9999 9999 9999 9999 9999 9999 9999 9999 9999 9999
394A Sali  198202192 9999 9999 9999 9999 9999 9999 9999 9999 9999 9999 9999 9999
394A Sali  198202201 9999 9999 9999 9999 9999 9999 9999 9999 9999 9999 9999 9999
394A Sali  198202202 9999 9999 9999 9999 9999 9999 9999 9999 9999 9999 9999 9999
394A Sali  198202211 9999 9999 9999 9999 9999 9999 9999 9999 9999 9999 9999 9999
394A Sali  198202212 9999 9999 9999 9999 9999 9999 9999 9999 9999 9999 9999 9999
394A Sali  198202221 9999 9999 9999 9999 9999 9999 9999 9999 9999 9999 9999 9999
394A Sali  198202222 9999 9999 9999 9999 9999 9999 9999 9999 9999 9999 9999 9999
394A Sali  198202231 9999 9999 9999 9999 9999 9999 9999 9999 9999 9999 9999 9999
394A Sali  198202232 9999 9999 9999 9999 9999 9999 9999 9999 9999 9999 9999 9999
394A Sali  198202241 9999 9999 9999 9999 9999 9999 9999 9999 9999 9999 9999 9999
394A Sali  198202242 9999 9999 9999 9999 9999 9999 9999 9999 9999 9999 9999 9999
394A Sali  198202251 9999 9999 9999 9999 9999 9999 9999 9999 9999 9999 9999 9999
394A Sali  198202252 9999 9999 9999 9999 9999 9999 9999 9999 9999 9999 9999 9999
394A Sali  198202261 9999 9999 9999 9999 9999 9999 9999 9999 9999 9999 9999 9999
394A Sali  198202262 9999 9999 9999 9999 9999 9999 9999 9999 9999 9999 9999 9999
394A Sali  198202271 9999 9999 9999 9999 9999 9999 9999 9999 9999 9999 9999 9999
394A Sali  198202272 9999 9999 9999 9999 9999 9999 9999 9999 9999 9999 9999 9999
394A Sali  198202281 9999 9999 9999 9999 9999 9999 9999 9999 9999 9999 9999 9999
394A Sali  198202282 9999 9999 9999 9999 9999 9999 9999 9999 9999 9999 9999 9999
394A Sali  198203011 9999 9999 9999 9999 9999 9999 9999 9999 9999 9999 9999 9999
394A Sali  198203012 9999 9999 9999 9999 9999 9999 9999 9999 9999 9999 9999 9999
394A Sali  198203021 9999 9999 9999 9999 9999 9999 9999 9999 9999 9999 9999 9999
394A Sali  198203022 9999 9999 9999 9999 9999 9999 9999 9999 9999 9999 9999 9999
394A Sali  198203031 9999 9999 9999 9999 9999 9999 9999 9999 9999 9999 9999 9999
394A Sali  198203032 9999 9999 9999 9999 9999 9999 9999 9999 9999 9999 9999 9999
394A Sali  198203041 9999 9999 9999 9999 9999 9999 9999 9999 9999 9999 9999 9999
394A Sali  198203042 9999 9999 9999 9999 9999 9999 9999 9999 9999 9999 9999 9999
394A Sali  198203051 9999 9999 9999 9999 9999 9999 9999 9999 9999 9999 9999 9999
394A Sali  198203052 9999 9999 9999 9999 9999 9999 9999 9999 9999 9999 9999 9999
394A Sali  198203061 9999 9999 9999 9999 9999 9999 9999 9999 9999 9999 9999 9999
394A Sali  198203062 9999 9999 9999 9999 9999 9999 9999 9999 9999 9999 9999 9999
394A Sali  198203071 9999 9999 9999 9999 9999 9999 9999 9999 9999 9999 9999 9999
394A Sali  198203072 9999 9999 9999 9999 9999 9999 9999 9999 9999 9999 9999 9999
394A Sali  198203081 9999 9999 9999 9999 9999 9999 9999 9999 9999 9999 9999 9999
394A Sali  198203082 9999 9999 9999 9999 9999 9999 9999 9999 9999 9999 9999 9999
394A Sali  198203091 9999 9999 9999 9999 9999 9999 9999 9999 9999 9999 9999 9999
394A Sali  198203092 9999 9999 9999 9999 9999 9999 9999 9999 9999 9999 9999 9999
394A Sali  198203101 9999 9999 9999 9999 9999 9999 9999 9999 9999 9999 9999 9999
394A Sali  198203102 9999 9999 9999 9999 9999 9999 9999 9999 9999 9999 9999 9999
394A Sali  198203111 9999 9999 9999 9999 9999 9999 9999 9999 9999 9999 9999 9999
394A Sali  198203112 9999 9999 9999 9999 9999 9999 9999 9999 9999 9999 9999 9999
394A Sali  198203121 9999 9999 9999 9999 9999 9999 9999 9999 9999 9999 9999 9999
394A Sali  198203122 9999 9999 9999 9999 9999 9999 9999 9999 9999 9999 9999 9999
394A Sali  198203131 9999 9999 9999 9999 9999 9999 9999 9999 9999 9999 9999 9999
394A Sali  198203132 9999 9999 9999 9999 9999 9999 9999 9999 9999 9999 9999 9999
394A Sali  198203141 9999 9999 9999 9999 9999 9999 9999 9999 9999 9999 9999 9999
394A Sali  198203142 9999 9999 9999 9999 9999 9999 9999 9999 9999 9999 9999 9999
394A Sali  198203151 9999 9999 9999 9999 9999 9999 9999 9999 9999 9999 9999 9999
394A Sali  198203152 9999 9999 9999 9999 9999 9999 9999 9999 9999 9999 9999 9999
394A Sali  198203161 9999 9999 9999 9999 9999 9999 9999 9999 9999 9999 9999 9999
394A Sali  198203162 9999 9999 9999 9999 9999 9999 9999 9999 9999 9999 9999 9999
394A Sali  198203171 9999 9999 9999 9999 9999 9999 9999 9999 9999 9999 9999 9999
394A Sali  198203172 9999 9999 9999 9999 9999 9999 9999 9999 9999 9999 9999 9999
394A Sali  198203181 9999 9999 9999 9999 9999 9999 9999 9999 9999 9999 9999 9999
394A Sali  198203182 9999 9999 9999 9999 9999 9999 9999 9999 9999 9999 9999 9999
394A Sali  198203191 9999 9999 9999 9999 9999 9999 9999 9999 9999 9999 9999 9999
394A Sali  198203192 9999 9999 9999 9999 9999 9999 9999 9999 9999 9999 9999 9999
394A Sali  198203201 9999 9999 9999 9999 9999 9999 9999 9999 9999 9999 9999 9999
394A Sali  198203202 9999 9999 9999 9999 9999 9999 9999 9999 9999 9999 9999 9999
394A Sali  198203211 9999 9999 9999 9999 9999 9999 9999 9999 9999 9999 9999 9999
394A Sali  198203212 9999 9999 9999 9999 9999 9999 9999 9999 9999 9999 9999 9999
394A Sali  198203221 9999 9999 9999 9999 9999 9999 9999 9999 9999 9999 9999 9999
394A Sali  198203222 9999 9999 9999 9999 9999 9999 9999 9999 9999 9999 9999 9999
394A Sali  198203231 9999 9999 9999 9999 9999 9999 9999 9999 9999 9999 9999 9999
394A Sali  198203232 9999 9999 9999 9999 9999 9999 9999 9999 9999 9999 9999 9999
394A Sali  198203241 9999 9999 9999 9999 9999 9999 9999 9999 9999 9999 9999 9999
394A Sali  198203242 9999 9999 9999 9999 9999 9999 9999 9999 9999 9999 9999 9999
394A Sali  198203251 9999 9999 9999 9999 9999 9999 9999 9999 9999 9999 9999 9999
394A Sali  198203252 9999 9999 9999 9999 9999 9999 9999 9999 9999 9999 9999 9999
394A Sali  198203261 9999 9999 9999 9999 9999 9999 9999 9999 9999 9999 9999 9999
394A Sali  198203262 9999 9999 9999 9999 9999 9999 9999 9999 9999 9999 9999 9999
394A Sali  198203271 9999 9999 9999 9999 9999 9999 9999 9999 9999 9999 9999 9999
394A Sali  198203272 9999 9999 9999 9999 9999 9999 9999 9999 9999 9999 9999 9999
394A Sali  198203281 9999 9999 9999 9999 9999 9999 9999 9999 9999 9999 9999 9999
394A Sali  198203282 9999 9999 9999 9999 9999 9999 9999 9999 9999 9999 9999 9999
394A Sali  198203291 9999 9999 9999 9999 9999 9999 9999 9999 9999 9999 9999 9999
394A Sali  198203292 9999 9999 9999 9999 9999 9999 9999 9999 9999 9999 9999 9999
394A Sali  198203301 9999 9999 9999 9999 9999 9999 9999 9999 9999 9999 9999 9999
394A Sali  198203302 9999 9999 9999 9999 9999 9999 9999 9999 9999 9999 9999 9999
394A Sali  198203311 9999 9999 9999 9999 9999 9999 9999 9999 9999 9999 9999 9999
394A Sali  198203312 9999 9999 9999 9999 9999 9999 9999 9999 9999 9999 9999 9999
394A Sali  198204011 9999 9999 9999 9999 9999 9999 9999 9999 9999 9999 9999 9999
394A Sali  198204012 9999 9999 9999 9999 9999 9999 9999 9999 9999 9999 9999 9999
394A Sali  198204021 9999 9999 9999 9999 9999 9999 9999 9999 9999 9999 9999 9999
394A Sali  198204022 9999 9999 9999 9999 9999 9999 9999 9999 9999 9999 9999 9999
394A Sali  198204031 9999 9999 9999 9999 9999 9999 9999 9999 9999 9999 9999 9999
394A Sali  198204032 9999 9999 9999 9999 9999 9999 9999 9999 9999 9999 9999 9999
394A Sali  198204041 9999 9999 9999 9999 9999 9999 9999 9999 9999 9999 9999 9999
394A Sali  198204042 9999 9999 9999 9999 9999 9999 9999 9999 9999 9999 9999 9999
394A Sali  198204051 9999 9999 9999 9999 9999 9999 9999 9999 9999 9999 9999 9999
394A Sali  198204052 9999 9999 9999 9999 9999 9999 9999 9999 9999 9999 9999 9999
394A Sali  198204061 9999 9999 9999 9999 9999 9999 9999 9999 9999 9999 9999 9999
394A Sali  198204062 9999 9999 9999 9999 9999 9999 9999 9999 9999 9999 9999 9999
394A Sali  198204071 9999 9999 9999 9999 9999 9999 9999 9999 9999 9999 9999 9999
394A Sali  198204072 9999 9999 9999 9999 9999 9999 9999 9999 9999 9999 9999 9999
394A Sali  198204081 9999 9999 9999 9999 9999 9999 9999 9999 9999 9999 9999 9999
394A Sali  198204082 9999 9999 9999 9999 9999 9999 9999 9999 9999 9999 9999 9999
394A Sali  198204091 9999 9999 9999 9999 9999 9999 9999 9999 9999 9999 9999 9999
394A Sali  198204092 9999 9999 9999 9999 9999 9999 9999 9999 9999 9999 9999 9999
394A Sali  198204101 9999 9999 9999 9999 9999 9999 9999 9999 9999 9999 9999 9999
394A Sali  198204102 9999 9999 9999 9999 9999 9999 9999 9999 9999 9999 9999 9999
394A Sali  198204111 9999 9999 9999 9999 9999 9999 9999 9999 9999 9999 9999 9999
394A Sali  198204112 9999 9999 9999 9999 9999 9999 9999 9999 9999 9999 9999 9999
394A Sali  198204121 9999 9999 9999 9999 9999 9999 9999 9999 9999 9999 9999 9999
394A Sali  198204122 9999 9999 9999 9999 9999 9999 9999 9999 9999 9999 9999 9999
394A Sali  198204131 9999 9999 9999 9999 9999 9999 9999 9999 9999 9999 9999 9999
394A Sali  198204132 9999 9999 9999 9999 9999 9999 9999 9999 9999 9999 9999 9999
394A Sali  198204141 9999 9999 9999 9999 9999 9999 9999 9999 9999 9999 9999 9999
394A Sali  198204142 9999 9999 9999 9999 9999 9999 9999 9999 9999 9999 9999 9999
394A Sali  198204151 9999 9999 9999 9999 9999 9999 9999 9999 9999 9999 9999 9999
394A Sali  198204152 9999 9999 9999 9999 9999 9999 9999 9999 9999 9999 9999 9999
394A Sali  198204161 9999 9999 9999 9999 9999 9999 9999 9999 9999 9999 9999 9999
394A Sali  198204162 9999 9999 9999 9999 9999 9999 9999 9999 9999 9999 9999 9999
394A Sali  198204171 9999 9999 9999 9999 9999 9999 9999 9999 9999 9999 9999 9999
394A Sali  198204172 9999 9999 9999 9999 9999 9999 9999 9999 9999 9999 9999 9999
394A Sali  198204181 9999 9999 9999 9999 9999 9999 9999 9999 9999 9999 9999 9999
394A Sali  198204182 9999 9999 9999 9999 9999 9999 9999 9999 9999 9999 9999 9999
394A Sali  198204191 9999 9999 9999 9999 9999 9999 9999 9999 9999 9999 9999 9999
394A Sali  198204192 9999 9999 9999 9999 9999 9999 9999 9999 9999 9999 9999 9999
394A Sali  198204201 9999 9999 9999 9999 9999 9999 9999 9999 9999 9999 9999 9999
394A Sali  198204202 9999 9999 9999 9999 9999 9999 9999 9999 9999 9999 9999 9999
394A Sali  198204211 9999 9999 9999 9999 9999 9999 9999 9999 9999 9999 9999 9999
394A Sali  198204212 9999 9999 9999 9999 9999 9999 9999 9999 9999 9999 9999 9999
394A Sali  198204221 9999 9999 9999 9999 9999 9999 9999 9999 9999 9999 9999 9999
394A Sali  198204222 9999 9999 9999 9999 9999 9999 9999 9999 9999 9999 9999 9999
394A Sali  198204231 9999 9999 9999 9999 9999 9999 9999 9999 9999 9999 9999 9999
394A Sali  198204232 9999 9999 9999 9999 9999 9999 9999 9999 9999 9999 9999 9999
394A Sali  198204241 9999 9999 9999 9999 9999 9999 9999 9999 9999 9999 9999 9999
394A Sali  198204242 9999 9999 9999 9999 9999 9999 9999 9999 9999 9999 9999 9999
394A Sali  198204251 9999 9999 9999 9999 9999 9999 9999 9999 9999 9999 9999 9999
394A Sali  198204252 9999 9999 9999 9999 9999 9999 9999 9999 9999 9999 9999 9999
394A Sali  198204261 9999 9999 9999 9999 9999 9999 9999 9999 9999 9999 9999 9999
394A Sali  198204262 9999 9999 9999 9999 9999 9999 9999 9999 9999 9999 9999 9999
394A Sali  198204271 9999 9999 9999 9999 9999 9999 9999 9999 9999 9999 9999 9999
394A Sali  198204272 9999 9999 9999 9999 9999 9999 9999 9999 9999 9999 9999 9999
394A Sali  198204281 9999 9999 9999 9999 9999 9999 9999 9999 9999 9999 9999 9999
394A Sali  198204282 9999 9999 9999 9999 9999 9999 9999 9999 9999 9999 9999 9999
394A Sali  198204291 9999 9999 9999 9999 9999 9999 9999 9999 9999 9999 9999 9999
394A Sali  198204292 9999 9999 9999 9999 9999 9999 9999 9999 9999 9999 9999 9999
394A Sali  198204301 9999 9999 9999 9999 9999 9999 9999 9999 9999 9999 9999 9999
394A Sali  198204302 9999 9999 9999 9999 9999 9999 9999 9999 9999 9999 9999 9999
394A Sali  198205011 9999 9999 9999 9999 9999 9999 9999 9999 9999 9999 9999 9999
394A Sali  198205012 9999 9999 9999 9999 9999 9999 9999 9999 9999 9999 9999 9999
394A Sali  198205021 9999 9999 9999 9999 9999 9999 9999 9999 9999 9999 9999 9999
394A Sali  198205022 9999 9999 9999 9999 9999 9999 9999 9999 9999 9999 9999 9999
394A Sali  198205031 9999 9999 9999 9999 9999 9999 9999 9999 9999 9999 9999 9999
394A Sali  198205032 9999 9999 9999 9999 9999 9999 9999 9999 9999 9999 9999 9999
394A Sali  198205041 9999 9999 9999 9999 9999 9999 9999 9999 9999 9999 9999 9999
394A Sali  198205042 9999 9999 9999 9999 9999 9999 9999 9999 9999 9999 9999 9999
394A Sali  198205051 9999 9999 9999 9999 9999 9999 9999 9999 9999 9999 9999 9999
394A Sali  198205052 9999 9999 9999 9999 9999 9999 9999 9999 9999 9999 9999 9999
394A Sali  198205061 9999 9999 9999 9999 9999 9999 9999 9999 9999 9999 9999 9999
394A Sali  198205062 9999 9999 9999 9999 9999 9999 9999 9999 9999 9999 9999 9999
394A Sali  198205071 9999 9999 9999 9999 9999 9999 9999 9999 9999 9999 9999 9999
394A Sali  198205072 9999 9999 9999 9999 9999 9999 9999 9999 9999 9999 9999 9999
394A Sali  198205081 9999 9999 9999 9999 9999 9999 9999 9999 9999 9999 9999 9999
394A Sali  198205082 9999 9999 9999 9999 9999 9999 9999 9999 9999 9999 9999 9999
394A Sali  198205091 9999 9999 9999 9999 9999 9999 9999 9999 9999 9999 9999 9999
394A Sali  198205092 9999 9999 9999 9999 9999 9999 9999 9999 9999 9999 9999 9999
394A Sali  198205101 9999 9999 9999 9999 9999 9999 9999 9999 9999 9999 9999 9999
394A Sali  198205102 9999 9999 9999 9999 9999 9999 9999 9999 9999 9999 9999 9999
394A Sali  198205111 9999 9999 9999 9999 9999 9999 9999 9999 9999 9999 9999 9999
394A Sali  198205112 9999 9999 9999 9999 9999 9999 9999 9999 9999 9999 9999 9999
394A Sali  198205121 9999 9999 9999 9999 9999 9999 9999 9999 9999 9999 9999 9999
394A Sali  198205122 9999 9999 9999 9999 9999 9999 9999 9999 9999 9999 9999 9999
394A Sali  198205131 9999 9999 9999 9999 9999 9999 9999 9999 9999 9999 9999 9999
394A Sali  198205132 9999 9999 9999 9999 9999 9999 9999 9999 9999 9999 9999 9999
394A Sali  198205141 9999 9999 9999 9999 9999 9999 9999 9999 9999 9999 9999 9999
394A Sali  198205142 9999 9999 9999 9999 9999 9999 9999 9999 9999 9999 9999 9999
394A Sali  198205151 9999 9999 9999 9999 9999 9999 9999 9999 9999 9999 9999 9999
394A Sali  198205152 9999 9999 9999 9999 9999 9999 9999 9999 9999 9999 9999 9999
394A Sali  198205161 9999 9999 9999 9999 9999 9999 9999 9999 9999 9999 9999 9999
394A Sali  198205162 9999 9999 9999 9999 9999 9999 9999 9999 9999 9999 9999 9999
394A Sali  198205171 9999 9999 9999 9999 9999 9999 9999 9999 9999 9999 9999 9999
394A Sali  198205172 9999 9999 9999 9999 9999 9999 9999 9999 9999 9999 9999 9999
394A Sali  198205181 9999 9999 9999 9999 9999 9999 9999 9999 9999 9999 9999 9999
394A Sali  198205182 9999 9999 9999 9999 9999 9999 9999 9999 9999 9999 9999 9999
394A Sali  198205191 9999 9999 9999 9999 9999 9999 9999 9999 9999 9999 9999 9999
394A Sali  198205192 9999 9999 9999 9999 9999 9999 9999 9999 9999 9999 9999 9999
394A Sali  198205201 9999 9999 9999 9999 9999 9999 9999 9999 9999 9999 9999 9999
394A Sali  198205202 9999 9999 9999 9999 9999 9999 9999 9999 9999 9999 9999 9999
394A Sali  198205211 9999 9999 9999 9999 9999 9999 9999 9999 9999 9999 9999 9999
394A Sali  198205212 9999 9999 9999 9999 9999 9999 9999 9999 9999 9999 9999 9999
394A Sali  198205221 9999 9999 9999 9999 9999 9999 9999 9999 9999 9999 9999 9999
394A Sali  198205222 9999 9999 9999 9999 9999 9999 9999 9999 9999 9999 9999 9999
394A Sali  198205231 9999 9999 9999 9999 9999 9999 9999 9999 9999 9999 9999 9999
394A Sali  198205232 9999 9999 9999 9999 9999 9999 9999 9999 9999 9999 9999 9999
394A Sali  198205241 9999 9999 9999 9999 9999 9999 9999 9999 9999 9999 9999 9999
394A Sali  198205242 9999 9999 9999 9999 9999 9999 9999 9999 9999 9999 9999 9999
394A Sali  198205251 9999 9999 9999 9999 9999 9999 9999 9999 9999 9999 9999 9999
394A Sali  198205252 9999 9999 9999 9999 9999 9999 9999 9999 9999 9999 9999 9999
394A Sali  198205261 9999 9999 9999 9999 9999 9999 9999 9999 9999 9999 9999 9999
394A Sali  198205262 9999 9999 9999 9999 9999 9999 9999 9999 9999 9999 9999 9999
394A Sali  198205271 9999 9999 9999 9999 9999 9999 9999 9999 9999 9999 9999 9999
394A Sali  198205272 9999 9999 9999 9999 9999 9999 9999 9999 9999 9999 9999 9999
394A Sali  198205281 9999 9999 9999 9999 9999 9999 9999 9999 9999 9999 9999 9999
394A Sali  198205282 9999 9999 9999 9999 9999 9999 9999 9999 9999 9999 9999 9999
394A Sali  198205291 9999 9999 9999 9999 9999 9999 9999 9999 9999 9999 9999 9999
394A Sali  198205292 9999 9999 9999 9999 9999 9999 9999 9999 9999 9999 9999 9999
394A Sali  198205301 9999 9999 9999 9999 9999 9999 9999 9999 9999 9999 9999 9999
394A Sali  198205302 9999 9999 9999 9999 9999 9999 9999 9999 9999 9999 9999 9999
394A Sali  198205311 9999 9999 9999 9999 9999 9999 9999 9999 9999 9999 9999 9999
394A Sali  198205312 9999 9999 9999 9999 9999 9999 9999 9999 9999 9999 9999 9999
394A Sali  198206011 9999 9999 9999 9999 9999 9999 9999 9999 9999 9999 9999 9999
394A Sali  198206012 9999 9999 9999 9999 9999 9999 9999 9999 9999 9999 9999 9999
394A Sali  198206021 9999 9999 9999 9999 9999 9999 9999 9999 9999 9999 9999 9999
394A Sali  198206022 9999 9999 9999 9999 9999 9999 9999 9999 9999 9999 9999 9999
394A Sali  198206031 9999 9999 9999 9999 9999 9999 9999 9999 9999 9999 9999 9999
394A Sali  198206032 9999 9999 9999 9999 9999 9999 9999 9999 9999 9999 9999 9999
394A Sali  198206041 9999 9999 9999 9999 9999 9999 9999 9999 9999 9999 9999 9999
394A Sali  198206042 9999 9999 9999 9999 9999 9999 9999 9999 9999 9999 9999 9999
394A Sali  198206051 9999 9999 9999 9999 9999 9999 9999 9999 9999 9999 9999 9999
394A Sali  198206052 9999 9999 9999 9999 9999 9999 9999 9999 9999 9999 9999 9999
394A Sali  198206061 9999 9999 9999 9999 9999 9999 9999 9999 9999 9999 9999 9999
394A Sali  198206062 9999 9999 9999 9999 9999 9999 9999 9999 9999 9999 9999 9999
394A Sali  198206071 9999 9999 9999 9999 9999 9999 9999 9999 9999 9999 9999 9999
394A Sali  198206072 9999 9999 9999 9999 9999 9999 9999 9999 9999 9999 9999 9999
394A Sali  198206081 9999 9999 9999 9999 9999 9999 9999 9999 9999 9999 9999 9999
394A Sali  198206082 9999 9999 9999 9999 9999 9999 9999 9999 9999 9999 9999 9999
394A Sali  198206091 9999 9999 9999 9999 9999 9999 9999 9999 9999 9999 9999 9999
394A Sali  198206092 9999 9999 9999 9999 9999 9999 9999 9999 9999 9999 9999 9999
394A Sali  198206101 9999 9999 9999 9999 9999 9999 9999 9999 9999 9999 9999 9999
394A Sali  198206102 9999 9999 9999 9999 9999 9999 9999 9999 9999 9999 9999 9999
394A Sali  198206111 9999 9999 9999 9999 9999 9999 9999 9999 9999 9999 9999 9999
394A Sali  198206112 9999 9999 9999 9999 9999 9999 9999 9999 9999 9999 9999 9999
394A Sali  198206121 9999 9999 9999 9999 9999 9999 9999 9999 9999 9999 9999 9999
394A Sali  198206122 9999 9999 9999 9999 9999 9999 9999 9999 9999 9999 9999 9999
394A Sali  198206131 9999 9999 9999 9999 9999 9999 9999 9999 9999 9999 9999 9999
394A Sali  198206132 9999 9999 9999 9999 9999 9999 9999 9999 9999 9999 9999 9999
394A Sali  198206141 9999 9999 9999 9999 9999 9999 9999 9999 9999 9999 9999 9999
394A Sali  198206142 9999 9999 9999 9999 9999 9999 9999 9999 9999 9999 9999 9999
394A Sali  198206151 9999 9999 9999 9999 9999 9999 9999 9999 9999 9999 9999 9999
394A Sali  198206152 9999 9999 9999 9999 9999 9999 9999 9999 9999 9999 9999 9999
394A Sali  198206161 9999 9999 9999 9999 9999 9999 9999 9999 9999 9999 9999 9999
394A Sali  198206162 9999 9999 9999 9999 9999 9999 9999 9999 9999 9999 9999 9999
394A Sali  198206171 9999 9999 9999 9999 9999 9999 9999 9999 9999 9999 9999 9999
394A Sali  198206172 9999 9999 9999 9999 9999 9999 9999 9999 9999 9999 9999 9999
394A Sali  198206181 9999 9999 9999 9999 9999 9999 9999 9999 9999 9999 9999 9999
394A Sali  198206182 9999 9999 9999 9999 9999 9999 9999 9999 9999 9999 9999 9999
394A Sali  198206191 9999 9999 9999 9999 9999 9999 9999 9999 9999 9999 9999 9999
394A Sali  198206192 9999 9999 9999 9999 9999 9999 9999 9999 9999 9999 9999 9999
394A Sali  198206201 9999 9999 9999 9999 9999 9999 9999 9999 9999 9999 9999 9999
394A Sali  198206202 9999 9999 9999 9999 9999 9999 9999 9999 9999 9999 9999 9999
394A Sali  198206211 9999 9999 9999 9999 9999 9999 9999 9999 9999 9999 9999 9999
394A Sali  198206212 9999 9999 9999 9999 9999 9999 9999 9999 9999 9999 9999 9999
394A Sali  198206221 9999 9999 9999 9999 9999 9999 9999 9999 9999 9999 9999 9999
394A Sali  198206222 9999 9999 9999 9999 9999 9999 9999 9999 9999 9999 9999 9999
394A Sali  198206231 9999 9999 9999 9999 9999 9999 9999 9999 9999 9999 9999 9999
394A Sali  198206232 9999 9999 9999 9999 9999 9999 9999 9999 9999 9999 9999 9999
394A Sali  198206241 9999 9999 9999 9999 9999 9999 9999 9999 9999 9999 9999 9999
394A Sali  198206242 9999 9999 9999 9999 9999 9999 9999 9999 9999 9999 9999 9999
394A Sali  198206251 9999 9999 9999 9999 9999 9999 9999 9999 9999 9999 9999 9999
394A Sali  198206252 9999 9999 9999 9999 9999 9999 9999 9999 9999 9999 9999 9999
394A Sali  198206261 9999 9999 9999 9999 9999 9999 9999 9999 9999 9999 9999 9999
394A Sali  198206262 9999 9999 9999 9999 9999 9999 9999 9999 9999 9999 9999 9999
394A Sali  198206271 9999 9999 9999 9999 9999 9999 9999 9999 9999 9999 9999 9999
394A Sali  198206272 9999 9999 9999 9999 9999 9999 9999 9999 9999 9999 9999 9999
394A Sali  198206281 9999 9999 9999 9999 9999 9999 9999 9999 9999 9999 9999 9999
394A Sali  198206282 9999 9999 9999 9999 9999 9999 9999 9999 9999 9999 9999 9999
394A Sali  198206291 9999 9999 9999 9999 9999 9999 9999 9999 9999 9999 9999 9999
394A Sali  198206292 9999 9999 9999 9999 9999 9999 9999 9999 9999 9999 9999 9999
394A Sali  198206301 9999 9999 9999 9999 9999 9999 9999 9999 9999 9999 9999 9999
394A Sali  198206302 9999 9999 9999 9999 9999 9999 9999 9999 9999 9999 9999 9999
394A Sali  198207011 9999 9999 9999 9999 9999 9999 9999 9999 9999 9999 9999 9999
394A Sali  198207012 9999 9999 9999 9999 9999 9999 9999 9999 9999 9999 9999 9999
394A Sali  198207021 9999 9999 9999 9999 9999 9999 9999 9999 9999 9999 9999 9999
394A Sali  198207022 9999 9999 9999 9999 9999 9999 9999 9999 9999 9999 9999 9999
394A Sali  198207031 9999 9999 9999 9999 9999 9999 9999 9999 9999 9999 9999 9999
394A Sali  198207032 9999 9999 9999 9999 9999 9999 9999 9999 9999 9999 9999 9999
394A Sali  198207041 9999 9999 9999 9999 9999 9999 9999 9999 9999 9999 9999 9999
394A Sali  198207042 9999 9999 9999 9999 9999 9999 9999 9999 9999 9999 9999 9999
394A Sali  198207051 9999 9999 9999 9999 9999 9999 9999 9999 9999 9999 9999 9999
394A Sali  198207052 9999 9999 9999 9999 9999 9999 9999 9999 9999 9999 9999 9999
394A Sali  198207061 9999 9999 9999 9999 9999 9999 9999 9999 9999 9999 9999 9999
394A Sali  198207062 9999 9999 9999 9999 9999 9999 9999 9999 9999 9999 9999 9999
394A Sali  198207071 9999 9999 9999 9999 9999 9999 9999 9999 9999 9999 9999 9999
394A Sali  198207072 9999 9999 9999 9999 9999 9999 9999 9999 9999 9999 9999 9999
394A Sali  198207081 9999 9999 9999 9999 9999 9999 9999 9999 9999 9999 9999 9999
394A Sali  198207082 9999 9999 9999 9999 9999 9999 9999 9999 9999 9999 9999 9999
394A Sali  198207091 9999 9999 9999 9999 9999 9999 9999 9999 9999 9999 9999 9999
394A Sali  198207092 9999 9999 9999 9999 9999 9999 9999 9999 9999 9999 9999 9999
394A Sali  198207101 9999 9999 9999 9999 9999 9999 9999 9999 9999 9999 9999 9999
394A Sali  198207102 9999 9999 9999 9999 9999 9999 9999 9999 9999 9999 9999 9999
394A Sali  198207111 9999 9999 9999 9999 9999 9999 9999 9999 9999 9999 9999 9999
394A Sali  198207112 9999 9999 9999 9999 9999 9999 9999 9999 9999 9999 9999 9999
394A Sali  198207121 9999 9999 9999 9999 9999 9999 9999 9999 9999 9999 9999 9999
394A Sali  198207122 9999 9999 9999 9999 9999 9999 9999 9999 9999 9999 9999 9999
394A Sali  198207131 9999 9999 9999 9999 9999 9999 9999 9999 9999 9999 9999 9999
394A Sali  198207132 9999 9999 9999 9999 9999 9999 9999 9999 9999 9999 9999 9999
394A Sali  198207141 9999 9999 9999 9999 9999 9999 9999 9999 9999 9999 9999 9999
394A Sali  198207142 9999 9999 9999 9999 9999 9999 9999 9999 9999 9999 9999 9999
394A Sali  198207151 9999 9999 9999 9999 9999 9999 9999 9999 9999 9999 9999 9999
394A Sali  198207152 9999 9999 9999 9999 9999 9999 9999 9999 9999 9999 9999 9999
394A Sali  198207161 9999 9999 9999 9999 9999 9999 9999 9999 9999 9999 9999 9999
394A Sali  198207162 9999 9999 9999 9999 9999 9999 9999 9999 9999 9999 9999 9999
394A Sali  198207171 9999 9999 9999 9999 9999 9999 9999 9999 9999 9999 9999 9999
394A Sali  198207172 9999 9999 9999 9999 9999 9999 9999 9999 9999 9999 9999 9999
394A Sali  198207181 9999 9999 9999 9999 9999 9999 9999 9999 9999 9999 9999 9999
394A Sali  198207182 9999 9999 9999 9999 9999 9999 9999 9999 9999 9999 9999 9999
394A Sali  198207191 9999 9999 9999 9999 9999 9999 9999 9999 9999 9999 9999 9999
394A Sali  198207192 9999 9999 9999 9999 9999 9999 9999 9999 9999 9999 9999 9999
394A Sali  198207201 9999 9999 9999 9999 9999 9999 9999 9999 9999 9999 9999 9999
394A Sali  198207202 9999 9999 9999 9999 9999 9999 9999 9999 9999 9999 9999 9999
394A Sali  198207211 9999 9999 9999 9999 9999 9999 9999 9999 9999 9999 9999 9999
394A Sali  198207212 9999 9999 9999 9999 9999 9999 9999 9999 9999 9999 9999 9999
394A Sali  198207221 9999 9999 9999 9999 9999 9999 9999 9999 9999 9999 9999 9999
394A Sali  198207222 9999 9999 9999 9999 9999 9999 9999 9999 9999 9999 9999 9999
394A Sali  198207231 9999 9999 9999 9999 9999 9999 9999 9999 9999 9999 9999 9999
394A Sali  198207232 9999 9999 9999 9999 9999 9999 9999 9999 9999 9999 9999 9999
394A Sali  198207241 9999 9999 9999 9999 9999 9999 9999 9999 9999 9999 9999 9999
394A Sali  198207242 9999 9999 9999 9999 9999 9999 9999 9999 9999 9999 9999 9999
394A Sali  198207251 9999 9999 9999 9999 9999 9999 9999 9999 9999 9999 9999 9999
394A Sali  198207252 9999 9999 9999 9999 9999 9999 9999 9999 9999 9999 9999 9999
394A Sali  198207261 9999 9999 9999 9999 9999 9999 9999 9999 9999 9999 9999 9999
394A Sali  198207262 9999 9999 9999 9999 9999 9999 9999 9999 9999 9999 9999 9999
394A Sali  198207271 9999 9999 9999 9999 9999 9999 9999 9999 9999 9999 9999 9999
394A Sali  198207272 9999 9999 9999 9999 9999 9999 9999 9999 9999 9999 9999 9999
394A Sali  198207281 9999 9999 9999 9999 9999 9999 9999 9999 9999 9999 9999 9999
394A Sali  198207282 9999 9999 9999 9999 9999 9999 9999 9999 9999 9999 9999 9999
394A Sali  198207291 9999 9999 9999 9999 9999 9999 9999 9999 9999 9999 9999 9999
394A Sali  198207292 9999 9999 9999 9999 9999 9999 9999 9999 9999 9999 9999 9999
394A Sali  198207301 9999 9999 9999 9999 9999 9999 9999 9999 9999 9999 9999 9999
394A Sali  198207302 9999 9999 9999 9999 9999 9999 9999 9999 9999 9999 9999 9999
394A Sali  198207311 9999 9999 9999 9999 9999 9999 9999 9999 9999 9999 9999 9999
394A Sali  198207312 9999 9999 9999 9999 9999 9999 9999 9999 9999 9999 9999 9999
394A Sali  198208011 9999 9999 9999 9999 9999 9999 9999 9999 9999 9999 9999 9999
394A Sali  198208012 9999 9999 9999 9999 9999 9999 9999 9999 9999 9999 9999 9999
394A Sali  198208021 9999 9999 9999 9999 9999 9999 9999 9999 9999 9999 9999 9999
394A Sali  198208022 9999 9999 9999 9999 9999 9999 9999 9999 9999 9999 9999 9999
394A Sali  198208031 9999 9999 9999 9999 9999 9999 9999 9999 9999 9999 9999 9999
394A Sali  198208032 9999 9999 9999 9999 9999 9999 9999 9999 9999 9999 9999 9999
394A Sali  198208041 9999 9999 9999 9999 9999 9999 9999 9999 9999 9999 9999 9999
394A Sali  198208042 9999 9999 9999 9999 9999 9999 9999 9999 9999 9999 9999 9999
394A Sali  198208051 9999 9999 9999 9999 9999 9999 9999 9999 9999 9999 9999 9999
394A Sali  198208052 9999 9999 9999 9999 9999 9999 9999 9999 9999 9999 9999 9999
394A Sali  198208061 9999 9999 9999 9999 9999 9999 9999 9999 9999 9999 9999 9999
394A Sali  198208062 9999 9999 9999 9999 9999 9999 9999 9999 9999 9999 9999 9999
394A Sali  198208071 9999 9999 9999 9999 9999 9999 9999 9999 9999 9999 9999 9999
394A Sali  198208072 9999 9999 9999 9999 9999 9999 9999 9999 9999 9999 9999 9999
394A Sali  198208081 9999 9999 9999 9999 9999 9999 9999 9999 9999 9999 9999 9999
394A Sali  198208082 9999 9999 9999 9999 9999 9999 9999 9999 9999 9999 9999 9999
394A Sali  198208091 9999 9999 9999 9999 9999 9999 9999 9999 9999 9999 9999 9999
394A Sali  198208092 9999 9999 9999 9999 9999 9999 9999 9999 9999 9999 9999 9999
394A Sali  198208101 9999 9999 9999 9999 9999 9999 9999 9999 9999 9999 9999 9999
394A Sali  198208102 9999 9999 9999 9999 9999 9999 9999 9999 9999 9999 9999 9999
394A Sali  198208111 9999 9999 9999 9999 9999 9999 9999 9999 9999 9999 9999 9999
394A Sali  198208112 9999 9999 9999 9999 9999 9999 9999 9999 9999 9999 9999 9999
394A Sali  198208121 9999 9999 9999 9999 9999 9999 9999 9999 9999 9999 9999 9999
394A Sali  198208122 9999 9999 9999 9999 9999 9999 9999 9999 9999 9999 9999 9999
394A Sali  198208131 9999 9999 9999 9999 9999 9999 9999 9999 9999 9999 9999 9999
394A Sali  198208132 9999 9999 9999 9999 9999 9999 9999 9999 9999 9999 9999 9999
394A Sali  198208141 9999 9999 9999 9999 9999 9999 9999 9999 9999 9999 9999 9999
394A Sali  198208142 9999 9999 9999 9999 9999 9999 9999 9999 9999 9999 9999 9999
394A Sali  198208151 9999 9999 9999 9999 9999 9999 9999 9999 9999 9999 9999 9999
394A Sali  198208152 9999 9999 9999 9999 9999 9999 9999 9999 9999 9999 9999 9999
394A Sali  198208161 9999 9999 9999 9999 9999 9999 9999 9999 9999 9999 9999 9999
394A Sali  198208162 9999 9999 9999 9999 9999 9999 9999 9999 9999 9999 9999 9999
394A Sali  198208171 9999 9999 9999 9999 9999 9999 9999 9999 9999 9999 9999 9999
394A Sali  198208172 9999 9999 9999 9999 9999 9999 9999 9999 9999 9999 9999 9999
394A Sali  198208181 9999 9999 9999 9999 9999 9999 9999 9999 9999 9999 9999 9999
394A Sali  198208182 9999 9999 9999 9999 9999 9999 9999 9999 9999 9999 9999 9999
394A Sali  198208191 9999 9999 9999 9999 9999 9999 9999 9999 9999 9999 9999 9999
394A Sali  198208192 9999 9999 9999 9999 9999 9999 9999 9999 9999 9999 9999 9999
394A Sali  198208201 9999 9999 9999 9999 9999 9999 9999 9999 9999 9999 9999 9999
394A Sali  198208202 9999 9999 9999 9999 9999 9999 9999 9999 9999 9999 9999 9999
394A Sali  198208211 9999 9999 9999 9999 9999 9999 9999 9999 9999 9999 9999 9999
394A Sali  198208212 9999 9999 9999 9999 9999 9999 9999 9999 9999 9999 9999 9999
394A Sali  198208221 9999 9999 9999 9999 9999 9999 9999 9999 9999 9999 9999 9999
394A Sali  198208222 9999 9999 9999 9999 9999 9999 9999 9999 9999 9999 9999 9999
394A Sali  198208231 9999 9999 9999 9999 9999 9999 9999 9999 9999 9999 9999 9999
394A Sali  198208232 9999 9999 9999 9999 9999 9999 9999 9999 9999 9999 9999 9999
394A Sali  198208241 9999 9999 9999 9999 9999 9999 9999 9999 9999 9999 9999 9999
394A Sali  198208242 9999 9999 9999 9999 9999 9999 9999 9999 9999 9999 9999 9999
394A Sali  198208251 9999 9999 9999 9999 9999 9999 9999 9999 9999 9999 9999 9999
394A Sali  198208252 9999 9999 9999 9999 9999 9999 9999 9999 9999 9999 9999 9999
394A Sali  198208261 9999 9999 9999 9999 9999 9999 9999 9999 9999 9999 9999 9999
394A Sali  198208262 9999 9999 9999 9999 9999 9999 9999 9999 9999 9999 9999 9999
394A Sali  198208271 9999 9999 9999 9999 9999 9999 9999 9999 9999 9999 9999 9999
394A Sali  198208272 9999 9999 9999 9999 9999 9999 9999 9999 9999 9999 9999 9999
394A Sali  198208281 9999 9999 9999 9999 9999 9999 9999 9999 9999 9999 9999 9999
394A Sali  198208282 9999 9999 9999 9999 9999 9999 9999 9999 9999 9999 9999 9999
394A Sali  198208291 9999 9999 9999 9999 9999 9999 9999 9999 9999 9999 9999 9999
394A Sali  198208292 9999 9999 9999 9999 9999 9999 9999 9999 9999 9999 9999 9999
394A Sali  198208301 9999 9999 9999 9999 9999 9999 9999 9999 9999 9999 9999 9999
394A Sali  198208302 9999 9999 9999 9999 9999 9999 9999 9999 9999 9999 9999 9999
394A Sali  198208311 9999 9999 9999 9999 9999 9999 9999 9999 9999 9999 9999 9999
394A Sali  198208312 9999 9999 9999 9999 9999 9999 9999 9999 9999 9999 9999 9999
394A Sali  198209011 9999 9999 9999 9999 9999 9999 9999 9999 9999 9999 9999 9999
394A Sali  198209012 9999 9999 9999 9999 9999 9999 9999 9999 9999 9999 9999 9999
394A Sali  198209021 9999 9999 9999 9999 9999 9999 9999 9999 9999 9999 9999 9999
394A Sali  198209022 9999 9999 9999 9999 9999 9999 9999 9999 9999 9999 9999 9999
394A Sali  198209031 9999 9999 9999 9999 9999 9999 9999 9999 9999 9999 9999 9999
394A Sali  198209032 9999 9999 9999 9999 9999 9999 9999 9999 9999 9999 9999 9999
394A Sali  198209041 9999 9999 9999 9999 9999 9999 9999 9999 9999 9999 9999 9999
394A Sali  198209042 9999 9999 9999 9999 9999 9999 9999 9999 9999 9999 9999 9999
394A Sali  198209051 9999 9999 9999 9999 9999 9999 9999 9999 9999 9999 9999 9999
394A Sali  198209052 9999 9999 9999 9999 9999 9999 9999 9999 9999 9999 9999 9999
394A Sali  198209061 9999 9999 9999 9999 9999 9999 9999 9999 9999 9999 9999 9999
394A Sali  198209062 9999 9999 9999 9999 9999 9999 9999 9999 9999 9999 9999 9999
394A Sali  198209071 9999 9999 9999 9999 9999 9999 9999 9999 9999 9999 9999 9999
394A Sali  198209072 9999 9999 9999 9999 9999 9999 9999 9999 9999 9999 9999 9999
394A Sali  198209081 9999 9999 9999 9999 9999 9999 9999 9999 9999 9999 9999 9999
394A Sali  198209082 9999 9999 9999 9999 9999 9999 9999 9999 9999 9999 9999 9999
394A Sali  198209091 9999 9999 9999 9999 9999 9999 9999 9999 9999 9999 9999 9999
394A Sali  198209092 9999 9999 9999 9999 9999 9999 9999 9999 9999 9999 9999 9999
394A Sali  198209101 9999 9999 9999 9999 9999 9999 9999 9999 9999 9999 9999 9999
394A Sali  198209102 9999 9999 9999 9999 9999 9999 9999 9999 9999 9999 9999 9999
394A Sali  198209111 9999 9999 9999 9999 9999 9999 9999 9999 9999 9999 9999 9999
394A Sali  198209112 9999 9999 9999 9999 9999 9999 9999 9999 9999 9999 9999 9999
394A Sali  198209121 9999 9999 9999 9999 9999 9999 9999 9999 9999 9999 9999 9999
394A Sali  198209122 9999 9999 9999 9999 9999 9999 9999 9999 9999 9999 9999 9999
394A Sali  198209131 9999 9999 9999 9999 9999 9999 9999 9999 9999 9999 9999 9999
394A Sali  198209132 9999 9999 9999 9999 9999 9999 9999 9999 9999 9999 9999 9999
394A Sali  198209141 9999 9999 9999 9999 9999 9999 9999 9999 9999 9999 9999 9999
394A Sali  198209142 9999 9999 9999 9999 9999 9999 9999 9999 9999 9999 9999 9999
394A Sali  198209151 9999 9999 9999 9999 9999 9999 9999 9999 9999 9999 9999 9999
394A Sali  198209152 9999 9999 9999 9999 9999 9999 9999 9999 9999 9999 9999 9999
394A Sali  198209161 9999 9999 9999 9999 9999 9999 9999 9999 9999 9999 9999 9999
394A Sali  198209162 9999 9999 9999 9999 9999 9999 9999 9999 9999 9999 9999 9999
394A Sali  198209171 9999 9999 9999 9999 9999 9999 9999 9999 9999 9999 9999 9999
394A Sali  198209172 9999 9999 9999 9999 9999 9999 9999 9999 9999 9999 9999 9999
394A Sali  198209181 9999 9999 9999 9999 9999 9999 9999 9999 9999 9999 9999 9999
394A Sali  198209182 9999 9999 9999 9999 9999 9999 9999 9999 9999 9999 9999 9999
394A Sali  198209191 9999 9999 9999 9999 9999 9999 9999 9999 9999 9999 9999 9999
394A Sali  198209192 9999 9999 9999 9999 9999 9999 9999 9999 9999 9999 9999 9999
394A Sali  198209201 9999 9999 9999 9999 9999 9999 9999 9999 9999 9999 9999 9999
394A Sali  198209202 9999 9999 9999 9999 9999 9999 9999 9999 9999 9999 9999 9999
394A Sali  198209211 9999 9999 9999 9999 9999 9999 9999 9999 9999 9999 9999 9999
394A Sali  198209212 9999 9999 9999 9999 9999 9999 9999 9999 9999 9999 9999 9999
394A Sali  198209221 9999 9999 9999 9999 9999 9999 9999 9999 9999 9999 9999 9999
394A Sali  198209222 9999 9999 9999 9999 9999 9999 9999 9999 9999 9999 9999 9999
394A Sali  198209231 9999 9999 9999 9999 9999 9999 9999 9999 9999 9999 9999 9999
394A Sali  198209232 9999 9999 9999 9999 9999 9999 9999 9999 9999 9999 9999 9999
394A Sali  198209241 9999 9999 9999 9999 9999 9999 9999 9999 9999 9999 9999 9999
394A Sali  198209242 9999 9999 9999 9999 9999 9999 9999 9999 9999 9999 9999 9999
394A Sali  198209251 9999 9999 9999 9999 9999 9999 9999 9999 9999 9999 9999 9999
394A Sali  198209252 9999 9999 9999 9999 9999 9999 9999 9999 9999 9999 9999 9999
394A Sali  198209261 9999 9999 9999 9999 9999 9999 9999 9999 9999 9999 9999 9999
394A Sali  198209262 9999 9999 9999 9999 9999 9999 9999 9999 9999 9999 9999 9999
394A Sali  198209271 9999 9999 9999 9999 9999 9999 9999 9999 9999 9999 9999 9999
394A Sali  198209272 9999 9999 9999 9999 9999 9999 9999 9999 9999 9999 9999 9999
394A Sali  198209281 9999 9999 9999 9999 9999 9999 9999 9999 9999 9999 9999 9999
394A Sali  198209282 9999 9999 9999 9999 9999 9999 9999 9999 9999 9999 9999 9999
394A Sali  198209291 9999 9999 9999 9999 9999 9999 9999 9999 9999 9999 9999 9999
394A Sali  198209292 9999 9999 9999 9999 9999 9999 9999 9999 9999 9999 9999 9999
394A Sali  198209301 9999 9999 9999 9999 9999 9999 9999 9999 9999 9999 9999 9999
394A Sali  198209302 9999 9999 9999 9999 9999 9999 9999 9999 9999 9999 9999 9999
394A Sali  198210011 9999 9999 9999 9999 9999 9999 9999 9999 9999 9999 9999 9999
394A Sali  198210012 9999 9999 9999 9999 9999 9999 9999 9999 9999 9999 9999 9999
394A Sali  198210021 9999 9999 9999 9999 9999 9999 9999 9999 9999 9999 9999 9999
394A Sali  198210022 9999 9999 9999 9999 9999 9999 9999 9999 9999 9999 9999 9999
394A Sali  198210031 9999 9999 9999 9999 9999 9999 9999 9999 9999 9999 9999 9999
394A Sali  198210032 9999 9999 9999 9999 9999 9999 9999 9999 9999 9999 9999 9999
394A Sali  198210041 9999 9999 9999 9999 9999 9999 9999 9999 9999 9999 9999 9999
394A Sali  198210042 9999 9999 9999 9999 9999 9999 9999 9999 9999 9999 9999 9999
394A Sali  198210051 9999 9999 9999 9999 9999 9999 9999 9999 9999 9999 9999 9999
394A Sali  198210052 9999 9999 9999 9999 9999 9999 9999 9999 9999 9999 9999 9999
394A Sali  198210061 9999 9999 9999 9999 9999 9999 9999 9999 9999 9999 9999 9999
394A Sali  198210062 9999 9999 9999 9999 9999 9999 9999 9999 9999 9999 9999 9999
394A Sali  198210071 9999 9999 9999 9999 9999 9999 9999 9999 9999 9999 9999 9999
394A Sali  198210072 9999 9999 9999 9999 9999 9999 9999 9999 9999 9999 9999 9999
394A Sali  198210081 9999 9999 9999 9999 9999 9999 9999 9999 9999 9999 9999 9999
394A Sali  198210082 9999 9999 9999 9999 9999 9999 9999 9999 9999 9999 9999 9999
394A Sali  198210091 9999 9999 9999 9999 9999 9999 9999 9999 9999 9999 9999 9999
394A Sali  198210092 9999 9999 9999 9999 9999 9999 9999 9999 9999 9999 9999 9999
394A Sali  198210101 9999 9999 9999 9999 9999 9999 9999 9999 9999 9999 9999 9999
394A Sali  198210102 9999 9999 9999 9999 9999 9999 9999 9999 9999 9999 9999 9999
394A Sali  198210111 9999 9999 9999 9999 9999 9999 9999 9999 9999 9999 9999 9999
394A Sali  198210112 9999 9999 9999 9999 9999 9999 9999 9999 9999 9999 9999 9999
394A Sali  198210121 9999 9999 9999 9999 9999 9999 9999 9999 9999 9999 9999 9999
394A Sali  198210122 9999 9999 9999 9999 9999 9999 9999 9999 9999 9999 9999 9999
394A Sali  198210131 9999 9999 9999 9999 9999 9999 9999 9999 9999 9999 9999 9999
394A Sali  198210132 9999 9999 9999 9999 9999 9999 9999 9999 9999 9999 9999 9999
394A Sali  198210141 9999 9999 9999 9999 9999 9999 9999 9999 9999 9999 9999 9999
394A Sali  198210142 9999 9999 9999 9999 9999 9999 9999 9999 9999 9999 9999 9999
394A Sali  198210151 9999 9999 9999 9999 9999 9999 9999 9999 9999 9999 9999 9999
394A Sali  198210152 9999 9999 9999 9999 9999 9999 9999 9999 9999 9999 9999 9999
394A Sali  198210161 9999 9999 9999 9999 9999 9999 9999 9999 9999 9999 9999 9999
394A Sali  198210162 9999 9999 9999 9999 9999 9999 9999 9999 9999 9999 9999 9999
394A Sali  198210171 9999 9999 9999 9999 9999 9999 9999 9999 9999 9999 9999 9999
394A Sali  198210172 9999 9999 9999 9999 9999 9999 9999 9999 9999 9999 9999 9999
394A Sali  198210181 9999 9999 9999 9999 9999 9999 9999 9999 9999 9999 9999 9999
394A Sali  198210182 9999 9999 9999 9999 9999 9999 9999 9999 9999 9999 9999 9999
394A Sali  198210191 9999 9999 9999 9999 9999 9999 9999 9999 9999 9999 9999 9999
394A Sali  198210192 9999 9999 9999 9999 9999 9999 9999 9999 9999 9999 9999 9999
394A Sali  198210201 9999 9999 9999 9999 9999 9999 9999 9999 9999 9999 9999 9999
394A Sali  198210202 9999 9999 9999 9999 9999 9999 9999 9999 9999 9999 9999 9999
394A Sali  198210211 9999 9999 9999 9999 9999 9999 9999 9999 9999 9999 9999 9999
394A Sali  198210212 9999 9999 9999 9999 9999 9999 9999 9999 9999 9999 9999 9999
394A Sali  198210221 9999 9999 9999 9999 9999 9999 9999 9999 9999 9999 9999 9999
394A Sali  198210222 9999 9999 9999 9999 9999 9999 9999 9999 9999 9999 9999 9999
394A Sali  198210231 9999 9999 9999 9999 9999 9999 9999 9999 9999 9999 9999 9999
394A Sali  198210232 9999 9999 9999 9999 9999 9999 9999 9999 9999 9999 9999 9999
394A Sali  198210241 9999 9999 9999 9999 9999 9999 9999 9999 9999 9999 9999 9999
394A Sali  198210242 9999 9999 9999 9999 9999 9999 9999 9999 9999 9999 9999 9999
394A Sali  198210251 9999 9999 9999 9999 9999 9999 9999 9999 9999 9999 9999 9999
394A Sali  198210252 9999 9999 9999 9999 9999 9999 9999 9999 9999 9999 9999 9999
394A Sali  198210261 9999 9999 9999 9999 9999 9999 9999 9999 9999 9999 9999 9999
394A Sali  198210262 9999 9999 9999 9999 9999 9999 9999 9999 9999 9999 9999 9999
394A Sali  198210271 9999 9999 9999 9999 9999 9999 9999 9999 9999 9999 9999 9999
394A Sali  198210272 9999 9999 9999 9999 9999 9999 9999 9999 9999 9999 9999 9999
394A Sali  198210281 9999 9999 9999 9999 9999 9999 9999 9999 9999 9999 9999 9999
394A Sali  198210282 9999 9999 9999 9999 9999 9999 9999 9999 9999 9999 9999 9999
394A Sali  198210291 9999 9999 9999 9999 9999 9999 9999 9999 9999 9999 9999 9999
394A Sali  198210292 9999 9999 9999 9999 9999 9999 9999 9999 9999 9999 9999 9999
394A Sali  198210301 9999 9999 9999 9999 9999 9999 9999 9999 9999 9999 9999 9999
394A Sali  198210302 9999 9999 9999 9999 9999 9999 9999 9999 9999 9999 9999 9999
394A Sali  198210311 9999 9999 9999 9999 9999 9999 9999 9999 9999 9999 9999 9999
394A Sali  198210312 9999 9999 9999 9999 9999 9999 9999 9999 9999 9999 9999 9999
394A Sali  198211011 9999 9999 9999 9999 9999 9999 9999 9999 9999 9999 9999 9999
394A Sali  198211012 9999 9999 9999 9999 9999 9999 9999 9999 9999 9999 9999 9999
394A Sali  198211021 9999 9999 9999 9999 9999 9999 9999 9999 9999 9999 9999 9999
394A Sali  198211022 9999 9999 9999 9999 9999 9999 9999 9999 9999 9999 9999 9999
394A Sali  198211031 9999 9999 9999 9999 9999 9999 9999 9999 9999 9999 9999 9999
394A Sali  198211032 9999 9999 9999 9999 9999 9999 9999 9999 9999 9999 9999 9999
394A Sali  198211041 9999 9999 9999 9999 9999 9999 9999 9999 9999 9999 9999 9999
394A Sali  198211042 9999 9999 9999 9999 9999 9999 9999 9999 9999 9999 9999 9999
394A Sali  198211051 9999 9999 9999 9999 9999 9999 9999 9999 9999 9999 9999 9999
394A Sali  198211052 9999 9999 9999 9999 9999 9999 9999 9999 9999 9999 9999 9999
394A Sali  198211061 9999 9999 9999 9999 9999 9999 9999 9999 9999 9999 9999 9999
394A Sali  198211062 9999 9999 9999 9999 9999 9999 9999 9999 9999 9999 9999 9999
394A Sali  198211071 9999 9999 9999 9999 9999 9999 9999 9999 9999 9999 9999 9999
394A Sali  198211072 9999 9999 9999 9999 9999 9999 9999 9999 9999 9999 9999 9999
394A Sali  198211081 9999 9999 9999 9999 9999 9999 9999 9999 9999 9999 9999 9999
394A Sali  198211082 9999 9999 9999 9999 9999 9999 9999 9999 9999 9999 9999 9999
394A Sali  198211091 9999 9999 9999 9999 9999 9999 9999 9999 9999 9999 9999 9999
394A Sali  198211092 9999 9999 9999 9999 9999 9999 9999 9999 9999 9999 9999 9999
394A Sali  198211101 9999 9999 9999 9999 9999 9999 9999 9999 9999 9999 9999 9999
394A Sali  198211102 9999 9999 9999 9999 9999 9999 9999 9999 9999 9999 9999 9999
394A Sali  198211111 9999 9999 9999 9999 9999 9999 9999 9999 9999 9999 9999 9999
394A Sali  198211112 9999 9999 9999 9999 9999 9999 9999 9999 9999 9999 9999 9999
394A Sali  198211121 9999 9999 9999 9999 9999 9999 9999 9999 9999 9999 9999 9999
394A Sali  198211122 9999 9999 9999 9999 9999 9999 9999 9999 9999 9999 9999 9999
394A Sali  198211131 9999 9999 9999 9999 9999 9999 9999 9999 9999 9999 9999 9999
394A Sali  198211132 9999 9999 9999 9999 9999 9999 9999 9999 9999 9999 9999 9999
394A Sali  198211141 9999 9999 9999 9999 9999 9999 9999 9999 9999 9999 9999 9999
394A Sali  198211142 9999 9999 9999 9999 9999 9999 9999 9999 9999 9999 9999 9999
394A Sali  198211151 9999 9999 9999 9999 9999 9999 9999 9999 9999 9999 9999 9999
394A Sali  198211152 9999 9999 9999 9999 9999 9999 9999 9999 9999 9999 9999 9999
394A Sali  198211161 9999 9999 9999 9999 9999 9999 9999 9999 9999 9999 9999 9999
394A Sali  198211162 9999 9999 9999 9999 9999 9999 9999 9999 9999 9999 9999 9999
394A Sali  198211171 9999 9999 9999 9999 9999 9999 9999 9999 9999 9999 9999 9999
394A Sali  198211172 9999 9999 9999 9999 9999 9999 9999 9999 9999 9999 9999 9999
394A Sali  198211181 9999 9999 9999 9999 9999 9999 9999 9999 9999 9999 9999 9999
394A Sali  198211182 9999 9999 9999 9999 9999 9999 9999 9999 9999 9999 9999 9999
394A Sali  198211191 9999 9999 9999 9999 9999 9999 9999 9999 9999 9999 9999 9999
394A Sali  198211192 9999 9999 9999 9999 9999 9999 9999 9999 9999 9999 9999 9999
394A Sali  198211201 9999 9999 9999 9999 9999 9999 9999 9999 9999 9999 9999 9999
394A Sali  198211202 9999 9999 9999 9999 9999 9999 9999 9999 9999 9999 9999 9999
394A Sali  198211211 9999 9999 9999 9999 9999 9999 9999 9999 9999 9999 9999 9999
394A Sali  198211212 9999 9999 9999 9999 9999 9999 9999 9999 9999 9999 9999 9999
394A Sali  198211221 9999 9999 9999 9999 9999 9999 9999 9999 9999 9999 9999 9999
394A Sali  198211222 9999 9999 9999 9999 9999 9999 9999 9999 9999 9999 9999 9999
394A Sali  198211231 9999 9999 9999 9999 9999 9999 9999 9999 9999 9999 9999 9999
394A Sali  198211232 9999 9999 9999 9999 9999 9999 9999 9999 9999 9999 9999 9999
394A Sali  198211241 9999 9999 9999 9999 9999 9999 9999 9999 9999 9999 9999 9999
394A Sali  198211242 9999 9999 9999 9999 9999 9999 9999 9999 9999 9999 9999 9999
394A Sali  198211251 9999 9999 9999 9999 9999 9999 9999 9999 9999 9999 9999 9999
394A Sali  198211252 9999 9999 9999 9999 9999 9999 9999 9999 9999 9999 9999 9999
394A Sali  198211261 9999 9999 9999 9999 9999 9999 9999 9999 9999 9999 9999 9999
394A Sali  198211262 9999 9999 9999 9999 9999 9999 9999 9999 9999 9999 9999 9999
394A Sali  198211271 9999 9999 9999 9999 9999 9999 9999 9999 9999 9999 9999 9999
394A Sali  198211272 9999 9999 9999 9999 9999 9999 9999 9999 9999 9999 9999 9999
394A Sali  198211281 9999 9999 9999 9999 9999 9999 9999 9999 9999 9999 9999 9999
394A Sali  198211282 9999 9999 9999 9999 9999 9999 9999 9999 9999 9999 9999 9999
394A Sali  198211291 9999 9999 9999 9999 9999 9999 9999 9999 9999 9999 9999 9999
394A Sali  198211292 9999 9999 9999 9999 9999 9999 9999 9999 9999 9999 9999 9999
394A Sali  198211301 9999 9999 9999 9999 9999 9999 9999 9999 9999 9999 9999 9999
394A Sali  198211302 9999 9999 9999 9999 9999 9999 9999 9999 9999 9999 9999 9999
394A Sali  198212011 9999 9999 9999 9999 9999 9999 9999 9999 9999 9999 9999 9999
394A Sali  198212012 9999 9999 9999 9999 9999 9999 9999 9999 9999 9999 9999 9999
394A Sali  198212021 9999 9999 9999 9999 9999 9999 9999 9999 9999 9999 9999 9999
394A Sali  198212022 9999 9999 9999 9999 9999 9999 9999 9999 9999 9999 9999 9999
394A Sali  198212031 9999 9999 9999 9999 9999 9999 9999 9999 9999 9999 9999 9999
394A Sali  198212032 9999 9999 9999 9999 9999 9999 9999 9999 9999 9999 9999 9999
394A Sali  198212041 9999 9999 9999 9999 9999 9999 9999 9999 9999 9999 9999 9999
394A Sali  198212042 9999 9999 9999 9999 9999 9999 9999 9999 9999 9999 9999 9999
394A Sali  198212051 9999 9999 9999 9999 9999 9999 9999 9999 9999 9999 9999 9999
394A Sali  198212052 9999 9999 9999 9999 9999 9999 9999 9999 9999 9999 9999 9999
394A Sali  198212061 9999 9999 9999 9999 9999 9999 9999 9999 9999 9999 9999 9999
394A Sali  198212062 9999 9999 9999 9999 9999 9999 9999 9999 9999 9999 9999 9999
394A Sali  198212071 9999 9999 9999 9999 9999 9999 9999 9999 9999 9999 9999 9999
394A Sali  198212072 9999 9999 9999 9999 9999 9999 9999 9999 9999 9999 9999 9999
394A Sali  198212081 9999 9999 9999 9999 9999 9999 9999 9999 9999 9999 9999 9999
394A Sali  198212082 9999 9999 9999 9999 9999 9999 9999 9999 9999 9999 9999 9999
394A Sali  198212091 9999 9999 9999 9999 9999 9999 9999 9999 9999 9999 9999 9999
394A Sali  198212092 9999 9999 9999 9999 9999 9999 9999 9999 9999 9999 9999 9999
394A Sali  198212101 9999 9999 9999 9999 9999 9999 9999 9999 9999 9999 9999 9999
394A Sali  198212102 9999 9999 9999 9999 9999 9999 9999 9999 9999 9999 9999 9999
394A Sali  198212111 9999 9999 9999 9999 9999 9999 9999 9999 9999 9999 9999 9999
394A Sali  198212112 9999 9999 9999 9999 9999 9999 9999 9999 9999 9999 9999 9999
394A Sali  198212121 9999 9999 9999 9999 9999 9999 9999 9999 9999 9999 9999 9999
394A Sali  198212122 9999 9999 9999 9999 9999 9999 9999 9999 9999 9999 9999 9999
394A Sali  198212131 9999 9999 9999 9999 9999 9999 9999 9999 9999 9999 9999 9999
394A Sali  198212132 9999 9999 9999 9999 9999 9999 9999 9999 9999 9999 9999 9999
394A Sali  198212141 9999 9999 9999 9999 9999 9999 9999 9999 9999 9999 9999 9999
394A Sali  198212142 9999 9999 9999 9999 9999 9999 9999 9999 9999 9999 9999 9999
394A Sali  198212151 9999 9999 9999 9999 9999 9999 9999 9999 9999 9999 9999 9999
394A Sali  198212152 9999 9999 9999 9999 9999 9999 9999 9999 9999 9999 9999 9999
394A Sali  198212161 9999 9999 9999 9999 9999 9999 9999 9999 9999 9999 9999 9999
394A Sali  198212162 9999 9999 9999 9999 9999 9999 9999 9999 9999 9999 9999 9999
394A Sali  198212171 9999 9999 9999 9999 9999 9999 9999 9999 9999 9999 9999 9999
394A Sali  198212172 9999 9999 9999 9999 9999 9999 9999 9999 9999 9999 9999 9999
394A Sali  198212181 9999 9999 9999 9999 9999 9999 9999 9999 9999 9999 9999 9999
394A Sali  198212182 9999 9999 9999 9999 9999 9999 9999 9999 9999 9999 9999 9999
394A Sali  198212191 9999 9999 9999 9999 9999 9999 9999 9999 9999 9999 9999 9999
394A Sali  198212192 9999 9999 9999 9999 9999 9999 9999 9999 9999 9999 9999 9999
394A Sali  198212201 9999 9999 9999 9999 9999 9999 9999 9999 9999 9999 9999 9999
394A Sali  198212202 9999 9999 9999 9999 9999 9999 9999 9999 9999 9999 9999 9999
394A Sali  198212211 9999 9999 9999 9999 9999 9999 9999 9999 9999 9999 9999 9999
394A Sali  198212212 9999 9999 9999 9999 9999 9999 9999 9999 9999 9999 9999 9999
394A Sali  198212221 9999 9999 9999 9999 9999 9999 9999 9999 9999 9999 9999 9999
394A Sali  198212222 9999 9999 9999 9999 9999 9999 9999 9999 9999 9999 9999 9999
394A Sali  198212231 9999 9999 9999 9999 9999 9999 9999 9999 9999 9999 9999 9999
394A Sali  198212232 9999 9999 9999 9999 9999 9999 9999 9999 9999 9999 9999 9999
394A Sali  198212241 9999 9999 9999 9999 9999 9999 9999 9999 9999 9999 9999 9999
394A Sali  198212242 9999 9999 9999 9999 9999 9999 9999 9999 9999 9999 9999 9999
394A Sali  198212251 9999 9999 9999 9999 9999 9999 9999 9999 9999 9999 9999 9999
394A Sali  198212252 9999 9999 9999 9999 9999 9999 9999 9999 9999 9999 9999 9999
394A Sali  198212261 9999 9999 9999 9999 9999 9999 9999 9999 9999 9999 9999 9999
394A Sali  198212262 9999 9999 9999 9999 9999 9999 9999 9999 9999 9999 9999 9999
394A Sali  198212271 9999 9999 9999 9999 9999 9999 9999 9999 9999 9999 9999 9999
394A Sali  198212272 9999 9999 9999 9999 9999 9999 9999 9999 9999 9999 9999 9999
394A Sali  198212281 9999 9999 9999 9999 9999 9999 9999 9999 9999 9999 9999 9999
394A Sali  198212282 9999 9999 9999 9999 9999 9999 9999 9999 9999 9999 9999 9999
394A Sali  198212291 9999 9999 9999 9999 9999 9999 9999 9999 9999 9999 9999 9999
394A Sali  198212292 9999 9999 9999 9999 9999 9999 9999 9999 9999 9999 9999 9999
394A Sali  198212301 9999 9999 9999 9999 9999 9999 9999 9999 9999 9999 9999 9999
394A Sali  198212302 9999 9999 9999 9999 9999 9999 9999 9999 9999 9999 9999 9999
394A Sali  198212311 9999 9999 9999 9999 9999 9999 9999 9999 9999 9999 9999 9999
394A Sali  198212312 9999 9999 9999 9999 9999 9999 9999 9999 9999 9999 9999 9999
