394A Salina Cruz        Mexico              1968 16096N 095122W 0000 3 00000R MM
394A Sali  196801011 1006  762  610  610  762 1006 1402 1707 1951 2073 1981 1798
394A Sali  196801012 1494 1158  853  671  640  762  975 1250 1494 1646 1676 1554
394A Sali  196801021 1341 1067  823  671  671  823 1097 1433 1737 1981 2073 1981
394A Sali  196801022 1737 1433 1067  792  622  610  762 1006 1311 1554 1707 1737
394A Sali  196801031 1585 1372 1067  823  701  701  853 1128 1463 1768 1951 2012
394A Sali  196801032 1890 1646 1311  975  732  579  610  792 1067 1372 1615 1768
394A Sali  196801041 1768 1615 1341 1067  853  701  732  884 1158 1463 1737 1920
394A Sali  196801042 1920 1798 1524 1189  884  671  579  640  853 1128 1433 1676
394A Sali  196801051 1798 1737 1585 1341 1067  823  732  762  945 1189 1463 1707
394A Sali  196801052 1829 1798 1646 1372 1067  792  610  579  701  945 1219 1524
394A Sali  196801061 1707 1798 1707 1524 1280 1036  823  762  792  975 1189 1463
394A Sali  196801062 1646 1737 1676 1494 1219  975  732  610  640  792 1036 1311
394A Sali  196801071 1585 1737 1768 1683 1494 1250 1006  823  792  853 1006 1219
394A Sali  196801072 1433 1585 1615 1524 1341 1128  884  732  671  732  914 1158
394A Sali  196801081 1402 1615 1737 1737 1615 1433 1189 1006  853  823  914 1067
394A Sali  196801082 1250 1402 1524 1524 1433 1250 1036  853  762  762  853 1036
394A Sali  196801091 1250 1494 1646 1737 1707 1585 1372 1189 1006  884  884  945
394A Sali  196801092 1097 1250 1372 1463 1433 1341 1189 1006  884  823  823  945
394A Sali  196801101 1128 1341 1524 1676 1737 1676 1554 1372 1158 1006  914  914
394A Sali  196801102 1006 1128 1250 1372 1402 1372 1280 1128 1006  914  853  914
394A Sali  196801111 1036 1189 1402 1554 1676 1707 1646 1524 1341 1189 1036  945
394A Sali  196801112  945 1036 1128 1250 1341 1372 1341 1250 1128 1006  914  914
394A Sali  196801121  945 1067 1250 1433 1585 1676 1707 1646 1524 1341 1189 1036
394A Sali  196801122  975  975 1036 1128 1219 1311 1341 1311 1219 1128 1006  945
394A Sali  196801131  914  975 1097 1280 1463 1615 1707 1707 1646 1524 1341 1158
394A Sali  196801132 1006  945  945 1006 1097 1219 1311 1341 1311 1219 1128 1006
394A Sali  196801141  914  884  945 1097 1280 1463 1646 1737 1737 1646 1494 1311
394A Sali  196801142 1097  945  884  884  975 1097 1219 1341 1372 1341 1219 1097
394A Sali  196801151  975  884  853  945 1097 1311 1524 1676 1768 1768 1646 1463
394A Sali  196801152 1250 1036  884  823  853  975 1128 1280 1402 1433 1311 1250
394A Sali  196801161 1067  914  823  823  945 1128 1341 1585 1768 1829 1798 1646
394A Sali  196801162 1402 1158  945  792  762  823  975 1189 1372 1463 1494 1402
394A Sali  196801171 1250 1036  884  792  823  945 1158 1433 1646 1829 1859 1798
394A Sali  196801172 1585 1341 1067  823  701  732  853 1067 1280 1494 1585 1585
394A Sali  196801181 1463 1250 1036  853  762  823  975 1219 1494 1737 1859 1890
394A Sali  196801182 1737 1524 1219  945  732  671  732  914 1158 1433 1615 1707
394A Sali  196801191 1646 1494 1250 1006  823  762  823 1006 1280 1554 1768 1890
394A Sali  196801192 1859 1676 1402 1097  823  671  640  762 1006 1311 1585 1768
394A Sali  196801201 1829 1707 1524 1250 1006  823  762  853 1036 1311 1585 1768
394A Sali  196801202 1859 1768 1554 1280  975  732  610  671  853 1128 1433 1707
394A Sali  196801211 1890 1890 1768 1494 1219  975  792  762  853 1067 1341 1585
394A Sali  196801212 1737 1768 1676 1433 1158  853  671  610  701  945 1250 1554
394A Sali  196801221 1829 1951 1920 1737 1463 1189  914  762  762  884 1097 1341
394A Sali  196801222 1554 1707 1676 1554 1311 1036  792  640  610  762 1006 1341
394A Sali  196801231 1646 1859 1951 1890 1707 1433 1128  884  762  762  884 1097
394A Sali  196801232 1341 1524 1615 1585 1433 1189  945  732  610  640  792 1067
394A Sali  196801241 1402 1676 1890 1951 1859 1646 1372 1097  884  762  792  914
394A Sali  196801242 1097 1341 1494 1554 1494 1341 1128  792  640  518  640  792
394A Sali  196801251 1097 1402 1646 1829 1890 1798 1585 1342 1097  884  792  823
394A Sali  196801252  945 1128 1372 1463 1524 1433 1250 1128  945  762  701  762
394A Sali  196801261  914 1158 1463 1737 1890 1920 1829 1615 1341 1097  914  853
394A Sali  196801262  853  975 1158 1311 1463 1524 1463 1341 1158  945  823  792
394A Sali  196801271  853 1006 1250 1524 1768 1951 1981 1890 1676 1433 1219 1006
394A Sali  196801272  853  884  945 1158 1311 1433 1524 1524 1402 1189 1002  853
394A Sali  196801281  762  792  975 1189 1463 1707 1890 1951 1829 1646 1402 1128
394A Sali  196801282  975  823  792  884 1067 1280 1433 1524 1524 1402 1189 1006
394A Sali  196801291  823  762  762  945 1189 1433 1707 1859 1920 1829 1646 1372
394A Sali  196801292 1097  853  762  732  823 1036 1250 1402 1524 1524 1402 1219
394A Sali  196801301 1006  792  701  701  853 1097 1372 1646 1798 1859 1737 1554
394A Sali  196801302 1280 1036  762  671  671  823 1036 1280 1494 1585 1585 1433
394A Sali  196801311 1219  975  762  671  701  823 1067 1372 1646 1768 1798 1707
394A Sali  196801312 1494 1189  914  701  549  640  762 1067 1341 1554 1646 1646
394A Sali  196802011 1524 1250 1006  762  701  732  884 1189 1463 1707 1890 1890
394A Sali  196802012 1737 1463 1158  914  732  671  762  975 1250 1524 1768 1890
394A Sali  196802021 1798 1615 1341 1067  884  792  853 1036 1280 1554 1768 1859
394A Sali  196802022 1859 1707 1402 1097  853  671  640  701  914 1219 1463 1615
394A Sali  196802031 1676 1615 1402 1097  884  671  549  610  823 1128 1402 1554
394A Sali  196802032 1676 1615 1433 1128  884  640  488  610  732 1006 1311 1585
394A Sali  196802041 1737 1798 1676 1402 1158  975  762  762  853 1036 1311 1554
394A Sali  196802042 1707 1737 1676 1402 1158  914  762  701  823  945 1250 1524
394A Sali  196802051 1768 1829 1859 1737 1494 1189  945  823  792  884 1128 1341
394A Sali  196802052 1494 1615 1646 1494 1250 1036  853  701  701  792 1067 1341
394A Sali  196802061 1554 1707 1798 1707 1554 1280 1067  884  732  792  914 1067
394A Sali  196802062 1311 1433 1494 1433 1280 1067  823  701  610  671  792 1006
394A Sali  196802071 1250 1433 1615 1615 1524 1372 1097  884  701  671  701  792
394A Sali  196802072  975 1097 1280 1280 1189 1067  914  732  610  610  701  823
394A Sali  196802081 1036 1280 1494 1585 1585 1494 1341 1128  945  792  762  792
394A Sali  196802082  975 1097 1250 1341 1341 1219 1128  945  792  701  701  792
394A Sali  196802091 1006 1219 1402 1585 1615 1585 1463 1219 1036  914  792  823
394A Sali  196802092  884 1006 1219 1250 1341 1280 1219 1067  914  762  732  792
394A Sali  196802101  914 1097 1311 1494 1615 1676 1615 1494 1280 1097  975  914
394A Sali  196802102  914  975 1097 1250 1372 1402 1402 1311 1158 1067  945  914
394A Sali  196802111  945 1067 1250 1433 1615 1768 1829 1768 1646 1494 1280 1158
394A Sali  196802112 1036 1006 1097 1219 1341 1433 1494 1494 1402 1250 1128 1036
394A Sali  196802121 1006 1036 1128 1311 1463 1676 1768 1829 1768 1585 1341 1158
394A Sali  196802122 1036  975  945 1036 1189 1372 1463 1524 1524 1433 1280 1097
394A Sali  196802131  975  914  975 1067 1280 1494 1707 1829 1829 1768 1585 1402
394A Sali  196802132 1158  975  853  884  975 1158 1341 1463 1524 1494 1372 1219
394A Sali  196802141 1067  853  823  853  975 1219 1463 1676 1768 1798 1646 1463
394A Sali  196802142 1189  945  762  671  732  884 1128 1372 1494 1585 1494 1341
394A Sali  196802151 1158  945  792  762  792 1006 1250 1554 1707 1829 1768 1676
394A Sali  196802152 1433 1128  914  732  671  792  975 1280 1494 1676 1737 1615
394A Sali  196802161 1433 1189  914  732  701  732  975 1280 1524 1737 1829 1768
394A Sali  196802162 1554 1250 1036  823  610  640  792 1036 1341 1615 1768 1768
394A Sali  196802171 1676 1463 1158  914  701  671  792 1006 1311 1615 1737 1829
394A Sali  196802172 1707 1494 1219  853  671  579  671  853 1219 1524 1798 1981
394A Sali  196802181 1920 1768 1463 1189  853  701  671  823 1036 1341 1615 1768
394A Sali  196802182 1768 1676 1433 1097  823  579  549  671  884 1280 1585 1890
394A Sali  196802191 2012 1951 1676 1372 1036  792  610  610  762 1006 1285 1524
394A Sali  196802192 1707 1676 1554 1219  945  671  549  518  701 1006 1341 1676
394A Sali  196802201 1951 2042 1920 1707 1402 1036  732  610  640  762 1036 1341
394A Sali  196802202 1524 1646 1585 1372 1097  792  579  457  518  762 1067 1402
394A Sali  196802211 1737 1890 1951 1829 1554 1250  945  732  640  701  884 1097
394A Sali  196802212 1402 1554 1585 1524 1311 1067  823  640  518  610  792 1128
394A Sali  196802221 1433 1707 1890 1920 1798 1494 1250  945  732  671  732  914
394A Sali  196802222 1097 1311 1494 1524 1433 1246 1006  762  610  610  671  914
394A Sali  196802231 1219 1524 1737 1890 1890 1768 1524 1250  975  792  732  792
394A Sali  196802232  945 1128 1311 1463 1494 1433 1219 1006  823  701  610  701
394A Sali  196802241  914 1158 1433 1646 1798 1737 1615 1433 1158  914  762  701
394A Sali  196802242  701  853 1036 1189 1280 1341 1250 1097  914  732  579  549
394A Sali  196802251  610  762 1036 1280 1463 1615 1615 1494 1311 1097  914  732
394A Sali  196802252  640  732  823 1006 1189 1311 1341 1280 1158  945  792  701
394A Sali  196802261  671  671  823 1036 1311 1494 1585 1615 1524 1311 1097  884
394A Sali  196802262  732  640  701  792  975 1128 1250 1372 1341 1219 1036  823
394A Sali  196802271  671  610  640  732  975 1189 1402 1554 1554 1494 1341 1097
394A Sali  196802272  853  701  610  671  792  975 1158 1341 1433 1463 1372 1158
394A Sali  196802281  945  792  671  671  823 1067 1311 1524 1676 1646 1524 1402
394A Sali  196802282 1128  884  701  671  732  914 1128 1341 1524 1615 1554 1463
394A Sali  196802291 1250 1006  823  701  732  884 1097 1372 1554 1676 1646 1554
394A Sali  196802292 1341 1006  762  610  671  701  945 1219 1433 1615 1646 1585
394A Sali  196803011 1402 1128  884  671  579  640  792 1036 1250 1463 1554 1524
394A Sali  196803012 1341 1128  823  610  518  488  610  846 1128 1402 1585 1615
394A Sali  196803021 1554 1341 1097  853  610  579  640  823 1097 1341 1494 1585
394A Sali  196803022 1524 1372 1097  823  640  579  671  823 1128 1433 1585 1737
394A Sali  196803031 1737 1585 1341 1036  823  671  610  732  884 1189 1402 1554
394A Sali  196803032 1494 1433 1219  975  671  549  549  701  884 1158 1463 1646
394A Sali  196803041 1737 1676 1494 1219  945  732  610  610  792 1006 1250 1463
394A Sali  196803042 1524 1494 1341 1128  884  671  579  610  792 1036 1311 1554
394A Sali  196803051 1676 1707 1646 1402 1097  853  671  579  671  823 1036 1250
394A Sali  196803052 1433 1494 1402 1250 1036  792  671  579  701  914 1158 1433
394A Sali  196803061 1615 1737 1707 1554 1311 1036  823  640  671  792  945 1158
394A Sali  196803062 1341 1463 1463 1372 1128  975  762  671  701  792 1006 1250
394A Sali  196803071 1463 1676 1737 1707 1433 1250  975  823  701  732  823  975
394A Sali  196803072 1158 1280 1402 1341 1189 1036  853  732  671  732  853 1128
394A Sali  196803081 1341 1524 1646 1646 1524 1341 1158  975  792  701  732  853
394A Sali  196803082 1006 1189 1311 1372 1250 1128  945  823  732  762  792  975
394A Sali  196803091 1128 1341 1585 1615 1615 1494 1280 1067  914  762  762  792
394A Sali  196803092  975 1097 1219 1280 1280 1219 1097  975  823  762  762  853
394A Sali  196803101 1006 1189 1372 1554 1585 1585 1494 1280 1097  945  853  823
394A Sali  196803102  884  975 1128 1280 1341 1341 1219 1128 1006  853  792  792
394A Sali  196803111  853 1036 1250 1433 1585 1646 1768 1646 1463 1311 1158 1036
394A Sali  196803112 1006 1067 1189 1311 1433 1494 1494 1433 1311 1158 1036  945
394A Sali  196803121  941 1013 1144 1308 1465 1579 1625 1585 1467 1300 1115  945
394A Sali  196803122  823  792  884 1006 1158 1280 1372 1402 1311 1158 1036  853
394A Sali  196803131  762  732  853  975 1158 1341 1494 1524 1494 1341 1158  945
394A Sali  196803132  732  610  579  671  823 1006 1128 1311 1311 1280 1097  884
394A Sali  196803141  701  579  549  640  853 1067 1311 1433 1554 1494 1341 1158
394A Sali  196803142  914  701  579  518  671  884 1128 1341 1494 1524 1372 1189
394A Sali  196803151  975  762  610  518  610  792  975 1282 1524 1585 1463 1250
394A Sali  196803152 1067  884  732  554  518  671  914 1189 1433 1676 1707 1494
394A Sali  196803161 1250 1067  823  579  518  640  823 1006 1250 1463 1593 1585
394A Sali  196803162 1311  975  671  518  518  610  853 1219 1524 1798 1890 1798
394A Sali  196803171 1646 1372 1006  701  549  549  701  945 1250 1494 1646 1646
394A Sali  196803172 1494 1189  884  610  488  518  701 1006 1341 1737 1981 2042
394A Sali  196803181 1920 1676 1250  945  671  549  549  792 1036 1341 1615 1707
394A Sali  196803182 1615 1402 1097  853  610  518  579  762 1128 1524 1890 2103
394A Sali  196803191 2134 1951 1707 1311 1006  732  579  671  853 1128 1402 1615
394A Sali  196803192 1768 1646 1463 1158  853  640  549  610  884 1219 1585 1951
394A Sali  196803201 2134 2134 1920 1646 1250  975  732  640  701  914 1219 1463
394A Sali  196803202 1707 1768 1676 1433 1097  823  640  610  701  914 1341 1676
394A Sali  196803211 1951 2073 2073 1829 1585 1219  975  732  671  762 1036 1250
394A Sali  196803212 1524 1707 1676 1554 1372 1067  884  671  640  792 1006 1341
394A Sali  196803221 1646 1890 2012 1981 1707 1372 1158  884  732  701  884 1006
394A Sali  196803222 1158 1433 1524 1494 1372 1097  853  701  518  518  610  823
394A Sali  196803231 1067 1341 1524 1646 1585 1372 1128  884  610  518  518  579
394A Sali  196803232  732  945 1128 1219 1219 1128  975  792  579  457  457  549
394A Sali  196803241  732  975 1219 1402 1463 1433 1341 1097  884  732  640  579
394A Sali  196803242  701  823 1036 1219 1280 1280 1280 1128  945  792  701  671
394A Sali  196803251  732  945 1158 1341 1524 1585 1554 1433 1280 1036  853  732
394A Sali  196803252  732  823  975 1128 1280 1433 1463 1402 1250 1097  914  792
394A Sali  196803261  762  823  975 1158 1341 1494 1585 1554 1402 1250 1036  884
394A Sali  196803262  762  732  823  975 1189 1372 1494 1524 1463 1311 1158  975
394A Sali  196803271  853  762  884 1006 1158 1372 1494 1615 1585 1433 1219 1067
394A Sali  196803272  884  762  732  853 1036 1189 1433 1585 1615 1585 1402 1219
394A Sali  196803281 1036  853  792  853  975 1097 1250 1433 1554 1585 1494 1250
394A Sali  196803282 1006  823  701  732  853 1036 1311 1524 1676 1707 1615 1402
394A Sali  196803291 1158  945  792  732  823  914 1097 1341 1494 1554 1524 1372
394A Sali  196803292 1189  945  792  701  732  914 1097 1402 1646 1737 1737 1615
394A Sali  196803301 1433 1158  945  732  671  732  914 1097 1341 1463 1615 1554
394A Sali  196803302 1372 1158  945  792  762  853 1036 1311 1585 1768 1890 1859
394A Sali  196803311 1676 1433 1128  914  762  792  884 1097 1280 1524 1646 1676
394A Sali  196803312 1554 1372 1128  884  823  853 1006 1250 1494 1768 1920 2012
394A Sali  196804011 1920 1676 1433 1158  914  823  823  914 1128 1341 1554 1707
394A Sali  196804012 1707 1554 1372 1158  945  825  823 1006 1250 1494 1798 1890
394A Sali  196804021 1981 1859 1646 1280 1036  823  732  823  975 1219 1463 1585
394A Sali  196804022 1646 1585 1402 1189 1036  853  853  945 1158 1341 1646 1920
394A Sali  196804031 1951 1951 1798 1463 1189 1006  853  823  945 1128 1372 1554
394A Sali  196804032 1676 1676 1524 1280 1128  945  884  884 1006 1311 1585 1768
394A Sali  196804041 1890 1981 1859 1615 1372 1097  945  853  853 1006 1219 1433
394A Sali  196804042 1554 1615 1585 1372 1189 1036  884  853  945 1158 1402 1646
394A Sali  196804051 1859 1920 1859 1737 1494 1280 1067  884  884  945 1097 1280
394A Sali  196804052 1463 1524 1585 1463 1250 1067  914  792  762  884 1097 1311
394A Sali  196804061 1494 1676 1737 1646 1433 1250 1036  853  732  762  853 1006
394A Sali  196804062 1219 1341 1433 1402 1280 1097 1006  823  792  914  975 1219
394A Sali  196804071 1463 1646 1737 1768 1646 1494 1311 1128  975  914  914 1006
394A Sali  196804072 1189 1372 1494 1554 1554 1402 1250 1097 1006  884  975 1128
394A Sali  196804081 1250 1494 1676 1768 1737 1676 1524 1311 1158 1067  975  975
394A Sali  196804082 1128 1311 1433 1585 1615 1585 1463 1311 1097 1036  975 1036
394A Sali  196804091 1158 1311 1494 1646 1707 1676 1707 1494 1311 1128  975  914
394A Sali  196804092  914 1067 1280 1402 1615 1676 1585 1463 1341 1128 1006  945
394A Sali  196804101 1036 1128 1311 1494 1615 1676 1676 1585 1433 1250 1067  914
394A Sali  196804102  884  945 1036 1311 1433 1615 1707 1615 1463 1311 1067  945
394A Sali  196804111  884  884 1006 1189 1372 1494 1585 1585 1402 1250 1036  884
394A Sali  196804112  792  762  853  975 1219 1463 1585 1676 1585 1402 1250  975
394A Sali  196804121  823  671  701  853 1036 1280 1463 1524 1554 1402 1219 1006
394A Sali  196804122  792  701  732  945 1128 1463 1676 1829 1859 1768 1554 1341
394A Sali  196804131 1036  823  762  792  914 1158 1433 1615 1646 1585 1463 1219
394A Sali  196804132  945  762  671  762  945 1250 1585 1829 2012 2012 1798 1554
394A Sali  196804141 1280  975  762  671  732  945 1219 1494 1676 1768 1615 1402
394A Sali  196804142 1161  894  665  553  603  808 1121 1481 1804 2012 2055 1926
394A Sali  196804151 1663 1327  985  724  609  657  843 1113 1402 1646 1737 1676
394A Sali  196804152 1494 1219  914  671  579  640  914 1250 1646 1981 2195 2195
394A Sali  196804161 2012 1707 1311  945  701  579  640  853 1158 1463 1676 1737
394A Sali  196804162 1676 1463 1158  853  610  549  640  914 1280 1676 1981 2195
394A Sali  196804171 2164 1951 1646 1250  884  671  579  671  914 1219 1494 1707
394A Sali  196804172 1768 1646 1402 1097  792  579  549  671  945 1311 1688 1981
394A Sali  196804181 2134 2103 1890 1554 1189  853  671  610  732  975 1280 1554
394A Sali  196804182 1707 1737 1615 1372 1067  792  610  579  732 1006 1372 1707
394A Sali  196804191 1951 2073 2012 1798 1463 1128  853  701  671  792 1036 1311
394A Sali  196804192 1554 1707 1707 1585 1341 1036  823  671  671  792 1067 1402
394A Sali  196804201 1676 1951 1981 1890 1676 1402 1097  853  732  732  853 1097
394A Sali  196804202 1341 1554 1676 1676 1494 1280 1036  853  792  762  914 1189
394A Sali  196804211 1433 1646 1768 1829 1768 1524 1250 1067  914  762  823  945
394A Sali  196804212 1128 1372 1554 1646 1615 1494 1341 1158  975  884  884 1036
394A Sali  196804221 1219 1402 1615 1737 1768 1707 1524 1280 1067  914  853  884
394A Sali  196804222 1036 1189 1402 1585 1676 1676 1524 1341 1189 1006  884  945
394A Sali  196804231 1006 1158 1341 1524 1676 1676 1585 1433 1250 1067  884  853
394A Sali  196804232  884 1036 1189 1402 1585 1676 1676 1585 1433 1250 1067  975
394A Sali  196804241  975 1006 1128 1280 1494 1554 1615 1554 1372 1219 1036  914
394A Sali  196804242  853  945 1067 1250 1433 1585 1707 1737 1646 1463 1250 1036
394A Sali  196804251  945  884  914 1067 1219 1372 1494 1494 1402 1280 1097  975
394A Sali  196804252  823  762  853  945 1158 1372 1585 1676 1707 1615 1463 1280
394A Sali  196804261 1067  914  884  945 1097 1280 1463 1554 1615 1585 1402 1250
394A Sali  196804262 1067  945  884  945 1128 1341 1585 1737 1859 1798 1676 1494
394A Sali  196804271 1250 1006  884  823  914 1097 1250 1463 1585 1585 1494 1341
394A Sali  196804272 1158 1006  884  884 1036 1219 1433 1707 1859 1951 1890 1707
394A Sali  196804281 1463 1219  975  823  792  914 1097 1311 1494 1585 1585 1433
394A Sali  196804282 1280 1097  914  823  853  975 1189 1433 1707 1859 1890 1768
394A Sali  196804291 1554 1280 1036  853  762  792  914 1128 1311 1433 1585 1554
394A Sali  196804292 1402 1219 1036  914  823  914 1097 1341 1585 1829 1920 1890
394A Sali  196804301 1768 1494 1219  945  732  732  792  945 1158 1372 1463 1524
394A Sali  196804302 1463 1311 1097  884  762  762  853 1097 1372 1615 1737 1829
394A Sali  196805011 1768 1585 1341 1036  792  701  732  823 1006 1250 1402 1494
394A Sali  196805012 1494 1372 1189 1006  823  762  823  975 1219 1494 1737 1890
394A Sali  196805021 1890 1768 1524 1250 1036  853  762  792  945 1158 1372 1494
394A Sali  196805022 1554 1494 1341 1158  975  823  853  945 1097 1341 1615 1829
394A Sali  196805031 1890 1829 1707 1433 1189  945  823  792  884 1036 1280 1463
394A Sali  196805032 1585 1585 1524 1341 1158  945  914  945 1067 1280 1494 1707
394A Sali  196805041 1920 1981 1890 1707 1463 1219 1006  914  975 1036 1219 1402
394A Sali  196805042 1554 1615 1615 1554 1372 1158 1036  975  914  975 1097 1280
394A Sali  196805051 1494 1757 1920 1798 1615 1463 1311 1158 1036  884  884 1067
394A Sali  196805052 1334 1554 1646 1554 1402 1219 1067  945  914  975 1158 1372
394A Sali  196805061 1524 1676 1829 1829 1737 1524 1250 1067  945  884  945 1097
394A Sali  196805062 1250 1433 1615 1646 1615 1463 1219 1097  975  945 1067 1189
394A Sali  196805071 1372 1646 1768 1768 1615 1433 1250 1128 1006  914  884 1006
394A Sali  196805072 1219 1402 1615 1707 1646 1585 1402 1219 1036  945  914 1006
394A Sali  196805081 1219 1341 1524 1676 1707 1676 1554 1341 1097  914  853  884
394A Sali  196805082 1036 1219 1433 1585 1676 1707 1646 1463 1250 1067  945  945
394A Sali  196805091 1006 1219 1341 1524 1646 1676 1585 1463 1280 1036  914  823
394A Sali  196805092  853 1036 1250 1433 1646 1829 1859 1737 1554 1280 1097  945
394A Sali  196805101  945 1006 1128 1311 1463 1585 1646 1585 1433 1158 1006  884
394A Sali  196805102  884  884 1036 1372 1615 1859 1951 1981 1829 1615 1280 1189
394A Sali  196805111  945  884  884 1067 1250 1494 1646 1707 1524 1372 1158  945
394A Sali  196805112  762  792  945 1128 1402 1646 1859 2042 2012 1859 1615 1311
394A Sali  196805121 1006  853  762  853 1006 1219 1402 1615 1646 1585 1341 1036
394A Sali  196805122  823  701  732  823 1097 1341 1676 1920 2042 2042 1920 1676
394A Sali  196805131 1250 1006  762  640  717  914 1158 1402 1585 1615 1487 1250
394A Sali  196805132 1036  792  610  610  732 1006 1341 1646 1981 2134 2073 1890
394A Sali  196805141 1463 1128  853  640  518  610  884 1189 1402 1585 1615 1524
394A Sali  196805142 1280 1006  792  579  579  701 1006 1433 1859 2042 2134 2073
394A Sali  196805151 1829 1494 1158  792  549  549  671  853 1189 1463 1646 1646
394A Sali  196805152 1554 1219  945  671  518  518  701 1006 1372 1798 2012 2134
394A Sali  196805161 2012 1798 1494 1036  732  579  579  732  975 1250 1524 1646
394A Sali  196805162 1646 1524 1250 1128  853  701  732  914 1219 1524 1920 2134
394A Sali  196805171 2195 2103 1890 1554 1189  914  792  823 1036 1219 1463 1707
394A Sali  196805172 1890 1890 1676 1433 1219  945  792  853 1006 1280 1646 1951
394A Sali  196805181 2103 2134 2042 1829 1524 1219  914  823  945 1128 1341 1676
394A Sali  196805182 1859 2012 2012 1798 1494 1219  975  884  853 1006 1311 1646
394A Sali  196805191 1981 2134 2103 1890 1615 1414 1219 1006  884 1006 1250 1494
394A Sali  196805192 1768 1981 1981 1829 1615 1402 1219 1067  914  945 1036 1189
394A Sali  196805201 1372 1585 1798 1981 1951 1829 1554 1280 1067  975 1067 1280
394A Sali  196805202 1524 1737 1890 1981 1890 1737 1585 1433 1311 1158 1036 1006
394A Sali  196805211 1128 1372 1554 1768 1920 2042 1829 1554 1219 1097 1067 1128
394A Sali  196805212 1280 1494 1737 1920 1913 1798 1615 1433 1280 1128 1067 1067
394A Sali  196805221 1189 1372 1494 1646 1831 1920 1829 1554 1372 1219 1067 1067
394A Sali  196805222 1158 1311 1494 1646 1829 1890 1798 1646 1524 1372 1219 1097
394A Sali  196805231 1036 1097 1250 1433 1615 1768 1798 1646 1402 1219 1036 1036
394A Sali  196805232 1097 1219 1341 1524 1737 1890 1859 1798 1615 1433 1250 1097
394A Sali  196805241 1036  975 1067 1189 1372 1554 1707 1707 1585 1372 1219 1036
394A Sali  196805242  975 1036 1128 1250 1402 1554 1707 1859 1829 1707 1554 1280
394A Sali  196805251 1006  945 1006 1128 1280 1402 1524 1554 1494 1503 1463 1311
394A Sali  196805252 1189 1023  945 1128 1311 1524 1737 1859 1920 1798 1676 1433
394A Sali  196805261 1219 1067  914  975 1036 1219 1402 1524 1585 1554 1433 1311
394A Sali  196805262 1158  945  914 1036 1158 1372 1585 1798 1890 1920 1829 1615
394A Sali  196805271 1372 1128  914  884  975 1036 1219 1456 1646 1646 1585 1463
394A Sali  196805272 1341 1128 1006  945 1097 1280 1524 1737 1920 1920 1859 1737
394A Sali  196805281 1554 1311 1006  914  762  853 1067 1311 1463 1585 1585 1463
394A Sali  196805282 1311 1189 1006  884  945 1036 1250 1463 1646 1798 1890 1829
394A Sali  196805291 1676 1494 1178  914  792  762  853 1036 1250 1433 1524 1524
394A Sali  196805292 1372 1189 1036  914  884 1006 1097 1341 1554 1737 1829 1890
394A Sali  196805301 1737 1494 1189  975  792  732  762  945 1158 1341 1494 1585
394A Sali  196805302 1463 1311 1097  914  823  853  975 1189 1341 1585 1768 1951
394A Sali  196805311 1859 1737 1433 1128  945  823  823  884 1067 1280 1494 1585
394A Sali  196805312 1585 1463 1250 1036  914  823  884 1067 1280 1524 1737 1920
394A Sali  196806011 1920 1768 1646 1341 1067  884  823  853  975 1158 1372 1554
394A Sali  196806012 1615 1615 1524 1280 1097  914  914  671  884 1158 1402 1554
394A Sali  196806021 1676 1615 1494 1219  914  732  610  610  732  823 1036 1250
394A Sali  196806022 1372 1402 1219 1097  853  671  610  610  671  884 1158 1341
394A Sali  196806031 1554 1554 1494 1311 1219  945  792  671  610  640  732 1006
394A Sali  196806032 1219 1433 1433 1341 1189 1006  884  701  671  792  914 1158
394A Sali  196806041 1311 1554 1615 1615 1463 1311 1067  884  792  853  975 1097
394A Sali  196806042 1280 1463 1585 1676 1676 1494 1311 1158 1006  975 1067 1311
394A Sali  196806051 1524 1707 1798 1798 1737 1554 1317 1097  945  945 1128 1250
394A Sali  196806052 1341 1585 1737 1859 1829 1676 1494 1280 1128  975 1036 1128
394A Sali  196806061 1250 1433 1615 1707 1737 1707 1554 1372 1128  975  853  975
394A Sali  196806062 1097 1402 1615 1798 1890 1920 1798 1730 1646 1463 1311 1311
394A Sali  196806071 1341 1494 1737 1890 1981 1920 1829 1676 1463 1280 1128 1128
394A Sali  196806072 1189 1304 1463 1707 1890 1951 1890 1768 1463 1189 1006  975
394A Sali  196806081  975 1067 1189 1341 1494 1554 1524 1463 1250 1036  853  823
394A Sali  196806082  884 1006 1250 1463 1737 1981 2012 1951 1737 1433 1189 1006
394A Sali  196806091  945  914 1036 1189 1385 1554 1646 1585 1402 1250 1067  823
394A Sali  196806092  732  762  925 1189 1433 1798 1981 2042 1981 1798 1524 1158
394A Sali  196806101  914  823  823  945 1067 1280 1494 1615 1615 1463 1219  975
394A Sali  196806102  853  732  762  945 1250 1524 1890 2103 2195 2073 1829 1585
394A Sali  196806111 1250  914  823  823  945 1097 1311 1554 1707 1646 1494 1250
394A Sali  196806112 1006  792  701  792  975 1280 1676 1951 2195 2256 2134 1859
394A Sali  196806121 1554 1189  945  762  792  914 1128 1402 1646 1737 1707 1524
394A Sali  196806122 1250 1006  792  701  762 1006 1311 1646 1981 2195 2225 2103
394A Sali  196806131 1829 1463 1122  849  710  732  945 1189 1494 1737 1829 1737
394A Sali  196806132 1585 1311 1067  823  732  792 1006 1280 1707 1981 2164 2225
394A Sali  196806141 2073 1768 1433 1097  853  762  792  945 1219 1524 1737 1829
394A Sali  196806142 1798 1585 1341 1097  884  792  792 1067 1341 1676 2012 2134
394A Sali  196806151 2134 2012 1798 1402 1067  884  762  792 1036 1280 1615 1798
394A Sali  196806152 1920 1859 1676 1433 1189 1006  914  945 1097 1372 1707 1981
394A Sali  196806161 2134 2116 1951 1707 1341 1097  853  792  853 1036 1341 1676
394A Sali  196806162 1829 1951 1920 1707 1433 1219 1011  914  975 1219 1433 1707
394A Sali  196806171 1890 1981 1951 1768 1494 1250 1006  853  884  975 1158 1433
394A Sali  196806172 1707 1859 1951 1890 1707 1463 1250 1036 1006 1097 1280 1524
394A Sali  196806181 1737 1859 1920 1829 1554 1311 1097  914  823  975 1128 1402
394A Sali  196806182 1676 1859 1915 1859 1737 1463 1280 1067 1006 1067 1250 1372
394A Sali  196806191 1524 1676 1737 1737 1615 1463 1280 1067  945  914 1036 1158
394A Sali  196806192 1341 1554 1768 1951 2012 1920 1737 1585 1372 1280 1189 1189
394A Sali  196806201 1311 1433 1585 1707 1707 1615 1494 1341 1158 1006 1036 1128
394A Sali  196806202 1219 1372 1615 1768 1890 1920 1798 1707 1554 1311 1097 1006
394A Sali  196806211 1067 1189 1372 1524 1615 1707 1646 1494 1250 1128 1036 1067
394A Sali  196806212 1158 1219 1402 1615 1829 1890 1890 1798 1646 1402 1189 1067
394A Sali  196806221 1006 1097 1189 1341 1463 1554 1585 1494 1341 1250 1097 1006
394A Sali  196806222  975 1128 1250 1463 1646 1798 1890 1890 1798 1585 1341 1128
394A Sali  196806231  975  914  975 1128 1250 1402 1494 1524 1433 1280 1067  975
394A Sali  196806232  884  975 1097 1250 1463 1646 1798 1890 1859 1707 1433 1219
394A Sali  196806241 1006  914  914 1006 1128 1280 1433 1494 1433 1372 1219 1067
394A Sali  196806242  956  914  975 1128 1311 1524 1737 1829 1859 1798 1646 1372
394A Sali  196806251 1189 1006  914  853  975 1097 1280 1433 1524 1463 1372 1219
394A Sali  196806252 1036  884  884 1006 1067 1280 1554 1737 1829 1859 1798 1585
394A Sali  196806261 1341 1067  945  823  853 1006 1128 1341 1463 1494 1433 1311
394A Sali  196806262 1158 1006  884  884  975 1128 1372 1646 1768 1859 1890 1768
394A Sali  196806271 1494 1280 1036  853  792  884 1006 1189 1341 1494 1494 1341
394A Sali  196806272 1250 1067  914  823  823  884 1036 1311 1646 1798 1829 1753
394A Sali  196806281 1585 1372 1128  884  762  732  823 1036 1219 1341 1402 1494
394A Sali  196806282 1372 1189  975  823  762  792  945 1158 1372 1575 1700 1718
394A Sali  196806291 1624 1446 1224 1005  847  795  856 1005 1203 1402 1585 1676
394A Sali  196806292 1585 1433 1250 1067  975 1036 1158 1311 1494 1798 1981 2068
394A Sali  196806301 2042 1859 1615 1280 1067  945  945  975 1128 1433 1676 1829
394A Sali  196806302 1829 1737 1554 1372 1158 1097 1036 1128 1402 1615 1859 2012
394A Sali  196807011 2134 2073 1920 1494 1250 1036  975 1036 1067 1280 1524 1737
394A Sali  196807012 1890 1890 1737 1554 1372 1219 1036 1067 1189 1402 1615 1829
394A Sali  196807021 1981 1981 1890 1676 1402 1158  945  884  945 1128 1372 1585
394A Sali  196807022 1798 1890 1859 1737 1554 1311 1128  975 1036 1219 1433 1615
394A Sali  196807031 1798 1890 1890 1737 1524 1280 1006  884  853 1006 1158 1433
394A Sali  196807032 1707 1859 1981 1890 1737 1524 1280 1128 1036 1067 1189 1402
394A Sali  196807041 1585 1768 1798 1798 1615 1433 1189  975  884  914 1097 1311
394A Sali  196807042 1524 1798 1920 1920 1890 1707 1463 1219 1067  975 1036 1158
394A Sali  196807051 1372 1554 1676 1707 1676 1494 1219 1036  884  823  884 1067
394A Sali  196807052 1280 1585 1829 2073 2073 1985 1798 1494 1250 1097 1006 1036
394A Sali  196807061 1219 1372 1585 1676 1646 1646 1433 1219 1006  975  884  914
394A Sali  196807062 1128 1341 1676 1890 2073 2103 1951 1737 1494 1189 1067 1006
394A Sali  196807071  975 1128 1280 1524 1676 1707 1553 1311 1158 1006  853  762
394A Sali  196807072  884 1158 1463 1646 1859 2012 2012 1951 1768 1524 1158  975
394A Sali  196807081  914 1036 1097 1311 1433 1585 1646 1524 1372 1158  975  853
394A Sali  196807082  823  914 1158 1372 1676 1920 2164 2164 2012 1768 1504 1250
394A Sali  196807091 1036  945 1036 1158 1341 1554 1615 1676 1585 1463 1280 1006
394A Sali  196807092  945  853  945 1128 1463 1737 2042 2195 2225 2073 1798 1494
394A Sali  196807101 1219  975  884  975 1097 1280 1524 1737 1829 1737 1433 1189
394A Sali  196807102  975  823  823  884 1128 1463 1737 2012 2165 2164 2042 1768
394A Sali  196807111 1463 1158  945  823  884 1036 1250 1494 1737 1829 1737 1524
394A Sali  196807112 1280 1036  823  732  853 1067 1402 1676 1920 2164 2134 1951
394A Sali  196807121 1646 1341  975  732  701  823  975 1280 1494 1737 1829 1676
394A Sali  196807122 1494 1280 1036  823  732  914 1128 1402 1768 1981 2124 2103
394A Sali  196807131 1890 1615 1250 1006  762  732  853  975 1250 1585 1829 1890
394A Sali  196807132 1890 1676 1402 1097  823  823  914 1158 1402 1768 2012 2012
394A Sali  196807141 1981 1859 1524 1189  975  792  762  914 1158 1372 1615 1859
394A Sali  196807142 1912 1821 1614 1342 1073  885  828  913 1120 1401 1686 1896
394A Sali  196807151 1975 1901 1697 1410 1100  846  717  739  898 1158 1402 1676
394A Sali  196807152 1920 1981 1829 1615 1402 1219 1036  945 1097 1280 1554 1768
394A Sali  196807161 1951 1981 1859 1615 1372 1097  884  823  914 1036 1311 1610
394A Sali  196807162 1859 1951 1981 1920 1737 1402 1219 1097 1006 1067 1280 1524
394A Sali  196807171 1737 1829 1859 1707 1554 1280 1070  945  884 1036 1189 1402
394A Sali  196807172 1676 1859 2012 2012 1859 1615 1372 1128 1067 1067 1128 1280
394A Sali  196807181 1494 1737 1798 1768 1646 1402 1250 1036  945  914 1097 1250
394A Sali  196807182 1463 1707 1890 1981 1981 1798 1646 1341 1128 1067 1097 1219
394A Sali  196807191 1341 1524 1737 1768 1676 1554 1402 1189 1036  945 1036 1128
394A Sali  196807192 1372 1585 1798 1951 2012 1920 1768 1554 1341 1189 1097 1128
394A Sali  196807201 1250 1402 1524 1676 1707 1676 1524 1402 1189 1067 1036 1097
394A Sali  196807202 1219 1341 1615 1829 1981 2012 1920 1768 1494 1311 1189 1097
394A Sali  196807211 1097 1219 1372 1463 1615 1646 1554 1463 1341 1097 1067 1006
394A Sali  196807212 1036 1219 1433 1646 1859 1920 1920 1768 1676 1494 1311 1128
394A Sali  196807221 1097 1158 1250 1372 1494 1585 1646 1524 1463 1311 1158 1067
394A Sali  196807222 1067 1128 1311 1494 1737 1920 2012 2012 1829 1676 1494 1311
394A Sali  196807231 1158 1128 1189 1280 1372 1524 1615 1615 1554 1433 1280 1128
394A Sali  196807232 1067 1067 1189 1372 1554 1768 1951 2012 2012 1920 1707 1554
394A Sali  196807241 1311 1219 1128 1219 1341 1524 1585 1646 1646 1585 1463 1311
394A Sali  196807242 1219 1128 1097 1158 1311 1585 1798 1951 2042 2012 1829 1615
394A Sali  196807251 1402 1250 1128 1097 1097 1189 1352 1491 1573 1577 1509 1398
394A Sali  196807252 1280 1067 1067 1158 1341 1494 1676 1890 2042 2073 1981 1859
394A Sali  196807261 1585 1311 1158 1048 1036 1189 1341 1554 1676 1768 1768 1646
394A Sali  196807262 1494 1280 1158 1067 1128 1341 1524 1737 1981 2134 2134 2042
394A Sali  196807271 1829 1585 1219 1097 1006 1128 1280 1433 1646 1829 1829 1737
394A Sali  196807272 1676 1433 1250 1097 1067 1128 1280 1615 1859 2042 2195 2134
394A Sali  196807281 2012 1768 1433 1128 1006 1006 1128 1372 1585 1798 1981 1910
394A Sali  196807282 1737 1524 1250 1006  914 1036 1158 1402 1646 1859 2012 2134
394A Sali  196807291 2103 1951 1646 1268  945  884 1014 1250 1524 1646 1859 2012
394A Sali  196807292 2012 1829 1615 1372 1128 1006 1067 1158 1463 1676 1920 2042
394A Sali  196807301 2073 1951 1768 1433 1128  945  945 1067 1250 1615 1829 2007
394A Sali  196807302 2073 2073 1920 1676 1372 1128 1067 1067 1280 1524 1768 1981
394A Sali  196807311 2073 2012 1890 1615 1311 1067  952  975 1128 1341 1646 1859
394A Sali  196807312 2012 2012 2042 1829 1524 1219 1036 1036 1128 1250 1494 1798
394A Sali  196808011 1920 1981 1890 1615 1372 1158 1006 1006 1036 1178 1402 1737
394A Sali  196808012 2012 2164 2073 1951 1707 1463 1219 1036  945 1036 1250 1494
394A Sali  196808021 1676 1829 1798 1646 1494 1219 1036  853  732  792 1036 1280
394A Sali  196808022 1554 1890 2073 2195 2103 1859 1585 1311 1097 1067 1128 1311
394A Sali  196808031 1524 1676 1829 1798 1676 1433 1250 1036  914  853  975 1250
394A Sali  196808032 1524 1829 2073 2225 2164 1981 1798 1463 1250 1189 1097 1189
394A Sali  196808041 1341 1494 1676 1768 1737 1676 1494 1219 1036  975  914 1036
394A Sali  196808042 1311 1554 1859 2012 2122 2103 1981 1707 1494 1250 1128 1097
394A Sali  196808051 1158 1311 1463 1646 1737 1737 1646 1463 1280 1090  975  914
394A Sali  196808052 1097 1341 1554 1890 2073 2195 2164 2012 1798 1524 1311 1189
394A Sali  196808061 1158 1189 1280 1463 1615 1768 1737 1646 1494 1311 1097  975
394A Sali  196808062 1006 1128 1341 1524 1859 2073 2195 2164 2012 1737 1524 1280
394A Sali  196808071 1128 1036 1097 1250 1463 1646 1737 1768 1676 1463 1250 1036
394A Sali  196808072  945  945 1036 1250 1463 1768 1981 2134 2103 1951 1798 1494
394A Sali  196808081 1280 1097 1006 1067 1219 1433 1676 1829 1829 1768 1585 1341
394A Sali  196808082 1097  975  945 1006 1189 1463 1798 2073 2164 2134 1981 1707
394A Sali  196808091 1402 1189 1006  945 1036 1219 1433 1676 1859 1890 1798 1615
394A Sali  196808092 1372 1128  945  884 1036 1250 1494 1768 2012 2134 2073 1951
394A Sali  196808101 1676 1341 1097  884  914 1006 1250 1494 1768 1951 1981 1829
394A Sali  196808102 1676 1433 1158  975  914 1067 1250 1524 1829 2012 2164 2073
394A Sali  196808111 1859 1585 1280 1036  884  914 1006 1250 1524 1798 2012 2042
394A Sali  196808112 1951 1707 1402 1189 1036  975 1067 1341 1615 1890 2073 2134
394A Sali  196808121 2042 1798 1494 1189  975  884  914 1158 1463 1707 2042 2134
394A Sali  196808122 2073 1951 1707 1372 1128  975  975 1097 1402 1615 1879 2042
394A Sali  196808131 2073 1920 1615 1311 1067  914  914  975 1250 1554 1798 2012
394A Sali  196808132 2073 2073 1890 1585 1341 1067 1036  975 1158 1372 1676 1890
394A Sali  196808141 1920 1920 1768 1524 1219 1036  884  945 1067 1341 1615 1829
394A Sali  196808142 2042 2103 2073 1859 1585 1372 1158 1036 1067 1158 1402 1615
394A Sali  196808151 1829 1920 1859 1737 1524 1280 1036  945  945 1097 1341 1646
394A Sali  196808152 1859 2012 2073 1981 1737 1524 1280 1128 1036 1006 1219 1494
394A Sali  196808161 1646 1829 1829 1768 1585 1372 1158 1036 1006 1067 1250 1463
394A Sali  196808162 1707 1890 1981 1981 1859 1646 1433 1250 1128 1097 1189 1311
394A Sali  196808171 1494 1646 1737 1737 1615 1463 1250 1097 1006 1036 1128 1311
394A Sali  196808172 1524 1707 1859 1920 1920 1768 1585 1372 1219 1128 1128 1219
394A Sali  196808181 1341 1494 1585 1646 1646 1524 1341 1189 1067 1006 1036 1158
394A Sali  196808182 1341 1524 1707 1829 1859 1768 1676 1524 1341 1219 1158 1158
394A Sali  196808191 1219 1311 1433 1524 1554 1524 1402 1280 1189 1036 1006 1036
394A Sali  196808192 1158 1311 1494 1646 1768 1798 1737 1585 1463 1311 1158 1097
394A Sali  196808201 1097 1158 1280 1433 1554 1585 1554 1463 1311 1097 1036 1006
394A Sali  196808202 1036 1189 1311 1463 1646 1737 1798 1737 1615 1433 1280 1128
394A Sali  196808211 1036 1067 1158 1280 1433 1524 1524 1494 1372 1219 1128 1006
394A Sali  196808212  975 1006 1158 1341 1524 1707 1798 1859 1768 1615 1463 1219
394A Sali  196808221 1097 1036 1067 1158 1280 1402 1524 1585 1554 1372 1250 1067
394A Sali  196808222 1006 1006 1036 1189 1341 1524 1737 1829 1859 1737 1554 1341
394A Sali  196808231 1158 1006  914 1006 1097 1311 1463 1524 1494 1524 1402 1250
394A Sali  196808232 1097  975  975 1067 1189 1433 1646 1859 1920 1890 1737 1554
394A Sali  196808241 1250 1036  914  914 1006 1189 1372 1554 1707 1676 1615 1433
394A Sali  196808242 1189 1067  945  914  975 1158 1433 1646 1798 1920 1829 1615
394A Sali  196808251 1402 1128  914  853  884 1006 1250 1433 1646 1768 1737 1615
394A Sali  196808252 1402 1128  975  823  853 1006 1280 1524 1798 1951 1981 1890
394A Sali  196808261 1676 1402 1158  975  884  975 1158 1433 1707 1920 2012 1981
394A Sali  196808262 1829 1615 1341 1097  975  975 1128 1372 1707 1951 2073 2042
394A Sali  196808271 1859 1646 1341 1036  945  945 1067 1372 1646 1951 2134 2134
394A Sali  196808272 2103 1829 1524 1311 1067  945 1067 1280 1554 1768 1951 1981
394A Sali  196808281 1951 1676 1341  975  853  884 1097 1433 1737 2012 2134 2103
394A Sali  196808282 2012 1768 1524 1341 1097  945  853 1006 1219 1524 1798 1920
394A Sali  196808291 1920 1768 1524 1250  975  792  823  945 1189 1554 1859 2103
394A Sali  196808292 2135 2012 1859 1646 1372 1097  914  884  975 1158 1433 1707
394A Sali  196808301 1829 1829 1737 1463 1219  975  792  762  853 1158 1494 1798
394A Sali  196808302 2042 2164 2103 1920 1615 1341 1067  914  884 1006 1219 1463
394A Sali  196808311 1676 1798 1798 1676 1433 1189 1036  884  853 1006 1250 1554
394A Sali  196808312 1859 2103 2164 2134 1951 1676 1433 1158 1097 1067 1189 1433
394A Sali  196809011 1646 1829 1890 1829 1707 1524 1250 1036  975 1006 1128 1433
394A Sali  196809012 1707 1981 2134 2225 2164 1920 1676 1372 1219 1158 1158 1341
394A Sali  196809021 1463 1707 1829 1920 1829 1676 1463 1250 1067 1036 1036 1189
394A Sali  196809022 1433 1707 1951 2103 2134 2073 1920 1707 1463 1311 1250 1219
394A Sali  196809031 1341 1524 1676 1829 1890 1829 1646 1463 1311 1097 1006 1067
394A Sali  196809032 1189 1433 1676 1951 2073 2134 2073 1890 1707 1494 1311 1158
394A Sali  196809041 1158 1250 1402 1585 1768 1829 1829 1768 1524 1341 1158 1036
394A Sali  196809042 1036 1158 1341 1615 1859 2042 2103 2073 1920 1707 1463 1280
394A Sali  196809051 1128 1128 1219 1372 1585 1768 1890 1890 1798 1615 1402 1189
394A Sali  196809052 1067 1036 1128 1341 1585 1798 1890 1981 2042 1829 1615 1402
394A Sali  196809061 1280 1097 1067 1128 1311 1524 1798 1890 1859 1798 1615 1402
394A Sali  196809062 1250 1067 1006 1067 1268 1524 1768 2012 2042 2042 1859 1646
394A Sali  196809071 1372 1158 1034 1036 1097 1341 1615 1798 1981 1951 1890 1707
394A Sali  196809072 1402 1219 1067 1036 1128 1341 1585 1829 2042 2103 2042 1859
394A Sali  196809081 1615 1311 1067 1006 1036 1219 1463 1737 1981 2103 2103 1981
394A Sali  196809082 1768 1494 1219 1128 1067 1158 1433 1676 1890 2073 2134 2042
394A Sali  196809091 1859 1615 1280 1097 1006 1128 1341 1615 1890 2103 2225 2225
394A Sali  196809092 2042 1768 1433 1158 1036 1067 1158 1402 1707 1920 2073 2103
394A Sali  196809101 1951 1707 1463 1219 1006  975 1128 1341 1646 1920 2134 2225
394A Sali  196809102 2134 1920 1615 1311 1097  975 1036 1189 1402 1707 1920 2012
394A Sali  196809111 1981 1829 1585 1311 1097 1006 1036 1219 1463 1768 2012 2164
394A Sali  196809112 2195 2073 1829 1494 1280 1097 1036 1067 1250 1494 1737 1890
394A Sali  196809121 1920 1890 1768 1463 1219 1006  975 1097 1372 1676 1920 2164
394A Sali  196809122 2172 2042 1859 1615 1341 1097  975  975 1097 1341 1585 1768
394A Sali  196809131 1859 1798 1646 1463 1219 1067  945 1006 1158 1433 1646 1890
394A Sali  196809132 2042 2103 2042 1829 1615 1341 1158 1036 1036 1097 1372 1554
394A Sali  196809141 1707 1798 1737 1646 1433 1219 1067  975 1036 1158 1402 1615
394A Sali  196809142 1859 2012 2042 1951 1768 1494 1311 1158 1067 1097 1250 1463
394A Sali  196809151 1615 1768 1798 1707 1554 1433 1250 1128 1067 1158 1280 1524
394A Sali  196809152 1707 1920 2012 2012 1890 1707 1524 1311 1189 1189 1219 1402
394A Sali  196809161 1524 1646 1768 1737 1676 1524 1341 1219 1128 1158 1219 1402
394A Sali  196809162 1615 1859 1981 2042 1951 1829 1646 1463 1341 1280 1250 1341
394A Sali  196809171 1494 1615 1737 1768 1737 1585 1402 1250 1189 1158 1250 1372
394A Sali  196809172 1524 1707 1890 1890 1981 1981 1890 1737 1554 1402 1311 1280
394A Sali  196809181 1311 1433 1524 1646 1737 1737 1646 1494 1372 1250 1128 1158
394A Sali  196809182 1250 1433 1615 1798 1920 1951 1890 1798 1646 1463 1372 1250
394A Sali  196809191 1250 1280 1402 1524 1646 1676 1676 1585 1463 1341 1219 1128
394A Sali  196809192 1128 1250 1372 1524 1707 1829 1920 1829 1768 1585 1463 1280
394A Sali  196809201 1189 1189 1280 1402 1554 1646 1737 1707 1646 1494 1372 1219
394A Sali  196809202 1158 1097 1219 1433 1585 1768 1890 1920 1890 1707 1524 1341
394A Sali  196809211 1219 1189 1158 1250 1402 1615 1768 1829 1829 1707 1554 1341
394A Sali  196809212 1189 1097 1097 1189 1372 1585 1768 1890 1920 1859 1707 1494
394A Sali  196809221 1280 1097 1036 1097 1280 1494 1737 1890 1981 1951 1798 1585
394A Sali  196809222 1341 1158 1036 1036 1158 1372 1615 1829 1951 1981 1859 1646
394A Sali  196809231 1402 1189 1036 1006 1097 1341 1585 1849 2042 2134 2042 1859
394A Sali  196809232 1585 1311 1067  945 1006 1128 1433 1707 1951 2012 1981 1829
394A Sali  196809241 1646 1341 1097  914  975 1189 1463 1768 2012 2256 2256 2134
394A Sali  196809242 1890 1585 1250 1067  975  975 1189 1463 1737 1981 2073 2012
394A Sali  196809251 1798 1524 1250 1036  914  945 1219 1524 1890 2164 2286 2286
394A Sali  196809252 2164 1890 1524 1189  975  884  975 1250 1554 1859 2012 2103
394A Sali  196809261 2042 1798 1494 1219 1006  914 1036 1311 1615 2012 2286 2408
394A Sali  196809262 2347 2164 1829 1463 1158  945  914 1036 1280 1554 1829 2012
394A Sali  196809271 2073 1859 1646 1341 1067  884  914 1097 1402 1798 2073 2316
394A Sali  196809272 2408 2256 1981 1707 1372 1067  945  914 1128 1341 1676 1890
394A Sali  196809281 1951 1920 1768 1524 1250  975  853  853 1067 1372 1768 2042
394A Sali  196809282 2256 2316 2256 1981 1707 1372 1097  945  975 1128 1402 1646
394A Sali  196809291 1829 1951 1920 1768 1524 1250 1036  914  914 1097 1402 1707
394A Sali  196809292 1920 2134 2195 2071 1829 1554 1311 1036  975 1006 1219 1494
394A Sali  196809301 1676 1859 1913 1847 1670 1425 1174  975  975 1006 1189 1402
394A Sali  196809302 1676 1981 2042 2042 1951 1729 1465 1218 1036 1006 1036 1219
394A Sali  196810011 1433 1615 1707 1798 1737 1554 1341 1128  975  975 1006 1158
394A Sali  196810012 1463 1676 1920 2042 1951 1829 1646 1463 1250 1067 1006 1036
394A Sali  196810021 1158 1402 1585 1676 1768 1707 1615 1402 1219 1067  975 1006
394A Sali  196810022 1128 1311 1615 1768 1890 1920 1798 1646 1402 1189 1067 1036
394A Sali  196810031 1097 1280 1463 1615 1768 1798 1768 1615 1463 1280 1128 1006
394A Sali  196810032 1036 1158 1402 1585 1798 1890 1859 1798 1676 1433 1250 1067
394A Sali  196810041 1067 1128 1311 1524 1707 1829 1859 1829 1737 1585 1372 1219
394A Sali  196810042 1067 1036 1158 1402 1585 1737 1890 1859 1798 1676 1433 1250
394A Sali  196810051 1067  975 1128 1311 1463 1707 1859 1981 1981 1798 1615 1463
394A Sali  196810052 1280 1067 1006 1219 1402 1554 1768 1890 1981 1890 1768 1554
394A Sali  196810061 1372 1158 1067 1189 1280 1554 1829 1981 2103 2103 2012 1798
394A Sali  196810062 1525 1280 1128 1097 1128 1341 1577 1798 1981 2042 1920 1737
394A Sali  196810071 1524 1250 1097 1097 1219 1463 1646 1890 2103 2164 2103 1951
394A Sali  196810072 1646 1372 1097  975 1036 1158 1372 1615 1829 1951 1981 1859
394A Sali  196810081 1676 1402 1189 1036 1036 1158 1402 1646 1859 2073 2164 2103
394A Sali  196810082 1890 1615 1280 1067  945  975 1128 1341 1585 1829 1920 1890
394A Sali  196810091 1798 1554 1311 1097 1006 1067 1219 1463 1768 2012 2164 2195
394A Sali  196810092 2012 1798 1494 1219  975  945 1006 1189 1402 1707 1859 1920
394A Sali  196810101 1829 1676 1463 1219 1036  945 1097 1341 1646 1829 2073 2164
394A Sali  196810102 2103 1890 1615 1372 1128  975  975 1097 1311 1554 1707 1890
394A Sali  196810111 1859 1768 1524 1341 1128 1036 1036 1189 1402 1676 1920 2073
394A Sali  196810112 2134 2012 1829 1554 1280 1097 1006 1036 1158 1402 1615 1737
394A Sali  196810121 1859 1768 1615 1433 1219 1067 1036 1097 1280 1494 1737 1920
394A Sali  196810122 2042 2012 1920 1707 1463 1250 1097 1067 1128 1280 1494 1676
394A Sali  196810131 1798 1829 1737 1554 1372 1189 1097 1097 1189 1372 1585 1798
394A Sali  196810132 1951 2012 2012 1829 1615 1372 1189 1097 1097 1189 1372 1524
394A Sali  196810141 1676 1768 1737 1646 1463 1311 1158 1097 1128 1250 1463 1646
394A Sali  196810142 1829 1951 1951 1890 1707 1524 1311 1158 1097 1128 1250 1402
394A Sali  196810151 1554 1676 1707 1676 1585 1433 1280 1158 1097 1158 1280 1463
394A Sali  196810152 1646 1798 1890 1890 1798 1646 1463 1280 1158 1128 1158 1280
394A Sali  196810161 1433 1554 1676 1707 1646 1524 1433 1280 1189 1158 1219 1341
394A Sali  196810162 1524 1707 1829 1890 1890 1768 1615 1433 1280 1189 1158 1219
394A Sali  196810171 1341 1494 1615 1707 1737 1676 1585 1433 1311 1219 1189 1250
394A Sali  196810172 1372 1524 1707 1829 1859 1859 1737 1585 1433 1280 1189 1189
394A Sali  196810181 1250 1341 1524 1676 1768 1798 1737 1615 1463 1341 1219 1189
394A Sali  196810182 1250 1372 1524 1676 1798 1859 1829 1737 1585 1402 1280 1189
394A Sali  196810191 1189 1250 1402 1585 1768 1859 1920 1859 1737 1554 1372 1250
394A Sali  196810192 1189 1250 1372 1524 1707 1829 1890 1859 1676 1524 1311 1158
394A Sali  196810201 1097 1128 1250 1402 1676 1829 1981 1981 1890 1707 1494 1311
394A Sali  196810202 1158 1036 1067 1250 1372 1585 1737 1798 1768 1615 1433 1250
394A Sali  196810211 1067 1006 1036 1189 1402 1676 1920 2042 2073 1981 1737 1494
394A Sali  196810212 1250 1067  975 1097 1219 1433 1585 1798 1829 1798 1615 1402
394A Sali  196810221 1158  975  853  914 1158 1433 1768 2042 2103 2103 1920 1737
394A Sali  196810222 1433 1128  914  823  884 1097 1372 1615 1737 1829 1737 1585
394A Sali  196810231 1311 1097  884  853  975 1219 1585 1859 2134 2256 2164 1981
394A Sali  196810232 1646 1311 1006  792  762  884 1097 1372 1646 1829 1798 1737
394A Sali  196810241 1463 1128  884  762  762  945 1219 1585 1951 2195 2256 2195
394A Sali  196810242 1890 1524 1158  884  732  762  853 1158 1433 1676 1768 1737
394A Sali  196810251 1524 1311 1036  762  610  671  884 1219 1585 1920 2134 2164
394A Sali  196810252 1981 1707 1341 1036  732  579  640  853 1134 1443 1692 1812
394A Sali  196810261 1775 1596 1320 1011  754  631  679  887 1216 1594 1928 2133
394A Sali  196810262 2164 2012 1737 1372 1036  762  640  671  884 1158 1463 1707
394A Sali  196810271 1798 1737 1524 1250  945  701  579  640  732 1067 1433 1737
394A Sali  196810272 1951 1951 1829 1524 1189  853  762  671  823 1067 1311 1585
394A Sali  196810281 1737 1768 1707 1524 1250 1006  792  671  762 1036 1311 1585
394A Sali  196810282 1829 2012 1951 1707 1402 1097  914  792  762  823 1006 1311
394A Sali  196810291 1554 1707 1737 1646 1463 1189  975  762  701  853  975 1311
394A Sali  196810292 1554 1798 1890 1829 1676 1433 1189  980  853  792  945 1067
394A Sali  196810301 1311 1585 1707 1737 1676 1494 1250 1067  792  762  914 1067
394A Sali  196810302 1311 1463 1676 1768 1707 1585 1402 1189 1036  853  823  945
394A Sali  196810311 1158 1311 1554 1646 1707 1646 1494 1280 1128  945  914  945
394A Sali  196810312 1067 1341 1524 1676 1707 1646 1554 1341 1158  975  853  823
394A Sali  196811011  914 1097 1311 1524 1676 1737 1676 1554 1341 1128  975  884
394A Sali  196811012  884 1006 1189 1372 1554 1707 1676 1585 1433 1250 1067 1006
394A Sali  196811021  975 1067 1280 1494 1707 1829 1920 1859 1707 1524 1311 1128
394A Sali  196811022 1036  853  975 1158 1341 1494 1585 1585 1494 1341 1158 1006
394A Sali  196811031  914  914 1006 1219 1463 1676 1829 1859 1829 1676 1463 1219
394A Sali  196811032 1067  945  945 1036 1189 1433 1585 1646 1676 1585 1402 1250
394A Sali  196811041 1067 1006 1006 1128 1311 1554 1768 1920 1951 1890 1707 1463
394A Sali  196811042 1219 1036  884  884 1006 1189 1402 1554 1707 1646 1554 1372
394A Sali  196811051 1158 1006  945 1006 1128 1341 1554 1829 1981 2012 1951 1676
394A Sali  196811052 1402 1189  975  914  975 1128 1311 1554 1737 1768 1737 1597
394A Sali  196811061 1402 1219 1036  975 1097 1311 1554 1768 1981 2073 2042 1920
394A Sali  196811062 1707 1402 1158  975  945 1006 1158 1402 1646 1768 1798 1737
394A Sali  196811071 1554 1341 1158 1036 1036 1158 1341 1646 1859 2012 2042 1951
394A Sali  196811072 1768 1524 1280 1036  884  975 1067 1341 1554 1737 1798 1829
394A Sali  196811081 1676 1433 1250 1067  975 1036 1189 1494 1737 1981 2042 2042
394A Sali  196811082 1920 1737 1433 1189  975  914  945 1067 1372 1615 1768 1829
394A Sali  196811091 1798 1615 1402 1189 1036 1006 1097 1280 1554 1768 1951 2012
394A Sali  196811092 2012 1920 1676 1341 1097  914  884 1006 1158 1402 1615 1737
394A Sali  196811101 1707 1615 1433 1219 1036  914  975 1097 1280 1524 1798 1951
394A Sali  196811102 1981 1890 1676 1372 1158 1006  853  914 1067 1250 1494 1646
394A Sali  196811111 1737 1676 1524 1372 1158  975  914  975 1097 1311 1524 1707
394A Sali  196811112 1829 1829 1768 1524 1311 1036  823  762  823  945 1158 1372
394A Sali  196811121 1463 1494 1402 1280 1036  884  732  701  762  884 1097 1341
394A Sali  196811122 1554 1615 1585 1433 1219  945  762  701  701  762  975 1189
394A Sali  196811131 1372 1524 1494 1463 1280 1097  945  853  884  975 1158 1372
394A Sali  196811132 1585 1737 1737 1660 1506 1311 1097  975  914  884 1006 1158
394A Sali  196811141 1372 1554 1615 1607 1525 1391 1246 1127 1069 1092 1190 1341
394A Sali  196811142 1509 1650 1730 1734 1657 1517 1349 1195 1085 1051 1100 1216
394A Sali  196811151 1372 1554 1737 1798 1707 1615 1463 1280 1128 1067 1067 1158
394A Sali  196811152 1341 1524 1676 1737 1768 1676 1463 1311 1158 1067 1006 1067
394A Sali  196811161 1250 1463 1646 1798 1859 1829 1676 1494 1311 1158 1067 1097
394A Sali  196811162 1189 1311 1494 1646 1707 1676 1585 1433 1280 1097 1036 1006
394A Sali  196811171 1097 1250 1494 1707 1890 1920 1829 1707 1524 1341 1189 1097
394A Sali  196811172 1036 1128 1250 1463 1585 1676 1707 1554 1433 1311 1158  975
394A Sali  196811181  945 1067 1250 1524 1737 1920 2012 1951 1798 1494 1341 1158
394A Sali  196811182 1036 1006 1067 1189 1372 1554 1646 1646 1554 1341 1158 1006
394A Sali  196811191  914  914 1036 1280 1554 1829 1981 2042 1951 1737 1463 1189
394A Sali  196811192  975  853  823  884 1067 1280 1433 1524 1494 1341 1158  914
394A Sali  196811201  732  671  701  914 1158 1463 1768 1951 1951 1859 1646 1311
394A Sali  196811202 1036  732  671  640  792 1006 1158 1372 1554 1494 1372 1097
394A Sali  196811211  884  701  579  701  884 1158 1524 1798 2012 2042 1890 1676
394A Sali  196811212 1280  914  640  579  579  701  945 1219 1463 1554 1494 1311
394A Sali  196811221 1097  762  549  488  579  762 1097 1524 1829 2012 2012 1829
394A Sali  196811222 1585 1189  853  549  457  549  732 1006 1280 1554 1615 1554
394A Sali  196811231 1341 1067  792  579  518  610  823 1189 1585 1951 2103 2073
394A Sali  196811232 1920 1646 1250  884  610  610  671  884 1219 1523 1740 1815
394A Sali  196811241 1731 1517 1224  923  701  640  792 1006 1341 1737 2012 2164
394A Sali  196811242 2134 1920 1615 1219  914  671  640  732 1006 1280 1554 1737
394A Sali  196811251 1798 1707 1524 1219  914  732  610  732  975 1311 1615 1890
394A Sali  196811252 2012 1920 1768 1433 1067  792  610  579  732  975 1250 1524
394A Sali  196811261 1737 1768 1646 1433 1158  914  762  701  823 1036 1341 1646
394A Sali  196811262 1859 1920 1859 1646 1341 1036  823  732  732  823 1097 1372
394A Sali  196811271 1615 1798 1890 1829 1585 1402 1158  945  884 1006 1189 1433
394A Sali  196811272 1676 1890 2012 1890 1737 1433 1189  975  884  945 1097 1311
394A Sali  196811281 1585 1829 1981 2012 1951 1737 1463 1250 1067 1036 1097 1280
394A Sali  196811282 1494 1707 1859 1890 1829 1646 1433 1189 1036  945  975 1097
394A Sali  196811291 1341 1585 1768 1920 1951 1859 1676 1433 1189 1097 1036 1067
394A Sali  196811292 1189 1372 1554 1676 1707 1646 1554 1341 1128 1006  945  975
394A Sali  196811301 1128 1311 1585 1798 1920 1981 1859 1676 1463 1250 1128 1097
394A Sali  196811302 1097 1158 1341 1524 1676 1707 1615 1494 1311 1158 1006  945
394A Sali  196812011 1036 1189 1372 1646 1829 1951 2012 1890 1707 1524 1311 1158
394A Sali  196812012 1128 1128 1219 1372 1494 1646 1707 1676 1585 1402 1219 1097
394A Sali  196812021 1036 1097 1280 1524 1768 1951 2042 1981 1829 1615 1402 1219
394A Sali  196812022 1097 1036 1097 1219 1402 1554 1707 1737 1737 1615 1433 1280
394A Sali  196812031 1128 1067 1158 1372 1554 1798 1981 2103 2103 1981 1737 1494
394A Sali  196812032 1250 1097 1036 1067 1189 1372 1525 1626 1641 1567 1426 1253
394A Sali  196812041 1097 1003  996 1081 1249 1465 1678 1835 1892 1831 1667 1438
394A Sali  196812042 1189  945  732  762  792  914 1097 1280 1402 1403 1317 1170
394A Sali  196812051 1003  867  803  832  953 1153 1386 1597 1737 1768 1707 1554
394A Sali  196812052 1311 1036  853  701  732  853 1067 1311 1463 1585 1550 1433
394A Sali  196812061 1250 1097  914  853  945 1067 1311 1585 1737 1829 1829 1737
394A Sali  196812062 1585 1341 1067  884  792  823  975 1189 1433 1585 1615 1585
394A Sali  196812071 1433 1219 1036  945  914  975 1189 1433 1707 1859 1951 1920
394A Sali  196812072 1798 1524 1280 1036  853  823  884 1067 1311 1494 1585 1615
394A Sali  196812081 1524 1341 1158  975  884  853  975 1219 1402 1676 1829 1890
394A Sali  196812082 1798 1615 1311 1067  853  701  732  853 1067 1250 1433 1554
394A Sali  196812091 1463 1372 1189  945  792  762  823  975 1189 1494 1676 1768
394A Sali  196812092 1768 1676 1433 1158  884  732  701  762  975 1158 1372 1524
394A Sali  196812101 1585 1524 1341 1128  975  823  823  884 1097 1341 1585 1737
394A Sali  196812102 1859 1798 1646 1372 1097  884  732  762  884 1097 1311 1463
394A Sali  196812111 1554 1615 1494 1341 1128  975  914  914 1006 1219 1433 1676
394A Sali  196812112 1798 1829 1768 1524 1311 1006  884  853  914 1036 1250 1494
394A Sali  196812121 1676 1737 1707 1585 1402 1250 1036  975 1006 1128 1341 1585
394A Sali  196812122 1737 1859 1768 1707 1494 1250 1097  975  945 1067 1250 1494
394A Sali  196812131 1737 1829 1920 1859 1707 1494 1311 1158 1097 1189 1311 1494
394A Sali  196812132 1646 1829 1859 1829 1646 1463 1250 1097  975  975 1097 1280
394A Sali  196812141 1524 1707 1829 1890 1768 1615 1402 1219 1097 1006 1067 1189
394A Sali  196812142 1372 1524 1646 1615 1554 1402 1158  975  823  792  823 1006
394A Sali  196812151 1219 1402 1615 1768 1707 1646 1433 1250 1036  884  853  914
394A Sali  196812152 1036 1189 1341 1433 1463 1372 1250 1036  914  762  732  823
394A Sali  196812161  945 1189 1463 1646 1768 1768 1676 1433 1189 1006  853  823
394A Sali  196812162  884 1006 1158 1311 1372 1372 1372 1219 1067  884  762  732
394A Sali  196812171  884 1036 1311 1554 1798 1951 1920 1829 1585 1341 1128  975
394A Sali  196812172  914  945 1067 1250 1402 1524 1585 1494 1372 1189 1006  884
394A Sali  196812181  853  975 1189 1524 1737 1981 2073 2073 1981 1768 1494 1280
394A Sali  196812182 1097  975 1006 1128 1311 1524 1646 1707 1585 1433 1219 1097
394A Sali  196812191  914  884 1006 1311 1615 1920 2042 2103 2042 1920 1676 1372
394A Sali  196812192 1128  914  853  914 1097 1341 1554 1676 1676 1554 1402 1219
394A Sali  196812201 1067  884  762  792 1036 1372 1798 2042 2103 2042 1859 1615
394A Sali  196812202 1280 1067  823  762  853 1097 1372 1615 1737 1737 1646 1372
394A Sali  196812211 1097  884  762  762  884 1158 1524 1859 2042 2134 2073 1890
394A Sali  196812212 1615 1219  914  732  640  732  945 1219 1494 1707 1768 1676
394A Sali  196812221 1463 1219  945  762  732  914 1219 1524 1890 2134 2256 2195
394A Sali  196812222 1951 1615 1219  914  732  732  866 1128 1463 1737 1920 1920
394A Sali  196812231 1768 1494 1189  945  792  792  914 1219 1554 1859 2134 2164
394A Sali  196812232 2073 1798 1463 1067  732  549  579  732 1006 1280 1554 1737
394A Sali  196812241 1707 1554 1280  975  701  518  488  610  884 1189 1524 1737
394A Sali  196812242 1798 1737 1463 1128  762  488  366  427  640  914 1250 1463
394A Sali  196812251 1707 1676 1554 1341 1067  823  671  640  762  945 1341 1585
394A Sali  196812252 1768 1829 1676 1402 1097  853  640  549  640  823 1128 1433
394A Sali  196812261 1676 1829 1829 1737 1463 1219  975  853  823  945 1158 1433
394A Sali  196812262 1676 1829 1829 1737 1494 1219  975  823  792  884 1067 1372
394A Sali  196812271 1646 1890 2012 1981 1829 1585 1341 1128 1006  975 1097 1280
394A Sali  196812272 1494 1707 1798 1768 1646 1494 1250 1036  914  914 1067 1250
394A Sali  196812281 1524 1798 1981 2073 2042 1890 1676 1433 1250 1128 1097 1189
394A Sali  196812282 1372 1554 1707 1768 1737 1585 1433 1250 1067  975  945 1036
394A Sali  196812291 1250 1524 1737 1920 1981 1951 1768 1585 1341 1158 1036 1036
394A Sali  196812292 1128 1250 1433 1585 1615 1585 1524 1402 1189 1036 1006 1036
394A Sali  196812301 1158 1341 1585 1829 1920 2012 1981 1829 1615 1372 1250 1128
394A Sali  196812302 1097 1219 1341 1494 1615 1676 1676 1585 1433 1280 1158 1097
394A Sali  196812311 1097 1250 1433 1646 1829 1981 2012 1981 1859 1676 1433 1280
394A Sali  196812312 1128 1097 1189 1311 1463 1554 1585 1615 1554 1372 1250 1097
