394A Salina Cruz        Mexico              1981 16096N 095122W 0000 3 00000R MM
394A Sali  198101011 9999 9999 9999 9999 9999 9999 9999 9999 9999 9999 9999 9999
394A Sali  198101012 9999 9999 9999 9999 9999 9999 9999 9999 9999 9999 9999 9999
394A Sali  198101021 9999 9999 9999 9999 9999 9999 9999 9999 9999 9999 9999 9999
394A Sali  198101022 9999 9999 9999 9999 9999 9999 9999 9999 9999 9999 9999 9999
394A Sali  198101031 9999 9999 9999 9999 9999 9999 9999 9999 9999 9999 9999 9999
394A Sali  198101032 9999 9999 9999 9999 9999 9999 9999 9999 9999 9999 9999 9999
394A Sali  198101041 9999 9999 9999 9999 9999 9999 9999 9999 9999 9999 9999 9999
394A Sali  198101042 9999 9999 9999 9999 9999 9999 9999 9999 9999 9999 9999 9999
394A Sali  198101051 9999 9999 9999 9999 9999 9999 9999 9999 9999 9999 9999 9999
394A Sali  198101052 9999 9999 9999 9999 9999 9999 9999 9999 9999 9999 9999 9999
394A Sali  198101061 9999 9999 9999 9999 9999 9999 9999 9999 9999 9999 9999 9999
394A Sali  198101062 9999 9999 9999 9999 9999 9999 9999 9999 9999 9999 9999 9999
394A Sali  198101071 9999 9999 9999 9999 9999 9999 9999 9999 9999 9999 9999 9999
394A Sali  198101072 9999 9999 9999 9999 9999 9999 9999 9999 9999 9999 9999 9999
394A Sali  198101081 9999 9999 9999 9999 9999 9999 9999 9999 9999 9999 9999 9999
394A Sali  198101082 9999 9999 9999 9999 9999 9999 9999 9999 9999 9999 9999 9999
394A Sali  198101091 9999 9999 9999 9999 9999 9999 9999 9999 9999 9999 9999 9999
394A Sali  198101092 9999 9999 9999 9999 9999 9999 9999 9999 9999 9999 9999 9999
394A Sali  198101101 9999 9999 9999 9999 9999 9999 9999 9999 9999 9999 9999 9999
394A Sali  198101102 9999 9999 9999 9999 9999 9999 9999 9999 9999 9999 9999 9999
394A Sali  198101111 9999 9999 9999 9999 9999 9999 9999 9999 9999 9999 9999 9999
394A Sali  198101112 9999 9999 9999 9999 9999 9999 9999 9999 9999 9999 9999 9999
394A Sali  198101121 9999 9999 9999 9999 9999 9999 9999 9999 9999 9999 9999 9999
394A Sali  198101122 9999 9999 9999 9999 9999 9999 9999 9999 9999 9999 9999 9999
394A Sali  198101131 9999 9999 9999 9999 9999 9999 9999 9999 9999 9999 9999 9999
394A Sali  198101132 9999 9999 9999 9999 9999 9999 9999 9999 9999 9999 9999 9999
394A Sali  198101141 9999 9999 9999 9999 9999 9999 9999 9999 9999 9999 9999 9999
394A Sali  198101142 9999 9999 9999 9999 9999 9999 9999 9999 9999 9999 9999 9999
394A Sali  198101151 9999 9999 9999 9999 9999 9999 9999 9999 9999 9999 9999 9999
394A Sali  198101152 9999 9999 9999 9999 9999 9999 9999 9999 9999 9999 9999 9999
394A Sali  198101161 9999 9999 9999 9999 9999 9999 9999 9999 9999 9999 9999 9999
394A Sali  198101162 9999 9999 9999 9999 9999 9999 9999 9999 9999 9999 9999 9999
394A Sali  198101171 9999 9999 9999 9999 9999 9999 9999 9999 9999 9999 9999 9999
394A Sali  198101172 9999 9999 9999 9999 9999 9999 9999 9999 9999 9999 9999 9999
394A Sali  198101181 9999 9999 9999 9999 9999 9999 9999 9999 9999 9999 9999 9999
394A Sali  198101182 9999 9999 9999 9999 9999 9999 9999 9999 9999 9999 9999 9999
394A Sali  198101191 9999 9999 9999 9999 9999 9999 9999 9999 9999 9999 9999 9999
394A Sali  198101192 9999 9999 9999 9999 9999 9999 9999 9999 9999 9999 9999 9999
394A Sali  198101201 9999 9999 9999 9999 9999 9999 9999 9999 9999 9999 9999 9999
394A Sali  198101202 9999 9999 9999 9999 9999 9999 9999 9999 9999 9999 9999 9999
394A Sali  198101211 9999 9999 9999 9999 9999 9999 9999 9999 9999 9999 9999 9999
394A Sali  198101212 9999 9999 9999 9999 9999 9999 9999 9999 9999 9999 9999 9999
394A Sali  198101221 9999 9999 9999 9999 9999 9999 9999 9999 9999 9999 9999 9999
394A Sali  198101222 9999 9999 9999 9999 9999 9999 9999 9999 9999 9999 9999 9999
394A Sali  198101231 9999 9999 9999 9999 9999 9999 9999 9999 9999 9999 9999 9999
394A Sali  198101232 9999 9999 9999 9999 9999 9999 9999 9999 9999 9999 9999 9999
394A Sali  198101241 9999 9999 9999 9999 9999 9999 9999 9999 9999 9999 9999 9999
394A Sali  198101242 9999 9999 9999 9999 9999 9999 9999 9999 9999 9999 9999 9999
394A Sali  198101251 9999 9999 9999 9999 9999 9999 9999 9999 9999 9999 9999 9999
394A Sali  198101252 9999 9999 9999 9999 9999 9999 9999 9999 9999 9999 9999 9999
394A Sali  198101261 9999 9999 9999 9999 9999 9999 9999 9999 9999 9999 9999 9999
394A Sali  198101262 9999 9999 9999 9999 9999 9999 9999 9999 9999 9999 9999 9999
394A Sali  198101271 9999 9999 9999 9999 9999 9999 9999 9999 9999 9999 9999 9999
394A Sali  198101272 9999 9999 9999 9999 9999 9999 9999 9999 9999 9999 9999 9999
394A Sali  198101281 9999 9999 9999 9999 9999 9999 9999 9999 9999 9999 9999 9999
394A Sali  198101282 9999 9999 9999 9999 9999 9999 9999 9999 9999 9999 9999 9999
394A Sali  198101291 9999 9999 9999 9999 9999 9999 9999 9999 9999 9999 9999 9999
394A Sali  198101292 9999 9999 9999 9999 9999 9999 9999 9999 9999 9999 9999 9999
394A Sali  198101301 9999 9999 9999 9999 9999 9999 9999 9999 9999 9999 9999 9999
394A Sali  198101302 9999 9999 9999 9999 9999 9999 9999 9999 9999 9999 9999 9999
394A Sali  198101311 9999 9999 9999 9999 9999 9999 9999 9999 9999 9999 9999 9999
394A Sali  198101312 9999 9999 9999 9999 9999 9999 9999 9999 9999 9999 9999 9999
394A Sali  198102011 9999 9999 9999 9999 9999 9999 9999 9999 9999 9999 9999 9999
394A Sali  198102012 9999 9999 9999 9999 9999 9999 9999 9999 9999 9999 9999 9999
394A Sali  198102021 9999 9999 9999 9999 9999 9999 9999 9999 9999 9999 9999 9999
394A Sali  198102022 9999 9999 9999 9999 9999 9999 9999 9999 9999 9999 9999 9999
394A Sali  198102031 9999 9999 9999 9999 9999 9999 9999 9999 9999 9999 9999 9999
394A Sali  198102032 9999 9999 9999 9999 9999 9999 9999 9999 9999 9999 9999 9999
394A Sali  198102041 9999 9999 9999 9999 9999 9999 9999 9999 9999 9999 9999 9999
394A Sali  198102042 9999 9999 9999 9999 9999 9999 9999 9999 9999 9999 9999 9999
394A Sali  198102051 9999 9999 9999 9999 9999 9999 9999 9999 9999 9999 9999 9999
394A Sali  198102052 9999 9999 9999 9999 9999 9999 9999 9999 9999 9999 9999 9999
394A Sali  198102061 9999 9999 9999 9999 9999 9999 9999 9999 9999 9999 9999 9999
394A Sali  198102062 9999 9999 9999 9999 9999 9999 9999 9999 9999 9999 9999 9999
394A Sali  198102071 9999 9999 9999 9999 9999 9999 9999 9999 9999 9999 9999 9999
394A Sali  198102072 9999 9999 9999 9999 9999 9999 9999 9999 9999 9999 9999 9999
394A Sali  198102081 9999 9999 9999 9999 9999 9999 9999 9999 9999 9999 9999 9999
394A Sali  198102082 9999 9999 9999 9999 9999 9999 9999 9999 9999 9999 9999 9999
394A Sali  198102091 9999 9999 9999 9999 9999 9999 9999 9999 9999 9999 9999 9999
394A Sali  198102092 9999 9999 9999 9999 9999 9999 9999 9999 9999 9999 9999 9999
394A Sali  198102101 9999 9999 9999 9999 9999 9999 9999 9999 9999 9999 9999 9999
394A Sali  198102102 9999 9999 9999 9999 9999 9999 9999 9999 9999 9999 9999 9999
394A Sali  198102111 9999 9999 9999 9999 9999 9999 9999 9999 9999 9999 9999 9999
394A Sali  198102112 9999 9999 9999 9999 9999 9999 9999 9999 9999 9999 9999 9999
394A Sali  198102121 9999 9999 9999 9999 9999 9999 9999 9999 9999 9999 9999 9999
394A Sali  198102122 9999 9999 9999 9999 9999 9999 9999 9999 9999 9999 9999 9999
394A Sali  198102131 9999 9999 9999 9999 9999 9999 9999 9999 9999 9999 9999 9999
394A Sali  198102132 9999 9999 9999 9999 9999 9999 9999 9999 9999 9999 9999 9999
394A Sali  198102141 9999 9999 9999 9999 9999 9999 9999 9999 9999 9999 9999 9999
394A Sali  198102142 9999 9999 9999 9999 9999 9999 9999 9999 9999 9999 9999 9999
394A Sali  198102151 9999 9999 9999 9999 9999 9999 9999 9999 9999 9999 9999 9999
394A Sali  198102152 9999 9999 9999 9999 9999 9999 9999 9999 9999 9999 9999 9999
394A Sali  198102161 9999 9999 9999 9999 9999 9999 9999 9999 9999 9999 9999 9999
394A Sali  198102162 9999 9999 9999 9999 9999 9999 9999 9999 9999 9999 9999 9999
394A Sali  198102171 9999 9999 9999 9999 9999 9999 9999 9999 9999 9999 9999 9999
394A Sali  198102172 9999 9999 9999 9999 9999 9999 9999 9999 9999 9999 9999 9999
394A Sali  198102181 9999 9999 9999 9999 9999 9999 9999 9999 9999 9999 9999 9999
394A Sali  198102182 9999 9999 9999 9999 9999 9999 9999 9999 9999 9999 9999 9999
394A Sali  198102191 9999 9999 9999 9999 9999 9999 9999 9999 9999 9999 9999 9999
394A Sali  198102192 9999 9999 9999 9999 9999 9999 9999 9999 9999 9999 9999 9999
394A Sali  198102201 9999 9999 9999 9999 9999 9999 9999 9999 9999 9999 9999 9999
394A Sali  198102202 9999 9999 9999 9999 9999 9999 9999 9999 9999 9999 9999 9999
394A Sali  198102211 9999 9999 9999 9999 9999 9999 9999 9999 9999 9999 9999 9999
394A Sali  198102212 9999 9999 9999 9999 9999 9999 9999 9999 9999 9999 9999 9999
394A Sali  198102221 9999 9999 9999 9999 9999 9999 9999 9999 9999 9999 9999 9999
394A Sali  198102222 9999 9999 9999 9999 9999 9999 9999 9999 9999 9999 9999 9999
394A Sali  198102231 9999 9999 9999 9999 9999 9999 9999 9999 9999 9999 9999 9999
394A Sali  198102232 9999 9999 9999 9999 9999 9999 9999 9999 9999 9999 9999 9999
394A Sali  198102241 9999 9999 9999 9999 9999 9999 9999 9999 9999 9999 9999 9999
394A Sali  198102242 9999 9999 9999 9999 9999 9999 9999 9999 9999 9999 9999 9999
394A Sali  198102251 9999 9999 9999 9999 9999 9999 9999 9999 9999 9999 9999 9999
394A Sali  198102252 9999 9999 9999 9999 9999 9999 9999 9999 9999 9999 9999 9999
394A Sali  198102261 9999 9999 9999 9999 9999 9999 9999 9999 9999 9999 9999 9999
394A Sali  198102262 9999 9999 9999 9999 9999 9999 9999 9999 9999 9999 9999 9999
394A Sali  198102271 9999 9999 9999 9999 9999 9999 9999 9999 9999 9999 9999 9999
394A Sali  198102272 9999 9999 9999 9999 9999 9999 9999 9999 9999 9999 9999 9999
394A Sali  198102281 9999 9999 9999 9999 9999 9999 9999 9999 9999 9999 9999 9999
394A Sali  198102282 9999 9999 9999 9999 9999 9999 9999 9999 9999 9999 9999 9999
394A Sali  198103011 9999 9999 9999 9999 9999 9999 9999 9999 9999 9999 9999 9999
394A Sali  198103012 9999 9999 9999 9999 9999 9999 9999 9999 9999 9999 9999 9999
394A Sali  198103021 9999 9999 9999 9999 9999 9999 9999 9999 9999 9999 9999 9999
394A Sali  198103022 9999 9999 9999 9999 9999 9999 9999 9999 9999 9999 9999 9999
394A Sali  198103031 9999 9999 9999 9999 9999 9999 9999 9999 9999 9999 9999 9999
394A Sali  198103032 9999 9999 9999 9999 9999 9999 9999 9999 9999 9999 9999 9999
394A Sali  198103041 9999 9999 9999 9999 9999 9999 9999 9999 9999 9999 9999 9999
394A Sali  198103042 9999 9999 9999 9999 9999 9999 9999 9999 9999 9999 9999 9999
394A Sali  198103051 9999 9999 9999 9999 9999 9999 9999 9999 9999 9999 9999 9999
394A Sali  198103052 9999 9999 9999 9999 9999 9999 9999 9999 9999 9999 9999 9999
394A Sali  198103061 9999 9999 9999 9999 9999 9999 9999 9999 9999 9999 9999 9999
394A Sali  198103062 9999 9999 9999 9999 9999 9999 9999 9999 9999 9999 9999 9999
394A Sali  198103071 9999 9999 9999 9999 9999 9999 9999 9999 9999 9999 9999 9999
394A Sali  198103072 9999 9999 9999 9999 9999 9999 9999 9999 9999 9999 9999 9999
394A Sali  198103081 9999 9999 9999 9999 9999 9999 9999 9999 9999 9999 9999 9999
394A Sali  198103082 9999 9999 9999 9999 9999 9999 9999 9999 9999 9999 9999 9999
394A Sali  198103091 9999 9999 9999 9999 9999 9999 9999 9999 9999 9999 9999 9999
394A Sali  198103092 9999 9999 9999 9999 9999 9999 9999 9999 9999 9999 9999 9999
394A Sali  198103101 9999 9999 9999 9999 9999 9999 9999 9999 9999 9999 9999 9999
394A Sali  198103102 9999 9999 9999 9999 9999 9999 9999 9999 9999 9999 9999 9999
394A Sali  198103111 9999 9999 9999 9999 9999 9999 9999 9999 9999 9999 9999 9999
394A Sali  198103112 9999 9999 9999 9999 9999 9999 9999 9999 9999 9999 9999 9999
394A Sali  198103121 9999 9999 9999 9999 9999 9999 9999 9999 9999 9999 9999 9999
394A Sali  198103122 9999 9999 9999 9999 9999 9999 9999 9999 9999 9999 9999 9999
394A Sali  198103131 9999 9999 9999 9999 9999 9999 9999 9999 9999 9999 9999 9999
394A Sali  198103132 9999 9999 9999 9999 9999 9999 9999 9999 9999 9999 9999 9999
394A Sali  198103141 9999 9999 9999 9999 9999 9999 9999 9999 9999 9999 9999 9999
394A Sali  198103142 9999 9999 9999 9999 9999 9999 9999 9999 9999 9999 9999 9999
394A Sali  198103151 9999 9999 9999 9999 9999 9999 9999 9999 9999 9999 9999 9999
394A Sali  198103152 9999 9999 9999 9999 9999 9999 9999 9999 9999 9999 9999 9999
394A Sali  198103161 9999 9999 9999 9999 9999 9999 9999 9999 9999 9999 9999 9999
394A Sali  198103162 9999 9999 9999 9999 9999 9999 9999 9999 9999 9999 9999 9999
394A Sali  198103171 9999 9999 9999 9999 9999 9999 9999 9999 9999 9999 9999 9999
394A Sali  198103172 9999 9999 9999 9999 9999 9999 9999 9999 9999 9999 9999 9999
394A Sali  198103181 9999 9999 9999 9999 9999 9999 9999 9999 9999 9999 9999 9999
394A Sali  198103182 9999 9999 9999 9999 9999 9999 9999 9999 9999 9999 9999 9999
394A Sali  198103191 9999 9999 9999 9999 9999 9999 9999 9999 9999 9999 9999 9999
394A Sali  198103192 9999 9999 9999 9999 9999 9999 9999 9999 9999 9999 9999 9999
394A Sali  198103201 9999 9999 9999 9999 9999 9999 9999 9999 9999 9999 9999 9999
394A Sali  198103202 9999 9999 9999 9999 9999 9999 9999 9999 9999 9999 9999 9999
394A Sali  198103211 9999 9999 9999 9999 9999 9999 9999 9999 9999 9999 9999 9999
394A Sali  198103212 9999 9999 9999 9999 9999 9999 9999 9999 9999 9999 9999 9999
394A Sali  198103221 9999 9999 9999 9999 9999 9999 9999 9999 9999 9999 9999 9999
394A Sali  198103222 9999 9999 9999 9999 9999 9999 9999 9999 9999 9999 9999 9999
394A Sali  198103231 9999 9999 9999 9999 9999 9999 9999 9999 9999 9999 9999 9999
394A Sali  198103232 9999 9999 9999 9999 9999 9999 9999 9999 9999 9999 9999 9999
394A Sali  198103241 9999 9999 9999 9999 9999 9999 9999 9999 9999 9999 9999 9999
394A Sali  198103242 9999 9999 9999 9999 9999 9999 9999 9999 9999 9999 9999 9999
394A Sali  198103251 9999 9999 9999 9999 9999 9999 9999 9999 9999 9999 9999 9999
394A Sali  198103252 9999 9999 9999 9999 9999 9999 9999 9999 9999 9999 9999 9999
394A Sali  198103261 9999 9999 9999 9999 9999 9999 9999 9999 9999 9999 9999 9999
394A Sali  198103262 9999 9999 9999 9999 9999 9999 9999 9999 9999 9999 9999 9999
394A Sali  198103271 9999 9999 9999 9999 9999 9999 9999 9999 9999 9999 9999 9999
394A Sali  198103272 9999 9999 9999 9999 9999 9999 9999 9999 9999 9999 9999 9999
394A Sali  198103281 9999 9999 9999 9999 9999 9999 9999 9999 9999 9999 9999 9999
394A Sali  198103282 9999 9999 9999 9999 9999 9999 9999 9999 9999 9999 9999 9999
394A Sali  198103291 9999 9999 9999 9999 9999 9999 9999 9999 9999 9999 9999 9999
394A Sali  198103292 9999 9999 9999 9999 9999 9999 9999 9999 9999 9999 9999 9999
394A Sali  198103301 9999 9999 9999 9999 9999 9999 9999 9999 9999 9999 9999 9999
394A Sali  198103302 9999 9999 9999 9999 9999 9999 9999 9999 9999 9999 9999 9999
394A Sali  198103311 9999 9999 9999 9999 9999 9999 9999 9999 9999 9999 9999 9999
394A Sali  198103312 9999 9999 9999 9999 9999 9999 9999 9999 9999 9999 9999 9999
394A Sali  198104011 9999 9999 9999 9999 9999 9999 9999 9999 9999 9999 9999 9999
394A Sali  198104012 9999 9999 9999 9999 9999 9999 9999 9999 9999 9999 9999 9999
394A Sali  198104021 9999 9999 9999 9999 9999 9999 9999 9999 9999 9999 9999 9999
394A Sali  198104022 9999 9999 9999 9999 9999 9999 9999 9999 9999 9999 9999 9999
394A Sali  198104031 9999 9999 9999 9999 9999 9999 9999 9999 9999 9999 9999 9999
394A Sali  198104032 9999 9999 9999 9999 9999 9999 9999 9999 9999 9999 9999 9999
394A Sali  198104041 9999 9999 9999 9999 9999 9999 9999 9999 9999 9999 9999 9999
394A Sali  198104042 9999 9999 9999 9999 9999 9999 9999 9999 9999 9999 9999 9999
394A Sali  198104051 9999 9999 9999 9999 9999 9999 9999 9999 9999 9999 9999 9999
394A Sali  198104052 9999 9999 9999 9999 9999 9999 9999 9999 9999 9999 9999 9999
394A Sali  198104061 9999 9999 9999 9999 9999 9999 9999 9999 9999 9999 9999 9999
394A Sali  198104062 9999 9999 9999 9999 9999 9999 9999 9999 9999 9999 9999 9999
394A Sali  198104071 9999 9999 9999 9999 9999 9999 9999 9999 9999 9999 9999 9999
394A Sali  198104072 9999 9999 9999 9999 9999 9999 9999 9999 9999 9999 9999 9999
394A Sali  198104081 9999 9999 9999 9999 9999 9999 9999 9999 9999 9999 9999 9999
394A Sali  198104082 9999 9999 9999 9999 9999 9999 9999 9999 9999 9999 9999 9999
394A Sali  198104091 9999 9999 9999 9999 9999 9999 9999 9999 9999 9999 9999 9999
394A Sali  198104092 9999 9999 9999 9999 9999 9999 9999 9999 9999 9999 9999 9999
394A Sali  198104101 9999 9999 9999 9999 9999 9999 9999 9999 9999 9999 9999 9999
394A Sali  198104102 9999 9999 9999 9999 9999 9999 9999 9999 9999 9999 9999 9999
394A Sali  198104111 9999 9999 9999 9999 9999 9999 9999 9999 9999 9999 9999 9999
394A Sali  198104112 9999 9999 9999 9999 9999 9999 9999 9999 9999 9999 9999 9999
394A Sali  198104121 9999 9999 9999 9999 9999 9999 9999 9999 9999 9999 9999 9999
394A Sali  198104122 9999 9999 9999 9999 9999 9999 9999 9999 9999 9999 9999 9999
394A Sali  198104131 9999 9999 9999 9999 9999 9999 9999 9999 9999 9999 9999 9999
394A Sali  198104132 9999 9999 9999 9999 9999 9999 9999 9999 9999 9999 9999 9999
394A Sali  198104141 9999 9999 9999 9999 9999 9999 9999 9999 9999 9999 9999 9999
394A Sali  198104142 9999 9999 9999 9999 9999 9999 9999 9999 9999 9999 9999 9999
394A Sali  198104151 9999 9999 9999 9999 9999 9999 9999 9999 9999 9999 9999 9999
394A Sali  198104152 9999 9999 9999 9999 9999 9999 9999 9999 9999 9999 9999 9999
394A Sali  198104161 9999 9999 9999 9999 9999 9999 9999 9999 9999 9999 9999 9999
394A Sali  198104162 9999 9999 9999 9999 9999 9999 9999 9999 9999 9999 9999 9999
394A Sali  198104171 9999 9999 9999 9999 9999 9999 9999 9999 9999 9999 9999 9999
394A Sali  198104172 9999 9999 9999 9999 9999 9999 9999 9999 9999 9999 9999 9999
394A Sali  198104181 9999 9999 9999 9999 9999 9999 9999 9999 9999 9999 9999 9999
394A Sali  198104182 9999 9999 9999 9999 9999 9999 9999 9999 9999 9999 9999 9999
394A Sali  198104191 9999 9999 9999 9999 9999 9999 9999 9999 9999 9999 9999 9999
394A Sali  198104192 9999 9999 9999 9999 9999 9999 9999 9999 9999 9999 9999 9999
394A Sali  198104201 9999 9999 9999 9999 9999 9999 9999 9999 9999 9999 9999 9999
394A Sali  198104202 9999 9999 9999 9999 9999 9999 9999 9999 9999 9999 9999 9999
394A Sali  198104211 9999 9999 9999 9999 9999 9999 9999 9999 9999 9999 9999 9999
394A Sali  198104212 9999 9999 9999 9999 9999 9999 9999 9999 9999 9999 9999 9999
394A Sali  198104221 9999 9999 9999 9999 9999 9999 9999 9999 9999 9999 9999 9999
394A Sali  198104222 9999 9999 9999 9999 9999 9999 9999 9999 9999 9999 9999 9999
394A Sali  198104231 9999 9999 9999 9999 9999 9999 9999 9999 9999 9999 9999 9999
394A Sali  198104232 9999 9999 9999 9999 9999 9999 9999 9999 9999 9999 9999 9999
394A Sali  198104241 9999 9999 9999 9999 9999 9999 9999 9999 9999 9999 9999 9999
394A Sali  198104242 9999 9999 9999 9999 9999 9999 9999 9999 9999 9999 9999 9999
394A Sali  198104251 9999 9999 9999 9999 9999 9999 9999 9999 9999 9999 9999 9999
394A Sali  198104252 9999 9999 9999 9999 9999 9999 9999 9999 9999 9999 9999 9999
394A Sali  198104261 9999 9999 9999 9999 9999 9999 9999 9999 9999 9999 9999 9999
394A Sali  198104262 9999 9999 9999 9999 9999 9999 9999 9999 9999 9999 9999 9999
394A Sali  198104271 9999 9999 9999 9999 9999 9999 9999 9999 9999 9999 9999 9999
394A Sali  198104272 9999 9999 9999 9999 9999 9999 9999 9999 9999 9999 9999 9999
394A Sali  198104281 9999 9999 9999 9999 9999 9999 9999 9999 9999 9999 9999 9999
394A Sali  198104282 9999 9999 9999 9999 9999 9999 9999 9999 9999 9999 9999 9999
394A Sali  198104291 9999 9999 9999 9999 9999 9999 9999 9999 9999 9999 9999 9999
394A Sali  198104292 9999 9999 9999 9999 9999 9999 9999 9999 9999 9999 9999 9999
394A Sali  198104301 9999 9999 9999 9999 9999 9999 9999 9999 9999 9999 9999 9999
394A Sali  198104302 9999 9999 9999 9999 9999 9999 9999 9999 9999 9999 9999 9999
394A Sali  198105011 9999 9999 9999 9999 9999 9999 9999 9999 9999 9999 9999 9999
394A Sali  198105012 9999 9999 9999 9999 9999 9999 9999 9999 9999 9999 9999 9999
394A Sali  198105021 9999 9999 9999 9999 9999 9999 9999 9999 9999 9999 9999 9999
394A Sali  198105022 9999 9999 9999 9999 9999 9999 9999 9999 9999 9999 9999 9999
394A Sali  198105031 9999 9999 9999 9999 9999 9999 9999 9999 9999 9999 9999 9999
394A Sali  198105032 9999 9999 9999 9999 9999 9999 9999 9999 9999 9999 9999 9999
394A Sali  198105041 9999 9999 9999 9999 9999 9999 9999 9999 9999 9999 9999 9999
394A Sali  198105042 9999 9999 9999 9999 9999 9999 9999 9999 9999 9999 9999 9999
394A Sali  198105051 9999 9999 9999 9999 9999 9999 9999 9999 9999 9999 9999 9999
394A Sali  198105052 9999 9999 9999 9999 9999 9999 9999 9999 9999 9999 9999 9999
394A Sali  198105061 9999 9999 9999 9999 9999 9999 9999 9999 9999 9999 9999 9999
394A Sali  198105062 9999 9999 9999 9999 9999 9999 9999 9999 9999 9999 9999 9999
394A Sali  198105071 9999 9999 9999 9999 9999 9999 9999 9999 9999 9999 9999 9999
394A Sali  198105072 9999 9999 9999 9999 9999 9999 9999 9999 9999 9999 9999 9999
394A Sali  198105081 9999 9999 9999 9999 9999 9999 9999 9999 9999 9999 9999 9999
394A Sali  198105082 9999 9999 9999 9999 9999 9999 9999 9999 9999 9999 9999 9999
394A Sali  198105091 9999 9999 9999 9999 9999 9999 9999 9999 9999 9999 9999 9999
394A Sali  198105092 9999 9999 9999 9999 9999 9999 9999 9999 9999 9999 9999 9999
394A Sali  198105101 9999 9999 9999 9999 9999 9999 9999 9999 9999 9999 9999 9999
394A Sali  198105102 9999 9999 9999 9999 9999 9999 9999 9999 9999 9999 9999 9999
394A Sali  198105111 9999 9999 9999 9999 9999 9999 9999 9999 9999 9999 9999 9999
394A Sali  198105112 9999 9999 9999 9999 9999 9999 9999 9999 9999 9999 9999 9999
394A Sali  198105121 9999 9999 9999 9999 9999 9999 9999 9999 9999 9999 9999 9999
394A Sali  198105122 9999 9999 9999 9999 9999 9999 9999 9999 9999 9999 9999 9999
394A Sali  198105131 9999 9999 9999 9999 9999 9999 9999 9999 9999 9999 9999 9999
394A Sali  198105132 9999 9999 9999 9999 9999 9999 9999 9999 9999 9999 9999 9999
394A Sali  198105141 9999 9999 9999 9999 9999 9999 9999 9999 9999 9999 9999 9999
394A Sali  198105142 9999 9999 9999 9999 9999 9999 9999 9999 9999 9999 9999 9999
394A Sali  198105151 9999 9999 9999 9999 9999 9999 9999 9999 9999 9999 9999 9999
394A Sali  198105152 9999 9999 9999 9999 9999 9999 9999 9999 9999 9999 9999 9999
394A Sali  198105161 9999 9999 9999 9999 9999 9999 9999 9999 9999 9999 9999 9999
394A Sali  198105162 9999 9999 9999 9999 9999 9999 9999 9999 9999 9999 9999 9999
394A Sali  198105171 9999 9999 9999 9999 9999 9999 9999 9999 9999 9999 9999 9999
394A Sali  198105172 9999 9999 9999 9999 9999 9999 9999 9999 9999 9999 9999 9999
394A Sali  198105181 9999 9999 9999 9999 9999 9999 9999 9999 9999 9999 9999 9999
394A Sali  198105182 9999 9999 9999 9999 9999 9999 9999 9999 9999 9999 9999 9999
394A Sali  198105191 9999 9999 9999 9999 9999 9999 9999 9999 9999 9999 9999 9999
394A Sali  198105192 9999 9999 9999 9999 9999 9999 9999 9999 9999 9999 9999 9999
394A Sali  198105201 9999 9999 9999 9999 9999 9999 9999 9999 9999 9999 9999 9999
394A Sali  198105202 9999 9999 9999 9999 9999 9999 9999 9999 9999 9999 9999 9999
394A Sali  198105211 9999 9999 9999 9999 9999 9999 9999 9999 9999 9999 9999 9999
394A Sali  198105212 9999 9999 9999 9999 9999 9999 9999 9999 9999 9999 9999 9999
394A Sali  198105221 9999 9999 9999 9999 9999 9999 9999 9999 9999 9999 9999 9999
394A Sali  198105222 9999 9999 9999 9999 9999 9999 9999 9999 9999 9999 9999 9999
394A Sali  198105231 9999 9999 9999 9999 9999 9999 9999 9999 9999 9999 9999 9999
394A Sali  198105232 9999 9999 9999 9999 9999 9999 9999 9999 9999 9999 9999 9999
394A Sali  198105241 9999 9999 9999 9999 9999 9999 9999 9999 9999 9999 9999 9999
394A Sali  198105242 9999 9999 9999 9999 9999 9999 9999 9999 9999 9999 9999 9999
394A Sali  198105251 9999 9999 9999 9999 9999 9999 9999 9999 9999 9999 9999 9999
394A Sali  198105252 9999 9999 9999 9999 9999 9999 9999 9999 9999 9999 9999 9999
394A Sali  198105261 9999 9999 9999 9999 9999 9999 9999 9999 9999 9999 9999 9999
394A Sali  198105262 9999 9999 9999 9999 9999 9999 9999 9999 9999 9999 9999 9999
394A Sali  198105271 9999 9999 9999 9999 9999 9999 9999 9999 9999 9999 9999 9999
394A Sali  198105272 9999 9999 9999 9999 9999 9999 9999 9999 9999 9999 9999 9999
394A Sali  198105281 9999 9999 9999 9999 9999 9999 9999 9999 9999 9999 9999 9999
394A Sali  198105282 9999 9999 9999 9999 9999 9999 9999 9999 9999 9999 9999 9999
394A Sali  198105291 9999 9999 9999 9999 9999 9999 9999 9999 9999 9999 9999 9999
394A Sali  198105292 9999 9999 9999 9999 9999 9999 9999 9999 9999 9999 9999 9999
394A Sali  198105301 9999 9999 9999 9999 9999 9999 9999 9999 9999 9999 9999 9999
394A Sali  198105302 9999 9999 9999 9999 9999 9999 9999 9999 9999 9999 9999 9999
394A Sali  198105311 9999 9999 9999 9999 9999 9999 9999 9999 9999 9999 9999 9999
394A Sali  198105312 9999 9999 9999 9999 9999 9999 9999 9999 9999 9999 9999 9999
394A Sali  198106011 9999 9999 9999 9999 9999 9999 9999 9999 9999 9999 9999 9999
394A Sali  198106012 9999 9999 9999 9999 9999 9999 9999 9999 9999 9999 9999 9999
394A Sali  198106021 9999 9999 9999 9999 9999 9999 9999 9999 9999 9999 9999 9999
394A Sali  198106022 9999 9999 9999 9999 9999 9999 9999 9999 9999 9999 9999 9999
394A Sali  198106031 9999 9999 9999 9999 9999 9999 9999 9999 9999 9999 9999 9999
394A Sali  198106032 9999 9999 9999 9999 9999 9999 9999 9999 9999 9999 9999 9999
394A Sali  198106041 9999 9999 9999 9999 9999 9999 9999 9999 9999 9999 9999 9999
394A Sali  198106042 9999 9999 9999 9999 9999 9999 9999 9999 9999 9999 9999 9999
394A Sali  198106051 9999 9999 9999 9999 9999 9999 9999 9999 9999 9999 9999 9999
394A Sali  198106052 9999 9999 9999 9999 9999 9999 9999 9999 9999 9999 9999 9999
394A Sali  198106061 9999 9999 9999 9999 9999 9999 9999 9999 9999 9999 9999 9999
394A Sali  198106062 9999 9999 9999 9999 9999 9999 9999 9999 9999 9999 9999 9999
394A Sali  198106071 9999 9999 9999 9999 9999 9999 9999 9999 9999 9999 9999 9999
394A Sali  198106072 9999 9999 9999 9999 9999 9999 9999 9999 9999 9999 9999 9999
394A Sali  198106081 9999 9999 9999 9999 9999 9999 9999 9999 9999 9999 9999 9999
394A Sali  198106082 9999 9999 9999 9999 9999 9999 9999 9999 9999 9999 9999 9999
394A Sali  198106091 9999 9999 9999 9999 9999 9999 9999 9999 9999 9999 9999 9999
394A Sali  198106092 9999 9999 9999 9999 9999 9999 9999 9999 9999 9999 9999 9999
394A Sali  198106101 9999 9999 9999 9999 9999 9999 9999 9999 9999 9999 9999 9999
394A Sali  198106102 9999 9999 9999 9999 9999 9999 9999 9999 9999 9999 9999 9999
394A Sali  198106111 9999 9999 9999 9999 9999 9999 9999 9999 9999 9999 9999 9999
394A Sali  198106112 9999 9999 9999 9999 9999 9999 9999 9999 9999 9999 9999 9999
394A Sali  198106121 9999 9999 9999 9999 9999 9999 9999 9999 9999 9999 9999 9999
394A Sali  198106122 9999 9999 9999 9999 9999 9999 9999 9999 9999 9999 9999 9999
394A Sali  198106131 9999 9999 9999 9999 9999 9999 9999 9999 9999 9999 9999 9999
394A Sali  198106132 9999 9999 9999 9999 9999 9999 9999 9999 9999 9999 9999 9999
394A Sali  198106141 9999 9999 9999 9999 9999 9999 9999 9999 9999 9999 9999 9999
394A Sali  198106142 9999 9999 9999 9999 9999 9999 9999 9999 9999 9999 9999 9999
394A Sali  198106151 9999 9999 9999 9999 9999 9999 9999 9999 9999 9999 9999 9999
394A Sali  198106152 9999 9999 9999 9999 9999 9999 9999 9999 9999 9999 9999 9999
394A Sali  198106161 9999 9999 9999 9999 9999 9999 9999 9999 9999 9999 9999 9999
394A Sali  198106162 9999 9999 9999 9999 9999 9999 9999 9999 9999 9999 9999 9999
394A Sali  198106171 9999 9999 9999 9999 9999 9999 9999 9999 9999 9999 9999 9999
394A Sali  198106172 9999 9999 9999 9999 9999 9999 9999 9999 9999 9999 9999 9999
394A Sali  198106181 9999 9999 9999 9999 9999 9999 9999 9999 9999 9999 9999 9999
394A Sali  198106182 9999 9999 9999 9999 9999 9999 9999 9999 9999 9999 9999 9999
394A Sali  198106191 9999 9999 9999 9999 9999 9999 9999 9999 9999 9999 9999 9999
394A Sali  198106192 9999 9999 9999 9999 9999 9999 9999 9999 9999 9999 9999 9999
394A Sali  198106201 9999 9999 9999 9999 9999 9999 9999 9999 9999 9999 9999 9999
394A Sali  198106202 9999 9999 9999 9999 9999 9999 9999 9999 9999 9999 9999 9999
394A Sali  198106211 9999 9999 9999 9999 9999 9999 9999 9999 9999 9999 9999 9999
394A Sali  198106212 9999 9999 9999 9999 9999 9999 9999 9999 9999 9999 9999 9999
394A Sali  198106221 9999 9999 9999 9999 9999 9999 9999 9999 9999 9999 9999 9999
394A Sali  198106222 9999 9999 9999 9999 9999 9999 9999 9999 9999 9999 9999 9999
394A Sali  198106231 9999 9999 9999 9999 9999 9999 9999 9999 9999 9999 9999 9999
394A Sali  198106232 9999 9999 9999 9999 9999 9999 9999 9999 9999 9999 9999 9999
394A Sali  198106241 9999 9999 9999 9999 9999 9999 9999 9999 9999 9999 9999 9999
394A Sali  198106242 9999 9999 9999 9999 9999 9999 9999 9999 9999 9999 9999 9999
394A Sali  198106251 9999 9999 9999 9999 9999 9999 9999 9999 9999 9999 9999 9999
394A Sali  198106252 9999 9999 9999 9999 9999 9999 9999 9999 9999 9999 9999 9999
394A Sali  198106261 9999 9999 9999 9999 9999 9999 9999 9999 9999 9999 9999 9999
394A Sali  198106262 9999 9999 9999 9999 9999 9999 9999 9999 9999 9999 9999 9999
394A Sali  198106271 9999 9999 9999 9999 9999 9999 9999 9999 9999 9999 9999 9999
394A Sali  198106272 9999 9999 9999 9999 9999 9999 9999 9999 9999 9999 9999 9999
394A Sali  198106281 9999 9999 9999 9999 9999 9999 9999 9999 9999 9999 9999 9999
394A Sali  198106282 9999 9999 9999 9999 9999 9999 9999 9999 9999 9999 9999 9999
394A Sali  198106291 9999 9999 9999 9999 9999 9999 9999 9999 9999 9999 9999 9999
394A Sali  198106292 9999 9999 9999 9999 9999 9999 9999 9999 9999 9999 9999 9999
394A Sali  198106301 9999 9999 9999 9999 9999 9999 9999 9999 9999 9999 9999 9999
394A Sali  198106302 9999 9999 9999 9999 9999 9999 9999 9999 9999 9999 9999 9999
394A Sali  198107011 9999 9999 9999 9999 9999 9999 9999 9999 9999 9999 9999 9999
394A Sali  198107012 9999 9999 9999 9999 9999 9999 9999 9999 9999 9999 9999 9999
394A Sali  198107021 9999 9999 9999 9999 9999 9999 9999 9999 9999 9999 9999 9999
394A Sali  198107022 9999 9999 9999 9999 9999 9999 9999 9999 9999 9999 9999 9999
394A Sali  198107031 9999 9999 9999 9999 9999 9999 9999 9999 9999 9999 9999 9999
394A Sali  198107032 9999 9999 9999 9999 9999 9999 9999 9999 9999 9999 9999 9999
394A Sali  198107041 9999 9999 9999 9999 9999 9999 9999 9999 9999 9999 9999 9999
394A Sali  198107042 9999 9999 9999 9999 9999 9999 9999 9999 9999 9999 9999 9999
394A Sali  198107051 9999 9999 9999 9999 9999 9999 9999 9999 9999 9999 9999 9999
394A Sali  198107052 9999 9999 9999 9999 9999 9999 9999 9999 9999 9999 9999 9999
394A Sali  198107061 9999 9999 9999 9999 9999 9999 9999 9999 9999 9999 9999 9999
394A Sali  198107062 9999 9999 9999 9999 9999 9999 9999 9999 9999 9999 9999 9999
394A Sali  198107071 9999 9999 9999 9999 9999 9999 9999 9999 9999 9999 9999 9999
394A Sali  198107072 9999 9999 9999 9999 9999 9999 9999 9999 9999 9999 9999 9999
394A Sali  198107081 9999 9999 9999 9999 9999 9999 9999 9999 9999 9999 9999 9999
394A Sali  198107082 9999 9999 9999 9999 9999 9999 9999 9999 9999 9999 9999 9999
394A Sali  198107091 9999 9999 9999 9999 9999 9999 9999 9999 9999 9999 9999 9999
394A Sali  198107092 9999 9999 9999 9999 9999 9999 9999 9999 9999 9999 9999 9999
394A Sali  198107101 9999 9999 9999 9999 9999 9999 9999 9999 9999 9999 9999 9999
394A Sali  198107102 9999 9999 9999 9999 9999 9999 9999 9999 9999 9999 9999 9999
394A Sali  198107111 9999 9999 9999 9999 9999 9999 9999 9999 9999 9999 9999 9999
394A Sali  198107112 9999 9999 9999 9999 9999 9999 9999 9999 9999 9999 9999 9999
394A Sali  198107121 9999 9999 9999 9999 9999 9999 9999 9999 9999 9999 9999 9999
394A Sali  198107122 9999 9999 9999 9999 9999 9999 9999 9999 9999 9999 9999 9999
394A Sali  198107131 9999 9999 9999 9999 9999 9999 9999 9999 9999 9999 9999 9999
394A Sali  198107132 9999 9999 9999 9999 9999 9999 9999 9999 9999 9999 9999 9999
394A Sali  198107141 9999 9999 9999 9999 9999 9999 9999 9999 9999 9999 9999 9999
394A Sali  198107142 9999 9999 9999 9999 9999 9999 9999 9999 9999 9999 9999 9999
394A Sali  198107151 9999 9999 9999 9999 9999 9999 9999 9999 9999 9999 9999 9999
394A Sali  198107152 9999 9999 9999 9999 9999 9999 9999 9999 9999 9999 9999 9999
394A Sali  198107161 9999 9999 9999 9999 9999 9999 9999 9999 9999 9999 9999 9999
394A Sali  198107162 9999 9999 9999 9999 9999 9999 9999 9999 9999 9999 9999 9999
394A Sali  198107171 9999 9999 9999 9999 9999 9999 9999 9999 9999 9999 9999 9999
394A Sali  198107172 9999 9999 9999 9999 9999 9999 9999 9999 9999 9999 9999 9999
394A Sali  198107181 9999 9999 9999 9999 9999 9999 9999 9999 9999 9999 9999 9999
394A Sali  198107182 9999 9999 9999 9999 9999 9999 9999 9999 9999 9999 9999 9999
394A Sali  198107191 9999 9999 9999 9999 9999 9999 9999 9999 9999 9999 9999 9999
394A Sali  198107192 9999 9999 9999 9999 9999 9999 9999 9999 9999 9999 9999 9999
394A Sali  198107201 9999 9999 9999 9999 9999 9999 9999 9999 9999 9999 9999 9999
394A Sali  198107202 9999 9999 9999 9999 9999 9999 9999 9999 9999 9999 9999 9999
394A Sali  198107211 9999 9999 9999 9999 9999 9999 9999 9999 9999 9999 9999 9999
394A Sali  198107212 9999 9999 9999 9999 9999 9999 9999 9999 9999 9999 9999 9999
394A Sali  198107221 9999 9999 9999 9999 9999 9999 9999 9999 9999 9999 9999 9999
394A Sali  198107222 9999 9999 9999 9999 9999 9999 9999 9999 9999 9999 9999 9999
394A Sali  198107231 9999 9999 9999 9999 9999 9999 9999 9999 9999 9999 9999 9999
394A Sali  198107232 9999 9999 9999 9999 9999 9999 9999 9999 9999 9999 9999 9999
394A Sali  198107241 9999 9999 9999 9999 9999 9999 9999 9999 9999 9999 9999 9999
394A Sali  198107242 9999 9999 9999 9999 9999 9999 9999 9999 9999 9999 9999 9999
394A Sali  198107251 9999 9999 9999 9999 9999 9999 9999 9999 9999 9999 9999 9999
394A Sali  198107252 9999 9999 9999 9999 9999 9999 9999 9999 9999 9999 9999 9999
394A Sali  198107261 9999 9999 9999 9999 9999 9999 9999 9999 9999 9999 9999 9999
394A Sali  198107262 9999 9999 9999 9999 9999 9999 9999 9999 9999 9999 9999 9999
394A Sali  198107271 9999 9999 9999 9999 9999 9999 9999 9999 9999 9999 9999 9999
394A Sali  198107272 9999 9999 9999 9999 9999 9999 9999 9999 9999 9999 9999 9999
394A Sali  198107281 9999 9999 9999 9999 9999 9999 9999 9999 9999 9999 9999 9999
394A Sali  198107282 9999 9999 9999 9999 9999 9999 9999 9999 9999 9999 9999 9999
394A Sali  198107291 9999 9999 9999 9999 9999 9999 9999 9999 9999 9999 9999 9999
394A Sali  198107292 9999 9999 9999 9999 9999 9999 9999 9999 9999 9999 9999 9999
394A Sali  198107301 9999 9999 9999 9999 9999 9999 9999 9999 9999 9999 9999 9999
394A Sali  198107302 9999 9999 9999 9999 9999 9999 9999 9999 9999 9999 9999 9999
394A Sali  198107311 9999 9999 9999 9999 9999 9999 9999 9999 9999 9999 9999 9999
394A Sali  198107312 9999 9999 9999 9999 9999 9999 9999 9999 9999 9999 9999 9999
394A Sali  198108011 9999 9999 9999 9999 9999 9999 9999 9999 9999 9999 9999 9999
394A Sali  198108012 9999 9999 9999 9999 9999 9999 9999 9999 9999 9999 9999 9999
394A Sali  198108021 9999 9999 9999 9999 9999 9999 9999 9999 9999 9999 9999 9999
394A Sali  198108022 9999 9999 9999 9999 9999 9999 9999 9999 9999 9999 9999 9999
394A Sali  198108031 9999 9999 9999 9999 9999 9999 9999 9999 9999 9999 9999 9999
394A Sali  198108032 9999 9999 9999 9999 9999 9999 9999 9999 9999 9999 9999 9999
394A Sali  198108041 9999 9999 9999 9999 9999 9999 9999 9999 9999 9999 9999 9999
394A Sali  198108042 9999 9999 9999 9999 9999 9999 9999 9999 9999 9999 9999 9999
394A Sali  198108051 9999 9999 9999 9999 9999 9999 9999 9999 9999 9999 9999 9999
394A Sali  198108052 9999 9999 9999 9999 9999 9999 9999 9999 9999 9999 9999 9999
394A Sali  198108061 9999 9999 9999 9999 9999 9999 9999 9999 9999 9999 9999 9999
394A Sali  198108062 9999 9999 9999 9999 9999 9999 9999 9999 9999 9999 9999 9999
394A Sali  198108071 9999 9999 9999 9999 9999 9999 9999 9999 9999 9999 9999 9999
394A Sali  198108072 9999 9999 9999 9999 9999 9999 9999 9999 9999 9999 9999 9999
394A Sali  198108081 9999 9999 9999 9999 9999 9999 9999 9999 9999 9999 9999 9999
394A Sali  198108082 9999 9999 9999 9999 9999 9999 9999 9999 9999 9999 9999 9999
394A Sali  198108091 9999 9999 9999 9999 9999 9999 9999 9999 9999 9999 9999 9999
394A Sali  198108092 9999 9999 9999 9999 9999 9999 9999 9999 9999 9999 9999 9999
394A Sali  198108101 9999 9999 9999 9999 9999 9999 9999 9999 9999 9999 9999 9999
394A Sali  198108102 9999 9999 9999 9999 9999 9999 9999 9999 9999 9999 9999 9999
394A Sali  198108111 9999 9999 9999 9999 9999 9999 9999 9999 9999 9999 9999 9999
394A Sali  198108112 9999 9999 9999 9999 9999 9999 9999 9999 9999 9999 9999 9999
394A Sali  198108121 9999 9999 9999 9999 9999 9999 9999 9999 9999 9999 9999 9999
394A Sali  198108122 9999 9999 9999 9999 9999 9999 9999 9999 9999 9999 9999 9999
394A Sali  198108131 9999 9999 9999 9999 9999 9999 9999 9999 9999 9999 9999 9999
394A Sali  198108132 9999 9999 9999 9999 9999 9999 9999 9999 9999 9999 9999 9999
394A Sali  198108141 9999 9999 9999 9999 9999 9999 9999 9999 9999 9999 9999 9999
394A Sali  198108142 9999 9999 9999 9999 9999 9999 9999 9999 9999 9999 9999 9999
394A Sali  198108151 9999 9999 9999 9999 9999 9999 9999 9999 9999 9999 9999 9999
394A Sali  198108152 9999 9999 9999 9999 9999 9999 9999 9999 9999 9999 9999 9999
394A Sali  198108161 9999 9999 9999 9999 9999 9999 9999 9999 9999 9999 9999 9999
394A Sali  198108162 9999 9999 9999 9999 9999 9999 9999 9999 9999 9999 9999 9999
394A Sali  198108171 9999 9999 9999 9999 9999 9999 9999 9999 9999 9999 9999 9999
394A Sali  198108172 9999 9999 9999 9999 9999 9999 9999 9999 9999 9999 9999 9999
394A Sali  198108181 9999 9999 9999 9999 9999 9999 9999 9999 9999 9999 9999 9999
394A Sali  198108182 9999 9999 9999 9999 9999 9999 9999 9999 9999 9999 9999 9999
394A Sali  198108191 9999 9999 9999 9999 9999 9999 9999 9999 9999 9999 9999 9999
394A Sali  198108192 9999 9999 9999 9999 9999 9999 9999 9999 9999 9999 9999 9999
394A Sali  198108201 9999 9999 9999 9999 9999 9999 9999 9999 9999 9999 9999 9999
394A Sali  198108202 9999 9999 9999 9999 9999 9999 9999 9999 9999 9999 9999 9999
394A Sali  198108211 9999 9999 9999 9999 9999 9999 9999 9999 9999 9999 9999 9999
394A Sali  198108212 9999 9999 9999 9999 9999 9999 9999 9999 9999 9999 9999 9999
394A Sali  198108221 9999 9999 9999 9999 9999 9999 9999 9999 9999 9999 9999 9999
394A Sali  198108222 9999 9999 9999 9999 9999 9999 9999 9999 9999 9999 9999 9999
394A Sali  198108231 9999 9999 9999 9999 9999 9999 9999 9999 9999 9999 9999 9999
394A Sali  198108232 9999 9999 9999 9999 9999 9999 9999 9999 9999 9999 9999 9999
394A Sali  198108241 9999 9999 9999 9999 9999 9999 9999 9999 9999 9999 9999 9999
394A Sali  198108242 9999 9999 9999 9999 9999 9999 9999 9999 9999 9999 9999 9999
394A Sali  198108251 9999 9999 9999 9999 9999 9999 9999 9999 9999 9999 9999 9999
394A Sali  198108252 9999 9999 9999 9999 9999 9999 9999 9999 9999 9999 9999 9999
394A Sali  198108261 9999 9999 9999 9999 9999 9999 9999 9999 9999 9999 9999 9999
394A Sali  198108262 9999 9999 9999 9999 9999 9999 9999 9999 9999 9999 9999 9999
394A Sali  198108271 9999 9999 9999 9999 9999 9999 9999 9999 9999 9999 9999 9999
394A Sali  198108272 9999 9999 9999 9999 9999 9999 9999 9999 9999 9999 9999 9999
394A Sali  198108281 9999 9999 9999 9999 9999 9999 9999 9999 9999 9999 9999 9999
394A Sali  198108282 9999 9999 9999 9999 9999 9999 9999 9999 9999 9999 9999 9999
394A Sali  198108291 9999 9999 9999 9999 9999 9999 9999 9999 9999 9999 9999 9999
394A Sali  198108292 9999 9999 9999 9999 9999 9999 9999 9999 9999 9999 9999 9999
394A Sali  198108301 9999 9999 9999 9999 9999 9999 9999 9999 9999 9999 9999 9999
394A Sali  198108302 9999 9999 9999 9999 9999 9999 9999 9999 9999 9999 9999 9999
394A Sali  198108311 9999 9999 9999 9999 9999 9999 9999 9999 9999 9999 9999 9999
394A Sali  198108312 9999 9999 9999 9999 9999 9999 9999 9999 9999 9999 9999 9999
394A Sali  198109011 9999 9999 9999 9999 9999 9999 9999 9999 9999 9999 9999 9999
394A Sali  198109012 9999 9999 9999 9999 9999 9999 9999 9999 9999 9999 9999 9999
394A Sali  198109021 9999 9999 9999 9999 9999 9999 9999 9999 9999 9999 9999 9999
394A Sali  198109022 9999 9999 9999 9999 9999 9999 9999 9999 9999 9999 9999 9999
394A Sali  198109031 9999 9999 9999 9999 9999 9999 9999 9999 9999 9999 9999 9999
394A Sali  198109032 9999 9999 9999 9999 9999 9999 9999 9999 9999 9999 9999 9999
394A Sali  198109041 9999 9999 9999 9999 9999 9999 9999 9999 9999 9999 9999 9999
394A Sali  198109042 9999 9999 9999 9999 9999 9999 9999 9999 9999 9999 9999 9999
394A Sali  198109051 9999 9999 9999 9999 9999 9999 9999 9999 9999 9999 9999 9999
394A Sali  198109052 9999 9999 9999 9999 9999 9999 9999 9999 9999 9999 9999 9999
394A Sali  198109061 9999 9999 9999 9999 9999 9999 9999 9999 9999 9999 9999 9999
394A Sali  198109062 9999 9999 9999 9999 9999 9999 9999 9999 9999 9999 9999 9999
394A Sali  198109071 9999 9999 9999 9999 9999 9999 9999 9999 9999 9999 9999 9999
394A Sali  198109072 9999 9999 9999 9999 9999 9999 9999 9999 9999 9999 9999 9999
394A Sali  198109081 9999 9999 9999 9999 9999 9999 9999 9999 9999 9999 9999 9999
394A Sali  198109082 9999 9999 9999 9999 9999 9999 9999 9999 9999 9999 9999 9999
394A Sali  198109091 9999 9999 9999 9999 9999 9999 9999 9999 9999 9999 9999 9999
394A Sali  198109092 9999 9999 9999 9999 9999 9999 9999 9999 9999 9999 9999 9999
394A Sali  198109101 9999 9999 9999 9999 9999 9999 9999 9999 9999 9999 9999 9999
394A Sali  198109102 9999 9999 9999 9999 9999 9999 9999 9999 9999 9999 9999 9999
394A Sali  198109111 9999 9999 9999 9999 9999 9999 9999 9999 9999 9999 9999 9999
394A Sali  198109112 9999 9999 9999 9999 9999 9999 9999 9999 9999 9999 9999 9999
394A Sali  198109121 9999 9999 9999 9999 9999 9999 9999 9999 9999 9999 9999 9999
394A Sali  198109122 9999 9999 9999 9999 9999 9999 9999 9999 9999 9999 9999 9999
394A Sali  198109131 9999 9999 9999 9999 9999 9999 9999 9999 9999 9999 9999 9999
394A Sali  198109132 9999 9999 9999 9999 9999 9999 9999 9999 9999 9999 9999 9999
394A Sali  198109141 9999 9999 9999 9999 9999 9999 9999 9999 9999 9999 9999 9999
394A Sali  198109142 9999 9999 9999 9999 9999 9999 9999 9999 9999 9999 9999 9999
394A Sali  198109151 9999 9999 9999 9999 9999 9999 9999 9999 9999 9999 9999 9999
394A Sali  198109152 9999 9999 9999 9999 9999 9999 9999 9999 9999 9999 9999 9999
394A Sali  198109161 9999 9999 9999 9999 9999 9999 9999 9999 9999 9999 9999 9999
394A Sali  198109162 9999 9999 9999 9999 9999 9999 9999 9999 9999 9999 9999 9999
394A Sali  198109171 9999 9999 9999 9999 9999 9999 9999 9999 9999 9999 9999 9999
394A Sali  198109172 9999 9999 9999 9999 9999 9999 9999 9999 9999 9999 9999 9999
394A Sali  198109181 9999 9999 9999 9999 9999 9999 9999 9999 9999 9999 9999 9999
394A Sali  198109182 9999 9999 9999 9999 9999 9999 9999 9999 9999 9999 9999 9999
394A Sali  198109191 9999 9999 9999 9999 9999 9999 9999 9999 9999 9999 9999 9999
394A Sali  198109192 9999 9999 9999 9999 9999 9999 9999 9999 9999 9999 9999 9999
394A Sali  198109201 9999 9999 9999 9999 9999 9999 9999 9999 9999 9999 9999 9999
394A Sali  198109202 9999 9999 9999 9999 9999 9999 9999 9999 9999 9999 9999 9999
394A Sali  198109211 9999 9999 9999 9999 9999 9999 9999 9999 9999 9999 9999 9999
394A Sali  198109212 9999 9999 9999 9999 9999 9999 9999 9999 9999 9999 9999 9999
394A Sali  198109221 9999 9999 9999 9999 9999 9999 9999 9999 9999 9999 9999 9999
394A Sali  198109222 9999 9999 9999 9999 9999 9999 9999 9999 9999 9999 9999 9999
394A Sali  198109231 9999 9999 9999 9999 9999 9999 9999 9999 9999 9999 9999 9999
394A Sali  198109232 9999 9999 9999 9999 9999 9999 9999 9999 9999 9999 9999 9999
394A Sali  198109241 9999 9999 9999 9999 9999 9999 9999 9999 9999 9999 9999 9999
394A Sali  198109242 9999 9999 9999 9999 9999 9999 9999 9999 9999 9999 9999 9999
394A Sali  198109251 9999 9999 9999 9999 9999 9999 9999 9999 9999 9999 9999 9999
394A Sali  198109252 9999 9999 9999 9999 9999 9999 9999 9999 9999 9999 9999 9999
394A Sali  198109261 9999 9999 9999 9999 9999 9999 9999 9999 9999 9999 9999 9999
394A Sali  198109262 9999 9999 9999 9999 9999 9999 9999 9999 9999 9999 9999 9999
394A Sali  198109271 9999 9999 9999 9999 9999 9999 9999 9999 9999 9999 9999 9999
394A Sali  198109272 9999 9999 9999 9999 9999 9999 9999 9999 9999 9999 9999 9999
394A Sali  198109281 9999 9999 9999 9999 9999 9999 9999 9999 9999 9999 9999 9999
394A Sali  198109282 9999 9999 9999 9999 9999 9999 9999 9999 9999 9999 9999 9999
394A Sali  198109291 9999 9999 9999 9999 9999 9999 9999 9999 9999 9999 9999 9999
394A Sali  198109292 9999 9999 9999 9999 9999 9999 9999 9999 9999 9999 9999 9999
394A Sali  198109301 9999 9999 9999 9999 9999 9999 9999 9999 9999 9999 9999 9999
394A Sali  198109302 9999 9999 9999 9999 9999 9999 9999 9999 9999 9999 9999 9999
394A Sali  198110011 9999 9999 9999 9999 9999 9999 9999 9999 9999 9999 9999 9999
394A Sali  198110012 9999 9999 9999 9999 9999 9999 9999 9999 9999 9999 9999 9999
394A Sali  198110021 9999 9999 9999 9999 9999 9999 9999 9999 9999 9999 9999 9999
394A Sali  198110022 9999 9999 9999 9999 9999 9999 9999 9999 9999 9999 9999 9999
394A Sali  198110031 9999 9999 9999 9999 9999 9999 9999 9999 9999 9999 9999 9999
394A Sali  198110032 9999 9999 9999 9999 9999 9999 9999 9999 9999 9999 9999 9999
394A Sali  198110041 9999 9999 9999 9999 9999 9999 9999 9999 9999 9999 9999 9999
394A Sali  198110042 9999 9999 9999 9999 9999 9999 9999 9999 9999 9999 9999 9999
394A Sali  198110051 9999 9999 9999 9999 9999 9999 9999 9999 9999 9999 9999 9999
394A Sali  198110052 9999 9999 9999 9999 9999 9999 9999 9999 9999 9999 9999 9999
394A Sali  198110061 9999 9999 9999 9999 9999 9999 9999 9999 9999 9999 9999 9999
394A Sali  198110062 9999 9999 9999 9999 9999 9999 9999 9999 9999 9999 9999 9999
394A Sali  198110071 9999 9999 9999 9999 9999 9999 9999 9999 9999 9999 9999 9999
394A Sali  198110072 9999 9999 9999 9999 9999 9999 9999 9999 9999 9999 9999 9999
394A Sali  198110081 9999 9999 9999 9999 9999 9999 9999 9999 9999 9999 9999 9999
394A Sali  198110082 9999 9999 9999 9999 9999 9999 9999 9999 9999 9999 9999 9999
394A Sali  198110091 9999 9999 9999 9999 9999 9999 9999 9999 9999 9999 9999 9999
394A Sali  198110092 9999 9999 9999 9999 9999 9999 9999 9999 9999 9999 9999 9999
394A Sali  198110101 9999 9999 9999 9999 9999 9999 9999 9999 9999 9999 9999 9999
394A Sali  198110102 9999 9999 9999 9999 9999 9999 9999 9999 9999 9999 9999 9999
394A Sali  198110111 9999 9999 9999 9999 9999 9999 9999 9999 9999 9999 9999 9999
394A Sali  198110112 9999 9999 9999 9999 9999 9999 9999 9999 9999 9999 9999 9999
394A Sali  198110121 9999 9999 9999 9999 9999 9999 9999 9999 9999 9999 9999 9999
394A Sali  198110122 9999 9999 9999 9999 9999 9999 9999 9999 9999 9999 9999 9999
394A Sali  198110131 9999 9999 9999 9999 9999 9999 9999 9999 9999 9999 9999 9999
394A Sali  198110132 9999 9999 9999 9999 9999 9999 9999 9999 9999 9999 9999 9999
394A Sali  198110141 9999 9999 9999 9999 9999 9999 9999 9999 9999 9999 9999 9999
394A Sali  198110142 9999 9999 9999 9999 9999 9999 9999 9999 9999 9999 9999 9999
394A Sali  198110151 9999 9999 9999 9999 9999 9999 9999 9999 9999 9999 9999 9999
394A Sali  198110152 9999 9999 9999 9999 9999 9999 9999 9999 9999 9999 9999 9999
394A Sali  198110161 9999 9999 9999 9999 9999 9999 9999 9999 9999 9999 9999 9999
394A Sali  198110162 9999 9999 9999 9999 9999 9999 9999 9999 9999 9999 9999 9999
394A Sali  198110171 9999 9999 9999 9999 9999 9999 9999 9999 9999 9999 9999 9999
394A Sali  198110172 9999 9999 9999 9999 9999 9999 9999 9999 9999 9999 9999 9999
394A Sali  198110181 9999 9999 9999 9999 9999 9999 9999 9999 9999 9999 9999 9999
394A Sali  198110182 9999 9999 9999 9999 9999 9999 9999 9999 9999 9999 9999 9999
394A Sali  198110191 9999 9999 9999 9999 9999 9999 9999 9999 9999 9999 9999 9999
394A Sali  198110192 9999 9999 9999 9999 9999 9999 9999 9999 9999 9999 9999 9999
394A Sali  198110201 9999 9999 9999 9999 9999 9999 9999 9999 9999 9999 9999 9999
394A Sali  198110202 9999 9999 9999 9999 9999 9999 9999 9999 9999 9999 9999 9999
394A Sali  198110211 9999 9999 9999 9999 9999 9999 9999 9999 9999 9999 9999 9999
394A Sali  198110212 9999 9999 9999 9999 9999 9999 9999 9999 9999 9999 9999 9999
394A Sali  198110221 9999 9999 9999 9999 9999 9999 9999 9999 9999 9999 9999 9999
394A Sali  198110222 9999 9999 9999 9999 9999 9999 9999 9999 9999 9999 9999 9999
394A Sali  198110231 9999 9999 9999 9999 9999 9999 9999 9999 9999 9999 9999 9999
394A Sali  198110232 9999 9999 9999 9999 9999 9999 9999 9999 9999 9999 9999 9999
394A Sali  198110241 9999 9999 9999 9999 9999 9999 9999 9999 9999 9999 9999 9999
394A Sali  198110242 9999 9999 9999 9999 9999 9999 9999 9999 9999 9999 9999 9999
394A Sali  198110251 9999 9999 9999 9999 9999 9999 9999 9999 9999 9999 9999 9999
394A Sali  198110252 9999 9999 9999 9999 9999 9999 9999 9999 9999 9999 9999 9999
394A Sali  198110261 9999 9999 9999 9999 9999 9999 9999 9999 9999 9999 9999 9999
394A Sali  198110262 9999 9999 9999 9999 9999 9999 9999 9999 9999 9999 9999 9999
394A Sali  198110271 9999 9999 9999 9999 9999 9999 9999 9999 9999 9999 9999 9999
394A Sali  198110272 9999 9999 9999 9999 9999 9999 9999 9999 9999 9999 9999 9999
394A Sali  198110281 9999 9999 9999 9999 9999 9999 9999 9999 9999 9999 9999 9999
394A Sali  198110282 9999 9999 9999 9999 9999 9999 9999 9999 9999 9999 9999 9999
394A Sali  198110291 9999 9999 9999 9999 9999 9999 9999 9999 9999 9999 9999 9999
394A Sali  198110292 9999 9999 9999 9999 9999 9999 9999 9999 9999 9999 9999 9999
394A Sali  198110301 9999 9999 9999 9999 9999 9999 9999 9999 9999 9999 9999 9999
394A Sali  198110302 9999 9999 9999 9999 9999 9999 9999 9999 9999 9999 9999 9999
394A Sali  198110311 9999 9999 9999 9999 9999 9999 9999 9999 9999 9999 9999 9999
394A Sali  198110312 9999 9999 9999 9999 9999 9999 9999 9999 9999 9999 9999 9999
394A Sali  198111011 9999 9999 9999 9999 9999 9999 9999 9999 9999 9999 9999 9999
394A Sali  198111012 9999 9999 9999 9999 9999 9999 9999 9999 9999 9999 9999 9999
394A Sali  198111021 9999 9999 9999 9999 9999 9999 9999 9999 9999 9999 9999 9999
394A Sali  198111022 9999 9999 9999 9999 9999 9999 9999 9999 9999 9999 9999 9999
394A Sali  198111031 9999 9999 9999 9999 9999 9999 9999 9999 9999 9999 9999 9999
394A Sali  198111032 9999 9999 9999 9999 9999 9999 9999 9999 9999 9999 9999 9999
394A Sali  198111041 9999 9999 9999 9999 9999 9999 9999 9999 9999 9999 9999 9999
394A Sali  198111042 9999 9999 9999 9999 9999 9999 9999 9999 9999 9999 9999 9999
394A Sali  198111051 9999 9999 9999 9999 9999 9999 9999 9999 9999 9999 9999 9999
394A Sali  198111052 9999 9999 9999 9999 9999 9999 9999 9999 9999 9999 9999 9999
394A Sali  198111061 9999 9999 9999 9999 9999 9999 9999 9999 9999 9999 9999 9999
394A Sali  198111062 9999 9999 9999 9999 9999 9999 9999 9999 9999 9999 9999 9999
394A Sali  198111071 9999 9999 9999 9999 9999 9999 9999 9999 9999 9999 9999 9999
394A Sali  198111072 9999 9999 9999 9999 9999 9999 9999 9999 9999 9999 9999 9999
394A Sali  198111081 9999 9999 9999 9999 9999 9999 9999 9999 9999 9999 9999 9999
394A Sali  198111082 9999 9999 9999 9999 9999 9999 9999 9999 9999 9999 9999 9999
394A Sali  198111091 9999 9999 9999 9999 9999 9999 9999 9999 9999 9999 9999 9999
394A Sali  198111092 9999 9999 9999 9999 9999 9999 9999 9999 9999 9999 9999 9999
394A Sali  198111101 9999 9999 9999 9999 9999 9999 9999 9999 9999 9999 9999 9999
394A Sali  198111102 9999 9999 9999 9999 9999 9999 9999 9999 9999 9999 9999 9999
394A Sali  198111111 9999 9999 9999 9999 9999 9999 9999 9999 9999 9999 9999 9999
394A Sali  198111112 9999 9999 9999 9999 9999 9999 9999 9999 9999 9999 9999 9999
394A Sali  198111121 9999 9999 9999 9999 9999 9999 9999 9999 9999 9999 9999 9999
394A Sali  198111122 9999 9999 9999 9999 9999 9999 9999 9999 9999 9999 9999 9999
394A Sali  198111131 9999 9999 9999 9999 9999 9999 9999 9999 9999 9999 9999 9999
394A Sali  198111132 9999 9999 9999 9999 9999 9999 9999 9999 9999 9999 9999 9999
394A Sali  198111141 9999 9999 9999 9999 9999 9999 9999 9999 9999 9999 9999 9999
394A Sali  198111142 9999 9999 9999 9999 9999 9999 9999 9999 9999 9999 9999 9999
394A Sali  198111151 9999 9999 9999 9999 9999 9999 9999 9999 9999 9999 9999 9999
394A Sali  198111152 9999 9999 9999 9999 9999 9999 9999 9999 9999 9999 9999 9999
394A Sali  198111161 9999 9999 9999 9999 9999 9999 9999 9999 9999 9999 9999 9999
394A Sali  198111162 9999 9999 9999 9999 9999 9999 9999 9999 9999 9999 9999 9999
394A Sali  198111171 9999 9999 9999 9999 9999 9999 9999 9999 9999 9999 9999 9999
394A Sali  198111172 9999 9999 9999 9999 9999 9999 9999 9999 9999 9999 9999 9999
394A Sali  198111181 9999 9999 9999 9999 9999 9999 9999 9999 9999 9999 9999 9999
394A Sali  198111182 9999 9999 9999 9999 9999 9999 9999 9999 9999 9999 9999 9999
394A Sali  198111191 9999 9999 9999 9999 9999 9999 9999 9999 9999 9999 9999 9999
394A Sali  198111192 9999 9999 9999 9999 9999 9999 9999 9999 9999 9999 9999 9999
394A Sali  198111201 9999 9999 9999 9999 9999 9999 9999 9999 9999 9999 9999 9999
394A Sali  198111202 9999 9999 9999 9999 9999 9999 9999 9999 9999 9999 9999 9999
394A Sali  198111211 9999 9999 9999 9999 9999 9999 9999 9999 9999 9999 9999 9999
394A Sali  198111212 9999 9999 9999 9999 9999 9999 9999 9999 9999 9999 9999 9999
394A Sali  198111221 9999 9999 9999 9999 9999 9999 9999 9999 9999 9999 9999 9999
394A Sali  198111222 9999 9999 9999 9999 9999 9999 9999 9999 9999 9999 9999 9999
394A Sali  198111231 9999 9999 9999 9999 9999 9999 9999 9999 9999 9999 9999 9999
394A Sali  198111232 9999 9999 9999 9999 9999 9999 9999 9999 9999 9999 9999 9999
394A Sali  198111241 9999 9999 9999 9999 9999 9999 9999 9999 9999 9999 9999 9999
394A Sali  198111242 9999 9999 9999 9999 9999 9999 9999 9999 9999 9999 9999 9999
394A Sali  198111251 9999 9999 9999 9999 9999 9999 9999 9999 9999 9999 9999 9999
394A Sali  198111252 9999 9999 9999 9999 9999 9999 9999 9999 9999 9999 9999 9999
394A Sali  198111261 9999 9999 9999 9999 9999 9999 9999 9999 9999 9999 9999 9999
394A Sali  198111262 9999 9999 9999 9999 9999 9999 9999 9999 9999 9999 9999 9999
394A Sali  198111271 9999 9999 9999 9999 9999 9999 9999 9999 9999 9999 9999 9999
394A Sali  198111272 9999 9999 9999 9999 9999 9999 9999 9999 9999 9999 9999 9999
394A Sali  198111281 9999 9999 9999 9999 9999 9999 9999 9999 9999 9999 9999 9999
394A Sali  198111282 9999 9999 9999 9999 9999 9999 9999 9999 9999 9999 9999 9999
394A Sali  198111291 9999 9999 9999 9999 9999 9999 9999 9999 9999 9999 9999 9999
394A Sali  198111292 9999 9999 9999 9999 9999 9999 9999 9999 9999 9999 9999 9999
394A Sali  198111301 9999 9999 9999 9999 9999 9999 9999 9999 9999 9999 9999 9999
394A Sali  198111302 9999 9999 9999 9999 9999 9999 9999 9999 9999 9999 9999 9999
394A Sali  198112011 9999 9999 9999 9999 9999 9999 9999 9999 9999 9999 9999 9999
394A Sali  198112012 9999 9999 9999 9999 9999 9999 9999 9999 9999 9999 9999 9999
394A Sali  198112021 9999 9999 9999 9999 9999 9999 9999 9999 9999 9999 9999 9999
394A Sali  198112022 9999 9999 9999 9999 9999 9999 9999 9999 9999 9999 9999 9999
394A Sali  198112031 9999 9999 9999 9999 9999 9999 9999 9999 9999 9999 9999 9999
394A Sali  198112032 9999 9999 9999 9999 9999 9999 9999 9999 9999 9999 9999 9999
394A Sali  198112041 9999 9999 9999 9999 9999 9999 9999 9999 9999 9999 9999 9999
394A Sali  198112042 9999 9999 9999 9999 9999 9999 9999 9999 9999 9999 9999 9999
394A Sali  198112051 9999 9999 9999 9999 9999 9999 9999 9999 9999 9999 9999 9999
394A Sali  198112052 9999 9999 9999 9999 9999 9999 9999 9999 9999 9999 9999 9999
394A Sali  198112061 9999 9999 9999 9999 9999 9999 9999 9999 9999 9999 9999 9999
394A Sali  198112062 9999 9999 9999 9999 9999 9999 9999 9999 9999 9999 9999 9999
394A Sali  198112071 9999 9999 9999 9999 9999 9999 9999 9999 9999 9999 9999 9999
394A Sali  198112072 9999 9999 9999 9999 9999 9999 9999 9999 9999 9999 9999 9999
394A Sali  198112081 9999 9999 9999 9999 9999 9999 9999 9999 9999 9999 9999 9999
394A Sali  198112082 9999 9999 9999 9999 9999 9999 9999 9999 9999 9999 9999 9999
394A Sali  198112091 9999 9999 9999 9999 9999 9999 9999 9999 9999 9999 9999 9999
394A Sali  198112092 9999 9999 9999 9999 9999 9999 9999 9999 9999 9999 9999 9999
394A Sali  198112101 9999 9999 9999 9999 9999 9999 9999 9999 9999 9999 9999 9999
394A Sali  198112102 9999 9999 9999 9999 9999 9999 9999 9999 9999 9999 9999 9999
394A Sali  198112111 9999 9999 9999 9999 9999 9999 9999 9999 9999 9999 9999 9999
394A Sali  198112112 9999 9999 9999 9999 9999 9999 9999 9999 9999 9999 9999 9999
394A Sali  198112121 9999 9999 9999 9999 9999 9999 9999 9999 9999 9999 9999 9999
394A Sali  198112122 9999 9999 9999 9999 9999 9999 9999 9999 9999 9999 9999 9999
394A Sali  198112131 9999 9999 9999 9999 9999 9999 9999 9999 9999 9999 9999 9999
394A Sali  198112132 9999 9999 9999 9999 9999 9999 9999 9999 9999 9999 9999 9999
394A Sali  198112141 9999 9999 9999 9999 9999 9999 9999 9999 9999 9999 9999 9999
394A Sali  198112142 9999 9999 9999 9999 9999 9999 9999 9999 9999 9999 9999 9999
394A Sali  198112151 9999 9999 9999 9999 9999 9999 9999 9999 9999 9999 9999 9999
394A Sali  198112152 9999 9999 9999 9999 9999 9999 9999 9999 9999 9999 9999 9999
394A Sali  198112161 9999 9999 9999 9999 9999 9999 9999 9999 9999 9999 9999 9999
394A Sali  198112162 9999 9999 9999 9999 9999 9999 9999 9999 9999 9999 9999 9999
394A Sali  198112171 9999 9999 9999 9999 9999 9999 9999 9999 9999 9999 9999 9999
394A Sali  198112172 9999 9999 9999 9999 9999 9999 9999 9999 9999 9999 9999 9999
394A Sali  198112181 9999 9999 9999 9999 9999 9999 9999 9999 9999 9999 9999 9999
394A Sali  198112182 9999 9999 9999 9999 9999 9999 9999 9999 9999 9999 9999 9999
394A Sali  198112191 9999 9999 9999 9999 9999 9999 9999 9999 9999 9999 9999 9999
394A Sali  198112192 9999 9999 9999 9999 9999 9999 9999 9999 9999 9999 9999 9999
394A Sali  198112201 9999 9999 9999 9999 9999 9999 9999 9999 9999 9999 9999 9999
394A Sali  198112202 9999 9999 9999 9999 9999 9999 9999 9999 9999 9999 9999 9999
394A Sali  198112211 9999 9999 9999 9999 9999 9999 9999 9999 9999 9999 9999 9999
394A Sali  198112212 9999 9999 9999 9999 9999 9999 9999 9999 9999 9999 9999 9999
394A Sali  198112221 9999 9999 9999 9999 9999 9999 9999 9999 9999 9999 9999 9999
394A Sali  198112222 9999 9999 9999 9999 9999 9999 9999 9999 9999 9999 9999 9999
394A Sali  198112231 9999 9999 9999 9999 9999 9999 9999 9999 9999 9999 9999 9999
394A Sali  198112232 9999 9999 9999 9999 9999 9999 9999 9999 9999 9999 9999 9999
394A Sali  198112241 9999 9999 9999 9999 9999 9999 9999 9999 9999 9999 9999 9999
394A Sali  198112242 9999 9999 9999 9999 9999 9999 9999 9999 9999 9999 9999 9999
394A Sali  198112251 9999 9999 9999 9999 9999 9999 9999 9999 9999 9999 9999 9999
394A Sali  198112252 9999 9999 9999 9999 9999 9999 9999 9999 9999 9999 9999 9999
394A Sali  198112261 9999 9999 9999 9999 9999 9999 9999 9999 9999 9999 9999 9999
394A Sali  198112262 9999 9999 9999 9999 9999 9999 9999 9999 9999 9999 9999 9999
394A Sali  198112271 9999 9999 9999 9999 9999 9999 9999 9999 9999 9999 9999 9999
394A Sali  198112272 9999 9999 9999 9999 9999 9999 9999 9999 9999 9999 9999 9999
394A Sali  198112281 9999 9999 9999 9999 9999 9999 9999 9999 9999 9999 9999 9999
394A Sali  198112282 9999 9999 9999 9999 9999 9999 9999 9999 9999 9999 9999 9999
394A Sali  198112291 9999 9999 9999 9999 9999 9999 9999 9999 9999 9999 9999 9999
394A Sali  198112292 9999 9999 9999 9999 9999 9999 9999 9999 9999 9999 9999 9999
394A Sali  198112301 9999 9999 9999 9999 9999 9999 9999 9999 9999 9999 9999 9999
394A Sali  198112302 9999 9999 9999 9999 9999 9999 9999 9999 9999 9999 9999 9999
394A Sali  198112311 9999 9999 9999 9999 9999 9999 9999 9999 9999 9999 9999 9999
394A Sali  198112312 9999 9999 9999 9999 9999 9999 9999 9999 9999 9999 9999 9999
