394A Salina Cruz        Mexico              1977 16096N 095122W 0000 3 00000R MM
394A Sali  197701011 1158 1250 1463 1707 1829 2012 2012 1951 1829 1615 1463 1311
394A Sali  197701012 1196 1158 1219 1311 1494 1585 1737 1646 1554 1402 1250 1128
394A Sali  197701021 1097 1189 1372 1585 1737 1981 2012 1981 1798 1676 1402 1280
394A Sali  197701022 1189 1158 1219 1341 1524 1646 1707 1707 1615 1524 1402 1280
394A Sali  197701031 1158 1158 1280 1402 1646 1829 1951 2012 1981 1829 1615 1463
394A Sali  197701032 1311 1158 1097 1128 1280 1433 1554 1646 1585 1585 1402 1219
394A Sali  197701041 1097 1036 1036 1158 1372 1585 1768 1890 1951 1890 1768 1554
394A Sali  197701042 1341 1128 1006 1006 1128 1311 1494 1615 1707 1707 1646 1433
394A Sali  197701051 1341 1158 1128 1189 1311 1585 1829 2012 2103 2134 1981 1737
394A Sali  197701052 1524 1341 1128 1067 1097 1219 1463 1646 1768 1798 1768 1615
394A Sali  197701061 1433 1250 1067 1067 1158 1341 1615 1829 2012 2134 2073 1951
394A Sali  197701062 1737 1494 1250 1067 1006 1128 1311 1554 1768 1859 1890 1798
394A Sali  197701071 1646 1433 1250 1097 1067 1189 1402 1676 1890 2103 2134 2042
394A Sali  197701072 1829 1554 1250 1036  823  853 1006 1250 1494 1707 1798 1798
394A Sali  197701081 1676 1463 1189 1036  914  914 1097 1341 1585 1829 2012 2073
394A Sali  197701082 2012 1829 1554 1219  975  884  914 1097 1311 1615 1829 1981
394A Sali  197701091 1981 1798 1615 1341 1128 1006 1036 1219 1463 1707 2003 2195
394A Sali  197701092 2164 2012 1768 1433 1128  914  884 1006 1250 1524 1829 2073
394A Sali  197701101 2195 2012 1768 1524 1250 1097 1006 1036 1250 1524 1798 1951
394A Sali  197701102 2042 2012 1768 1554 1158  884  701  701  823 1158 1433 1676
394A Sali  197701111 1859 1829 1768 1494 1219  945  762  732  792 1067 1341 1585
394A Sali  197701112 1707 1798 1707 1463 1158  884  671  579  701  945 1250 1585
394A Sali  197701121 1798 1920 1920 1768 1494 1219  975  853  823  945 1189 1402
394A Sali  197701122 1646 1768 1798 1615 1341 1067  792  640  579  732 1006 1250
394A Sali  197701131 1585 1737 1890 1890 1768 1463 1189  914  792  792  884 1128
394A Sali  197701132 1341 1585 1737 1737 1646 1433 1158  945  792  732  853 1097
394A Sali  197701141 1372 1676 1920 2042 2042 1890 1585 1311 1097  975  945 1158
394A Sali  197701142 1372 1554 1737 1798 1768 1585 1402 1128  884  853  884 1097
394A Sali  197701151 1402 1646 1890 2103 2195 2042 1829 1554 1280 1097  975  975
394A Sali  197701152 1128 1311 1524 1676 1707 1707 1585 1341 1128  914  823  853
394A Sali  197701161 1036 1250 1554 1829 1981 2042 1981 1737 1433 1158 1006  914
394A Sali  197701162  975 1128 1311 1494 1646 1676 1585 1402 1158  945  823  762
394A Sali  197701171  914 1128 1402 1676 1859 1981 1981 1829 1676 1433 1158  914
394A Sali  197701172  853  914 1067 1219 1341 1463 1554 1585 1463 1250  975  823
394A Sali  197701181  701  701  853 1097 1402 1676 1859 1920 1890 1646 1402 1067
394A Sali  197701182  853  762  762  884 1067 1280 1463 1554 1585 1433 1219  914
394A Sali  197701191  762  610  640  762 1006 1341 1585 1768 1829 1768 1494 1219
394A Sali  197701192  914  671  518  488  610  853 1097 1311 1494 1463 1372 1097
394A Sali  197701201  853  640  488  488  610  853 1158 1524 1707 1829 1737 1494
394A Sali  197701202 1189  914  579  488  488  640  884 1158 1433 1615 1615 1463
394A Sali  197701211 1189  914  701  518  518  640  792 1158 1463 1737 1798 1768
394A Sali  197701212 1494 1189  792  610  457  457  671  963 1280 1524 1676 1707
394A Sali  197701221 1463 1280  945  732  579  579  732 1036 1341 1676 1890 1859
394A Sali  197701222 1707 1402 1036  732  549  457  549  823 1158 1494 1737 1798
394A Sali  197701231 1707 1463 1158  914  732  610  671  853 1158 1494 1737 1859
394A Sali  197701232 1829 1585 1250  945  732  549  579  701  945 1311 1615 1829
394A Sali  197701241 1920 1798 1585 1280 1036  853  732  762  945 1219 1524 1798
394A Sali  197701242 1890 1859 1585 1372 1036  823  671  640  792 1067 1372 1707
394A Sali  197701251 1920 1951 1859 1615 1311 1036  853  792  792  975 1280 1554
394A Sali  197701252 1737 1798 1676 1463 1250  914  732  610  610  762 1067 1372
394A Sali  197701261 1615 1768 1798 1707 1463 1158  914  792  732  792  975 1250
394A Sali  197701262 1494 1676 1707 1554 1341 1128  914  732  732  853 1036 1280
394A Sali  197701271 1585 1798 1890 1829 1676 1433 1219 1006  914  884  975 1158
394A Sali  197701272 1433 1615 1707 1707 1524 1341 1158  975  853  853  975 1189
394A Sali  197701281 1524 1737 1951 1981 1890 1707 1494 1311 1097 1006 1006 1128
394A Sali  197701282 1280 1463 1615 1707 1615 1494 1311 1128 1006  914  914 1036
394A Sali  197701291 1280 1524 1707 1859 1890 1768 1585 1402 1219 1036  945 1006
394A Sali  197701292 1128 1280 1494 1524 1554 1463 1372 1219 1036  914  884  884
394A Sali  197701301 1067 1250 1463 1676 1737 1707 1615 1433 1250 1097  975  914
394A Sali  197701302  914 1036 1219 1372 1463 1463 1433 1280 1158 1036  975  945
394A Sali  197701311 1006 1158 1402 1585 1707 1768 1737 1646 1433 1250 1128  975
394A Sali  197701312  945 1006 1128 1280 1402 1494 1463 1402 1250 1097 1036  914
394A Sali  197702011  914  975 1158 1372 1554 1646 1737 1707 1524 1372 1189 1006
394A Sali  197702012  914  914  975 1128 1280 1402 1433 1433 1341 1250 1067 1036
394A Sali  197702021  945  914 1006 1189 1402 1585 1737 1768 1768 1646 1463 1280
394A Sali  197702022 1067  945  914  945 1097 1280 1463 1524 1524 1463 1311 1128
394A Sali  197702031  975  914  914 1067 1307 1585 1737 1859 1859 1707 1554 1311
394A Sali  197702032 1097  945  914 1006 1189 1402 1585 1676 1707 1585 1433 1280
394A Sali  197702041 1097  975  945 1036 1219 1433 1646 1798 1920 1859 1768 1524
394A Sali  197702042 1311 1067  884  792  853  975 1189 1402 1585 1676 1676 1524
394A Sali  197702051 1311 1067  853  792  792  975 1189 1433 1707 1829 1890 1798
394A Sali  197702052 1554 1250 1036  762  732  792  975 1250 1494 1707 1768 1707
394A Sali  197702061 1554 1311 1036  823  732  792  975 1250 1524 1737 1859 1829
394A Sali  197702062 1676 1402 1128  853  640  640  823 1067 1402 1676 1798 1890
394A Sali  197702071 1798 1585 1280 1006  792  762  853 1097 1402 1676 1829 1920
394A Sali  197702072 1859 1615 1280  975  671  610  671  884 1219 1524 1768 1890
394A Sali  197702081 1920 1768 1494 1158  884  701  701  792 1097 1402 1646 1859
394A Sali  197702082 1859 1768 1524 1219  884  671  579  701  914 1280 1554 1798
394A Sali  197702091 1981 1981 1798 1463 1158  884  701  701  853 1158 1433 1707
394A Sali  197702092 1829 1829 1676 1372 1006  792  579  549  762 1067 1402 1707
394A Sali  197702101 1920 2012 1951 1707 1433 1097  853  732  732  945 1189 1463
394A Sali  197702102 1676 1798 1768 1585 1280 1006  762  610  671  823 1128 1494
394A Sali  197702111 1798 2012 2152 2134 1920 1585 1311 1036  884  853  945 1158
394A Sali  197702112 1433 1676 1829 1859 1798 1585 1311 1036  853  792  914 1128
394A Sali  197702121 1463 1798 2042 2195 2195 2073 1798 1463 1219 1036  975 1067
394A Sali  197702122 1280 1524 1737 1890 1920 1829 1615 1341 1097  975  909  975
394A Sali  197702131 1219 1554 1890 2134 2225 2195 1951 1676 1372 1097 1006 1036
394A Sali  197702132 1158 1372 1554 1737 1798 1737 1585 1341 1067  914  823  823
394A Sali  197702141 1036 1280 1585 1768 1951 1981 1859 1707 1433 1097  945  884
394A Sali  197702142  884 1067 1280 1463 1615 1676 1646 1494 1311 1067  914  884
394A Sali  197702151  884 1097 1311 1585 1859 1981 1981 1890 1646 1402 1158 1006
394A Sali  197702152  945 1006 1158 1372 1554 1707 1737 1707 1554 1311 1067  914
394A Sali  197702161  853  853 1036 1280 1524 1768 1890 1890 1737 1524 1280  975
394A Sali  197702162  884  792  792  975 1189 1372 1554 1585 1585 1463 1189  975
394A Sali  197702171  792  671  701  823 1067 1311 1615 1707 1737 1646 1463 1158
394A Sali  197702172  914  732  610  640  799 1036 1341 1494 1585 1585 1463 1250
394A Sali  197702181 1006  792  671  671  823 1036 1341 1585 1737 1768 1646 1433
394A Sali  197702182 1158  914  701  610  732  884 1158 1433 1585 1737 1707 1524
394A Sali  197702191 1280 1006  792  671  701  914 1128 1433 1676 1829 1829 1676
394A Sali  197702192 1372 1128  853  671  641  762 1036 1311 1585 1829 1890 1829
394A Sali  197702201 1615 1341 1067  853  732  762  975 1189 1524 1737 1859 1859
394A Sali  197702202 1646 1341 1067  762  640  579  732  975 1311 1615 1798 1859
394A Sali  197702211 1768 1524 1250  945  732  671  701  853 1158 1463 1646 1798
394A Sali  197702212 1737 1524 1280 1006  758  640  671  853 1158 1494 1768 1920
394A Sali  197702221 1920 1798 1463 1219  975  762  732  823 1036 1280 1585 1768
394A Sali  197702222 1829 1676 1433 1128  792  732  701  762 1006 1311 1646 1890
394A Sali  197702231 2073 1981 1768 1463 1158  935  823  823  945 1128 1433 1707
394A Sali  197702232 1859 1829 1646 1372 1110  884  762  792  975 1189 1494 1750
394A Sali  197702241 1921 1962 1863 1646 1372 1097  945  853  884 1036 1280 1494
394A Sali  197702242 1737 1768 1707 1524 1250 1067  914  823  884 1006 1280 1554
394A Sali  197702251 1768 1951 1920 1768 1554 1311 1067  914  884  914 1097 1311
394A Sali  197702252 1554 1646 1676 1585 1372 1158 1006  853  853  945 1128 1372
394A Sali  197702261 1615 1798 1920 1859 1676 1494 1280 1067  945  945 1036 1219
394A Sali  197702262 1402 1585 1646 1615 1524 1341 1158 1006  914  945 1006 1189
394A Sali  197702271 1433 1646 1798 1890 1829 1676 1463 1219 1036  945  945 1067
394A Sali  197702272 1250 1402 1524 1585 1494 1372 1189 1036  853  792  823  914
394A Sali  197702281 1097 1311 1524 1615 1646 1524 1341 1189  975  853  792  792
394A Sali  197702282  853 1036 1219 1341 1372 1341 1219 1006  914  732  732  732
394A Sali  197703011  884 1067 1280 1463 1524 1554 1433 1280 1097  914  823  762
394A Sali  197703012  762  884 1036 1158 1250 1341 1311 1189 1097  975  853  792
394A Sali  197703021  823  945 1128 1341 1494 1615 1646 1554 1402 1128  975  914
394A Sali  197703022  884  945 1097 1250 1341 1494 1524 1433 1341 1158 1036  945
394A Sali  197703031  914  975 1158 1341 1524 1737 1768 1737 1646 1494 1280 1128
394A Sali  197703032 1006 1006 1036 1219 1372 1524 1646 1646 1615 1463 1250 1097
394A Sali  197703041 1006  945 1006 1158 1372 1585 1768 1829 1797 1676 1463 1280
394A Sali  197703042 1097  975  945 1006 1189 1402 1585 1737 1768 1707 1585 1372
394A Sali  197703051 1158 1006  975  945 1067 1280 1494 1707 1869 1920 1768 1585
394A Sali  197703052 1341 1189 1006  914  945 1097 1280 1554 1768 1859 1829 1707
394A Sali  197703061 1433 1189 1006  899  914 1067 1341 1585 1798 1920 1859 1676
394A Sali  197703062 1433 1097  914  792  732  975 1219 1524 1798 1951 1951 1778
394A Sali  197703071 1524 1219  945  762  732  792  975 1280 1554 1707 1768 1646
394A Sali  197703072 1402 1097  792  579  488  549  792 1097 1402 1676 1798 1768
394A Sali  197703081 1494 1158  792  579  457  457  701  975 1311 1554 1600 1494
394A Sali  197703082 1280  914  579  396  335  457  732 1158 1524 1768 1829 1676
394A Sali  197703091 1402 1067  701  488  427  549  823 1189 1494 1707 1707 1524
394A Sali  197703092 1189  823  610  457  457  610  975 1341 1676 1951 2073 2012
394A Sali  197703101 1798 1494 1189  914  701  610  671  884 1189 1463 1707 1890
394A Sali  197703102 1895 1737 1463 1219  945  732  610  671  914 1280 1676 2042
394A Sali  197703111 2225 2256 2103 1768 1402 1097  884  792  792 1036 1341 1646
394A Sali  197703112 1890 2012 1890 1646 1372 1036  823  701  762  975 1341 1768
394A Sali  197703121 2225 2316 2316 2195 1768 1402 1097  884  792  853 1067 1372
394A Sali  197703122 1646 1890 1920 1829 1585 1372 1158  853  762  762  945 1280
394A Sali  197703131 1646 1951 2134 2134 1981 1707 1402 1097  914  792  853 1036
394A Sali  197703132 1341 1554 1768 1829 1768 1494 1280 1067  853  762  853 1067
394A Sali  197703141 1402 1676 1951 2073 2012 1798 1554 1280 1067  884  884  975
394A Sali  197703142 1189 1463 1676 1798 1798 1707 1524 1250 1067  884  823  945
394A Sali  197703151 1128 1402 1676 1890 1981 1951 1768 1494 1311 1067  945  884
394A Sali  197703152  975 1250 1433 1646 1768 1768 1646 1463 1280 1097  975  884
394A Sali  197703161  945 1097 1341 1585 1798 1920 1829 1737 1494 1280 1067  914
394A Sali  197703162  823  975 1097 1311 1510 1646 1707 1646 1463 1250 1067  914
394A Sali  197703171  853  914 1097 1280 1494 1707 1798 1768 1585 1402 1189  975
394A Sali  197703172  853  853  945 1128 1402 1585 1737 1798 1737 1524 1372 1128
394A Sali  197703181 1006  914  945 1158 1372 1585 1737 1859 1798 1707 1494 1219
394A Sali  197703182 1036  914  884 1036 1219 1463 1676 1890 1951 1829 1707 1402
394A Sali  197703191 1128 1006  945  945 1128 1402 1585 1768 1890 1890 1737 1524
394A Sali  197703192 1280 1049  914  884 1036 1250 1524 1775 1938 1965 1859 1656
394A Sali  197703201 1402 1158  945  884  945 1128 1341 1585 1768 1829 1829 1646
394A Sali  197703202 1463 1177  945  823  853 1036 1311 1585 1798 1981 1981 1829
394A Sali  197703211 1585 1311 1067  823  792  914 1128 1433 1646 1798 1798 1676
394A Sali  197703212 1494 1189  914  792  792  914 1158 1463 1737 1890 2012 1951
394A Sali  197703221 1737 1402 1158  914  792  792  975 1219 1433 1646 1768 1768
394A Sali  197703222 1615 1402 1158  884  762  732  853 1067 1341 1585 1798 1890
394A Sali  197703231 1798 1585 1311 1036  762  671  671  853 1097 1341 1554 1676
394A Sali  197703232 1676 1524 1341 1067  792  701  701  853 1128 1433 1707 1859
394A Sali  197703241 1942 1890 1676 1433 1128  853  792  792 1006 1250 1494 1676
394A Sali  197703242 1768 1768 1646 1433 1189 1006  871  853 1036 1311 1585 1829
394A Sali  197703251 1951 1981 1829 1646 1341 1067  884  823  945 1158 1402 1615
394A Sali  197703252 1737 1768 1676 1463 1219 1006  884  884 1006 1250 1524 1798
394A Sali  197703261 2012 2073 1920 1707 1463 1189  914  823  884 1036 1250 1433
394A Sali  197703262 1615 1707 1707 1554 1341 1097  945  853  853 1036 1219 1463
394A Sali  197703271 1768 1890 1981 1829 1585 1341 1067  914  853  975 1128 1280
394A Sali  197703272 1494 1646 1707 1646 1494 1250 1067  945  914 1006 1189 1402
394A Sali  197703281 1613 1763 1822 1778 1638 1433 1215 1033  927  914 1006 1158
394A Sali  197703282 1341 1494 1585 1646 1585 1433 1219 1067  914  945 1006 1250
394A Sali  197703291 1433 1646 1798 1890 1829 1615 1463 1219 1036  945  945 1036
394A Sali  197703292 1219 1433 1524 1615 1676 1585 1402 1219 1036  945  975 1067
394A Sali  197703301 1219 1433 1615 1737 1768 1737 1554 1341 1158 1006  945  945
394A Sali  197703302 1067 1250 1402 1524 1615 1585 1494 1311 1128 1036  945  975
394A Sali  197703311 1128 1280 1463 1615 1707 1768 1646 1524 1311 1097  975  914
394A Sali  197703312  975 1067 1250 1433 1585 1646 1615 1494 1372 1158 1036  945
394A Sali  197704011 1006 1128 1250 1433 1615 1707 1737 1646 1433 1280 1067  975
394A Sali  197704012  914  975 1158 1372 1494 1676 1737 1737 1585 1372 1219 1006
394A Sali  197704021  945  914 1036 1250 1433 1615 1707 1768 1676 1463 1250 1097
394A Sali  197704022  945  853  914 1067 1311 1524 1737 1859 1798 1676 1463 1219
394A Sali  197704031 1036  914  884  975 1189 1433 1615 1829 1829 1676 1463 1280
394A Sali  197704032 1036  884  853  975 1158 1463 1707 1890 2012 1951 1707 1463
394A Sali  197704041 1219  975  853  853 1006 1250 1524 1707 1859 1829 1646 1402
394A Sali  197704042 1158  945  823  853  975 1250 1541 1817 2010 2064 1964 1739
394A Sali  197704051 1445 1137  884  792  853 1067 1280 1585 1798 1890 1798 1554
394A Sali  197704052 1250  975  671  579  610  701  975 1372 1737 1920 1920 1768
394A Sali  197704061 1524 1097  792  518  457  525  732 1036 1311 1524 1646 1554
394A Sali  197704062 1372 1036  732  488  366  427  671 1067 1433 1798 2012 1951
394A Sali  197704071 1798 1463 1128  762  549  427  518  732 1036 1433 1615 1676
394A Sali  197704072 1554 1280  945  640  427  366  427  671 1097 1524 1829 1981
394A Sali  197704081 1951 1707 1402 1036  732  488  396  518  792 1097 1494 1676
394A Sali  197704082 1737 1615 1311  975  701  518  427  518  823 1189 1615 1920
394A Sali  197704091 2012 1981 1707 1402 1067  732  549  488  610  884 1250 1554
394A Sali  197704092 1707 1768 1585 1372 1036  762  549  518  610  884 1250 1615
394A Sali  197704101 1890 2012 1981 1707 1402 1097  762  640  579  701  945 1280
394A Sali  197704102 1524 1707 1737 1615 1372 1067  853  610  579  701  975 1280
394A Sali  197704111 1646 1829 2012 1859 1646 1372 1067  792  640  610  792 1036
394A Sali  197704112 1341 1585 1737 1707 1615 1402 1097  884  732  701  792 1067
394A Sali  197704121 1341 1646 1829 1890 1829 1676 1402 1128  914  792  760  853
394A Sali  197704122 1097 1402 1585 1737 1737 1646 1463 1219 1006  853  792  914
394A Sali  197704131 1097 1372 1615 1768 1859 1768 1646 1433 1158  975  823  853
394A Sali  197704132 1006 1250 1463 1615 1768 1768 1676 1494 1311 1128 1006  945
394A Sali  197704141  975 1128 1402 1615 1737 1829 1768 1646 1433 1250 1006  914
394A Sali  197704142  914 1036 1280 1494 1676 1829 1829 1768 1585 1372 1158 1036
394A Sali  197704151  975 1036 1219 1433 1585 1768 1798 1737 1646 1433 1189 1067
394A Sali  197704152  975  975 1067 1341 1524 1676 1798 1859 1707 1554 1341 1158
394A Sali  197704161 1006  975 1006 1219 1402 1585 1707 1768 1676 1524 1341 1158
394A Sali  197704162  975  914  975 1128 1372 1615 1798 1920 1890 1748 1524 1341
394A Sali  197704171 1097  975  914 1036 1158 1402 1585 1707 1768 1707 1554 1372
394A Sali  197704172 1067  945  914  945 1067 1341 1585 1798 1951 1981 1829 1585
394A Sali  197704181 1341 1097  945  914  975 1189 1372 1585 1707 1737 1676 1494
394A Sali  197704182 1311 1097  945  884  914 1128 1433 1646 1920 2042 1951 1768
394A Sali  197704191 1554 1280 1036  884  853  975 1128 1402 1554 1737 1676 1585
394A Sali  197704192 1433 1158 1006  853  884 1006 1280 1524 1707 1936 2042 1890
394A Sali  197704201 1676 1402 1097  914  823  853 1006 1189 1433 1615 1737 1707
394A Sali  197704202 1585 1372 1158  975  853  914 1097 1372 1646 1859 2042 2042
394A Sali  197704211 1829 1585 1341 1097  853  823  945 1128 1311 1494 1646 1707
394A Sali  197704212 1585 1433 1250 1067  884  853  914 1158 1433 1737 1920 2042
394A Sali  197704221 1951 1798 1524 1158  945  823  823  914 1128 1341 1554 1676
394A Sali  197704222 1707 1615 1402 1158  884  853  853  975 1189 1463 1676 1798
394A Sali  197704231 1859 1798 1524 1219 1006  762  671  701  823 1067 1280 1494
394A Sali  197704232 1554 1524 1402 1158  914  823  701  823  945 1158 1463 1707
394A Sali  197704241 1798 1859 1676 1402 1128  914  732  732  823  945 1189 1433
394A Sali  197704242 1524 1554 1463 1286 1067  884  762  762  823 1036 1250 1494
394A Sali  197704251 1737 1829 1829 1585 1280 1067  914  762  792  914 1128 1311
394A Sali  197704252 1433 1585 1615 1524 1311 1097  914  823  823  975 1219 1402
394A Sali  197704261 1585 1768 1829 1707 1494 1280 1006  884  823  853  975 1158
394A Sali  197704262 1341 1524 1615 1646 1463 1280 1097  945  884  914 1097 1280
394A Sali  197704271 1463 1676 1768 1798 1646 1433 1158  975  884  853  945 1128
394A Sali  197704272 1311 1494 1646 1676 1615 1433 1280 1067  975  914 1006 1158
394A Sali  197704281 1372 1494 1707 1768 1707 1554 1341 1128  945  884  853 1006
394A Sali  197704282 1189 1372 1524 1646 1707 1585 1463 1250 1067  975  975 1036
394A Sali  197704291 1219 1372 1554 1676 1737 1707 1554 1372 1158 1006  914  884
394A Sali  197704292 1036 1219 1433 1646 1768 1798 1707 1524 1341 1189 1006 1006
394A Sali  197704301 1036 1158 1311 1524 1646 1737 1707 1554 1341 1158 1006  884
394A Sali  197704302  853  975 1219 1402 1615 1737 1837 1829 1676 1463 1250 1097
394A Sali  197705011 1053 1120 1266 1449 1621 1738 1768 1696 1541 1345 1153 1005
394A Sali  197705012  951 1014 1179 1410 1659 1865 1984 1981 1829 1585 1372 1158
394A Sali  197705021 1006  914  945 1128 1280 1554 1707 1707 1676 1494 1280 1067
394A Sali  197705022  823  792  853 1097 1402 1707 1951 2073 2012 1859 1615 1341
394A Sali  197705031 1067  823  823  914 1097 1372 1615 1737 1737 1646 1433 1219
394A Sali  197705032  975  792  732  884 1067 1463 1768 2012 2225 2195 1951 1646
394A Sali  197705041 1341 1006  792  792  914 1158 1463 1676 1798 1829 1707 1463
394A Sali  197705042 1158  914  762  732  853 1189 1554 1920 2195 2286 2195 2042
394A Sali  197705051 1646 1250  975  792  701  853 1158 1433 1707 1859 1859 1707
394A Sali  197705052 1463 1158  884  732  732  823 1158 1554 1951 2256 2316 2286
394A Sali  197705061 2049 1707 1311  945  701  671  823 1128 1494 1798 2012 2012
394A Sali  197705062 1829 1524 1189  884  701  671  884 1219 1554 2012 2286 2347
394A Sali  197705071 2316 2012 1585 1219  914  671  671  853 1158 1494 1737 1951
394A Sali  197705072 1951 1798 1524 1219  884  732  671  853 1158 1554 1890 2195
394A Sali  197705081 2256 2225 1951 1524 1158  884  671  701  884 1189 1554 1798
394A Sali  197705082 1981 2012 1798 1494 1158  914  792  792  945 1280 1585 2012
394A Sali  197705091 2195 2225 2134 1768 1463 1128  853  732  823  975 1311 1646
394A Sali  197705092 1829 1951 1981 1768 1463 1219  975  823  853 1067 1341 1676
394A Sali  197705101 2012 2195 2225 2042 1768 1433 1128  884  823  884 1036 1372
394A Sali  197705102 1646 1859 2012 2012 1798 1585 1341 1006  914  884 1036 1250
394A Sali  197705111 1524 1798 1981 2042 1859 1676 1311 1067  853  823  884 1067
394A Sali  197705112 1341 1585 1798 1890 1890 1768 1524 1250 1067  914  914 1097
394A Sali  197705121 1280 1524 1707 1798 1859 1737 1524 1280 1036  853  823  945
394A Sali  197705122 1128 1402 1615 1768 1890 1829 1707 1524 1280 1067  975  975
394A Sali  197705131 1128 1250 1494 1646 1737 1768 1615 1433 1158  975  853  853
394A Sali  197705132  945 1097 1341 1585 1768 1890 1829 1676 1494 1280 1067  975
394A Sali  197705141  975 1067 1250 1433 1585 1676 1707 1585 1433 1280 1006  914
394A Sali  197705142  914 1036 1219 1433 1676 1829 1920 1920 1798 1554 1311 1158
394A Sali  197705151 1036 1036 1128 1250 1433 1585 1737 1707 1646 1463 1219 1097
394A Sali  197705152  975 1006 1097 1280 1524 1707 1920 1951 1920 1707 1433 1158
394A Sali  197705161 1067  975  975 1158 1311 1494 1615 1707 1676 1554 1372 1158
394A Sali  197705162 1036  945 1006 1158 1402 1585 1829 2012 2073 1951 1646 1433
394A Sali  197705171 1158 1006  945  975 1097 1280 1494 1646 1707 1676 1524 1280
394A Sali  197705172 1158  975  975 1006 1219 1372 1646 1859 2103 2103 1920 1676
394A Sali  197705181 1463 1219 1006  914  975 1158 1341 1524 1737 1737 1707 1524
394A Sali  197705182 1311 1097 1036 1006 1097 1311 1554 1829 2042 2134 2134 1798
394A Sali  197705191 1554 1280 1097 1006  975 1067 1311 1524 1707 1829 1798 1646
394A Sali  197705192 1433 1250 1097 1036 1036 1219 1402 1646 1920 2103 2195 2164
394A Sali  197705201 1829 1585 1311 1097  975  975 1097 1280 1494 1707 1829 1798
394A Sali  197705202 1676 1463 1250 1067 1036 1067 1189 1463 1707 1996 2195 2195
394A Sali  197705211 2012 1676 1372 1097  975 1036 1158 1341 1585 1768 1859 1798
394A Sali  197705212 1646 1433 1219 1067 1097 1189 1402 1707 2012 2164 2225 2134
394A Sali  197705221 1798 1554 1311 1067  975  975 1067 1280 1554 1768 1859 1829
394A Sali  197705222 1737 1554 1341 1189 1067 1036 1158 1311 1615 1829 2073 2195
394A Sali  197705231 2103 1859 1585 1311 1067  975  914 1006 1128 1311 1554 1768
394A Sali  197705232 1829 1768 1707 1463 1219 1067  975  975 1128 1341 1585 1905
394A Sali  197705241 2134 2164 1981 1615 1341 1067  945  914  945 1128 1402 1646
394A Sali  197705242 1768 1859 1707 1554 1280 1158 1006  975 1097 1250 1494 1737
394A Sali  197705251 1951 2042 1908 1676 1402 1128  975  914  914 1067 1250 1524
394A Sali  197705252 1737 1859 1829 1707 1494 1311 1128 1067 1036 1158 1372 1585
394A Sali  197705261 1798 1981 1981 1859 1676 1402 1158 1006  945  975 1097 1311
394A Sali  197705262 1585 1737 1890 1920 1768 1554 1402 1189 1097 1067 1158 1402
394A Sali  197705271 1615 1737 1859 1890 1737 1585 1372 1219 1036  945 1006 1189
394A Sali  197705272 1433 1659 1832 1917 1901 1790 1618 1433 1250 1158 1097 1219
394A Sali  197705281 1372 1615 1768 1890 1890 1737 1524 1311 1158  975  945 1067
394A Sali  197705282 1250 1494 1737 1920 2073 2012 1768 1585 1402 1250 1097 1128
394A Sali  197705291 1219 1402 1585 1768 1890 1798 1676 1463 1250 1128  975  945
394A Sali  197705292 1067 1280 1554 1859 2073 2103 2012 1768 1554 1341 1158 1036
394A Sali  197705301 1067 1158 1372 1554 1707 1768 1707 1572 1372 1158  975  914
394A Sali  197705302  945 1097 1341 1615 1890 2134 2164 2042 1829 1585 1372 1158
394A Sali  197705311  975  975 1097 1280 1463 1646 1768 1768 1676 1372 1158 1006
394A Sali  197705312  884  853  975 1311 1585 1829 2134 2195 2073 1829 1585 1311
394A Sali  197706011 1036  884  853  975 1189 1433 1646 1768 1737 1615 1433 1128
394A Sali  197706012  914  823  792  945 1311 1615 1920 2195 2256 2195 1920 1524
394A Sali  197706021 1250  914  823  853 1006 1250 1524 1737 1859 1829 1646 1402
394A Sali  197706022 1128  884  732  823 1036 1311 1676 2073 2286 2377 2225 1952
394A Sali  197706031 1615 1280  975  792  762  884 1128 1463 1707 1920 1920 1676
394A Sali  197706032 1402 1067  792  701  792 1036 1358 1737 2134 2286 2347 2286
394A Sali  197706041 1981 1433 1067  762  610  701  975 1280 1554 1829 1920 1859
394A Sali  197706042 1676 1311 1006  732  640  732  975 1250 1707 2073 2195 2225
394A Sali  197706051 2134 1744 1280  914  671  640  732  975 1280 1585 1798 1926
394A Sali  197706052 1890 1676 1372 1067  792  671  762  945 1280 1646 1981 2195
394A Sali  197706061 2195 2042 1676 1304  945  732  640  671  914 1219 1585 1829
394A Sali  197706062 1951 2042 1798 1494 1189  914  762  792  975 1280 1585 1951
394A Sali  197706071 2164 2225 2073 1646 1280  945  732  732  823 1067 1372 1707
394A Sali  197706072 2003 2164 2073 1524 1250  972  762  671  762 1006 1250 1615
394A Sali  197706081 1920 2012 1981 1680 1280  945  671  549  579  732  975 1280
394A Sali  197706082 1646 1859 1951 1829 1590 1280 1036  853  792  823 1036 1280
394A Sali  197706091 1663 1981 2103 1981 1798 1426 1036  792  671  671  823 1158
394A Sali  197706092 1494 1768 2012 2073 1951 1661 1311 1036  884  823  914 1097
394A Sali  197706101 1433 1707 1890 2012 1981 1677 1311 1097  853  762  792  914
394A Sali  197706102 1311 1646 1951 2073 2073 2042 1829 1554 1128  914  884  975
394A Sali  197706111 1097 1341 1646 1798 1920 1859 1563 1219  975  823  792  792
394A Sali  197706112  975 1189 1541 1859 1981 2042 1951 1676 1433 1158 1006  975
394A Sali  197706121  975 1128 1311 1579 1798 1798 1646 1463 1189 1006  884  792
394A Sali  197706122  853 1036 1250 1494 1798 1859 1951 1798 1524 1341 1189 1036
394A Sali  197706131  975  975 1158 1311 1524 1768 1768 1605 1372 1219 1036  914
394A Sali  197706132  884  945 1209 1524 1737 1913 2012 1981 1829 1585 1372 1189
394A Sali  197706141 1036 1036 1097 1219 1402 1585 1707 1707 1554 1372 1219 1067
394A Sali  197706142  975  975 1128 1280 1494 1737 1981 2042 1951 1798 1585 1372
394A Sali  197706151 1219 1067 1036 1097 1189 1402 1554 1676 1676 1585 1402 1280
394A Sali  197706152 1097 1036 1036 1097 1311 1554 1798 1920 2012 1951 1798 1585
394A Sali  197706161 1311 1158 1006 1006 1036 1250 1433 1585 1676 1676 1585 1402
394A Sali  197706162 1280 1097 1006 1006 1128 1372 1676 1859 2042 2042 1920 1737
394A Sali  197706171 1494 1280 1097 1006 1006 1097 1311 1524 1707 1768 1707 1554
394A Sali  197706172 1341 1250 1128 1036 1067 1280 1463 1737 1951 2103 2042 1951
394A Sali  197706181 1737 1463 1189 1036 1006 1097 1250 1463 1646 1768 1829 1707
394A Sali  197706182 1554 1372 1250 1067 1036 1158 1372 1585 1859 2073 2164 2042
394A Sali  197706191 1859 1585 1341 1067  945  945 1067 1280 1494 1676 1798 1798
394A Sali  197706192 1676 1490 1280 1097  945 1036 1128 1433 1646 1890 2128 2256
394A Sali  197706201 2103 1829 1524 1280 1036  914  975 1158 1341 1646 1829 1920
394A Sali  197706202 1859 1676 1494 1158 1006 1036 1128 1280 1524 1798 2073 2195
394A Sali  197706211 2134 1890 1646 1341 1067  975  945 1067 1219 1494 1707 1859
394A Sali  197706212 1920 1829 1615 1433 1219 1097 1036 1128 1341 1615 1890 2164
394A Sali  197706221 2195 2103 1798 1554 1280 1097 1006 1006 1158 1372 1676 1920
394A Sali  197706222 2042 2073 1920 1708 1463 1280 1128 1128 1311 1463 1737 2103
394A Sali  197706231 2225 2256 2073 1829 1524 1250 1036  975 1097 1280 1463 1859
394A Sali  197706232 2042 2103 2103 1890 1707 1463 1189 1128 1189 1372 1603 1859
394A Sali  197706241 2042 2195 2164 1829 1646 1402 1158 1036  975 1189 1372 1585
394A Sali  197706242 1829 2073 2164 2017 1768 1554 1372 1158 1128 1158 1280 1524
394A Sali  197706251 1768 1859 1981 1981 1798 1554 1311 1158  975  975 1158 1311
394A Sali  197706252 1585 1890 2073 2195 2042 1798 1676 1433 1250 1128 1097 1250
394A Sali  197706261 1463 1676 1859 1890 1890 1737 1554 1311 1097 1006 1036 1128
394A Sali  197706262 1402 1676 1981 2103 2134 2103 1920 1676 1433 1219 1158 1189
394A Sali  197706271 1341 1554 1737 1890 1920 1829 1707 1494 1280 1120 1057 1120
394A Sali  197706272 1300 1556 1835 2073 2195 2286 2134 1890 1707 1463 1280 1189
394A Sali  197706281 1189 1311 1554 1737 1829 1859 1768 1585 1372 1189  975  975
394A Sali  197706282  975 1250 1646 1890 2164 2286 2195 2195 1859 1585 1372 1219
394A Sali  197706291 1158 1158 1341 1554 1737 1890 1951 1890 1646 1433 1189 1067
394A Sali  197706292 1006 1036 1311 1615 1981 2256 2347 2347 2225 1920 1615 1372
394A Sali  197706301 1158 1036 1097 1372 1554 1768 1920 1981 1859 1615 1433 1128
394A Sali  197706302  975  975 1036 1280 1676 2042 2256 2377 2469 2377 2134 1737
394A Sali  197707011 1402 1158 1097 1158 1341 1615 1951 2134 2256 2134 1768 1615
394A Sali  197707012 1250 1036 1006 1128 1341 1707 2070 2377 2499 2499 2347 2103
394A Sali  197707021 1676 1402 1097 1006 1006 1189 1463 1737 2033 2195 2073 1829
394A Sali  197707022 1585 1280 1036  884  945 1092 1341 1737 2134 2316 2347 2261
394A Sali  197707031 2103 1737 1372 1006  884  853 1036 1341 1646 1959 2134 2012
394A Sali  197707032 1829 1554 1189 1006  853  975 1158 1494 1859 2164 2286 2256
394A Sali  197707041 2134 1798 1424 1067  853  823  853 1128 1463 1798 2073 2164
394A Sali  197707042 2073 1798 1494 1128  884  853  945 1097 1463 1768 2050 2195
394A Sali  197707051 2195 1981 1585 1250  945  792  762  914 1158 1615 1890 2103
394A Sali  197707052 2164 1981 1768 1463 1128  914  884  945 1174 1494 1859 2164
394A Sali  197707061 2195 2103 1890 1554 1219  975  792  762  975 1219 1585 1920
394A Sali  197707062 2134 2134 2012 1768 1372 1097 1036  945  975 1189 1494 1829
394A Sali  197707071 2134 2195 2073 1798 1494 1189  975  853  853 1036 1341 1676
394A Sali  197707072 1981 2134 2103 1951 1676 1463 1250 1067 1006 1067 1280 1585
394A Sali  197707081 1859 1981 2073 1951 1676 1433 1189  945  884  945 1128 1402
394A Sali  197707082 1707 1951 2103 2073 1951 1737 1494 1219 1097 1036 1158 1341
394A Sali  197707091 1554 1768 1920 1920 1768 1554 1311 1067  945  914 1006 1189
394A Sali  197707092 1433 1737 1981 2134 2042 1890 1615 1433 1189 1067 1006 1189
394A Sali  197707101 1341 1524 1707 1737 1768 1615 1433 1219 1097  945  945 1036
394A Sali  197707102 1242 1494 1707 1859 1981 1890 1768 1585 1311 1158 1067 1067
394A Sali  197707111 1158 1341 1494 1676 1737 1646 1615 1463 1219 1067 1006 1036
394A Sali  197707112 1128 1280 1554 1737 1859 1920 1890 1707 1528 1341 1189 1097
394A Sali  197707121 1097 1181 1317 1462 1577 1631 1603 1500 1352 1193 1067  914
394A Sali  197707122  975 1067 1280 1463 1707 1859 1920 1829 1676 1524 1311 1158
394A Sali  197707131 1067 1036 1158 1311 1402 1585 1585 1585 1524 1341 1219 1097
394A Sali  197707132 1006 1036 1158 1402 1615 1798 1920 1951 1920 1737 1524 1341
394A Sali  197707141 1189 1128 1067 1189 1341 1494 1615 1646 1646 1585 1433 1219
394A Sali  197707142 1097 1067 1067 1250 1494 1692 1859 1951 1981 1890 1676 1524
394A Sali  197707151 1311 1158 1067 1036 1128 1341 1463 1646 1646 1646 1554 1341
394A Sali  197707152 1189 1036 1006 1067 1250 1433 1615 1829 1951 1981 1890 1707
394A Sali  197707161 1463 1219 1067  975 1036 1189 1463 1615 1703 1707 1615 1494
394A Sali  197707162 1280 1128 1006  975 1097 1372 1646 1829 1951 2012 1951 1859
394A Sali  197707171 1615 1311 1128  975  945 1097 1280 1554 1676 1829 1768 1646
394A Sali  197707172 1463 1311 1097 1036 1067 1280 1433 1737 1890 2066 2134 2012
394A Sali  197707181 1798 1524 1280 1006 1006 1036 1189 1463 1585 1798 1859 1829
394A Sali  197707182 1646 1463 1280 1097 1036 1097 1311 1554 1798 2012 2103 2103
394A Sali  197707191 1890 1646 1402 1189  914  914 1097 1311 1524 1737 1890 1920
394A Sali  197707192 1768 1585 1433 1280 1128 1036 1097 1280 1524 1798 2042 2103
394A Sali  197707201 2073 1798 1494 1219  975  853  914 1067 1341 1617 1859 1951
394A Sali  197707202 1951 1676 1524 1280 1067 1006 1036 1189 1341 1554 1829 1981
394A Sali  197707211 2073 2012 1737 1463 1189  914  884  884 1036 1341 1585 1798
394A Sali  197707212 1951 1951 1829 1615 1402 1128 1006  945 1067 1341 1585 1798
394A Sali  197707221 1951 1981 1829 1554 1250 1006  884  853  975 1128 1433 1768
394A Sali  197707222 1951 2073 1951 1768 1524 1219 1036  914 1006 1128 1372 1585
394A Sali  197707231 1890 1951 1920 1707 1433 1097  914  823  853 1006 1311 1598
394A Sali  197707232 1859 1981 2042 1920 1676 1433 1189 1006  975 1036 1219 1433
394A Sali  197707241 1737 1829 1890 1798 1615 1341 1036  884  823  884 1036 1311
394A Sali  197707242 1615 1859 2012 2042 1890 1676 1402 1189 1006  945  975 1128
394A Sali  197707251 1341 1605 1798 1859 1707 1494 1280 1067  884  823  945 1219
394A Sali  197707252 1463 1768 2012 2103 2103 1859 1615 1402 1128 1006 1006 1097
394A Sali  197707261 1250 1494 1676 1829 1768 1676 1433 1158  945  853  823 1006
394A Sali  197707262 1219 1494 1768 2012 2195 2164 1951 1646 1402 1219 1067 1006
394A Sali  197707271 1067 1280 1463 1646 1768 1768 1646 1402 1158  975  914  884
394A Sali  197707272  945 1128 1463 1737 2012 2164 2042 1859 1615 1341 1158 1006
394A Sali  197707281  945 1036 1219 1402 1585 1737 1768 1646 1433 1158  945  823
394A Sali  197707282  823  975 1219 1494 1768 2073 2195 2103 1890 1585 1402 1128
394A Sali  197707291  975  945  975 1189 1372 1585 1768 1768 1676 1433 1158  945
394A Sali  197707292  792  762  853 1036 1341 1707 2012 2103 2134 1951 1646 1372
394A Sali  197707301 1128  945  853  914 1097 1341 1615 1768 1768 1676 1463 1250
394A Sali  197707302  988  792  732  853 1006 1372 1676 2011 2225 2195 1951 1615
394A Sali  197707311 1311 1097  884  823  914 1097 1402 1676 1890 1981 1829 1615
394A Sali  197707312 1311 1067  884  792  884 1097 1554 1829 2103 2225 2164 1829
394A Sali  197708011 1585 1311 1006  792  792  975 1189 1524 1798 2012 2042 1890
394A Sali  197708012 1585 1250 1036  823  778  897 1151 1480 1806 2050 2146 2067
394A Sali  197708021 1859 1585 1219  884  701  671  853 1128 1524 1737 2012 2134
394A Sali  197708022 1951 1646 1341 1036  853  792  914 1097 1463 1737 2042 2164
394A Sali  197708031 2073 1768 1463 1158  792  732  732  884 1219 1524 1859 2073
394A Sali  197708032 2103 1981 1646 1311 1025  853  823  975 1189 1463 1798 2042
394A Sali  197708041 2134 1920 1768 1402 1067  762  701  762  975 1311 1646 1890
394A Sali  197708042 2103 2073 1920 1676 1311 1036  853  884 1036 1250 1554 1829
394A Sali  197708051 2042 2073 1829 1615 1311 1006  823  823  945 1158 1463 1737
394A Sali  197708052 2042 2073 2012 1837 1585 1250 1128  975 1006 1158 1402 1676
394A Sali  197708061 1859 1951 1900 1727 1472 1196  972  858  870 1006 1250 1494
394A Sali  197708062 1768 1981 2012 1928 1737 1494 1219 1067  945 1006 1158 1433
394A Sali  197708071 1646 1737 1859 1798 1585 1372 1158  945  884  945 1097 1341
394A Sali  197708072 1554 1829 2012 2042 1981 1676 1463 1280 1097 1036 1097 1280
394A Sali  197708081 1433 1707 1768 1829 1676 1524 1341 1128  975  975 1036 1250
394A Sali  197708082 1402 1676 1859 1981 1981 1859 1585 1402 1280 1128 1128 1189
394A Sali  197708091 1341 1524 1646 1768 1768 1676 1524 1341 1128 1067 1036 1097
394A Sali  197708092 1311 1524 1737 1859 1981 1951 1829 1585 1402 1280 1158 1158
394A Sali  197708101 1219 1341 1585 1646 1768 1737 1585 1463 1311 1128 1097 1097
394A Sali  197708102 1189 1402 1585 1737 1951 2012 1951 1768 1585 1372 1219 1158
394A Sali  197708111 1128 1250 1341 1494 1615 1676 1676 1585 1433 1280 1128 1097
394A Sali  197708112 1067 1219 1402 1524 1768 1890 1951 1951 1768 1554 1433 1250
394A Sali  197708121 1158 1158 1250 1372 1524 1676 1737 1646 1585 1372 1280 1128
394A Sali  197708122 1097 1128 1280 1402 1676 1890 2012 2073 1890 1707 1554 1372
394A Sali  197708131 1219 1189 1189 1280 1494 1615 1768 1859 1768 1646 1463 1280
394A Sali  197708132 1189 1128 1219 1402 1524 1768 2012 2134 2134 1981 1768 1524
394A Sali  197708141 1311 1158 1128 1250 1341 1524 1707 1798 1859 1768 1585 1402
394A Sali  197708142 1219 1097 1097 1158 1341 1554 1768 2042 2103 2103 1859 1646
394A Sali  197708151 1402 1219 1097 1067 1128 1311 1524 1646 1859 1859 1768 1646
394A Sali  197708152 1372 1189 1097 1067 1067 1250 1554 1707 1951 2073 1981 1859
394A Sali  197708161 1646 1280 1097  945  975 1067 1311 1554 1737 1920 1890 1768
394A Sali  197708162 1554 1341 1097  975 1006 1128 1250 1463 1758 1981 2042 1890
394A Sali  197708171 1676 1463 1158  945  853  914 1128 1280 1585 1829 1951 1920
394A Sali  197708172 1768 1554 1280 1036  914  914 1067 1250 1554 1798 1981 1981
394A Sali  197708181 1890 1646 1402 1189  975  914  975 1219 1524 1798 2012 2073
394A Sali  197708182 1981 1737 1463 1219 1006  914  981 1158 1341 1737 1981 2012
394A Sali  197708191 1951 1798 1463 1189  975  884  914 1067 1402 1676 2012 2195
394A Sali  197708192 2195 2042 1768 1494 1189 1006  975 1036 1250 1524 1768 2012
394A Sali  197708201 2103 1933 1646 1402 1097  853  760  823 1067 1341 1732 2073
394A Sali  197708202 2164 2195 1951 1646 1402 1158  945  945 1006 1219 1554 1798
394A Sali  197708211 2012 2042 1890 1615 1311 1036  853  823  914 1219 1494 1859
394A Sali  197708212 2164 2256 2195 2012 1646 1402 1128  975  975 1158 1372 1646
394A Sali  197708221 1890 2042 2012 1768 1524 1219  975  823  762  975 1280 1554
394A Sali  197708222 1890 2134 2164 2134 1890 1585 1280 1097  945  975 1128 1402
394A Sali  197708231 1646 1798 1890 1859 1615 1402 1158  945  823  884 1067 1372
394A Sali  197708232 1676 1951 2134 2164 2042 1798 1554 1311 1128  975  975 1128
394A Sali  197708241 1311 1585 1859 1920 1829 1646 1433 1250 1036  914  914 1097
394A Sali  197708242 1341 1615 1859 2073 2164 1994 1707 1433 1219 1036 1006 1067
394A Sali  197708251 1250 1402 1646 1829 1890 1798 1676 1402 1189  975  945  975
394A Sali  197708252 1036 1250 1585 1798 2012 2134 2073 1890 1615 1372 1189 1067
394A Sali  197708261 1097 1219 1403 1605 1775 1869 1854 1727 1522 1293 1093  975
394A Sali  197708262  975 1189 1402 1646 1859 2134 2195 2073 1859 1646 1341 1128
394A Sali  197708271 1097 1067 1219 1372 1646 1798 1981 1951 1737 1524 1280 1097
394A Sali  197708272  945  975 1097 1311 1615 1890 2134 2195 2134 1859 1554 1341
394A Sali  197708281 1128  975  975 1097 1341 1615 1829 2073 1981 1768 1615 1311
394A Sali  197708282 1097  945  917 1025 1249 1530 1804 2008 2083 2012 1820 1559
394A Sali  197708291 1280 1036  853  914  975 1250 1494 1798 2073 2073 1846 1524
394A Sali  197708292 1250 1067  945  914 1006 1189 1372 1646 1975 2164 2134 1920
394A Sali  197708301 1646 1372 1128  884  884 1036 1311 1585 1859 2103 2134 1878
394A Sali  197708302 1524 1250  945  884  914 1128 1402 1676 1890 2134 2134 1890
394A Sali  197708311 1524 1463 1158  943  872  959 1185 1499 1826 2087 2213 2176
394A Sali  197708312 1994 1717 1406 1141  999  983 1116 1359 1647 1920 2134 2134
394A Sali  197709011 1920 1646 1341 1036  853  792  945 1189 1524 1829 2134 2195
394A Sali  197709012 2103 1859 1615 1280 1036  853  853 1128 1341 1676 1920 2103
394A Sali  197709021 2073 1829 1646 1250 1006  823  884 1006 1219 1615 1920 2164
394A Sali  197709022 2195 2042 1737 1524 1250 1036  884  975 1128 1463 1737 2012
394A Sali  197709031 2073 2012 1768 1433 1189  975  853  914 1128 1433 1737 1951
394A Sali  197709032 2103 2134 1951 1646 1402 1097  975  914 1036 1250 1554 1798
394A Sali  197709041 1890 1951 1829 1646 1372 1097  975  884 1006 1189 1463 1768
394A Sali  197709042 1981 2073 2042 1859 1615 1341 1158 1006  975 1097 1372 1615
394A Sali  197709051 1798 1890 1859 1737 1524 1341 1097  975 1006 1158 1372 1646
394A Sali  197709052 1890 2073 2073 2012 1798 1554 1311 1128 1036 1097 1219 1463
394A Sali  197709061 1615 1798 1859 1798 1676 1480 1280 1128 1036 1036 1189 1402
394A Sali  197709062 1676 1890 1951 2012 1890 1707 1524 1311 1128 1097 1158 1280
394A Sali  197709071 1463 1615 1707 1798 1676 1585 1402 1219 1128 1036 1067 1250
394A Sali  197709072 1433 1676 1890 1920 1951 1859 1676 1402 1280 1158 1128 1189
394A Sali  197709081 1280 1463 1615 1707 1768 1676 1524 1341 1158 1097 1036 1067
394A Sali  197709082 1250 1402 1615 1859 1890 1859 1768 1609 1433 1250 1128 1128
394A Sali  197709091 1158 1311 1463 1646 1707 1707 1676 1524 1341 1219 1128 1036
394A Sali  197709092 1158 1309 1494 1676 1768 1859 1890 1737 1554 1433 1250 1158
394A Sali  197709101 1128 1158 1250 1463 1615 1676 1737 1646 1494 1341 1189 1097
394A Sali  197709102 1036 1128 1280 1463 1676 1829 1890 1859 1768 1615 1402 1219
394A Sali  197709111 1128 1067 1158 1341 1494 1615 1737 1676 1646 1494 1341 1158
394A Sali  197709112 1036 1036 1097 1341 1554 1707 1859 1951 1829 1707 1494 1311
394A Sali  197709121 1158 1067 1097 1189 1402 1585 1800 1951 1920 1707 1524 1372
394A Sali  197709122 1219 1097 1097 1158 1402 1585 1798 1951 2012 1920 1768 1585
394A Sali  197709131 1341 1189 1097 1067 1250 1433 1676 1859 2042 1890 1829 1554
394A Sali  197709132 1311 1097 1036 1036 1189 1402 1627 1823 1946 1959 1859 1681
394A Sali  197709141 1463 1219 1036 1006 1097 1250 1463 1737 2012 2103 2073 1859
394A Sali  197709142 1646 1372 1158 1006 1036 1189 1402 1707 1920 2103 2103 1951
394A Sali  197709151 1707 1433 1158 1006 1036 1097 1311 1646 1890 2141 2256 2164
394A Sali  197709152 1859 1524 1280 1036  945 1006 1219 1433 1783 2073 2164 2073
394A Sali  197709161 1890 1585 1280 1036  914 1036 1189 1494 1798 2164 2316 2316
394A Sali  197709162 2134 1798 1433 1128 1006  975 1086 1311 1585 1890 2103 2195
394A Sali  197709171 2073 1798 1463 1250 1006  914 1036 1250 1585 1920 2225 2377
394A Sali  197709172 2377 2225 1890 1463 1158 1036 1006 1128 1402 1707 2073 2256
394A Sali  197709181 2225 2073 1737 1402 1158  945  975 1158 1402 1676 2073 2286
394A Sali  197709182 2408 2347 2134 1768 1402 1189  975 1006 1189 1402 1707 2042
394A Sali  197709191 2195 2164 1951 1646 1311 1097  914  914 1128 1402 1737 2073
394A Sali  197709192 2316 2347 2256 2012 1676 1280 1067 1006 1067 1158 1402 1707
394A Sali  197709201 2012 2134 2073 1859 1524 1250 1036  914 1006 1128 1433 1768
394A Sali  197709202 2012 2256 2256 2134 1859 1524 1250 1067  945 1036 1158 1463
394A Sali  197709211 1737 1951 1981 1920 1737 1433 1158 1036  938  978 1152 1428
394A Sali  197709212 1738 2000 2162 2191 2081 1860 1590 1338 1158 1036 1097 1280
394A Sali  197709221 1524 1707 1920 2012 1951 1768 1524 1250 1067 1036 1036 1189
394A Sali  197709222 1433 1707 1951 2134 2164 2042 1737 1494 1280 1128 1128 1158
394A Sali  197709231 1311 1463 1707 1890 1951 1829 1707 1494 1250 1067 1036 1067
394A Sali  197709232 1209 1433 1707 1920 2073 2042 1951 1707 1494 1268 1097 1036
394A Sali  197709241 1036 1158 1433 1615 1859 2012 1890 1676 1463 1219 1128 1036
394A Sali  197709242 1067 1189 1372 1707 1890 2042 2073 1903 1646 1402 1280 1067
394A Sali  197709251 1036 1097 1250 1463 1737 1981 2012 1981 1768 1494 1311 1128
394A Sali  197709252  975 1006 1158 1372 1646 1890 2042 2073 1890 1707 1494 1219
394A Sali  197709261 1097 1036 1097 1219 1494 1707 2012 2164 2073 1829 1554 1402
394A Sali  197709262 1189 1006 1006 1158 1341 1646 1890 2073 2103 1951 1707 1463
394A Sali  197709271 1219 1036  975 1067 1219 1494 1798 2073 2195 2134 1947 1676
394A Sali  197709272 1372 1128 1006  975 1097 1341 1585 1890 2134 2164 2042 1798
394A Sali  197709281 1494 1219 1067 1006 1036 1219 1585 1829 2164 2256 2225 1951
394A Sali  197709282 1646 1311 1128 1006 1006 1128 1372 1676 1859 2134 2134 1890
394A Sali  197709291 1615 1341 1097  945  914 1067 1280 1646 1951 2195 2225 2103
394A Sali  197709292 1829 1494 1250 1036  914  945 1128 1372 1707 1951 2055 2012
394A Sali  197709301 1859 1524 1250 1067  975  975 1128 1433 1737 2103 2256 2256
394A Sali  197709302 2103 1829 1463 1189 1006  945 1036 1189 1494 1798 2012 2103
394A Sali  197710011 1951 1707 1463 1219 1036  945 1097 1250 1585 1920 2195 2286
394A Sali  197710012 2225 2012 1737 1402 1158 1036  975 1128 1402 1646 1859 2042
394A Sali  197710021 1920 1768 1646 1402 1128  975  945 1006 1219 1554 1890 2134
394A Sali  197710022 2225 2134 2012 1768 1554 1372 1189 1036 1036 1128 1311 1676
394A Sali  197710031 1951 2073 1859 1554 1341 1189 1036 1067 1189 1402 1737 2012
394A Sali  197710032 2103 2042 1951 1859 1554 1280 1128 1128 1189 1341 1554 1798
394A Sali  197710041 1951 1981 1859 1676 1402 1250 1067 1036 1106 1266 1491 1724
394A Sali  197710042 1898 1975 1939 1797 1582 1350 1156 1046 1038 1128 1280 1477
394A Sali  197710051 1646 1742 1741 1646 1478 1280 1107 1008 1004 1088 1250 1524
394A Sali  197710052 1737 1890 1981 1951 1798 1524 1280 1158 1067 1067 1158 1311
394A Sali  197710061 1524 1707 1737 1768 1676 1494 1341 1158 1097 1067 1189 1341
394A Sali  197710062 1554 1737 1915 2012 1951 1737 1585 1341 1189 1097 1128 1280
394A Sali  197710071 1433 1646 1798 1829 1768 1646 1524 1341 1219 1158 1158 1280
394A Sali  197710072 1433 1707 1829 1920 1981 1859 1707 1494 1341 1189 1158 1158
394A Sali  197710081 1280 1494 1646 1768 1829 1798 1676 1463 1341 1219 1097 1128
394A Sali  197710082 1250 1463 1615 1768 1890 1890 1829 1676 1524 1341 1250 1219
394A Sali  197710091 1250 1372 1554 1676 1829 1829 1768 1646 1494 1341 1189 1097
394A Sali  197710092 1158 1311 1433 1676 1829 1890 1890 1768 1646 1463 1250 1189
394A Sali  197710101 1189 1219 1341 1524 1676 1798 1890 1798 1676 1524 1341 1158
394A Sali  197710102 1097 1097 1189 1341 1585 1768 1829 1829 1737 1554 1372 1250
394A Sali  197710111 1036 1036 1097 1280 1463 1737 1829 1951 1859 1676 1494 1280
394A Sali  197710112 1067 1006 1097 1250 1494 1676 1829 1920 1859 1737 1554 1311
394A Sali  197710121 1128 1006 1006 1189 1433 1707 1890 2012 2012 1859 1646 1402
394A Sali  197710122 1158  968  884 1006 1158 1372 1646 1768 1859 1798 1615 1341
394A Sali  197710131 1128  884  823  884 1067 1341 1615 1829 1981 1951 1829 1554
394A Sali  197710132 1219  945  701  640  671  945 1219 1451 1615 1676 1585 1372
394A Sali  197710141 1189  823  640  579  671  945 1189 1585 1829 1981 1890 1707
394A Sali  197710142 1402 1036  762  579  579  671  975 1250 1494 1676 1737 1615
394A Sali  197710151 1372 1067  792  610  579  732 1036 1341 1707 1920 2012 2012
394A Sali  197710152 1798 1463 1128  792  579  579  762 1006 1311 1585 1768 1798
394A Sali  197710161 1676 1433 1128  823  610  579  701 1006 1341 1707 1981 2103
394A Sali  197710162 2042 1859 1494 1128  792  610  579  762 1036 1341 1676 1829
394A Sali  197710171 1859 1707 1463 1128  853  610  640  762 1128 1494 1845 2073
394A Sali  197710172 2164 2073 1798 1433 1067  792  671  671  823 1128 1463 1737
394A Sali  197710181 1859 1890 1707 1433 1097  823  671  671  853 1219 1615 1920
394A Sali  197710182 2134 2164 1981 1707 1372 1036  762  701  762 1036 1311 1646
394A Sali  197710191 1798 1920 1890 1646 1372 1067  823  762  792 1067 1341 1707
394A Sali  197710192 1951 2103 2073 1859 1615 1280  975  853  792  945 1189 1494
394A Sali  197710201 1707 1859 1859 1737 1494 1189  945  792  798  945 1158 1463
394A Sali  197710202 1737 1951 1981 1890 1707 1402 1158  914  823  853 1036 1280
394A Sali  197710211 1524 1768 1890 1890 1768 1585 1280 1036  914  884  930 1097
394A Sali  197710212 1372 1646 1859 1951 1920 1798 1585 1311 1067  945  945 1006
394A Sali  197710221 1219 1463 1676 1859 1951 1829 1707 1463 1250 1036 1006 1036
394A Sali  197710222 1158 1372 1646 1798 1890 1920 1829 1615 1372 1158 1067 1036
394A Sali  197710231 1158 1280 1524 1768 1920 2012 1981 1737 1524 1280 1128 1036
394A Sali  197710232 1067 1189 1372 1615 1768 1890 1890 1768 1554 1402 1189 1061
394A Sali  197710241 1036 1158 1311 1524 1737 1920 2012 1951 1737 1585 1341 1097
394A Sali  197710242  975 1006 1128 1311 1494 1676 1768 1829 1737 1524 1280 1158
394A Sali  197710251 1036 1006 1128 1311 1585 1829 2012 2103 2012 1798 1524 1250
394A Sali  197710252 1128 1006 1036 1128 1311 1524 1718 1829 1829 1676 1494 1250
394A Sali  197710261 1158 1006  945 1067 1311 1585 1859 2012 2042 1920 1737 1463
394A Sali  197710262 1219 1036  945  975 1067 1280 1524 1737 1859 1829 1676 1494
394A Sali  197710271 1250 1067  975  975 1067 1341 1585 1859 2073 2073 1951 1737
394A Sali  197710272 1463 1128  975  914  914 1036 1311 1524 1737 1859 1798 1676
394A Sali  197710281 1433 1219 1036  958 1005 1175 1430 1714 1956 2092 2085 1940
394A Sali  197710282 1695 1400 1126  940  882  958 1145 1393 1636 1809 1859 1768
394A Sali  197710291 1524 1341 1128  914  884 1036 1230 1494 1798 1981 2103 2042
394A Sali  197710292 1768 1494 1219  945  823  853  975 1219 1463 1676 1859 1890
394A Sali  197710301 1768 1585 1311 1111 1006 1067 1158 1280 1585 1829 2073 2164
394A Sali  197710302 2103 1798 1524 1250 1006  914  914 1067 1250 1494 1737 1890
394A Sali  197710311 1829 1646 1402 1174 1006  945 1006 1219 1463 1737 2012 2134
394A Sali  197710312 2103 1920 1615 1280 1097  945  914 1006 1219 1494 1737 1890
394A Sali  197711011 1890 1768 1585 1372 1158 1067 1006 1128 1311 1585 1890 2103
394A Sali  197711012 2134 2103 1829 1524 1280 1067 1036 1006 1128 1341 1615 1798
394A Sali  197711021 1920 1951 1829 1585 1341 1189 1067 1097 1219 1433 1707 1951
394A Sali  197711022 2042 2073 1920 1737 1524 1341 1158  975 1036 1219 1372 1585
394A Sali  197711031 1829 1890 1829 1707 1554 1402 1128 1067 1067 1250 1524 1798
394A Sali  197711032 1951 1981 1890 1676 1494 1311 1128 1036  945 1036 1189 1372
394A Sali  197711041 1707 1798 1798 1768 1585 1372 1219 1097 1036 1128 1219 1463
394A Sali  197711042 1676 1829 1920 1829 1707 1433 1219 1067  945  914 1036 1158
394A Sali  197711051 1341 1524 1646 1646 1585 1433 1219 1067  945  914  975 1128
394A Sali  197711052 1341 1524 1646 1737 1707 1554 1341 1158 1036  914  945 1097
394A Sali  197711061 1250 1494 1676 1798 1798 1707 1524 1372 1189 1097 1097 1158
394A Sali  197711062 1311 1463 1676 1768 1768 1707 1585 1402 1219 1128 1036 1097
394A Sali  197711071 1219 1402 1615 1798 1890 1859 1737 1524 1372 1250 1128 1158
394A Sali  197711072 1219 1402 1585 1768 1859 1890 1768 1615 1433 1280 1189 1158
394A Sali  197711081 1219 1372 1585 1798 2042 2164 2134 1920 1707 1494 1311 1219
394A Sali  197711082 1189 1250 1402 1615 1798 1951 1951 1859 1646 1463 1280 1158
394A Sali  197711091 1158 1189 1402 1615 1836 2012 2073 2012 1920 1707 1524 1372
394A Sali  197711092 1249 1223 1295 1438 1611 1764 1858 1861 1766 1600 1406 1221
394A Sali  197711101 1097 1097 1189 1390 1646 1951 2195 2256 2134 1951 1707 1402
394A Sali  197711102 1189 1006  945 1036 1189 1402 1646 1737 1737 1585 1341 1128
394A Sali  197711111  884  732  701  853 1128 1524 1768 1951 1981 1859 1615 1341
394A Sali  197711112 1067  792  640  610  732  975 1280 1494 1646 1585 1433 1158
394A Sali  197711121  914  701  549  579  732 1097 1463 1768 1951 2012 1859 1554
394A Sali  197711122 1219  853  640  488  488  732 1006 1311 1585 1646 1585 1402
394A Sali  197711131 1158  853  671  488  518  792 1158 1524 1890 2103 2103 1920
394A Sali  197711132 1615 1311  914  671  549  579  792 1158 1524 1768 1829 1798
394A Sali  197711141 1585 1250  975  732  610  671  975 1341 1737 2134 2256 2225
394A Sali  197711142 2012 1707 1341 1006  701  640  732 1036 1341 1676 1951 2012
394A Sali  197711151 1890 1676 1341 1067  792  701  792 1097 1463 1890 2195 2316
394A Sali  197711152 2256 2073 1737 1372 1036  792  701  792 1128 1433 1798 1981
394A Sali  197711161 2103 2012 1768 1463 1158  914  792  914 1128 1524 1920 2225
394A Sali  197711162 2286 2256 2012 1737 1372 1067  792  792  884 1219 1554 1890
394A Sali  197711171 2103 2164 1981 1737 1433 1158  914  853  945 1219 1615 1890
394A Sali  197711172 2164 2195 2103 1890 1585 1250 1006  823  823 1006 1280 1646
394A Sali  197711181 1890 2134 2134 1981 1737 1463 1189  975  914 1006 1219 1524
394A Sali  197711182 1829 2042 2103 2012 1768 1554 1250 1006  853  853 1036 1280
394A Sali  197711191 1615 1829 1951 1981 1920 1737 1494 1189 1006  975 1067 1250
394A Sali  197711192 1554 1768 1920 1951 1890 1676 1494 1189  975  884  884 1097
394A Sali  197711201 1341 1615 1859 1981 1981 1890 1737 1524 1250 1097 1006 1036
394A Sali  197711202 1219 1463 1646 1798 1859 1798 1676 1434 1189 1036  945  975
394A Sali  197711211 1128 1372 1585 1798 1981 2012 1920 1768 1524 1250 1097 1036
394A Sali  197711212 1067 1189 1402 1585 1737 1798 1737 1646 1433 1219 1097 1006
394A Sali  197711221  975 1158 1372 1676 1829 1951 2042 1951 1768 1524 1311 1128
394A Sali  197711222 1097 1097 1219 1402 1554 1737 1768 1768 1646 1433 1250 1097
394A Sali  197711231 1006 1006 1158 1372 1615 1829 1981 1981 1920 1676 1463 1219
394A Sali  197711232 1097 1006 1036 1158 1341 1524 1676 1737 1707 1585 1372 1158
394A Sali  197711241 1067  975 1067 1189 1402 1707 1890 2012 2012 1859 1646 1402
394A Sali  197711242 1189 1006  945  975 1128 1341 1524 1646 1707 1676 1524 1341
394A Sali  197711251 1128  975  914 1036 1219 1402 1676 1890 1951 1951 1798 1585
394A Sali  197711252 1311 1067  853  853  945 1097 1311 1524 1646 1707 1615 1494
394A Sali  197711261 1280 1067  914  914 1036 1250 1524 1737 1890 1981 1951 1707
394A Sali  197711262 1494 1189  945  823  823  914 1128 1341 1524 1676 1676 1585
394A Sali  197711271 1433 1189 1006  853  853 1006 1311 1554 1737 1951 2012 1920
394A Sali  197711272 1676 1433 1158  914  853  853 1006 1250 1494 1676 1768 1768
394A Sali  197711281 1646 1372 1219 1067  975 1006 1189 1433 1707 1920 2073 2073
394A Sali  197711282 1951 1615 1311 1067  884  884  945 1128 1372 1585 1737 1829
394A Sali  197711291 1768 1554 1341 1097 1036 1006 1097 1341 1554 1798 2012 2073
394A Sali  197711292 2012 1768 1554 1280 1067  914  884 1006 1189 1433 1646 1829
394A Sali  197711301 1859 1768 1615 1311 1158 1036 1036 1067 1311 1554 1798 1981
394A Sali  197711302 2012 1891 1676 1433 1189  975  914  914 1036 1280 1554 1676
394A Sali  197712011 1798 1829 1676 1433 1250 1097 1036 1067 1219 1433 1676 1859
394A Sali  197712012 1890 1890 1829 1554 1311 1036  975  945  975 1219 1433 1676
394A Sali  197712021 1859 1890 1829 1615 1402 1189 1067 1067 1189 1341 1494 1646
394A Sali  197712022 1798 1890 1829 1676 1494 1280 1128  975  975 1158 1372 1646
394A Sali  197712031 1829 1920 1920 1829 1646 1433 1219 1067 1128 1280 1433 1585
394A Sali  197712032 1737 1890 1920 1798 1615 1341 1128 1036 1006 1036 1250 1433
394A Sali  197712041 1646 1890 1951 1859 1707 1494 1311 1158 1128 1189 1311 1554
394A Sali  197712042 1707 1859 1920 1859 1676 1463 1311 1158 1036 1036 1097 1311
394A Sali  197712051 1554 1829 1951 2073 2042 1829 1585 1372 1219 1158 1189 1311
394A Sali  197712052 1463 1707 1859 1920 1859 1707 1524 1372 1158 1097 1097 1189
394A Sali  197712061 1402 1676 1920 2103 2134 1920 1737 1524 1372 1189 1189 1189
394A Sali  197712062 1372 1554 1737 1829 1829 1737 1524 1311 1128 1036 1006 1006
394A Sali  197712071 1219 1402 1646 1859 1951 1951 1798 1646 1402 1219 1067 1036
394A Sali  197712072 1036 1097 1280 1463 1554 1615 1585 1433 1250 1036  914  853
394A Sali  197712081  853  975 1219 1524 1768 1920 1951 1859 1707 1463 1219 1158
394A Sali  197712082 1036 1036 1158 1341 1554 1707 1768 1737 1585 1402 1158 1036
394A Sali  197712091  975  975 1128 1372 1676 1920 2012 2042 1981 1829 1524 1311
394A Sali  197712092 1097 1006  975 1097 1280 1524 1707 1798 1768 1646 1372 1189
394A Sali  197712101 1006  914  910 1036 1341 1676 1920 2012 2042 1951 1768 1524
394A Sali  197712102 1219 1036  884  851  945 1128 1463 1676 1768 1737 1524 1250
394A Sali  197712111 1006  853  732  762  945 1280 1646 1951 2073 2073 1981 1676
394A Sali  197712112 1372 1097  823  762  762  975 1219 1554 1768 1829 1768 1494
394A Sali  197712121 1189  945  823  762  823 1067 1463 1859 2047 2103 2073 1972
394A Sali  197712122 1737 1402 1097  884  718  732 1006 1311 1646 1890 2012 1951
394A Sali  197712131 1737 1402 1128  884  762  792 1036 1433 1798 2009 2073 2073
394A Sali  197712132 1986 1768 1433 1128  823  762  823 1097 1524 1829 1981 2012
394A Sali  197712141 1981 1768 1463 1189  945  853  884 1189 1615 1883 2073 2134
394A Sali  197712142 2103 1951 1676 1341 1036  792  732  914 1219 1585 1890 2012
394A Sali  197712151 2042 1951 1676 1341 1128  884  792  914 1189 1585 1890 2012
394A Sali  197712152 2042 1981 1829 1494 1158  914  762  732  914 1280 1646 1890
394A Sali  197712161 2012 2042 1951 1676 1433 1158  975  945 1067 1341 1676 1981
394A Sali  197712162 2073 2073 2012 1798 1463 1189  945  884  914 1067 1433 1859
394A Sali  197712171 2164 2286 2256 2134 1829 1554 1311 1128 1037 1097 1372 1646
394A Sali  197712172 1890 2042 2073 2042 1829 1554 1250 1067  945  945 1128 1463
394A Sali  197712181 1768 2012 2103 2134 2079 1920 1646 1433 1250 1158 1189 1311
394A Sali  197712182 1554 1798 1920 1981 1951 1737 1524 1250 1036  945  930 1036
394A Sali  197712191 1372 1646 1890 2073 2103 1981 1768 1524 1280 1158 1067 1097
394A Sali  197712192 1280 1554 1768 1890 1920 1798 1646 1433 1219 1097 1036 1097
394A Sali  197712201 1311 1585 1829 1981 2042 2042 1981 1798 1554 1341 1219 1189
394A Sali  197712202 1250 1433 1615 1737 1859 1859 1798 1615 1463 1311 1128 1097
394A Sali  197712211 1158 1311 1585 1798 1920 2012 1981 1926 1798 1554 1341 1158
394A Sali  197712212 1036 1036 1189 1311 1463 1524 1524 1494 1341 1158  975  884
394A Sali  197712221  823  853  945 1097 1311 1463 1611 1646 1554 1372 1189  975
394A Sali  197712222  792  701  671  762  914 1067 1189 1280 1280 1219 1067  914
394A Sali  197712231  823  762  792  914 1097 1433 1554 1676 1707 1615 1402 1219
394A Sali  197712232  975  884  823  884 1036 1158 1341 1463 1554 1524 1341 1189
394A Sali  197712241 1036  945  884 1036 1219 1463 1676 1798 1890 1859 1707 1524
394A Sali  197712242 1280 1128 1006  975 1067 1250 1433 1585 1707 1707 1646 1494
394A Sali  197712251 1311 1189 1128 1158 1280 1524 1768 1920 2012 2012 1951 1768
394A Sali  197712252 1524 1250 1158 1067 1097 1250 1433 1615 1737 1798 1768 1615
394A Sali  197712261 1463 1219 1128 1067 1158 1311 1524 1737 1920 2012 1981 1859
394A Sali  197712262 1615 1372 1097  945  914  945 1128 1341 1554 1707 1737 1707
394A Sali  197712271 1554 1341 1158 1067 1006 1067 1280 1524 1737 1920 1981 1951
394A Sali  197712272 1798 1585 1250 1067  945  914 1006 1158 1402 1615 1737 1768
394A Sali  197712281 1707 1554 1250 1097  975  945 1067 1280 1494 1737 1920 1981
394A Sali  197712282 1920 1707 1463 1219 1036  945  914 1067 1311 1585 1768 1890
394A Sali  197712291 1890 1737 1524 1280 1097 1067 1158 1341 1585 1798 1951 2012
394A Sali  197712292 2012 1890 1707 1402 1158 1036  975 1067 1372 1554 1768 1920
394A Sali  197712301 1951 1920 1707 1494 1250 1158 1097 1189 1402 1646 1859 2012
394A Sali  197712302 2042 2042 1798 1524 1250 1006  975  945 1158 1372 1615 1829
394A Sali  197712311 1951 1981 1859 1646 1402 1219 1097 1128 1250 1463 1676 1890
394A Sali  197712312 1981 2012 1951 1676 1433 1158 1006  945 1036 1219 1463 1737
